ctfips,ds_pm_pred,ds_pm_stdd
10001040100,8.93205231211499,3.146007867214237
10001040201,8.950172099931554,3.137358517453799
10001040202,8.915216403832991,3.142332070499658
10001040203,8.892323587268994,3.143098627652293
10001040501,8.820842877481177,3.127838189596167
10001040502,8.819646491444216,3.132421582477755
10001040700,8.82124229705681,3.124258049965777
10001040900,8.778596941136208,3.105761446954141
10001041000,8.727835041752224,3.121853167008898
10001041100,8.681448997262149,3.121144743326489
10001041200,8.736699640657084,3.109841410677618
10001041300,8.760405354551677,3.098555751540041
10001041400,8.779674260780288,3.107018776865161
10001041500,8.763908431895962,3.111658150581793
10001041600,8.74620465229295,3.107496798083504
10001041701,8.761577239561944,3.121222040383299
10001041702,8.734242789869952,3.116963325804244
10001041801,8.866015549623546,3.140591065708419
10001041802,8.813843320328542,3.134310247091034
10001041900,8.874731993839836,3.163717943874059
10001042000,8.808195447638604,3.162939856947296
10001042100,8.758691850787132,3.121880484599589
10001042201,8.702697097193703,3.117430455852156
10001042202,8.66778237303217,3.121280770704997
10001042500,8.588666362080767,3.210087417522245
10001042800,8.724761468856947,3.125406722792608
10001042900,8.671776005475702,3.185889669404518
10001043000,8.693236167008898,3.159072101300479
10001043100,8.744537587268994,3.208156037645448
10001043202,8.656087325804244,3.13860690349076
10001043300,8.809768518822724,3.118957017111567
10001043400,8.623556698151951,3.151769887063655
10003000200,10.191547400410678,3.012833437371663
10003000300,10.181461073237509,3.000916095824778
10003000400,10.182628813141684,2.996835185489391
10003000500,10.168339589322382,2.99537425393566
10003000601,10.159822251882272,2.996922585900068
10003000602,10.152646386036961,2.986484883641342
10003000900,10.142202531143053,2.978054588637919
10003001100,10.174309032854209,2.992532984941821
10003001200,10.184524425051335,2.999317414784394
10003001300,10.191396729637235,3.010026811088296
10003001400,10.168493057494866,2.98735976659822
10003001500,10.153080956194387,2.977696349760438
10003001600,10.146994906913073,2.969208125256674
10003001902,10.05958084257358,2.991297592060233
10003002100,10.137857405201916,2.962130826830938
10003002200,10.144066208761122,2.969469965776865
10003002300,10.147946958932238,2.981630997946612
10003002400,10.146773440793977,2.992035087611225
10003002500,10.125465930184805,2.979780491444216
10003002600,10.118104780971937,2.966452340862423
10003002700,10.10796905338809,2.963547676249144
10003002800,10.151112834360027,2.977549832991102
10003002900,10.119503492128679,2.978902240930869
10003003002,10.13716044421629,2.992706514031485
10003010101,10.395533878850103,3.117839582477755
10003010104,10.355291731690623,3.11026798973306
10003010200,10.358738814510609,3.108409049965777
10003010300,10.340298759069131,3.09993684257358
10003010400,10.299216908966461,3.082270863107461
10003010502,10.210827806297057,3.037970838466804
10003010702,10.159456887748118,3.010788918548939
10003010800,10.221841879534565,3.032919317590691
10003010900,10.253738882272416,3.05357625393566
10003011000,10.266689982888433,3.057060390143737
10003011100,10.334268249828884,3.092047761806982
10003011201,10.312852399726215,3.104457625598905
10003011202,10.366692653661875,3.129380661190965
10003011203,10.399824740588638,3.125833546201232
10003011204,10.374642330595482,3.117532407255305
10003011205,10.354417776865161,3.112610646132786
10003011206,10.319696804243669,3.102000981519507
10003011300,10.3311909137577,3.09832010403833
10003011400,10.285190138945927,3.072661599589322
10003011500,10.279008640657084,3.074834097193703
10003011600,10.253959993839836,3.053027654346338
10003011700,10.270614321013005,3.075172468856947
10003011800,10.260775140314853,3.101549353182752
10003011900,10.181464973990418,3.050139467488022
10003012000,10.105503378507871,3.034474091718001
10003012100,10.135312467488022,3.03157912183436
10003012200,10.136419224503764,3.013141402464066
10003012300,10.11814503559206,3.001615245037645
10003012400,10.09553076386037,3.009565204654346
10003012500,10.085526966461328,2.991335986310746
10003012600,10.067145793976728,3.011929818617385
10003012700,10.020198972621492,3.029723081451061
10003012900,10.058133914442163,2.986129572210814
10003013000,10.038545405201916,3.036353186858316
10003013100,10.054873232032854,3.038784542094456
10003013200,10.08006979192334,3.040633971252567
10003013300,10.05503232238193,3.045218965092402
10003013400,10.098306535249829,3.052221405201916
10003013501,10.172169470910335,3.083689610540726
10003013503,10.165299837097878,3.094266920602327
10003013505,10.118605725530459,3.09042994934976
10003013506,10.085797125256674,3.09055426899384
10003013604,10.041214429158111,3.057772657768652
10003013607,10.061800852156058,3.066116851471595
10003013608,9.99855809650924,3.054323445585216
10003013610,10.006716874743326,3.06902837577002
10003013611,10.034350908281999,3.064485957563313
10003013612,10.114667374401095,3.077182191649555
10003013613,10.103093754277892,3.063982641341547
10003013614,10.026976737166324,3.040685688569473
10003013615,9.993907724161533,3.048768106091718
10003013700,9.986659217659138,3.059121930184805
10003013800,9.944887245037645,3.043246715263518
10003013901,9.898441415468857,3.056416042436687
10003013903,9.805922520876112,3.060010097878166
10003013904,9.857746145106092,3.055988221765914
10003014000,9.941566277207392,3.053911791238878
10003014100,9.923275709103354,3.060676932238193
10003014200,9.943413289527721,3.061733707734428
10003014300,9.981162932238193,3.073846813141684
10003014402,9.876351285420945,3.068898928131417
10003014403,9.910935300479124,3.068947158795346
10003014404,9.891189916495551,3.078280006160164
10003014501,9.937117500342231,3.061786209445585
10003014502,9.902322839151266,3.066753405201916
10003014702,9.8374748678987,3.06736305065024
10003014703,9.894613938398357,3.06751925119781
10003014705,9.870329947980835,3.061535175906913
10003014706,9.820405865845311,3.065994318959617
10003014803,9.825370637919233,3.078320633127994
10003014805,9.572018154004107,3.077221368240931
10003014807,9.74256068788501,3.079915510609172
10003014808,9.74213820054757,3.066032008898015
10003014809,9.636437976728268,3.054082793292266
10003014810,9.570509969199179,3.055330311430527
10003014903,9.759895391512663,3.054241371663244
10003014904,9.834103727583847,3.047005600273785
10003014906,9.806982726899384,3.055922999315537
10003014907,9.839343896646133,3.044336536618754
10003014908,9.837057605065024,3.041861565366188
10003014909,9.869410155373032,3.041723528405202
10003015000,9.933085878850103,3.0309768275154
10003015100,9.932603306639288,3.030020203285421
10003015200,10.007580524982888,3.001355749486653
10003015400,10.037098622176591,2.988092765913758
10003015502,10.012059216290212,3.006965313483915
10003015600,9.99721187816564,3.002988368925394
10003015802,9.946223789869952,3.021265651608487
10003015900,9.958742915126626,3.02045129705681
10003016000,9.948957256673511,3.019302659137577
10003016100,9.894999507186858,3.032198559206023
10003016200,9.864320314168378,3.040954880903491
10003016301,9.708877056125941,3.055239910335387
10003016302,9.761750848733744,3.047859470910335
10003016305,9.775524095140315,3.045527561259411
10003016401,9.544489978781656,3.054411124572211
10003016404,9.587561270362765,3.046792377823409
10003016601,9.311675528405202,3.098657303901437
10003016602,9.362670326488706,3.081982497604381
10003016604,9.23268623613963,3.10508792881588
10003016608,9.363615416837782,3.0813295229295
10003016801,9.083876872005476,3.118811718001369
10003016804,9.1471748275154,3.1174365633128
10003016901,8.993261412731006,3.124624256673511
10003016904,9.022051623545517,3.136426260095825
10003980100,10.10343340109514,3.002496523613963
10005050101,8.645521206023272,3.234283849418207
10005050103,8.516459238193018,3.27333770294319
10005050104,8.600581379192334,3.230412084188912
10005050105,8.584277159479808,3.270448910335387
10005050200,8.625387354551677,3.308382012320328
10005050301,8.782074675564682,3.263300698836413
10005050302,8.725225104722793,3.271797605749487
10005050401,8.793124735797399,3.275650242984257
10005050403,8.778107117043121,3.285277896646133
10005050405,8.795231948665298,3.250657188227242
10005050406,8.785696658453114,3.248078091033539
10005050407,8.753865631759069,3.278137631759069
10005050408,8.742341284736482,3.320943076659822
10005050501,8.684845716632444,3.342344886379192
10005050503,8.630813794661191,3.356939028062971
10005050504,8.596095879534565,3.403446199863108
10005050601,8.640474540041068,3.434067045174538
10005050602,8.585783932922656,3.488786967145791
10005050701,8.530282317590691,3.451930805612594
10005050703,8.511447619438741,3.490428083504449
10005050704,8.432163987679672,3.480304850787132
10005050705,8.390387765229295,3.464302351813826
10005050706,8.353990507871321,3.47558904312115
10005050801,8.531557178644764,3.335541728952772
10005050802,8.530536321697468,3.394961824093087
10005050803,8.480143070499658,3.38158116495551
10005050901,8.428826374401095,3.362223468172485
10005050902,8.309639186858316,3.391479484599589
10005051003,8.300749907597536,3.413971199178645
10005051004,8.386577206023272,3.417962550992471
10005051005,8.443201453114305,3.441630378507871
10005051006,8.362490760438056,3.440616211498973
10005051007,8.307699098562628,3.43141545927447
10005051101,8.240598553045859,3.410723058179329
10005051102,8.247508460643395,3.41967468788501
10005051103,8.242076650239562,3.449066748117728
10005051201,8.234264692676249,3.488875832306639
10005051202,8.239292772073922,3.505025378507871
10005051203,8.232369886379192,3.509278045174538
10005051204,8.208875173853525,3.511620366187543
10005051205,8.190932263518138,3.527335125256674
10005051301,8.391930600958248,3.512847957563313
10005051302,8.400890349075975,3.527851937029432
10005051303,8.28625670568104,3.522455783709788
10005051305,8.374851384668036,3.556615481177276
10005051306,8.307616639972622,3.545282893223819
10005051400,8.519583740588638,3.554070521560575
10005051500,8.559216185489391,3.524819274469541
10005051701,8.7081422183436,3.417883343600274
10005051702,8.689388498288843,3.489177441478439
10005051801,8.747588544147844,3.347058720054757
10005051802,8.742270445585216,3.397533637234771
10005051900,8.717876554414784,3.424967284052019
1001020100,10.668469290896646,4.63800120054757
1001020200,10.726187088295688,4.660412101984942
1001020300,10.760597653661875,4.674924975359343
1001020400,10.813877848049281,4.683828628336756
1001020500,10.868880488706366,4.697510331279945
1001020600,10.734911521560575,4.675185835728953
1001020700,10.852536572210814,4.712678742642026
1001020801,10.604636642710472,4.64873515468857
1001020802,10.526404257357974,4.579450618069815
1001020900,10.320006524982888,4.468717483230664
1001021000,10.101973403832991,4.453640831622177
1001021100,10.195946505817933,4.548523570841889
1003010100,9.152631892539357,4.259163635865845
1003010200,9.083167291581109,4.199155091718001
1003010300,9.369216889801506,4.23997190622861
1003010400,8.947807359342916,4.088117636550308
1003010500,9.214987547570157,4.222930288843258
1003010600,9.198401887748118,4.199107415468857
1003010701,9.580535995893224,4.273543825462012
1003010703,9.209080190965092,4.123492232717317
1003010704,9.296583110882957,4.146711099247091
1003010705,9.290601585900068,4.145511446954141
1003010800,9.210774505817933,4.100145091718001
1003010903,9.085566338124572,4.07820659890486
1003010904,8.913453051334702,4.046785052703628
1003010905,8.981351318959617,4.025700277207392
1003010906,8.980438345653662,4.057085884325804
1003011000,8.890021864476386,4.018957039014374
1003011101,8.993869654346338,3.986629568104038
1003011102,8.865687072553046,3.93876259890486
1003011201,9.055886344969199,4.009599038329911
1003011202,8.969135386036961,3.961811506502396
1003011300,8.729782759069131,3.906576239561944
1003011401,8.612421012320328,3.90737599247091
1003011403,8.422398383983573,3.887539084188912
1003011405,8.263381966461328,3.849249284736482
1003011406,8.234371042436687,3.831423062286105
1003011407,8.18152212183436,3.796483733059548
1003011408,8.07320504312115,3.740829627652293
1003011501,8.770578015742642,3.981503184120465
1003011502,8.630724607802875,3.940274754962355
1003011601,8.685826748117728,3.973123628336756
1003011602,8.681255066392882,3.975801256673511
1005950100,10.300513759753593,4.446003181382615
1005950200,10.027348069130732,4.45193438329911
1005950300,9.880247646817248,4.432461704996578
1005950400,9.773508926762491,4.38261945174538
1005950500,9.990106929500342,4.389448912388775
1005950600,10.135935902121834,4.431846099247091
1005950700,10.205129064339494,4.453834344969199
1005950800,10.283359319644079,4.455460203969884
1005950900,10.219566054757016,4.438097765913758
1007010001,10.382249069815195,4.304601871321013
1007010002,10.666951669404518,4.301305640657084
1007010003,10.249257684462697,4.323695578370979
1007010004,10.070149077344285,4.320142149897331
1009050101,10.767643488021903,4.267232043805613
1009050102,10.711794565366188,4.28209954072553
1009050200,10.721490071868583,4.309191462696783
1009050300,10.735086045174538,4.324377472963724
1009050400,10.761148026694045,4.372335006844627
1009050500,10.782494845995893,4.350353002053388
1009050601,10.923186062286105,4.322054737166324
1009050602,10.887194097878166,4.317272340862423
1009050700,10.870416626283368,4.266182881587954
1011952100,10.159542752908966,4.467831513347023
1011952200,10.150183492128679,4.494960169746749
1011952500,10.014634226557153,4.479297672826831
1013952700,9.625110897330596,4.463901425735797
1013952800,9.586068837782341,4.456854415468857
1013952900,9.565629328542094,4.451158689253936
1013953000,9.458148994524298,4.416047719370294
1013953100,9.552670819301848,4.461477057494866
1013953200,9.557572475701574,4.4536603908282
1013953300,9.453030848049281,4.434715320328542
1013953400,9.354119600958248,4.416840247775496
1013953500,9.397700402464066,4.427662464065708
1015000200,10.969202638603696,4.319028707734428
1015000300,11.01972149486653,4.338462636550308
1015000400,11.097879584531143,4.374625832306639
1015000500,11.067599973305955,4.357148746748802
1015000600,11.047546845995893,4.367106480492813
1015000700,10.869582195071869,4.266359303901437
1015000800,11.001031639972622,4.343122245037645
1015000900,10.888624897330596,4.299148151266256
1015001000,10.842018722792608,4.284897745379877
1015001100,10.748058804928131,4.259885719370294
1015001201,11.004063184804928,4.358442485968515
1015001202,11.078660627652293,4.385574644079398
1015001300,11.158396857631759,4.400444338809035
1015001400,11.174243524982888,4.404175618069815
1015001500,11.169655692676249,4.422033941820671
1015001600,11.074986535249829,4.346005668720055
1015001700,11.020243164271047,4.322938924024641
1015001800,10.835660308008214,4.230273370294319
1015002000,10.529756656399726,4.115521572210814
1015002101,10.738887453114305,4.154992507186858
1015002102,10.660128666666667,4.121715848049281
1015002103,10.726485242299795,4.16964992881588
1015002200,10.412229471594798,3.961287619438741
1015002300,10.534087290212183,4.008064841204654
1015002400,10.718179455167693,4.131501494182067
1015002501,11.053788577686516,4.311895162902122
1015002502,10.945370273100616,4.222547412731006
1015002600,11.16671779192334,4.376654366187543
1015981901,11.206100991786448,4.425708249144422
1015981902,11.171741752224504,4.38800012936345
1015981903,10.736101550308008,4.217728077344285
1017953800,10.137620543463381,4.226026759069131
1017953900,10.367150430527036,4.31720694934976
1017954000,10.260642405201916,4.337533264202601
1017954200,10.444272316221766,4.357178967145791
1017954300,10.526533371663244,4.399620041067762
1017954400,10.474578639972622,4.339606493497604
1017954500,10.464181277891855,4.3469643908282
1017954600,10.495494367556468,4.34703482477755
1017954700,10.564857960985626,4.37197276386037
1019955701,10.552677797399042,3.761169140314853
1019955702,10.473066995893224,3.819152370294319
1019955800,10.679395694045174,3.993324868583162
1019955900,10.606967640657084,3.971444967145791
1019956000,10.647951993839836,3.925664167693361
1019956100,10.460611941136208,3.7872006091718
1021060101,10.27122949486653,4.402390433264887
1021060102,10.325084260095825,4.384718837097878
1021060200,10.276441975359343,4.363813396988364
1021060300,10.440663137577002,4.348364198494182
1021060401,10.39447752019165,4.381571754962355
1021060402,10.529803507186858,4.371835868583162
1021060500,10.069781069130732,4.387483783709788
1021060600,10.182245824093087,4.400746590691307
1021060700,10.241596973990418,4.400189804928131
1023956700,9.508121865160849,4.444191396303901
1023956800,9.399665791238878,4.415213940451745
1023956900,9.284657040383299,4.358253383983573
1023957000,9.253964650239562,4.354664656399726
1025957500,9.404870867214237,4.458011927446954
1025957601,9.417432863107461,4.452847826830938
1025957602,9.470517694729637,4.484474971937029
1025957700,9.344020917864476,4.41414872073922
1025957800,9.313182008213552,4.407228691991786
1025957901,9.332682158795346,4.411142873374401
1025957902,9.323542935660506,4.401400800821355
1025958001,9.319158095824778,4.408543462696783
1025958002,9.208205441478439,4.338401010951403
1027958900,10.153206167008898,4.066574273785079
1027959000,10.128583232717317,4.05012894934976
1027959100,10.010351422313484,4.072110153319644
1027959200,10.163661409308693,4.141346425735797
1029959500,10.192988047912389,3.885871862422998
1029959600,10.2898345229295,4.030017299794661
1029959700,10.325216851471595,4.106632177275838
1029959800,10.128585522245038,3.99149211430527
1031010100,9.58687945174538,4.43144820807666
1031010200,9.677600474332649,4.4426001724846
1031010300,9.709901331964408,4.453573115674196
1031010400,9.592443845995893,4.449454041067762
1031010500,9.500929846680356,4.431029978781656
1031010600,9.409014340862423,4.412706569472964
1031010700,9.487358058179329,4.426525901437372
1031010800,9.614539823408624,4.43101041615332
1031010900,9.689229661875428,4.460224377823409
1031011000,9.705952676933607,4.463463765229295
1031011100,9.75337088843258,4.464123242984257
1031011201,9.788665536618754,4.480282412731006
1031011202,9.786752162217659,4.472192568104038
1031011300,9.74362640109514,4.454001421629021
1033020100,10.253791106091718,4.256633123887748
1033020200,10.219114348391513,4.262102980150582
1033020300,10.208052364134155,4.259346681724846
1033020400,10.119618491444216,4.244262255304586
1033020500,10.083076121149897,4.24785061670089
1033020600,10.175214583162218,4.247251509924709
1033020701,10.250806289527721,4.264136427789186
1033020703,10.271151694729637,4.248637057494866
1033020704,10.240059635865845,4.242753475701574
1033020801,10.295470071868583,4.294280366872006
1033020802,10.187651221765914,4.288419058863792
1033020901,9.962833765229295,4.244782024640657
1033020902,9.754124103353867,4.18309058110883
1033021000,9.447291443531828,4.136297533880904
1035960200,9.256341097193703,4.391174893223819
1035960300,9.198811678302532,4.367695866529774
1035960400,9.190226386721424,4.364330034223135
1035960500,9.248794559206023,4.393169899383984
1035960600,9.180062492813142,4.354312803559206
1037961000,10.167886286105407,4.257194940451745
1037961100,10.282199086926762,4.280036298425736
1037961200,10.167997364134155,4.328887908966461
1039961600,9.332435710472279,4.395604306639288
1039961700,9.212547550308008,4.366580206707734
1039961800,9.173410513347023,4.358366277891855
1039961900,9.20227033744011,4.367547370978782
1039962000,9.281546498288843,4.392929762491444
1039962100,9.237551565366188,4.381478886379192
1039962300,9.227517490759754,4.37655153045859
1039962400,9.400978348391513,4.419123386721424
1039962500,9.342117546885695,4.410612429158111
1039962600,9.301979414784394,4.389250577002053
1039962700,9.340712770020534,4.405210813141684
1039962800,9.163067739904175,4.332570327857632
1039962900,8.948899520876112,4.263669081451061
1039963000,8.968866321013005,4.271649271731691
1041963400,9.721278244353183,4.457413047227926
1041963500,9.697723327173169,4.439168194387406
1041963600,9.576803783709788,4.452246362080767
1041963700,9.670444126625599,4.481373726214921
1041963800,9.419945901437372,4.416640325804244
1041963900,9.479170757700205,4.424971146475017
1043964100,10.765402140314853,4.410123561943874
1043964200,10.801213131416838,4.445912615331964
1043964300,10.793581560574949,4.468091258726899
1043964400,10.694200419575633,4.434916327173169
1043964500,10.51384031485284,4.390840088980151
1043964600,10.695784936344969,4.436043401779603
1043964700,10.848810472963724,4.483098202600958
1043964800,10.871134963723477,4.489949971252567
1043964900,10.861768260780288,4.469301622861054
1043965000,10.910651158795346,4.48838768514716
1043965100,10.894493466119096,4.454064092402464
1043965200,10.857926537303217,4.433488919917864
1043965300,10.797740094455852,4.413238058863792
1043965401,10.878608788501027,4.430441386036961
1043965402,10.866932707049966,4.389045219028063
1043965500,10.785274082819986,4.389142355920602
1043965600,10.569841245722108,4.365238689938398
1043965700,10.707436357289528,4.345417346338125
1045020000,9.780715409308693,4.420672507871321
1045020100,9.728819659137577,4.389012971937029
1045020200,9.741703195071869,4.317626373716632
1045020300,9.7498725633128,4.338652936344969
1045020400,9.743455890485968,4.383663325804244
1045020500,9.748203785763176,4.366386197125257
1045020700,9.754624206707734,4.374297869952088
1045020801,9.771300973990418,4.390223878850103
1045020802,9.765781526351814,4.378832932238193
1045021101,9.767354410677618,4.436713647501711
1045021102,9.759370739904175,4.407522797399042
1045021200,9.684358909650924,4.398366375085558
1045021300,9.806091787816564,4.354564900752909
1045021400,9.855309644079398,4.310720140999316
1047956100,10.121422175906913,4.558004142368241
1047956201,10.010442682409309,4.563090414784394
1047956202,10.000808855578371,4.485594134154689
1047956300,10.116502041067762,4.585964288158795
1047956400,10.123553786447639,4.590846568788501
1047956500,10.115353986995209,4.590508635865845
1047956600,10.106123209445585,4.585359826146475
1047956701,10.063798975359343,4.580250274469541
1047956702,10.066290509924709,4.581507374401095
1047956800,10.104943199178645,4.597145904859685
1047956900,9.786948207392197,4.504295056125941
1047957000,9.639192467488022,4.476504985626283
1047957100,9.845399373716632,4.517658772758385
1047957200,10.035653284736482,4.574470336071184
1047957300,10.01135657357974,4.557436301848049
1049960100,10.103648061601643,3.975376227241615
1049960200,10.333493910335387,4.046776238193018
1049960300,10.516353776180698,4.135790940451745
1049960400,10.574428462696783,4.104270749486653
1049960500,10.586214223819302,4.14524070294319
1049960600,10.67558748733744,4.133108351129363
1049960700,10.795579883641342,4.164156428473648
1049960800,10.687934432580424,4.047858791238878
1049960900,10.627539891170431,4.040089340862423
1049961000,10.570917567419576,3.972765381245722
1049961100,10.599002279945243,4.064151664613279
1049961200,10.487640882272416,4.025861724845996
1049961300,10.469277861738535,3.947772858316222
1049961400,10.25809099247091,3.932536167693361
1051030100,10.455714702258727,4.49704874880219
1051030200,10.31659190349076,4.419802605749487
1051030300,10.273386004106776,4.412413630390144
1051030400,10.576586762491444,4.572755198494182
1051030500,10.402057920602327,4.474437123203285
1051030600,10.54888090622861,4.520443009582478
1051030701,10.827691235455168,4.640490750171116
1051030702,10.769061554414784,4.600312483915127
1051030800,10.717820231348392,4.582108214236824
1051030901,10.689802759753593,4.601651994524298
1051030902,10.743143003422314,4.592676525667351
1051031000,10.863082217659138,4.672515502395619
1051031100,10.847890707049966,4.653019088295688
1051031200,10.921247106776181,4.664904671457906
1051031300,10.950036446269678,4.706069544147844
1053969800,8.96408207118412,4.25272423340178
1053969900,9.155799206707734,4.324754712525667
1053970100,9.13572280971937,4.332362061601643
1053970200,9.10103364476386,4.307424613278576
1053970300,9.109368621492129,4.288873264202601
1053970400,9.094259028747433,4.275768822724162
1053970500,9.08710211156742,4.256436731690623
1053970600,9.069879730321698,4.245135364134155
1053970700,9.037742890485968,4.228100750855578
1055000200,10.964938568104038,4.169918138261465
1055000300,10.988206340862423,4.192110199178645
1055000400,10.974689425735797,4.21113737303217
1055000500,11.010947856947296,4.229436807665982
1055000600,11.03951849486653,4.245898588637919
1055000700,11.020911789869952,4.225696898699521
1055000800,11.012849257357974,4.204527223134839
1055000900,11.060567189596167,4.243841973305955
1055001000,11.029193934291581,4.20864610403833
1055001100,11.070971611225188,4.23277425393566
1055001200,11.037805041067762,4.202631001368925
1055001300,11.010665183436003,4.177608097193703
1055001600,11.05061101779603,4.197767725530459
1055001700,11.023496872005476,4.195518305954826
1055010100,10.956665253251198,4.231406436002738
1055010200,11.042904814510609,4.298297944558522
1055010300,10.971960171115674,4.303111932922656
1055010401,11.090796830937714,4.26602232991102
1055010402,11.090997453798768,4.306193014373717
1055010501,11.09718926146475,4.293009266255989
1055010502,11.017195511978097,4.21491785284052
1055010601,10.911271665297741,4.151223126625599
1055010602,10.778357901437372,4.086460013689254
1055010700,10.856260978097194,4.119661731690623
1055010800,10.81708780698152,4.117971924024641
1055010900,10.85699294661191,4.173815607802875
1055011001,10.898916750171116,4.239888732375086
1055011002,10.913496759069131,4.283689950718686
1055011100,10.825019690622861,4.302974022587269
1055011200,11.010115049281314,4.18459161670089
1057020000,9.985310238193018,4.326897255989049
1057020100,9.83137511430527,4.358390464750171
1057020200,9.892106524982888,4.396842054757016
1057020300,10.006655809034908,4.400380950034223
1057020400,10.108614672142368,4.336759006160164
1059972900,9.91412063449692,4.263876869952088
1059973000,9.823441180698152,4.241313041752224
1059973100,9.606899027378508,4.214018167693361
1059973200,9.744500112936345,4.235480344969199
1059973300,9.834041255989049,4.266747630390144
1059973400,9.430721553730322,4.179216866529774
1059973500,9.468020833675565,4.20999827652293
1059973600,9.48684241615332,4.221868973305955
1059973700,9.778941940451745,4.279450660506502
1061050100,9.2053866954141,4.333370353867214
1061050200,9.470394941136208,4.374750116358658
1061050300,9.291206622176591,4.330193032169747
1061050400,9.415619981519507,4.30962837303217
1061050500,9.564421740588638,4.307314817932923
1061050600,9.584788192334018,4.275677980835044
1063060000,9.700370585900068,4.40479713963039
1063060100,9.793798405886379,4.415933291581109
1063060200,9.736824718001369,4.471742259411362
1065040000,10.049701561259411,4.376854152635181
1065040100,9.864652632443532,4.398501329226557
1065040200,9.814714905544148,4.374131750171116
1065040300,9.783049242299795,4.433541725530459
1065040400,9.769046912388775,4.440000650239562
1065040500,9.760268483915127,4.473775761122519
1067030100,9.781948171800137,4.313946517453799
1067030200,9.790847693360712,4.290706518138262
1067030300,9.864232484599589,4.289202338124572
1067030400,9.779811711156742,4.276857309377139
1067030500,9.843174177960301,4.272300017111567
1067030600,9.793985509240246,4.245959149212868
1069040100,9.74827341615332,4.340717249144422
1069040201,9.869217268309377,4.290495828199863
1069040202,9.886999767967146,4.303212429158111
1069040301,9.888201795345654,4.26082338329911
1069040302,9.901007120465435,4.291127582477755
1069040400,9.881341431211499,4.256913154004107
1069040500,9.872395119096509,4.249520429842574
1069040600,9.872900676249144,4.226514914442163
1069040700,9.862115162217659,4.250757383983573
1069040800,9.800414437371663,4.272166091718001
1069040900,9.846066284736482,4.262989222450376
1069041000,9.865752967145791,4.244688021902806
1069041100,9.849283251882272,4.253649136892539
1069041200,9.864358188227242,4.236651757700205
1069041400,9.877879284736482,4.242157613278576
1069041500,9.892236813826146,4.2656319137577
1069041600,9.841989969883641,4.2548801724846
1069041700,9.766323238193018,4.238795186173854
1069041800,9.601275012320328,4.223285746748802
1069041900,9.745196046543463,4.231518711841205
1069042000,9.586038607118412,4.228954158110883
1069042100,9.594750273785079,4.248402087611225
1071950100,10.02349612936345,4.000151481177276
1071950200,9.901489922655715,4.000551483915127
1071950300,9.816753583162218,4.01646110403833
1071950400,9.73679176386037,4.036232794661191
1071950500,10.194563622861054,4.174629021902806
1071950600,10.015229342915811,4.096625338809035
1071950700,10.328093544832307,4.192178373716632
1071950800,10.266827310746064,4.15794422587269
1071950900,10.281605486652977,4.146114404517454
1071951000,10.183858835728953,4.063964771389459
1071951100,10.439296739219712,4.165096292950034
1073000100,11.898240640657084,4.332808863107461
1073000300,12.040416891170431,4.320224351813826
1073000400,12.044874839151266,4.317920033538672
1073000500,12.103509768651608,4.314429112251882
1073000700,12.133744204654346,4.283444856947296
1073000800,12.127956293634497,4.272498837782341
1073001100,12.066582604380561,4.296070713894593
1073001200,12.127158558521561,4.296610081451061
1073001400,12.176085492128679,4.315908303901437
1073001500,12.193406900068446,4.308850427789186
1073001600,12.176088875427789,4.304314872005476
1073001902,11.997179699520876,4.326702771389459
1073002000,11.918108342915811,4.330576221081451
1073002100,11.883675229295003,4.323968586584531
1073002200,11.952880664613279,4.331740751540041
1073002303,11.96699274606434,4.337945307323751
1073002305,12.04500909650924,4.33712582477755
1073002306,12.058277727583847,4.347251995208761
1073002400,12.157059754962355,4.332163350444901
1073002700,12.22573616495551,4.340150583162218
1073002900,12.204000514031485,4.33890692128679
1073003001,12.150269054072553,4.323931014373717
1073003002,12.176454552361396,4.327241911019849
1073003100,12.11300802532512,4.32029535797399
1073003200,12.084077720054757,4.316192664613279
1073003300,12.07704542642026,4.311438774811773
1073003400,12.033757031485284,4.304735110882957
1073003500,11.972845702258727,4.287684782340862
1073003600,12.03260357357974,4.318437405201916
1073003700,12.054188911704312,4.307481010951403
1073003802,12.043455907597536,4.323588867214237
1073003803,12.096041032169747,4.331881268309377
1073003900,12.130635437371663,4.334581247091034
1073004000,12.146256532511978,4.339758980835044
1073004200,12.206969427789186,4.355838523613963
1073004500,12.220550919233402,4.367211061601643
1073004701,12.171704910335387,4.362161657768652
1073004702,12.11997492128679,4.348193084188912
1073004800,12.156245834360027,4.371620750171116
1073004901,12.177719558521561,4.369541568788501
1073004902,12.193070410677618,4.378112252566735
1073005000,12.17655312936345,4.368877516769336
1073005101,12.17620212936345,4.357031783025325
1073005103,12.161416780287474,4.365558786447639
1073005104,12.121371663928816,4.368455359342916
1073005200,12.12972605065024,4.353442382614648
1073005302,11.819652052019165,4.32913846954141
1073005500,12.075269028062971,4.274856084873374
1073005600,11.968522532511978,4.346142506502396
1073005701,12.006381539356605,4.341054589322382
1073005702,12.050286041752224,4.339216021902806
1073005800,12.146409996577686,4.372812153319644
1073005903,11.731138969883641,4.331479941820671
1073005905,11.769296881587954,4.32713595687885
1073005907,11.662812945927447,4.325436278576318
1073005908,11.655785439425051,4.327449075290897
1073005909,11.795366240930869,4.330011803559206
1073005910,11.725299208761122,4.315091611225188
1073010001,11.587997911704312,4.306247683778234
1073010002,11.592520675564682,4.31580926899384
1073010100,11.729528269678302,4.338881789185489
1073010200,11.638166427104723,4.337953255304586
1073010301,11.656973470910335,4.34626537303217
1073010302,11.74987672347707,4.343347518138262
1073010401,11.587109660506502,4.332518852156058
1073010402,11.519257167693361,4.314827535249829
1073010500,11.851524338124572,4.349285307323751
1073010602,11.977283963723477,4.311659443531828
1073010603,11.918948195756331,4.318792728952772
1073010701,12.148879607118412,4.377397075975359
1073010702,12.126811823408624,4.378676118412046
1073010703,12.086924763175907,4.381033947296372
1073010704,12.075136000684463,4.372632150581793
1073010705,12.108261886379192,4.378563258042437
1073010706,12.054438144421629,4.369285444900753
1073010801,12.085916979466119,4.362922741273101
1073010802,12.072278355920602,4.365049920602327
1073010803,11.921607372347707,4.344970260095825
1073010804,11.983328804928131,4.368290783709788
1073010805,11.862562020533881,4.357370245037645
1073010900,12.012242521560575,4.307310179329227
1073011001,11.441835620807666,4.30662580698152
1073011002,11.475357678986995,4.30376723340178
1073011104,11.550018130047912,4.322631343600274
1073011107,11.464319978781656,4.324723199863108
1073011108,11.538999620123203,4.325943082135524
1073011109,11.333667980835044,4.300528152635181
1073011110,11.104828400410678,4.27020728678987
1073011111,11.214606688569473,4.279685961670089
1073011205,11.352471006844627,4.283898828884326
1073011206,11.137976454483231,4.271686810403833
1073011207,11.472979344284736,4.300285515400411
1073011208,11.406621654346338,4.292031961670089
1073011209,11.569235783025325,4.313153284736482
1073011210,11.522564853524983,4.302436421629021
1073011301,11.147600235455168,4.280988192334018
1073011302,11.158055671457906,4.290430657768652
1073011400,11.074139182067077,4.301818943874059
1073011500,11.144092759753593,4.305093121149897
1073011600,11.451201110882957,4.30858351266256
1073011703,11.729046525667351,4.315956501711157
1073011704,11.347862594113621,4.299615843258042
1073011705,11.603973201916496,4.312269040383299
1073011706,11.43711762422998,4.301454179329227
1073011802,11.54846919301848,4.308609396988364
1073011803,11.670565877481177,4.327503684462697
1073011804,11.603438911704312,4.310507316906229
1073011901,11.812266978781656,4.322793407255305
1073011904,11.906357947980835,4.321347348391513
1073012001,11.887904787816564,4.302440631074606
1073012002,11.987433360027378,4.296189064339494
1073012103,11.636660481861738,4.307215545516769
1073012104,11.393373533196441,4.309418650924025
1073012200,10.983826259411362,4.278472158795346
1073012302,11.321451034223135,4.286077424366872
1073012304,11.833085608487337,4.307276424366872
1073012305,11.704438387405886,4.312195544832307
1073012401,11.984046885010267,4.296045371663244
1073012402,11.917563878850103,4.30289984531143
1073012403,11.665796002053388,4.306258119780972
1073012500,11.845090639972622,4.303584786447639
1073012602,11.77922909377139,4.341810189596167
1073012701,11.706393013004791,4.335570552361396
1073012703,11.759836923340178,4.358477569472964
1073012704,11.573906868583162,4.318539216974675
1073012802,11.924496801505818,4.362780886379192
1073012803,11.863856258042437,4.368957137577002
1073012905,12.005419868583162,4.375131123203285
1073012906,11.910687743326489,4.382227302532512
1073012907,11.803437872689938,4.372299891170431
1073012908,11.853112707734428,4.378984730321698
1073012910,11.81133865982204,4.364436500342231
1073012911,11.895926889117043,4.37010846201232
1073012912,11.780460596167009,4.36913617522245
1073012913,11.721833342915811,4.357309722108145
1073012914,12.044664008898015,4.368681934291581
1073012915,11.98403089596167,4.378577973305955
1073013002,12.086051043805613,4.353862933607118
1073013100,11.969888647501711,4.345967750171116
1073013200,11.951423428473648,4.336985854893908
1073013300,11.836935117043121,4.334899544832307
1073013400,11.869048703627652,4.324420190965092
1073013601,11.812616812457221,4.337459653661875
1073013801,11.695351091033539,4.335212700205339
1073013901,11.857647754962355,4.30955553798768
1073013902,11.699105776865161,4.326918828884326
1073014001,11.335694650924025,4.289682815879535
1073014002,11.370923759753593,4.292914504449008
1073014102,10.88352714715948,4.268332458590007
1073014104,11.241184415468857,4.277499742642026
1073014105,11.380333858316222,4.293251015058179
1073014203,11.168140188911704,4.294944804243669
1073014204,11.507519163586584,4.334315434633812
1073014301,11.518163441478439,4.324186909650924
1073014302,11.832592928131417,4.359496308008214
1073014404,11.995218285420945,4.374616082135524
1073014405,11.956317366872006,4.37581045927447
1073014406,11.901168945242984,4.387365600273785
1073014408,11.732388143737166,4.359148386721424
1073014409,11.849871031485284,4.378394468856947
1073014410,11.640595742642026,4.352318871321013
1073014412,11.879743284052019,4.378921776865161
1073014413,11.783908437371663,4.368324065708419
1075030000,9.635538988364134,4.34703290622861
1075030100,9.739373247091034,4.393792991101985
1075030200,9.79243728678987,4.412187099931554
1077010100,10.259079242299795,4.253091550992471
1077010200,10.265849939767283,4.269722309377139
1077010300,10.229049317590691,4.262783472963724
1077010400,10.188954351813826,4.251907846680356
1077010600,10.22812312936345,4.248713550992471
1077010700,10.259620876796715,4.259203356605065
1077010800,10.253601263518138,4.260259385352498
1077010900,10.201470527720739,4.251098904859685
1077011000,10.178993688569473,4.245922753593429
1077011101,10.064579449007529,4.220003507871321
1077011102,10.124504036960986,4.242080550992471
1077011200,9.893539212183436,4.199016155373032
1077011300,9.315189080082136,4.054789524298426
1077011400,9.644244366872006,4.106343894592745
1077011501,10.174959922655715,4.23319120054757
1077011502,9.887600840520192,4.145798292950034
1077011602,9.810566052703628,4.100597144421629
1077011603,10.014752731690623,4.17851855578371
1077011604,10.148577755646817,4.239342997262149
1077011700,9.959307536618754,4.170037374401095
1077011801,10.028226831622177,4.212589273785079
1077011802,10.291753787816564,4.327227819986311
1079979100,10.685297010951403,4.475889056810404
1079979200,10.3594974366872,4.368623338809035
1079979300,10.171633006844627,4.320585470910335
1079979400,10.341933159479808,4.36660483504449
1079979500,10.592172586584531,4.44677392881588
1079979600,10.645938332648871,4.440498678986995
1079979700,10.361153847364819,4.356689221765914
1079979800,10.149226299794661,4.311561372347707
1079979900,9.96177131485284,4.275967550992471
1081040200,10.757897945242984,4.575866603696099
1081040300,10.764949717316906,4.591045141683778
1081040400,10.760149689938398,4.586963761806982
1081040500,10.731397444900753,4.580418381245722
1081040602,10.724115943189596,4.580086098562628
1081040603,10.739506920602327,4.589840778234086
1081040604,10.71447164476386,4.589579880219028
1081040700,10.752822920602327,4.591947323066393
1081040800,10.757283386721424,4.59057682477755
1081040901,10.715968280629706,4.56670604312115
1081040902,10.752872250513347,4.57851745927447
1081041000,10.554452501026694,4.517426636550308
1081041100,10.702802277207392,4.534495843258042
1081041200,10.613463951403148,4.483126303901437
1081041300,10.718706062286105,4.526431761806982
1081041400,10.757625108829569,4.536864321697468
1081041600,10.716191889801506,4.509962278576318
1081041700,10.745493381245722,4.509429848049281
1081041800,10.665327641341547,4.417985890485968
1081041900,10.813767156741958,4.417069841889117
1081042002,10.992093125256674,4.352804371663244
1081042003,10.949520858316222,4.446649210130048
1081042004,11.017419655030801,4.394442875427789
1081042005,10.963386274469541,4.413812108829569
1081042006,10.957241973305955,4.3957645229295
1081042101,10.696526956194387,4.540896778234086
1081042102,10.77802321560575,4.499066414099932
1083020101,10.73841184257358,4.482052084188912
1083020102,10.473188713894593,4.3782075633128
1083020201,10.681937618069815,4.475935687200548
1083020202,10.413597661190965,4.365991485968515
1083020300,10.195677803559206,4.285558069130732
1083020401,10.558342536618754,4.430485945242984
1083020402,10.773491065708419,4.513769395619439
1083020500,10.855617066392882,4.532329553730322
1083020600,10.815063252566735,4.526372038329911
1083020700,10.859598134839151,4.535929536618754
1083020801,10.923868424366872,4.534785122518823
1083020802,11.070648688569473,4.592398151266256
1083020900,10.961682559206023,4.56609219301848
1083021000,10.913033184120465,4.560549095140315
1083021100,11.096166310746064,4.612648383983573
1083021200,11.256480023956194,4.650838137577002
1085780800,10.150983253251198,4.555734406570842
1085781000,10.010687392197125,4.535147412731006
1085781100,9.63346887063655,4.442766453798768
1085781200,9.725683464750171,4.459811535934292
1087231400,10.564502292950034,4.542991779603012
1087231500,10.53536790622861,4.554665387405886
1087231601,10.498397503080082,4.561331327173169
1087231602,10.454766062286105,4.551593397672827
1087231603,10.507401079397673,4.561998196440794
1087231700,10.505951657768652,4.567188671457906
1087231800,10.522455431211499,4.565596072553046
1087231900,10.486204366872006,4.560775618069815
1087232000,10.499544432580424,4.557258509240246
1087232100,10.468233292265572,4.557618132785763
1087232200,10.485553091033539,4.580088796714579
1087232300,10.350045247091034,4.516372906913073
1089000201,10.7611213045859,4.398161801505818
1089000202,10.820463574264203,4.428366333333333
1089000301,10.864894352498289,4.447620676249144
1089000302,10.926359199178645,4.47616627652293
1089000403,10.887745754277892,4.46771307871321
1089000501,11.011993232717317,4.516137990417522
1089000502,11.029380510609172,4.514791245037645
1089000503,11.025693832991102,4.507554361396304
1089000601,11.057986544832307,4.519504321697468
1089000602,11.025634427789186,4.494787961670089
1089000701,10.944283122518823,4.468977635181383
1089000702,10.974418559890486,4.485199523613963
1089000901,10.771298856262834,4.390084952087611
1089000902,10.828211027378508,4.408466088295688
1089001000,10.895646983572895,4.43033159137577
1089001200,11.024194193702943,4.488137500342231
1089001301,11.091010620807666,4.526764342915811
1089001302,11.046274434633812,4.498524800136892
1089001401,11.173356503764545,4.586903676933607
1089001402,11.199572110198494,4.578545303216975
1089001500,11.102920929500342,4.510875391512663
1089001700,10.905696435318275,4.423095344969199
1089001801,10.812038359342916,4.393067886379192
1089001901,10.865791225188227,4.397475097878166
1089001902,10.829872565366188,4.381689160164271
1089001903,10.916783563997262,4.408728594798084
1089002000,10.980191028062971,4.440046088980151
1089002100,11.055142158795346,4.478865501711157
1089002200,11.12574563449692,4.519702039014374
1089002300,11.115333360027378,4.509551565366188
1089002400,11.127385813826146,4.512445672826831
1089002501,11.03521470568104,4.459536311430527
1089002502,11.031772523613963,4.448914626283368
1089002600,10.96249261670089,4.414291138261465
1089002701,10.919576290212183,4.409281134839151
1089002721,10.868917235455168,4.398024564681725
1089002722,10.816113447638604,4.383436948665298
1089002801,10.97637295687885,4.442903288158795
1089002802,10.889090908281999,4.43220515742642
1089002911,10.874967423682409,4.411295173169062
1089002912,10.802220504449008,4.383996645448323
1089002921,10.845232145106092,4.402731090349076
1089002922,10.801484162217659,4.387773341546886
1089003000,10.929402298425736,4.446195832306639
1089003100,10.959018455167693,4.449332587953456
1089010100,9.954781887063655,4.130706691307324
1089010200,10.238619617385352,4.205801923340178
1089010301,10.335194042436687,4.296388180013689
1089010302,10.140382199863108,4.217971336755647
1089010401,10.397083067077344,4.323805221081451
1089010402,10.580458409308693,4.407906797399042
1089010501,10.869135108145106,4.507443988364134
1089010502,10.790252997262149,4.466939647501711
1089010612,11.142302248459959,4.595743350444901
1089010621,11.007913791238878,4.530207267624914
1089010622,11.105124463381246,4.551052684462697
1089010623,11.046551069815195,4.553531800821355
1089010624,11.059396221081451,4.581894718685832
1089010701,10.557210340862423,4.359578973990418
1089010702,10.584421561943874,4.349389422313484
1089010800,10.603601078028747,4.332934309377139
1089010901,10.628767973990418,4.334511033538672
1089010902,10.418353197125257,4.25858004312115
1089011011,11.208281069130732,4.619028453114305
1089011012,11.195360539356605,4.602772240246407
1089011013,11.229969798767967,4.608130303901437
1089011014,11.255670372347707,4.636737440109514
1089011021,11.277439323066393,4.640143214236824
1089011022,11.247919767967146,4.619441018480493
1089011100,11.110852538672142,4.530777872005476
1089011200,11.182651934291581,4.599203911019849
1089011300,10.670722804928131,4.357434934976044
1089011400,10.514490884325804,4.28833264476386
1091972900,9.782494682409309,4.519957090349076
1091973000,9.672945223134839,4.519725855578371
1091973100,9.632129311430527,4.485388670773443
1091973200,9.533022448323066,4.490321113620808
1091973300,9.566992185489391,4.499531911704312
1091973400,9.746418336755647,4.534473504449008
1093964000,9.798464162902122,4.306115470225873
1093964100,9.642767630390144,4.281781672826831
1093964200,9.513142937029432,4.273162915126626
1093964300,9.610475730321698,4.287980713894593
1093964400,9.62198770568104,4.310768773442847
1093964500,9.806707381930185,4.320510587953456
1093964600,9.71800492128679,4.338271594798084
1093964700,9.844039817932923,4.338489441478439
1095030100,10.637012800136892,4.25916164476386
1095030201,10.449809349075975,4.232619718685832
1095030202,10.595161707049966,4.30582365229295
1095030300,10.717235615331964,4.383087167008898
1095030401,10.781358034907598,4.423440815195072
1095030402,10.763723327857632,4.416219028062971
1095030500,10.821475023956194,4.415560198494182
1095030600,10.86852163449692,4.414448646132786
1095030701,10.898137140314853,4.390053409993155
1095030702,10.838453632443532,4.366465709787817
1095030801,10.908492478439425,4.341150094455852
1095030802,10.91520465982204,4.30777957357974
1095030902,10.957541049281314,4.364912550992471
1095030903,10.93020712936345,4.368697360027378
1095030904,10.924947681724846,4.38387731211499
1095031000,10.858657960985626,4.36373301779603
1095031100,10.961468110882957,4.353603361396304
1095031200,10.946456227926078,4.309742729637235
1097000200,9.8697961321013,4.376511742642026
1097000401,9.88954422587269,4.364321762491444
1097000402,9.889062442847365,4.37318154072553
1097000500,9.899918483915127,4.372941471594798
1097000600,9.907666830253251,4.372701773442847
1097000701,9.907359744010951,4.366413893908282
1097000702,9.913851646817248,4.367168550308008
1097000800,9.923260422313484,4.38163762696783
1097000901,9.900157018480493,4.37825019301848
1097000902,9.883675308008214,4.364767316906229
1097000903,9.861987092402464,4.362685325804244
1097001001,9.882040485284052,4.382243259411362
1097001002,9.858536366187543,4.367012544147844
1097001100,9.837770232717317,4.35655355578371
1097001200,9.828535978781656,4.346380399726215
1097001302,9.821188251882272,4.346177661875428
1097001400,9.831513192334018,4.351038034907598
1097001501,9.793680436002738,4.341497704996578
1097001502,9.793396166324435,4.335676972621492
1097001800,9.553498785763176,4.240273453798768
1097001901,9.559541828884326,4.243619198494182
1097001902,9.628223073921971,4.272166822039699
1097002000,9.689634160164271,4.303459222450376
1097002100,9.794316796030116,4.341606706365503
1097002200,9.804402429158111,4.342565466803559
1097002301,9.79205379192334,4.332402984941821
1097002302,9.796979518138262,4.336562867214237
1097002400,9.853043514715948,4.362727526351814
1097002501,9.879621890485968,4.37086818275154
1097002502,9.900095973990418,4.367749822039699
1097002600,9.919670698151951,4.377556010951403
1097002700,9.915409600273785,4.379335145790554
1097002800,9.902188295687885,4.380423991786448
1097002900,9.864135737850787,4.370160108829569
1097003000,9.761354783709788,4.320917097193703
1097003100,9.80518945174538,4.349637112251882
1097003202,9.846265393566051,4.360584874743326
1097003203,9.875771792607803,4.372719440109514
1097003204,9.884397271731691,4.374890739219712
1097003205,9.865212648186174,4.365561153319644
1097003301,9.903184058179329,4.37793634017796
1097003302,9.928092626283368,4.384820748117728
1097003402,9.911192073921971,4.372433520876112
1097003404,9.875627101300479,4.381385476386037
1097003405,9.918033041067762,4.392113208761122
1097003406,9.927054944558522,4.389442389459274
1097003407,9.807028039014374,4.352733772073922
1097003408,9.890024736481862,4.377323839835729
1097003501,9.938198661875428,4.39330389596167
1097003502,9.912157889801506,4.385612795345654
1097003602,9.875462550308008,4.380004532511978
1097003605,9.911441917864476,4.396888478439425
1097003606,9.893269935660506,4.383244600958248
1097003607,9.861606812457221,4.370662633812457
1097003608,9.928157769336071,4.408967018480493
1097003703,9.84083228678987,4.372665119096509
1097003704,9.859768032169747,4.368245030116359
1097003705,9.800008560574949,4.356886795345654
1097003706,9.81347093908282,4.348878036960986
1097003707,9.839218031485284,4.358305711841205
1097003708,9.742271516084873,4.327333147843942
1097003709,9.747745169746749,4.328215339493498
1097003710,9.784360809034908,4.347980396303901
1097003800,9.736329027378508,4.333654225188227
1097003901,9.912958364818617,4.371091683778234
1097003902,9.909391316221766,4.36082010403833
1097004000,9.897190625598905,4.350858440109514
1097004100,9.904203785763176,4.346711661875428
1097004800,9.874349350444901,4.32737076386037
1097004900,9.883113450376454,4.344558686516085
1097005000,9.871012880219028,4.327348008213552
1097005100,9.864664442162902,4.322446918548939
1097005200,9.859999156057495,4.32738159890486
1097005300,9.849846770704997,4.319124898699521
1097005400,9.823658891854894,4.329743403832991
1097005500,9.795184306639288,4.337263152635181
1097005600,9.749064873374401,4.333093702258727
1097005700,9.621431052019165,4.348828429158111
1097005800,9.39649855578371,4.320192785078713
1097005900,9.205312789869952,4.20300993908282
1097006000,9.156478722108145,4.205553594113621
1097006102,9.718335302532512,4.319823915811088
1097006103,9.838730692676249,4.347482192334018
1097006104,9.522356540041068,4.276013724845996
1097006105,9.743711036276523,4.318705592060233
1097006200,9.229975403832991,4.180832561259411
1097006301,9.502131490759754,4.254615689938398
1097006302,9.679140095140315,4.305479865160849
1097006402,9.75293993155373,4.33963800752909
1097006403,9.711156806297057,4.323560843258042
1097006404,9.705749884325804,4.317465536618754
1097006405,9.784030267624914,4.343401308008214
1097006406,9.52841944421629,4.249085418206708
1097006407,9.409488318959617,4.220012173169062
1097006501,9.457883357289528,4.224333270362765
1097006502,9.323835576317591,4.160519042436687
1097006600,9.015388980150582,4.042600022587269
1097006701,9.124720654346338,4.096562485968515
1097006702,9.30679863449692,4.161565993839836
1097006801,9.668789117043121,4.30488760164271
1097006802,9.692796934291581,4.313587905544148
1097006901,9.544507594798084,4.25507846954141
1097006902,9.622898376454483,4.288803733059548
1097007000,9.519276145106092,4.232870048596852
1097007101,9.485991642710472,4.229347044490075
1097007102,9.362430584531143,4.170904672826831
1097007103,9.151854062286105,4.091751755646817
1097007201,9.06260033744011,4.062641981519507
1097007202,8.546253618754278,3.884721708418891
1097007300,8.849122195071869,3.998296954825462
1097007400,9.700854034223135,4.295784577002053
1097007500,9.888009453114305,4.340686081451061
1097007600,9.875923232032854,4.346817920602327
1097007700,9.90007679192334,4.360215416837782
1099075600,9.274714874058864,4.387540772758385
1099075700,9.349468879534565,4.435596507186858
1099075800,9.306031179329227,4.415234720054757
1099075900,9.287051664613279,4.401425084188912
1099076000,9.315800891854894,4.414595447638604
1099076100,9.217219411362081,4.372415901437372
1099076200,9.110272908281999,4.305468393566051
11001000100,9.956871544832307,2.861833806297057
11001000201,9.971474501711157,2.887546678986995
11001000202,9.960388676249144,2.875666901437372
11001000300,9.985724355920602,2.900546327173169
11001000400,9.999771221081451,2.894335655715264
11001000501,9.993124352498289,2.870126335386721
11001000502,10.000923984941821,2.885788242299795
11001000600,10.029331605749487,2.916066909650924
11001000701,10.01778612936345,2.918948002053388
11001000702,10.009053995208761,2.915624264887064
11001000801,10.017773132785763,2.937462663244353
11001000802,9.99261694934976,2.919471285420945
11001000901,10.045781124572211,2.974768379876797
11001000902,10.03602285284052,2.976955897330596
11001001001,10.057517379192334,2.970817934291581
11001001002,10.034196820670773,2.940017280629706
11001001100,10.063413021902806,2.972096603011636
11001001200,10.046009667351129,2.942121390143737
11001001301,10.045352185489391,2.92819711430527
11001001302,10.029036760438056,2.910281559890486
11001001401,10.070963227241615,2.975478345653662
11001001402,10.063864043805613,2.95654326899384
11001001500,10.067735711156742,2.971353130047912
11001001600,10.066387154004107,2.975686281998631
11001001702,10.029735403832991,2.92978529431896
11001001803,10.049464801505818,2.938797449691992
11001001804,10.03146784257358,2.927070158110883
11001001901,10.024873206023272,2.9144792183436
11001001902,10.018942778918549,2.909982789185489
11001002001,10.028145624914442,2.916292822724162
11001002002,10.013777571526352,2.893824557837098
11001002101,10.012015636550308,2.895280702258727
11001002102,10.003659023956194,2.889437091718001
11001002201,9.998662359342916,2.878128564681725
11001002202,9.990923501711157,2.867427929500342
11001002301,9.982951674880219,2.851969908281999
11001002302,9.962681880903491,2.826220507871321
11001002400,9.988241511293634,2.857186853524983
11001002501,9.9978831724846,2.875001331964408
11001002502,9.992411998631075,2.857694761806982
11001002600,10.012930347022587,2.893364323066393
11001002701,9.999376347022587,2.865724149212868
11001002702,9.995986708418891,2.859400225188227
11001002801,9.988004213552361,2.856863030116359
11001002802,9.987380386721424,2.845785615331964
11001002900,9.984314138261465,2.848887004791239
11001003000,9.973840555099247,2.83586701026694
11001003100,9.971595736481862,2.831743735797399
11001003200,9.968546214236824,2.825133391512663
11001003301,9.931129707049966,2.791288299110198
11001003302,9.916099744010951,2.790833653661875
11001003400,9.939017284736482,2.799322524982888
11001003500,9.957674793292266,2.815105435318275
11001003600,9.969940612594114,2.825301696098563
11001003700,9.967236414099932,2.833379308692676
11001003800,9.960082765913758,2.840256214921287
11001003900,9.98102832238193,2.855184902806297
11001004001,9.964194741957563,2.847269848049281
11001004002,9.95885892881588,2.844075646132786
11001004100,9.962623144421629,2.85644790349076
11001004201,9.948308895277207,2.828393306639288
11001004202,9.948803369609856,2.833686235455168
11001004300,9.945340054757016,2.823351086926762
11001004400,9.941187188911704,2.810931947980835
11001004600,9.916500084188912,2.793360210814511
11001004701,9.905295544147844,2.794451291581109
11001004702,9.899233564681725,2.794319617385352
11001004801,9.922810347022587,2.794364074606434
11001004802,9.912690670773443,2.798003718685832
11001004901,9.927224550992471,2.805351886379192
11001004902,9.913990240930869,2.800566065708419
11001005001,9.932906642710472,2.812775405886379
11001005002,9.922565105407255,2.806504151950719
11001005201,9.930529021902806,2.814582197125257
11001005301,9.940807004106776,2.824773570841889
11001005500,9.942509514715948,2.843540479123888
11001005600,9.929344963723477,2.84478635523614
11001005800,9.89901872073922,2.802418837782341
11001005900,9.886230472963724,2.795079633812457
11001006202,9.871103381930185,2.80412076659822
11001006400,9.793269669404518,2.792971905544148
11001006500,9.841471308008214,2.790969212867899
11001006600,9.850821486652977,2.790846263518138
11001006700,9.851045030800821,2.79316290349076
11001006801,9.838283599589322,2.795275305270363
11001006802,9.830056676249144,2.794357995893224
11001006804,9.819695198494182,2.793741030800821
11001006900,9.831639490759754,2.793639702258727
11001007000,9.825352762491444,2.792694764544832
11001007100,9.811352930869268,2.792578468172485
11001007200,9.807762041067762,2.796016363449692
11001007301,9.693969236824093,2.802103686516085
11001007304,9.651765997262149,2.808072760438056
11001007401,9.752287325119781,2.793474728952772
11001007403,9.671413146475017,2.807574851471595
11001007404,9.691511605065024,2.807615387405886
11001007406,9.719130714579055,2.801182354551677
11001007407,9.72092198220397,2.799768349760438
11001007408,9.685927735797399,2.807378423682409
11001007409,9.660310853524983,2.810097584531143
11001007502,9.699391292950034,2.804494970568104
11001007503,9.745684205338809,2.795471689938398
11001007504,9.732542954140999,2.803768477754962
11001007601,9.773157780287474,2.79848773100616
11001007603,9.689443908281999,2.8095065633128
11001007604,9.729066084188912,2.803592833675565
11001007605,9.747735639972622,2.80267711430527
11001007703,9.762494099247091,2.796320237508556
11001007707,9.713037667351129,2.813112444900753
11001007708,9.792092223819302,2.793340874058864
11001007709,9.777594600273785,2.796873275154004
11001007803,9.781916045859001,2.801289137577002
11001007804,9.75104273100616,2.815901281998631
11001007806,9.782511133470226,2.818251559206023
11001007807,9.736374614647502,2.827295832991102
11001007808,9.713199300479124,2.827301303901437
11001007809,9.772188981519507,2.816170270362765
11001007901,9.861408770704997,2.79291779192334
11001007903,9.851833832991102,2.791444744695414
11001008001,9.862127823408624,2.792303948665298
11001008002,9.854605789869952,2.790548113620808
11001008100,9.864198866529774,2.793106377138946
11001008200,9.862907409308693,2.791827042436687
11001008301,9.875319596851472,2.788773598220397
11001008302,9.872787539356605,2.791242604380561
11001008402,9.869102188227242,2.7914036091718
11001008410,9.873577171115674,2.788883258042437
11001008701,9.92210093155373,2.793682935660506
11001008702,9.917649023271732,2.793872195756331
11001008802,9.880698717316906,2.791271704312115
11001008803,9.895472735112936,2.794472085557837
11001008804,9.877636625598905,2.794713744695414
11001008903,9.865111176591376,2.790775444900753
11001008904,9.861893174537988,2.791354098562628
11001009000,9.868256694729637,2.823148753593429
11001009102,9.904197500342231,2.7996415229295
11001009201,9.948957555099247,2.814670559890486
11001009203,9.943914165639973,2.799565806297057
11001009204,9.939510249144422,2.804421125256674
11001009301,9.930543700889802,2.823680167693361
11001009302,9.921979865160849,2.808224648870637
11001009400,9.913472171800137,2.837296013004791
11001009501,9.96797367761807,2.841462676933607
11001009503,9.934880001368925,2.844807654346338
11001009504,9.961309506502396,2.842491330595482
11001009505,10.003212390143737,2.90020864476386
11001009507,9.992446622861054,2.887407308008214
11001009508,9.986169526351814,2.874914197125257
11001009509,9.974628708418891,2.862978415468857
11001009601,9.814832201232033,2.811639412731006
11001009602,9.820191814510609,2.793974659137577
11001009603,9.784117804928131,2.796166997946612
11001009604,9.817438120465435,2.791879443531828
11001009700,9.624111865160849,2.809652290212183
11001009801,9.632328045174538,2.805338526351814
11001009802,9.617352624914442,2.805860271047228
11001009803,9.644261183436003,2.801239206707734
11001009804,9.65781802532512,2.802239364818617
11001009807,9.624470786447639,2.802477906913073
11001009810,9.606608000684463,2.804958913073238
11001009811,9.603641614647502,2.807818707734428
11001009901,9.744533807665982,2.80272931211499
11001009902,9.708330692676249,2.808465464065708
11001009903,9.704402362080767,2.823781493497604
11001009904,9.722869164271047,2.813082819986311
11001009905,9.702893894592745,2.819647582477755
11001009906,9.744664324435318,2.808443988364134
11001009907,9.737189545516769,2.808164039698836
11001010100,9.914560560574949,2.81077373853525
11001010200,9.856615650924025,2.795304775496236
11001010300,10.051382463381246,2.948031631759069
11001010400,9.69694289596167,2.799291023956194
11001010500,9.84922906091718,2.791286178644764
11001010600,9.882423867214237,2.791261752908966
11001010700,9.926440472279261,2.826988570841889
11001010800,9.910825181382615,2.823499541409993
11001010900,9.582510926078029,2.806452783709788
11001011000,9.809157796714579,2.793465317590691
11001011100,9.869802883641342,2.80691968514716
1101000100,11.130734491444216,4.765975618754278
1101000200,11.113200887748118,4.758627976728268
1101000300,11.078736134839151,4.735868400410678
1101000400,11.097927238193018,4.708055676249144
1101000500,11.104881216290212,4.73196298973306
1101000600,11.106314611225188,4.745713961670089
1101000700,11.097927700889802,4.756713643394935
1101000900,11.033733074606434,4.745073911704312
1101001000,11.065364884325804,4.763834594113621
1101001100,11.073439585215606,4.763757420944558
1101001200,11.075450832991102,4.75065826899384
1101001300,11.055105278576318,4.74824048733744
1101001400,11.0599912183436,4.745187110198494
1101001500,11.081995644079398,4.736742134839151
1101001600,11.093219828884326,4.721434350444901
1101001700,11.075594533880904,4.717303945242984
1101001800,11.08926176659822,4.693919558521561
1101001900,11.088323627652293,4.693312960301164
1101002000,11.020952594798084,4.730834955509925
1101002100,11.003471368240931,4.744217338809035
1101002201,10.996013488021903,4.751893525667351
1101002202,10.912414958247776,4.714629830253251
1101002300,10.978455985626283,4.740755403832991
1101002400,10.982095088980151,4.745408845995893
1101002500,11.070718826830938,4.673876077344285
1101002600,11.078964850102669,4.708674470910335
1101002700,11.076455357289528,4.72681321560575
1101002800,10.993235915126626,4.731093905544148
1101002900,10.914053004791239,4.720746497604381
1101003000,10.964073464065708,4.739025240930869
1101003100,10.93372064202601,4.72907937577002
1101003200,10.877727397672827,4.715383614647502
1101003301,11.057300001368925,4.735610609856263
1101003302,11.034109514715948,4.732783097193703
1101005101,11.001686138945927,4.667497065023956
1101005102,11.054379058863792,4.679072403148528
1101005301,11.074671685831622,4.681722404517454
1101005302,11.06725529431896,4.697190611225188
1101005402,11.060742057494866,4.715561125941136
1101005403,11.080463299794661,4.738445592744695
1101005406,10.976813197125257,4.730443581793292
1101005407,11.028347883641342,4.726668856947296
1101005408,10.975121188911704,4.697101648186174
1101005409,11.077540266940452,4.747613726899384
1101005410,11.030473617385352,4.736041370978782
1101005501,10.805017678986995,4.658266138945927
1101005502,10.711473685831622,4.64995895687885
1101005503,10.838187794661191,4.685046394934976
1101005504,10.637235559890486,4.626276202600958
1101005603,10.852400350444901,4.690618586584531
1101005604,10.402872745379877,4.579177583162218
1101005605,10.96238366255989,4.72712219301848
1101005606,10.982157515400411,4.720809201232033
1101005607,10.860031843258042,4.705784822039699
1101005608,10.740998929500342,4.664722222450376
1101005609,10.903761371663244,4.708095995208761
1101005610,10.752842410677618,4.673216859000684
1101005611,10.870870872005476,4.698044642710472
1101005612,10.81744056605065,4.681848125256674
1101005700,9.959289136892539,4.469047757700205
1101005800,9.883026519507187,4.465918321013005
1101005901,10.350465159479808,4.588273578370979
1101005902,10.821581568104038,4.704328280629706
1101006000,10.830501346338125,4.71965323613963
1101006100,10.800872177275838,4.707889678986995
1103000100,11.214516506502396,4.613231515400411
1103000200,11.18642585284052,4.598545118412046
1103000300,11.156000066392882,4.579638470225873
1103000400,11.200823750171116,4.610067727583847
1103000600,11.191875811088296,4.624958147843942
1103000700,11.170223669404518,4.609705865160849
1103000800,11.151063893908282,4.580375809034908
1103000900,11.11388617522245,4.568770018480493
1103001000,11.136377043805613,4.590543638603696
1103005101,11.114458635865845,4.619047093086927
1103005103,10.99463812936345,4.4851552183436
1103005105,10.963875902806297,4.484390396303901
1103005106,11.063178494182067,4.557163281998631
1103005107,10.910167725530459,4.498428993155373
1103005108,11.051173481177276,4.539842481177276
1103005109,11.076509703627652,4.531485211498973
1103005200,10.641395765229295,4.416866576317591
1103005301,10.990063313483915,4.500629451060917
1103005302,10.847476137577002,4.456889837782341
1103005303,10.849901561259411,4.463187414099932
1103005304,10.828070596851472,4.459003509240246
1103005404,11.064642624914442,4.535540704996578
1103005405,10.852341250513347,4.46182659137577
1103005500,10.768541313483915,4.452666001368925
1103005600,10.723360783709788,4.420219299794661
1103005701,10.732545336755647,4.406503155373032
1103005702,10.844263054072553,4.443345382614648
1105686800,9.879308178644764,4.390346999315537
1105687000,9.80885127926078,4.37944233744011
1105687100,9.775472421629021,4.466454180013689
1107050000,9.995784652977413,4.423541229295003
1107050100,9.832873182067077,4.406926064339494
1107050200,9.794003668035592,4.44578315742642
1107050300,9.734460268309377,4.427258006160164
1107050400,9.714760318959617,4.414507212867899
1109188600,9.900154904175222,4.477956813141684
1109188700,9.915331990417522,4.483132256673511
1109188800,9.815691041752224,4.487328377138946
1109188900,9.91072876659822,4.503516039698836
1109189000,9.88930316495551,4.522674978097194
1109189100,9.873851793976728,4.507812202600958
1109189200,9.736256647501711,4.485162999315537
1109189300,9.811133375085558,4.4635513045859
1111000100,10.050977260780288,4.03914019028063
1111000200,10.035088010951403,4.045443181382615
1111000300,10.014766665982204,4.071609733059548
1111000400,10.066553305954826,4.126942943189596
1111000500,10.11735329705681,4.169230846680356
1111000600,10.039313850102669,4.122087450376454
1113030200,11.085482787132101,4.310676270362765
1113030300,11.075900140999316,4.313273615331964
1113030401,11.053845672826831,4.318383414099932
1113030402,11.043421819301848,4.353028646817248
1113030500,11.072401084188912,4.356841309377139
1113030600,11.078028166324435,4.368590145790554
1113030700,11.116867456536619,4.34476927926078
1113030800,11.014136238877481,4.322961852156058
1113030901,11.01207449486653,4.406045884325804
1113030902,10.739032187542779,4.359136911704312
1113031000,10.77916206844627,4.46069432238193
1113031100,10.429745041067762,4.466884005475702
1113031200,10.540014369609856,4.425799622176591
1115040103,11.251680587268994,4.301083559206023
1115040104,11.399407630390144,4.311136517453799
1115040105,11.216531957563313,4.318336653661875
1115040106,11.172411204654346,4.325020049281314
1115040201,11.192915501026694,4.402999178644764
1115040203,11.185368681040383,4.355436732375086
1115040204,11.207928730321698,4.411716394250513
1115040205,11.1187434770705,4.342399967830253
1115040300,11.102996728268309,4.370881366187543
1115040401,10.993024998631075,4.324275832991102
1115040402,10.858649030116359,4.295769098562628
1115040501,10.917369178644764,4.275203739904175
1115040502,11.033442991786448,4.309526106091718
1117030102,11.077354661190965,4.290433518822724
1117030103,10.979999420944558,4.268187906913073
1117030211,11.412306681040383,4.318461757700205
1117030212,11.712952422313484,4.353755986995209
1117030213,11.682119097193703,4.355006728268309
1117030214,11.184770495550992,4.307523098562628
1117030215,11.259849694045174,4.306158121149897
1117030216,11.487901310746064,4.328836808350445
1117030217,11.559258875427789,4.327565119096509
1117030303,11.702736065023956,4.357792902806297
1117030304,11.716818493497604,4.359370238877481
1117030305,11.606433800821355,4.34707181724846
1117030306,11.159986584531143,4.343860856947296
1117030314,11.653471800821355,4.356408409993155
1117030315,11.48570712936345,4.329260000684463
1117030316,11.448496678302532,4.330895289527721
1117030317,11.357060364134155,4.337945315537303
1117030319,11.224453968514716,4.339535778234086
1117030320,11.271431648186174,4.345995952087611
1117030330,11.630222348391513,4.350457724161533
1117030331,11.595966674880219,4.348234841204654
1117030332,11.501404620807666,4.331114430527036
1117030333,11.617073778918549,4.345388527036276
1117030334,11.118169462696783,4.31560439835729
1117030336,11.35062883504449,4.338377375085558
1117030337,11.141894922655715,4.329994805612594
1117030340,11.331202642710472,4.342270082135524
1117030341,11.314223972621492,4.33718029431896
1117030342,11.556751911019849,4.345723927446954
1117030344,11.431642754962355,4.331319653661875
1117030345,11.352233107460643,4.324192501026694
1117030405,10.724062459958932,4.378175130732375
1117030406,10.818342330595482,4.373808134839151
1117030407,10.863280770704997,4.362763056810404
1117030408,10.84208959890486,4.348592302532512
1117030501,10.81731416495551,4.375484409308693
1117030502,10.773216646132786,4.351571811772758
1117030604,11.017266943874059,4.36041005338809
1117030605,11.005423592060233,4.355973251882272
1117030607,11.15934749486653,4.348297638603696
1117030608,11.1102178678987,4.343266999315537
1117030609,11.102269626283368,4.32940680971937
1117030701,10.982404412731006,4.31447764202601
1117030703,10.78643731485284,4.321893232032854
1117030704,10.601768400410678,4.307383753593429
1117030800,10.906202407939767,4.279673624914442
1117030900,11.246497978097194,4.303587590006845
1117980000,11.458386127310062,4.335564016427105
1119011300,9.635263423682409,4.458085193702943
1119011400,9.611029308008214,4.434859696783025
1119011500,9.57264696440794,4.456572935660506
1119011600,9.518338112251882,4.426100578370979
1121010101,10.747552693360712,4.275572681724846
1121010102,10.885156503080082,4.335306859000684
1121010201,11.265120183436003,4.457754284736482
1121010202,11.169081059548255,4.421921682409309
1121010301,10.96356225119781,4.35358015468857
1121010302,11.090396700205339,4.372320653661875
1121010400,10.518777728952772,4.208325657084189
1121010500,10.823140720054757,4.314514874058864
1121010600,10.847903356605065,4.309104468856947
1121010700,10.827274950034223,4.307340796030116
1121010900,10.78266040862423,4.296250780971937
1121011000,10.676817236824093,4.256587350444901
1121011100,10.61297044421629,4.222514625598905
1121011200,10.963290394934976,4.29428179945243
1121011300,10.863541926762491,4.24181562696783
1121011400,10.783142718685832,4.242520214236824
1121011500,10.657743790554415,4.275775655715264
1121011600,10.464956619438741,4.242726985626283
1121011700,10.622420524982888,4.252611966461328
1121011800,10.549608088295688,4.253638097878166
1121011900,10.568251924709103,4.252248851471595
1121012000,10.502213220396988,4.257117328542094
1123961900,10.03590038329911,4.182349289527721
1123962000,10.101069308008214,4.205630847364819
1123962100,10.154626481177276,4.280368589322382
1123962200,10.125375369609856,4.265822316221766
1123962300,10.183479174537988,4.332795091033539
1123962400,10.150461100616016,4.304899762491444
1123962501,10.15839029705681,4.311427349075975
1123962502,10.253920533196441,4.402139073921971
1123962600,10.262506713894593,4.377289767967146
1123962700,10.397011259411362,4.486835299110198
1125010101,10.740655872005476,4.441887470225873
1125010102,10.435722604380561,4.333290514715948
1125010103,10.307767672826831,4.460324939767283
1125010201,10.554530008213552,4.48537613963039
1125010202,10.707342488706366,4.502871513347023
1125010203,10.658146596167009,4.472869857631759
1125010204,10.772218901437372,4.4952489137577
1125010301,10.512577073921971,4.497302333333333
1125010302,10.362741259411362,4.476481237508556
1125010303,10.186431547570157,4.438768431211499
1125010403,10.765682865160849,4.517311917180014
1125010404,10.767262334017796,4.519149133470226
1125010405,10.790917168377823,4.479594202600958
1125010406,10.808777238193018,4.49311407118412
1125010407,10.789719789869952,4.492250491444216
1125010500,10.825201755646817,4.455170529089665
1125010601,10.644763529774127,4.313263047912389
1125010602,10.762867918548939,4.285959633812457
1125010701,10.357358151950719,4.405336
1125010702,10.527351474332649,4.362099056125941
1125010703,10.600577272416153,4.332757202600958
1125010802,10.702216142368241,4.411186809034908
1125010803,10.788748056125941,4.419547918548939
1125010804,10.756779879534565,4.413158980150582
1125011200,10.798665305954826,4.482373902806297
1125011401,10.771882171800137,4.486721483230664
1125011402,10.781715901437372,4.499289167693361
1125011600,10.744693583162218,4.502276541409993
1125011701,10.734984262833676,4.50111027926078
1125011703,10.70013133744011,4.504466546885695
1125011800,10.749307303901437,4.497441008898015
1125011901,10.7699092183436,4.480137815879535
1125011902,10.764576908281999,4.494913570841889
1125012000,10.789414839151266,4.485591511978097
1125012100,10.785688521560575,4.43874948733744
1125012303,10.767754963723477,4.429601409308693
1125012304,10.753674854209446,4.460047217659138
1125012305,10.739482754277892,4.452633155373032
1125012403,10.711860798767967,4.491752229295003
1125012404,10.734244537303217,4.477989006844627
1125012405,10.759752625598905,4.478391874743326
1125012501,10.576005709103354,4.510320798083504
1125012502,10.587458425051335,4.482561324435318
1125012503,10.696657769336071,4.472061988364134
1125012600,10.808368882956879,4.466582991786448
1125012700,10.806379222450376,4.440841371663244
1125012800,10.806788819986311,4.457422193702943
1127020100,10.482614286105407,4.331630329226557
1127020200,10.494922280629706,4.358745088295688
1127020300,10.567317932922656,4.353590524982888
1127020400,10.615898110882957,4.333599143052704
1127020600,10.696917506502396,4.335239214236824
1127020700,10.622572348391513,4.336973703627652
1127020800,10.616885716632444,4.331775127310062
1127020900,10.382432341546886,4.350812950034223
1127021000,10.139507235455168,4.329491473648186
1127021100,9.999141645448323,4.324623993155373
1127021200,10.259409151950719,4.339346292265572
1127021300,10.400277076659822,4.291359478439425
1127021400,10.594826526351814,4.30112061670089
1127021500,10.747134005475702,4.29529842642026
1127021600,10.928283307323751,4.284672223819302
1127021700,10.905351109514032,4.310812937029432
1127021800,10.916580882956879,4.318020167693361
1127021900,10.851178607118412,4.312458395619439
1129043900,9.198159362080767,4.322666346338125
1129044000,9.193978767967146,4.324303047912389
1129044100,9.255412711156742,4.34736539835729
1129044200,9.264432061601643,4.311547237508556
1129044300,9.038367488706366,4.194897014373717
1131034700,9.554559901437372,4.473794830253251
1131034800,9.463917060232717,4.44176758110883
1131035100,9.526196556468172,4.493901848049281
1131035200,9.346636467488022,4.397377004791239
1133965501,10.203237342231348,4.332951095140315
1133965502,10.302668478439425,4.345420632443532
1133965503,10.401019679671458,4.355876371663244
1133965600,10.08079424366872,4.311508808350445
1133965700,9.879862361396304,4.297182169062286
1133965800,9.914156154004107,4.306119882956879
1133965900,9.965341509924709,4.315989793976728
12001000200,7.716748665297741,3.170665622176591
12001000301,7.716855958247776,3.165548282683094
12001000302,7.714670499657769,3.156265392197125
12001000400,7.687152550308008,3.149808432580424
12001000500,7.69857141889117,3.163151714579055
12001000600,7.652984838466804,3.14542556605065
12001000700,7.642113618754278,3.15708694661191
12001000806,7.715288238193018,3.178452768651608
12001000808,7.728942334017796,3.189996432580424
12001000809,7.724039018480493,3.189289934291581
12001000901,7.735464260780288,3.189142048596852
12001000902,7.72520383504449,3.183426461327858
12001001000,7.728680449691992,3.173210980835044
12001001100,7.734225711156742,3.16435972347707
12001001201,7.73747100752909,3.154934256673511
12001001202,7.728913980835044,3.156835095140315
12001001203,7.719047544147844,3.151104106091718
12001001400,7.603289342231348,3.12532128678987
12001001514,7.73043847980835,3.191285149897331
12001001515,7.731356596167009,3.199411449691992
12001001516,7.72019903559206,3.19986245927447
12001001517,7.715265247091034,3.199996310061602
12001001519,7.724280284052019,3.204518128678987
12001001520,7.736699014373717,3.195102523613963
12001001521,7.733133327857632,3.202228508555784
12001001603,7.741740648186174,3.183381140314853
12001001604,7.742994305270363,3.197129830253251
12001001701,7.748903780971937,3.182552081451061
12001001702,7.751453048596852,3.191640691991786
12001001801,7.693505844626968,3.246099807665982
12001001802,7.701551165639973,3.181208849418207
12001001803,7.727656116358658,3.144285937713895
12001001805,7.737499306639288,3.223086195071869
12001001806,7.716384269678302,3.301293481861738
12001001811,7.75041848733744,3.195962466119096
12001001813,7.742763452429843,3.182636457221082
12001001814,7.731745873374401,3.190017853524983
12001001902,7.663831947980835,3.138655744010951
12001001907,7.500599909650924,3.061226780971937
12001001908,7.617664993155373,3.115735073237509
12001002000,7.363534807665982,3.064882671457906
12001002101,7.449165893908282,3.129561145106092
12001002102,7.5153400862423,3.178794154004107
12001002201,7.715310144421629,3.278582900068446
12001002202,7.671531602327173,3.261931140314853
12001002204,7.75266961670089,3.225557857631759
12001002205,7.707059278576318,3.234138480492813
12001002207,7.746780098562628,3.219770687200548
12001002208,7.746764287474333,3.233843976728268
12001002209,7.56896373853525,3.223099476386037
12001002210,7.612176926762491,3.292147158110883
12001002217,7.750300445585216,3.207849901437372
12001002218,7.742240163586584,3.211730023956194
12001002219,7.730320238877481,3.216746768651608
12001002220,7.691938546885695,3.213770872689938
12001110800,7.707622581793292,3.203060479123888
12003040101,7.798579619438741,3.041614083504449
12003040102,7.690523673511294,3.040643688569473
12003040201,7.807744708418891,3.241583366187543
12003040202,7.76084462422998,3.113834087611225
12005000201,8.550323839835729,4.146761264887064
12005000202,8.465104030800821,4.120986034223135
12005000300,8.586958793976728,4.103862381930185
12005000400,8.555761923340178,4.124104697467488
12005000500,8.331244950034223,4.04937356605065
12005000600,7.953512331279945,3.926711761122519
12005000700,8.077523086926762,3.98046880698152
12005000803,8.401448846680356,4.092854123203285
12005000804,8.364695490759754,4.076718334017796
12005000805,8.354741145106092,4.079205325119781
12005000806,8.321854965092402,4.072286440109514
12005000900,8.350059694045174,4.083771254620123
12005001000,8.401205024640657,4.09896221560575
12005001100,8.42372033744011,4.098243929500342
12005001200,8.451384056125941,4.108977934291581
12005001301,8.525072572210814,4.13439225393566
12005001302,8.487366923340178,4.120341440109514
12005001402,8.551620748117728,4.141616908281999
12005001403,8.548199997262149,4.148530539356605
12005001404,8.524324529089665,4.14389220054757
12005001501,8.481286353182752,4.131229987679672
12005001502,8.451070324435318,4.116178026694045
12005001600,8.438370140999316,4.11270188569473
12005001700,8.421431174537988,4.107519603011636
12005001800,8.401105262833676,4.100276106776181
12005001900,8.376814305954826,4.094370410677618
12005002000,8.404777947296372,4.1017324366872
12005002200,8.408445063655031,4.10645968514716
12005002300,8.399198019849418,4.09810207118412
12005002400,8.390063126625599,4.098179327173169
12005002500,8.435041648186174,4.109843394934976
12005002601,8.362655012320328,4.088064376454483
12005002603,8.31963278439425,4.075492364134155
12005002604,8.286612679671458,4.066150561943874
12005002605,8.261597532511978,4.057389175906913
12005002606,8.264014131416838,4.059024865160849
12005002607,8.220888138945927,4.039294731690623
12005002608,8.29937414715948,4.070260067761807
12005002701,8.234438728268309,4.043386789185489
12005002702,8.237379207392197,4.043708983572895
12005002703,8.274050085557837,4.063183467488022
12005002704,8.315222032169747,4.074327117727584
12005002705,8.27695070294319,4.062954707049966
12007000100,7.517184224503764,2.98359462696783
12007000200,7.556243691307324,3.044848023956194
12007000300,7.553070331964408,3.069334759753593
12007000400,7.578200874058864,2.991098480492813
12009060101,6.257984739219712,2.66107674880219
12009060102,6.307507749486653,2.663739377138946
12009060200,6.411885926762491,2.696823937713895
12009060300,6.36188909650924,2.695702494182067
12009060400,6.374761644079398,2.70920950513347
12009060500,6.402841004106776,2.712765831622177
12009060600,6.427192463381246,2.724402088980151
12009060700,6.384602036960986,2.722758040383299
12009061001,6.423183978781656,2.736472706365503
12009061002,6.445522895277207,2.740617569472964
12009061100,6.458994484599589,2.731475507871321
12009061201,6.472919424366872,2.757220361396304
12009061202,6.517650810403833,2.768197925393566
12009062103,6.557730077344285,2.800358185489391
12009062104,6.554830466119096,2.782943117043121
12009062106,6.502504533196441,2.793750545516769
12009062107,6.522474020533881,2.799139018480493
12009062108,6.520112525667351,2.778133325119781
12009062109,6.528047483915127,2.790507326488706
12009062301,6.530303409308693,2.815061993155373
12009062302,6.541534427789186,2.81563986036961
12009062400,6.55617329705681,2.814379323066393
12009062500,6.549119272416153,2.794882013689254
12009062600,6.535478427104723,2.819730696783025
12009062800,6.491871672142368,2.809804267624914
12009062900,6.53102537577002,2.808107132785763
12009063000,6.532766349760438,2.811015832306639
12009063102,6.507263518822724,2.810618433264887
12009063104,6.512049780971937,2.81456665982204
12009063105,6.5244449137577,2.815121156741958
12009063106,6.509963070499658,2.805133805612594
12009063107,6.490537088980151,2.810532844626968
12009064102,6.516135149897331,2.801937475017112
12009064123,6.495806389459274,2.796947825462012
12009064124,6.498877182067077,2.802450739904175
12009064125,6.528606301848049,2.795975858316222
12009064126,6.525494904859685,2.800069071868583
12009064127,6.479450538672142,2.800821844626968
12009064128,6.496938807665982,2.800680364818617
12009064201,6.442318373716632,2.768750421629021
12009064202,6.46245433744011,2.790723264887064
12009064301,6.49631554072553,2.793560465434634
12009064302,6.474790492813142,2.780659069130732
12009064400,6.499226083504449,2.785000181382615
12009064500,6.505610843942505,2.788310702258727
12009064601,6.544610829568788,2.788479521560575
12009064602,6.53830367761807,2.790057310746064
12009064700,6.490645255304586,2.77046989596167
12009064800,6.408572733059548,2.749749316221766
12009064901,6.470575911704312,2.759417939767283
12009064902,6.409366757015743,2.743935636550308
12009065001,6.551591079397673,2.787483650239562
12009065021,6.53586511156742,2.784900282683094
12009065022,6.515753657768652,2.769597971937029
12009065121,6.443110651608487,2.753406651608487
12009065122,6.382251074606434,2.740732371663244
12009065123,6.352189979466119,2.732377993155373
12009065124,6.404485263518138,2.738015334017796
12009065125,6.428306082819986,2.738549054072553
12009065201,6.300569362080767,2.735812323066393
12009065202,6.375996004106776,2.750287377823409
12009065231,6.233257287474333,2.735763605065024
12009065234,6.106897696098563,2.738014212867899
12009065235,6.064531726214921,2.721928776865161
12009065236,6.160321452429843,2.737347926762491
12009066101,6.240396465434634,2.720151109514032
12009066103,6.200880275838467,2.720370572210814
12009066104,6.019503576317591,2.699846412046544
12009066200,6.287013863791923,2.734624578370979
12009066301,6.315412631759069,2.747028587953456
12009066302,6.30476901026694,2.736115947980835
12009066400,6.329393545516769,2.752237940451745
12009066500,6.352418476386037,2.76857352019165
12009066600,6.327625396988364,2.762095275838467
12009066700,6.342426671457906,2.769212811772758
12009066800,6.326353522245038,2.766360156741958
12009066900,6.333571617385352,2.772684819301848
12009067100,6.304590999315537,2.769273927446954
12009068101,6.281354467488022,2.77423793908282
12009068102,6.305943064339494,2.782652131416838
12009068200,6.291521321697468,2.7813885633128
12009068300,6.265228047227926,2.776497739219712
12009068400,6.273771043805613,2.780811676933607
12009068501,6.254176648870637,2.784329072553046
12009068502,6.24834994934976,2.782934518138262
12009068601,6.265599069815195,2.775019189596167
12009068602,6.233292381245722,2.772340446269678
12009069100,6.427349448323066,2.813389212867899
12009069200,6.413112952772074,2.809268823408624
12009069300,6.405074856947296,2.798846960985626
12009069400,6.435062234770705,2.804271326488706
12009069700,6.491308278576318,2.817071184804928
12009069801,6.473182055441478,2.825324030800821
12009069802,6.466728541409993,2.813899344969199
12009069901,6.220668221081451,2.735053238877481
12009069902,6.499741242299795,2.818262466119096
12009071100,6.448438392881588,2.681404610540726
12009071200,6.542401101300479,2.786712223134839
12009071301,6.422123724161533,2.7636098275154
12009071322,6.398934745379877,2.763237902121834
12009071332,6.39256084257358,2.774772292265572
12009071334,6.492213490075291,2.775360760438056
12009071335,6.490238778234086,2.773478366187543
12009071336,6.44640673100616,2.766474778234086
12009071337,6.488347930869268,2.778280372347707
12009071338,6.476003145790554,2.776093787132101
12009071339,6.308016813141684,2.756201123203285
12009071340,6.33515547980835,2.75828585284052
12009071400,6.394594032169747,2.7297391724846
12009071500,6.526434206023272,2.811934026694045
12009071600,6.474267170431212,2.8147431321013
12009980000,6.066957971937029,2.734374283367556
12009980100,6.060982421629021,2.681265112251882
12011010102,6.270460343600274,2.211223234770705
12011010103,6.240314357289528,2.21254913963039
12011010104,6.194868832991102,2.20742219028063
12011010200,6.315180301163587,2.22474337577002
12011010304,6.400874000684463,2.234980762491444
12011010305,6.398486023956194,2.233629923340178
12011010306,6.344856676933607,2.22488462422998
12011010307,6.371922245037645,2.235918221081451
12011010308,6.497186234086242,2.262582015742642
12011010401,6.567248211498973,2.282788691307324
12011010402,6.566047202600958,2.275834826830938
12011010403,6.475365533196441,2.254840073921971
12011010405,6.58561598220397,2.277585609856263
12011010406,6.613895299110198,2.280761520876112
12011010407,6.520330043805613,2.260562342915811
12011010502,6.63006163449692,2.307730560574949
12011010503,6.674106137577002,2.36472521560575
12011010504,6.68472525119781,2.329539216290212
12011010601,6.726821119780972,2.359264952772074
12011010603,6.762786830253251,2.372934002737851
12011010604,6.756838537303217,2.361869676249144
12011010605,6.75265445174538,2.338752956194387
12011010606,6.724718681724846,2.317179698836413
12011010607,6.679038422313484,2.296537951403148
12011010609,6.672229802190281,2.309691009582478
12011010610,6.638535611909651,2.294319442162902
12011010611,6.757035866529774,2.385174481177276
12011010612,6.748971188911704,2.391117292265572
12011010701,6.470094869952088,2.246062879534565
12011010702,6.432348246406571,2.241473194387406
12011010800,6.37150802532512,2.230155898015058
12011010901,6.283773065708419,2.217101665297741
12011010902,6.282035455852156,2.211547592744695
12011011000,6.239554886379192,2.210895700205339
12011020101,6.780608065023956,2.333603686516085
12011020103,6.811717482546201,2.34338687063655
12011020104,6.791494771389459,2.342105446954141
12011020204,6.838042039698836,2.364850501026694
12011020205,6.802030297741273,2.346053711156742
12011020206,6.828561865845311,2.351466279945243
12011020207,6.838298643394935,2.363188125256674
12011020209,6.823334947296372,2.35035774880219
12011020210,6.839280221081451,2.356087485968515
12011020211,6.858372735797399,2.364035123203285
12011020212,6.847523008213552,2.361793001368925
12011020302,6.807492625598905,2.367515203285421
12011020308,6.796729983572895,2.353855159479808
12011020309,6.777161804243669,2.33760277412731
12011020311,6.803188502395619,2.377788485968515
12011020312,6.814300177275838,2.402350352498289
12011020313,6.828541112936345,2.391631774811773
12011020314,6.836117481177276,2.382660967830253
12011020315,6.856917076659822,2.373837612594114
12011020316,6.861761692676249,2.373310793976728
12011020317,6.872054184120465,2.375551544832307
12011020318,6.852564954825462,2.400991106091718
12011020319,6.85272609377139,2.393943800821355
12011020320,6.859530828884326,2.385062674880219
12011020321,6.869302521560575,2.394074973305955
12011020322,6.877750898699521,2.389438258726899
12011020323,6.833363262149213,2.37366889596167
12011020324,6.837119750171116,2.369081028747433
12011020325,6.797185503080082,2.38431722587269
12011020326,6.79312315468857,2.396559128678987
12011020404,6.839721281998631,2.353218618754278
12011020405,6.849432171800137,2.348119633127994
12011020406,6.892891623545517,2.378681734428474
12011020407,6.882852199178645,2.370857580424367
12011020409,6.895931058179329,2.403829047227926
12011020411,6.895884826146475,2.386038289527721
12011020412,6.86930994934976,2.36466592128679
12011020413,6.888336744695414,2.366904359342916
12011020414,6.884894418206708,2.396414658453114
12011020415,6.906375356605065,2.398310534565366
12011020501,6.84150393155373,2.355825460643395
12011020502,6.812615785078713,2.341766173169062
12011030100,6.294155770020534,2.220671378507871
12011030201,6.42477000752909,2.242379524982888
12011030202,6.436591668035592,2.248262193702943
12011030203,6.373511674880219,2.231644328542094
12011030301,6.526520188227242,2.265132904859685
12011030302,6.479157772758385,2.253401193702943
12011030401,6.539173804928131,2.268458597535934
12011030402,6.543711306639288,2.275102841889117
12011030500,6.600157838466804,2.283781113620808
12011030600,6.675541295003422,2.303342948665298
12011030702,6.759799597535934,2.33065962696783
12011030703,6.721791666666667,2.316393556468172
12011030704,6.739268690622861,2.323918950718686
12011030705,6.751099537303217,2.327800798083504
12011030801,6.572568317590691,2.284059019164956
12011030802,6.66494959890486,2.306651796714579
12011030902,6.396584091033539,2.25367090349076
12011030903,6.505509133470226,2.273575789869952
12011030904,6.460680503764545,2.262677216974675
12011031001,6.438921177960301,2.256140924709103
12011031002,6.388159287474333,2.246468063655031
12011031101,6.339334879534565,2.233608176591376
12011031102,6.344999336071184,2.23735425393566
12011031202,6.326730564681725,2.244016681724846
12011031203,6.301111228610541,2.230468206023272
12011031204,6.314045498973306,2.229775165639973
12011031205,6.289209921971253,2.224276197809719
12011040101,6.354068474332649,2.252861965092402
12011040102,6.350425386036961,2.248119919917864
12011040203,6.404891672142368,2.254636099931554
12011040204,6.38030519301848,2.253887316906229
12011040205,6.491891611909651,2.269879411362081
12011040206,6.445330095140315,2.26189854072553
12011040300,6.487339554414784,2.26993299247091
12011040401,6.391737047227926,2.256216437371663
12011040402,6.425649887063655,2.261418934976044
12011040502,6.380471813141684,2.256050122518823
12011040503,6.367652249828884,2.249941022587269
12011040504,6.352802882272416,2.250824838466804
12011040601,6.43512560164271,2.262348524982888
12011040602,6.455955232032854,2.2672682183436
12011040701,6.507356757015743,2.272179572895277
12011040702,6.497987161533196,2.269572064339494
12011040801,6.6515931321013,2.29341016495551
12011040802,6.590396160848734,2.285713615331964
12011040901,6.715908504449008,2.305401536618754
12011040902,6.691512780971937,2.3026410862423
12011041000,6.781430467488022,2.317942269678302
12011041100,6.80158012936345,2.314462787816564
12011041200,6.857194622176591,2.326733431895962
12011041300,6.838709324435318,2.310574742642026
12011041400,6.754022090349076,2.304302675564682
12011041500,6.684929241615332,2.294690273100616
12011041600,6.671967632443532,2.294693210130048
12011041700,6.626269660506502,2.287229350444901
12011041801,6.56514687063655,2.278044041067762
12011041802,6.503124960985626,2.270686620123203
12011041900,6.533412857631759,2.274088790554415
12011042000,6.465268567419576,2.262145106776181
12011042100,6.400344310746064,2.258523525667351
12011042200,6.430384515400411,2.258708500342231
12011042301,6.512815178644764,2.26715894934976
12011042302,6.541044983572895,2.269180918548939
12011042400,6.54609421560575,2.269693651608487
12011042500,6.596313605065024,2.277201819986311
12011042600,6.654611527720739,2.284804879534565
12011042700,6.719759762491444,2.293438529089665
12011042800,6.79171731485284,2.302943127994524
12011042900,6.851645671457906,2.309012116358658
12011043001,6.85046497467488,2.291241997946612
12011043002,6.847519207392197,2.298520837097878
12011043100,6.777941575633128,2.292223029431896
12011043301,6.66216011156742,2.282551600958248
12011043302,6.611964910335387,2.278343724845996
12011050100,6.586859044490075,2.286465353867214
12011050204,6.767581277891855,2.326070891854894
12011050205,6.750644033538672,2.326579269678302
12011050206,6.730365531143053,2.320691428473648
12011050207,6.75415502532512,2.322951147843942
12011050208,6.73710281724846,2.318872494182067
12011050301,6.832055039014374,2.336745955509925
12011050306,6.884106802874743,2.343490056810404
12011050307,6.846051258726899,2.337530769336071
12011050308,6.85410168514716,2.332743572210814
12011050309,6.845810823408624,2.349906256673511
12011050310,6.877510496919918,2.351574965776865
12011050311,6.89895025119781,2.348013333333333
12011050312,6.915100826830938,2.348347724161533
12011050401,6.775884223134839,2.324672627652293
12011050402,6.713066349075975,2.310410248459959
12011050501,6.59295613963039,2.290143310061602
12011050502,6.589377210130048,2.289694454483231
12011050601,6.510411518138262,2.272840533880904
12011050602,6.520577289527721,2.279123656399726
12011050701,6.634787673511294,2.293775556468172
12011050702,6.573552431211499,2.287755462696783
12011050800,6.768738800821355,2.317338853524983
12011050900,6.63614725119781,2.297368904175222
12011051001,6.585420851471595,2.284592448323066
12011051002,6.519760137577002,2.275984655715264
12011060105,6.904668006160164,2.372405559890486
12011060107,6.85417901779603,2.351050138261465
12011060109,6.893608171115674,2.359301166324435
12011060111,6.923425674880219,2.397456388774812
12011060112,6.913889490759754,2.38392026899384
12011060113,6.96061515742642,2.397510092402464
12011060114,6.948275106091718,2.384475609856263
12011060115,6.976611321013005,2.398602330595482
12011060116,6.986065671457906,2.389877169062286
12011060117,6.981871679671458,2.378575064339494
12011060118,6.969205715263518,2.409982526351814
12011060119,6.983060850787132,2.415771635865845
12011060120,6.997106863791923,2.427170980150582
12011060121,7.008546941820671,2.39665276659822
12011060122,7.03517855578371,2.412801001368925
12011060123,6.958084065708419,2.369156813826146
12011060124,6.923747471594798,2.361297216290212
12011060125,6.966839316221766,2.374480962354552
12011060126,6.93849570568104,2.371969785078713
12011060127,6.865996819986311,2.360775932238193
12011060128,6.875746249828884,2.360762731690623
12011060203,6.963444402464066,2.345423585900068
12011060206,6.993921598220397,2.376755498288843
12011060207,6.98620132991102,2.368763631759069
12011060208,6.95343481724846,2.360631874058864
12011060209,6.974588754277892,2.362671167693361
12011060210,6.998105030800821,2.395238141683778
12011060211,6.99620799247091,2.396912726214921
12011060212,7.004556045859001,2.382794475017112
12011060213,6.996861602327173,2.383602993839836
12011060302,6.948553508555784,2.353710986995209
12011060303,6.925450189596167,2.35012487063655
12011060304,6.943161603011636,2.344016201232033
12011060305,6.941975504449008,2.360536640657084
12011060306,6.931592336755647,2.356763883641342
12011060401,6.915603091033539,2.342126479123888
12011060402,6.895996865845311,2.344590633127994
12011060403,6.898861689938398,2.334955908966461
12011060501,6.976555951403148,2.354903274469541
12011060503,7.01148064202601,2.391000744695414
12011060504,7.010176621492129,2.376251388090349
12011060505,7.008103872005476,2.368686197809719
12011060603,7.035763293634497,2.383332326488706
12011060605,7.017025291581109,2.355765501711157
12011060606,6.986060665982204,2.335468299110198
12011060607,6.982352316221766,2.343791174537988
12011060608,7.022782482546201,2.3673421724846
12011060609,7.013191323066393,2.366646565366188
12011060700,6.949890440109514,2.332201106776181
12011060801,6.911294644079398,2.311860758384668
12011060802,6.905140278576318,2.321888564681725
12011060900,6.95049115742642,2.316893292265572
12011061001,6.966634726899384,2.306957657768652
12011061002,7.03318080698152,2.354839663244353
12011061100,6.910109401779603,2.301177324435318
12011070101,6.969704464750171,2.301506307323751
12011070102,7.005459429842574,2.323809696783025
12011070204,6.987218367556468,2.29149310403833
12011070205,7.097464951403148,2.39353951266256
12011070207,7.053641506502396,2.352889228610541
12011070208,7.089662107460643,2.37300325393566
12011070209,7.112447978781656,2.355098555099247
12011070210,7.033089142368241,2.32807394934976
12011070211,7.066164110882957,2.331259600273785
12011070304,7.03835755578371,2.428017996577686
12011070305,7.062269592060233,2.410827661875428
12011070306,7.098450030800821,2.431276824093087
12011070310,7.012807216974675,2.440242623545517
12011070311,6.99495667761807,2.450205132785763
12011070312,7.026809904859685,2.461801610540726
12011070313,7.073744310061602,2.465664514715948
12011070314,7.068341671457906,2.492114742642026
12011070315,7.150548965776865,2.463994314168378
12011070316,7.190977260095825,2.441639358658453
12011070317,6.919033237508556,2.477161389459274
12011070318,6.984233882956879,2.470628706365503
12011070319,6.946944419575633,2.461813317590691
12011070320,6.913657572210814,2.46733188843258
12011070321,6.985397934976044,2.446300684462697
12011070322,6.97529132991102,2.45448339835729
12011070401,7.192349656399726,2.413419020533881
12011070402,7.188505750171116,2.395551621492129
12011070403,7.174212277207392,2.37723638329911
12011070404,7.148060882272416,2.364842951403148
12011070405,7.22748596440794,2.423137843942505
12011070501,7.218149750171116,2.396865024640657
12011070502,7.166324592744695,2.369877466803559
12011070601,7.035665099247091,2.310338195071869
12011070602,7.08917782477755,2.336166407939767
12011080101,6.634073890485968,2.289596928131417
12011080102,6.588232369609856,2.278301106776181
12011080103,6.600969034907598,2.286682475017112
12011080200,6.686877934291581,2.287802122518823
12011080402,6.860234073921971,2.312400806297057
12011080403,6.937108054072553,2.313504857631759
12011080405,6.836782405201916,2.301651665982204
12011080406,6.852462108829569,2.30622090349076
12011080500,6.745721423682409,2.300419212183436
12011090101,6.542188987679672,2.288027943189596
12011090102,6.495540872005476,2.26724519301848
12011090200,6.563254672826831,2.28344132238193
12011090301,6.67220131485284,2.301191730321698
12011090302,6.666588790554415,2.29540948733744
12011090401,6.807565259411362,2.317486127310062
12011090403,6.742951080766598,2.311541396988364
12011090404,6.755153006844627,2.309909674195756
12011090502,6.869542471594798,2.320396934976044
12011090503,6.949543390143737,2.32769587816564
12011090504,7.010831589322382,2.338890130047912
12011090601,7.130559986310746,2.36654506844627
12011090602,7.073940153319644,2.350432869267625
12011090700,7.121674228610541,2.367969234086242
12011090801,6.99974403559206,2.343469247091034
12011090802,6.880020409993155,2.321440049281314
12011090900,6.924694462696783,2.33352639835729
12011091000,6.936924056125941,2.340694531827515
12011091100,7.039310659137577,2.352508018480493
12011091201,7.106892847364819,2.366213282683094
12011091202,7.116543431895962,2.372105308692676
12011091300,7.171156033538672,2.380288356605065
12011091400,7.079361517453799,2.372526277891855
12011091500,7.127002474332649,2.383132375085558
12011091600,6.933546635181383,2.344831138261465
12011091701,7.027456929500342,2.358341617385352
12011091702,6.919217922655715,2.339615908966461
12011091801,6.750064441478439,2.314638758384668
12011091802,6.814003897330596,2.325538156057495
12011091901,6.655784718001369,2.303215250513347
12011091902,6.702490536618754,2.308497001368925
12011092000,6.588436996577686,2.2941628678987
12011100101,6.603113403148528,2.300220704996578
12011100103,6.653087638603696,2.311486154004107
12011100104,6.5904031321013,2.297939832991102
12011100105,6.575115344969199,2.299364622861054
12011100201,6.718680302532512,2.313322446954141
12011100202,6.678273896646133,2.310786381930185
12011100300,6.771384401779603,2.327066379876797
12011100400,6.807109054072553,2.32982418275154
12011100501,6.913580633127994,2.34451450513347
12011100502,6.890712785763176,2.347297866529774
12011100600,6.980015567419576,2.362182542094456
12011100700,7.01987421560575,2.36047488843258
12011100801,7.11615549486653,2.385871336755647
12011100802,7.068943815195072,2.377090351129363
12011110100,7.182941639288159,2.391429039014374
12011110301,7.091174373716632,2.504180151950719
12011110302,7.153377069815195,2.496020257357974
12011110303,7.176611098562628,2.490026147843942
12011110307,7.248776429842574,2.418641892539357
12011110308,7.210507826146475,2.391037649555099
12011110309,7.276954156741958,2.435959078028747
12011110311,7.246317039698836,2.407997206707734
12011110312,7.214338150581793,2.397396893223819
12011110313,7.183509125941136,2.384213956194387
12011110319,7.305788914442163,2.431491198494182
12011110320,7.281043507186858,2.422255331964408
12011110321,7.400784416837782,2.472782603696099
12011110322,7.430883206023272,2.474377323750856
12011110323,7.329801769336071,2.439447810403833
12011110324,7.22339978439425,2.520539976728268
12011110325,7.330189945242984,2.502841343600274
12011110326,7.234740549623546,2.497313197125257
12011110327,7.234410006844627,2.453798986310746
12011110328,7.263044356605065,2.444839499657769
12011110330,7.268673564681725,2.49206625393566
12011110331,7.221882988364134,2.482056566735113
12011110332,7.292336884325804,2.476004686516085
12011110333,7.24352095687885,2.471073106776181
12011110334,7.303257036960986,2.463617351813826
12011110335,7.315898765229295,2.457602965092402
12011110336,7.317374128678987,2.448874429158111
12011110337,7.308906614647502,2.437063630390144
12011110338,7.283942388090349,2.43058721560575
12011110339,7.26644922587269,2.421815080082136
12011110340,7.259672916495551,2.41937106091718
12011110341,7.250100774811773,2.409774112251882
12011110342,7.350147226557153,2.449948446954141
12011110343,7.352985343600274,2.470430362080767
12011110402,7.270626606433949,2.419190534565366
12011110403,7.248034305270363,2.412040637919233
12011110404,7.216920659137577,2.405286504449008
12011110501,7.18770257357974,2.398132214236824
12011110502,7.188180511293634,2.403838579055442
12011110600,6.797989709103354,2.293223021902806
12011980000,6.448009941820671,2.52843656605065
12013010100,8.862617936344969,4.100919640657084
12013010200,8.531079202600958,4.050950274469541
12013010300,8.548388516084873,4.027040910335387
12015010100,6.522333871321013,2.919032089664613
12015010200,6.635503639288159,2.943171266255989
12015010301,6.636766073921971,2.954765076659822
12015010302,6.644577156741958,2.956698793292266
12015010401,6.634822143052704,2.954549440793977
12015010402,6.636600597535934,2.955534715947981
12015010403,6.618003960301164,2.950380829568788
12015010404,6.619077990417522,2.952864395619439
12015010501,6.634469458590007,2.949881207392197
12015010502,6.638038555099247,2.958121635865845
12015020101,6.662739654346338,2.94975542642026
12015020103,6.656569179329227,2.943167140314853
12015020104,6.688900108829569,2.955675153319644
12015020201,6.695787388774812,2.954902587268994
12015020202,6.710228889801506,2.956290431895962
12015020301,6.717026268309377,2.958577716632444
12015020302,6.709171945927447,2.963154825462012
12015020303,6.704731217659138,2.959265898699521
12015020400,6.716193815879535,2.960539637234771
12015020501,6.670021472279261,2.964476953456537
12015020502,6.68263975633128,2.963375207392197
12015020601,6.702220023271732,2.964914898699521
12015020602,6.694858924024641,2.966908470910335
12015020700,6.703902663928816,2.967485653661875
12015020800,6.698880406570842,2.957853638603696
12015020900,6.68887379945243,2.962068796714579
12015021001,6.650242640657084,2.948134140999316
12015021002,6.673271044490075,2.953800481861738
12015021003,6.67920918275154,2.961746852156058
12015030100,6.63215251266256,2.947836566735113
12015030200,6.566917266940452,2.942479039698836
12015030301,6.508840790554415,2.918738638603696
12015030302,6.538462848049281,2.923487613278576
12015030401,6.512808299110198,2.927126099931554
12015030402,6.418282926762491,2.914558520876112
12015030501,6.506253484599589,2.934747806297057
12015030502,6.471606763175907,2.924795338809035
12015030503,6.525607328542094,2.936479117043121
12017450101,7.388232499657769,3.150765100616016
12017450102,7.406319691991786,3.157761859685147
12017450201,7.375084786447639,3.145990097193703
12017450202,7.381655472279261,3.147620754962355
12017450302,7.371820196440794,3.149265336071184
12017450303,7.307981718685832,3.11598525393566
12017450304,7.340486521560575,3.129144364818617
12017450400,7.231826885010267,3.077559639972622
12017450500,7.224380672142368,3.086892733744011
12017450601,7.292017999315537,3.109462930869268
12017450602,7.317846643394935,3.114821694729637
12017450701,7.373918969883641,3.141155112936345
12017450702,7.370756749486653,3.140216613963039
12017450800,7.40172846201232,3.15621663449692
12017450901,7.354673116358658,3.122348058863792
12017450902,7.349988813826146,3.121638793976728
12017451000,7.288789921971253,3.086653120465435
12017451101,7.228310252566735,3.062257645448323
12017451102,7.264331066392882,3.077030046543463
12017451200,7.228967108829569,3.054625310746064
12017451300,7.173125115674196,3.020428023271732
12017451400,7.269131553730322,3.089052642710472
12017451501,7.288660744010951,3.107501145106092
12017451502,7.255664586584531,3.096731805612594
12017451601,7.220042223819302,3.074257694729637
12017451602,7.222120191649555,3.079337865845311
12017451700,7.148853849418207,3.073718948665298
12019030102,7.614346696783025,2.890445190965092
12019030103,7.653746606433949,2.825171637919233
12019030104,7.715343327173169,2.891177968514716
12019030201,7.810934934291581,2.804466466119096
12019030202,7.729082220396988,2.74604700752909
12019030203,7.928871606433949,2.74714190622861
12019030301,8.05286750513347,2.699888828199863
12019030303,8.089978422997947,2.645208298425736
12019030304,8.090131353867214,2.667093475701574
12019030400,8.037608509240246,2.668474255304586
12019030500,8.029960876796715,2.641431110198494
12019030600,8.061143865160849,2.612649405886379
12019030701,7.757557136208077,2.596440811772758
12019030702,7.735949975359343,2.649872925393566
12019030703,7.866152,2.637502256673511
12019030801,7.97809532991102,2.653048136892539
12019030802,7.88035784531143,2.678001440109514
12019030902,7.801100075975359,2.70746066255989
12019030903,7.888305431211499,2.717221106091718
12019030904,7.967350399041752,2.700895727583847
12019031101,7.508185307323751,2.827692392197125
12019031104,7.38753174880219,2.995958446954141
12019031105,7.339021807665982,2.845414259411362
12019031106,7.362266532511978,2.945663793976728
12019031107,7.465549788501027,2.907270381245722
12019031108,7.428208673511294,2.982865849418207
12019031200,7.518532378507871,2.751012206023272
12019031300,7.549050395619439,2.673119631074606
12019031400,7.459903492128679,2.671090513347023
12019031500,7.288479253251198,2.743835472279261
12021000101,6.522597536618754,3.061936650924025
12021000102,6.544628797399042,3.061152245722108
12021000200,6.59043141889117,3.067165813826146
12021000301,6.594007443531828,3.06897358110883
12021000302,6.571835924024641,3.066727486652977
12021000401,6.579546650239562,3.065437773442847
12021000402,6.559859195756331,3.067082787816564
12021000500,6.492639763175907,3.050571326488706
12021000600,6.53827893155373,3.06278013963039
12021000700,6.564357574264203,3.069576232032854
12021010102,6.700580685831622,3.067376534565366
12021010105,6.661437199178645,3.063759332648871
12021010106,6.643006438740589,3.047356571526352
12021010107,6.702676562628337,3.074386726899384
12021010108,6.679899085557837,3.069483300479124
12021010109,6.624456886379192,3.059215577686516
12021010110,6.633050930184805,3.054699804243669
12021010205,6.643490877481177,3.069800516084873
12021010208,6.62019368514716,3.061602970568104
12021010209,6.614355005475702,3.053838483230664
12021010210,6.641926511293634,3.082320407255305
12021010211,6.654295368925394,3.080898572210814
12021010212,6.663427768651608,3.079678920602327
12021010213,6.678105036276523,3.074943882956879
12021010215,6.602656828884326,3.062172188911704
12021010300,6.618337585900068,3.074752016427105
12021010401,6.624475594798084,3.082656704996578
12021010405,6.700010681040383,3.081044324435318
12021010408,6.683803909650924,3.08608787063655
12021010410,6.669633710472279,3.079529683093771
12021010411,6.66101135523614,3.074167235455168
12021010412,6.61642553045859,3.030504429842574
12021010413,6.547494509924709,3.007552843258042
12021010414,6.627587734428474,3.041488692676249
12021010415,6.711657201232033,3.072858929500342
12021010416,6.698797559206023,3.077419928131417
12021010417,6.6908228678987,3.080574587268994
12021010418,6.681677485284052,3.092230790554415
12021010419,6.677428664613279,3.080090761122519
12021010420,6.681188185489391,3.08434574606434
12021010505,6.64878212936345,3.077586329226557
12021010506,6.644160284052019,3.08377720054757
12021010507,6.627254865160849,3.075197216290212
12021010508,6.622364115674196,3.080965847364819
12021010509,6.585794254620123,3.06274900752909
12021010510,6.565434214236824,3.067501904859685
12021010601,6.572236514715948,3.070466076659822
12021010602,6.611603647501711,3.079118858316222
12021010604,6.568514609856263,3.069536520876112
12021010605,6.549308183436003,3.064163590691307
12021010606,6.585061919917864,3.071347141683778
12021010701,6.543983728268309,3.0671234366872
12021010702,6.501333128678987,3.055332592060233
12021010801,6.539271113620808,3.059199635865845
12021010802,6.517002561259411,3.04705619028063
12021010803,6.426723195071869,3.03377518275154
12021010902,6.283120429842574,2.993831935660506
12021010903,6.200955238877481,2.971137308692676
12021010904,6.261360338124572,2.995954686516085
12021010905,6.283776989048597,3.0022787816564
12021011001,6.20485745174538,2.979953810403833
12021011002,6.227579654346338,2.986548667351129
12021011102,6.138524691991786,2.779180376454483
12021011103,6.45916158110883,3.037878861054073
12021011105,6.426685765913758,3.028072214921287
12021011106,6.368183303216975,3.009347016427105
12021011201,6.726708894592745,3.06846914715948
12021011202,6.307134471594798,2.855520058863792
12021011204,6.430925399041752,2.906675122518823
12021011205,6.391766559206023,2.883532811088296
12021011301,6.455706438056126,2.912399936344969
12021011302,6.517205206707734,2.929298432580424
12021011400,6.378563038329911,2.868624198494182
12023110201,8.087817468172485,3.547823971252567
12023110202,8.06211948733744,3.520322749486653
12023110300,7.934748829568788,3.404940557152635
12023110400,7.953569879534565,3.44598735523614
12023110500,7.980470876112252,3.474370073921971
12023110601,8.01677635797399,3.51666209650924
12023110602,7.942632989048597,3.482236413415469
12023110700,7.919560142368241,3.432417212183436
12023110800,7.813363820670773,3.360217638603696
12023110901,7.839455073237509,3.418932186858316
12023110903,7.744271119096509,3.387430575633128
12023110904,7.770176722108145,3.378005869267625
12027010101,6.378652058179329,2.83933565229295
12027010102,6.356209037645448,2.857392605065024
12027010200,6.493392576317591,2.858408679671458
12027010301,6.498139283367556,2.87281768514716
12027010302,6.512755239561944,2.872892856262834
12027010403,6.615374436002738,2.902483908281999
12027010404,6.559218758384668,2.848949327173169
12027010405,6.622980537303217,2.926616195756331
12027010406,6.529013321013005,2.903212071868583
12029970101,7.432348091033539,3.436133808350445
12029970102,7.527636636550308,3.479094283367556
12029970200,7.245476892539357,3.391894561259411
12031000100,8.409007117043121,2.617459747433265
12031000200,8.394331600958248,2.563833431211499
12031000300,8.400018958932238,2.558484977412731
12031000600,8.400114399726215,2.597694002053388
12031000700,8.411092476386037,2.620451904859685
12031000800,8.442362260095825,2.627384443531828
12031001000,8.426407917864476,2.603147787132101
12031001100,8.430602340862423,2.601608383983573
12031001200,8.439649737850787,2.600600440793977
12031001300,8.434493401779603,2.614087411362081
12031001400,8.438003600273785,2.653310753593429
12031001500,8.440991879534565,2.640810176591376
12031001600,8.437425216974675,2.626647829568788
12031002101,8.447147604380561,2.69391019301848
12031002102,8.438866353867214,2.675219400410678
12031002200,8.428671750171116,2.698937777549624
12031002300,8.406002281998631,2.707489409308693
12031002400,8.392961637234771,2.690836995208761
12031002501,8.441279186858316,2.697841176591376
12031002502,8.423649587953456,2.719386376454483
12031002600,8.453580568104038,2.6773696091718
12031002701,8.449385184804928,2.709214489390828
12031002702,8.441386177960301,2.710639891170431
12031002801,8.4564824770705,2.697397197125257
12031002802,8.454867000684463,2.672050550992471
12031002901,8.44408133744011,2.665703683093771
12031002902,8.456070719370294,2.655629055441478
12031010101,8.143993689253936,2.779487281998631
12031010102,7.944357776865161,2.75120127926078
12031010103,7.882883475701574,2.634321859685147
12031010201,8.22782853798768,2.70408435523614
12031010202,8.306689241615332,2.65793945174538
12031010301,8.180970891854894,2.850561531143053
12031010303,8.323809010951403,2.768238076659822
12031010304,8.309126908966461,2.735444952087611
12031010401,8.371774661875428,2.739492674880219
12031010402,8.37189606844627,2.695616930184805
12031010500,8.248676997262149,2.850307017111567
12031010600,8.173905730321698,2.870033124572211
12031010700,8.377585837097878,2.77471384257358
12031010800,8.373051473648186,2.773874806297057
12031010900,8.39907224366872,2.756672100616016
12031011000,8.401306324435318,2.723497584531143
12031011100,8.42489287063655,2.687081087611225
12031011200,8.438245876796715,2.716181497604381
12031011300,8.42965825393566,2.737974968514716
12031011400,8.42256596440794,2.737761832306639
12031011500,8.44802919028063,2.695308034907598
12031011600,8.433116657084189,2.727579501026694
12031011700,8.350255791238878,2.787769440109514
12031011800,8.39894893908282,2.749524162902122
12031011901,8.266650832306639,2.819218694729637
12031011902,8.234408835728953,2.820074557152635
12031011903,8.255255334702259,2.822791065708419
12031012000,8.340331506502396,2.774006832306639
12031012100,8.402261343600274,2.745211458590007
12031012200,8.389427214236824,2.740802424366872
12031012300,8.413374670773443,2.723743106776181
12031012400,8.376900927446954,2.716527310746064
12031012500,8.342997332648871,2.728830823408624
12031012601,8.345658328542094,2.758617863107461
12031012602,8.335997443531828,2.749153994524298
12031012702,8.219046646817248,2.792725882272416
12031012703,8.2958316091718,2.776031553045859
12031012704,8.244424750171116,2.76152724366872
12031012800,8.286175940451745,2.744753188227242
12031012900,8.30695988843258,2.728794832991102
12031013000,8.376132445585216,2.674938514715948
12031013100,8.328372596851472,2.651229967145791
12031013200,8.231019691991786,2.623832596851472
12031013300,8.196954694045174,2.66059284531143
12031013402,8.28928705338809,2.693429016427105
12031013403,8.328669755646817,2.714272682409309
12031013404,8.328165258726899,2.698322283367556
12031013502,8.162630837782341,2.743974090349076
12031013503,8.161593916495551,2.717110394250513
12031013504,8.1994085633128,2.759138678986995
12031013521,8.214537034907598,2.714577724161533
12031013522,8.225497048596852,2.68191773853525
12031013721,8.122255004791239,2.83394178439425
12031013723,8.047226797399042,2.796582455167693
12031013726,8.103424926762491,2.761151604380561
12031013727,8.065738465434634,2.744374926762491
12031013800,7.609335653661875,2.60943199247091
12031013901,7.670654735112936,2.584705235455168
12031013902,7.624034646817248,2.581542082819986
12031013904,7.602710507186858,2.595167103353867
12031013905,7.513348434633812,2.596028594798084
12031013906,7.552666179329227,2.597447620123203
12031014001,7.524539539356605,2.591927162902122
12031014002,7.609720829568788,2.584328503080082
12031014101,7.557037533880904,2.5834935229295
12031014102,7.492594147843942,2.595575913073238
12031014202,7.471057008898015,2.594805963723477
12031014203,7.485132908966461,2.59743305338809
12031014204,7.538551741273101,2.587104961670089
12031014311,8.087935511293634,2.536192981519507
12031014312,7.984774780971937,2.55372266255989
12031014326,7.828552559206023,2.556051355920602
12031014328,7.972262787816564,2.52961900752909
12031014329,7.793544066392882,2.56093145927447
12031014330,7.795675106091718,2.56903044421629
12031014331,7.73596631211499,2.57309811156742
12031014332,7.702892185489391,2.577158576317591
12031014333,7.977655336071184,2.535068700889802
12031014334,7.927181610540726,2.552903206023272
12031014335,7.845884872005476,2.555286327173169
12031014336,7.868059635865845,2.545345993155373
12031014337,7.965549453114305,2.543618136892539
12031014338,8.036093073237509,2.535185303216975
12031014401,8.097639929500342,2.563659455167693
12031014404,7.940062848049281,2.56501553798768
12031014406,8.005933984941821,2.570336388774812
12031014408,7.634928592744695,2.588184722108145
12031014409,7.827379906913073,2.573063160164271
12031014410,7.72776405338809,2.583379802190281
12031014411,7.924759694045174,2.569526654346338
12031014412,7.661254148528405,2.580456932238193
12031014413,7.87675134017796,2.563275934291581
12031014500,8.16089868514716,2.542709383983573
12031014601,8.110251593429158,2.534107323066393
12031014603,8.0810525633128,2.500137378507871
12031014604,8.128055814510609,2.507486850787132
12031014701,8.329205550308008,2.585985334702259
12031014702,8.26927403559206,2.554925665982204
12031014800,8.337144778234086,2.546242782340862
12031014901,8.273849737166324,2.534782039014374
12031014902,8.189869221765914,2.512291980150582
12031015001,8.205512519507187,2.509330192334018
12031015002,8.225421091718001,2.52073122587269
12031015100,8.265369156741958,2.526188577686516
12031015200,8.299284904175222,2.534190244353183
12031015300,8.359423545516769,2.550848802874743
12031015400,8.301227043805613,2.535492810403833
12031015501,8.279527442847365,2.539661835728953
12031015502,8.232022399041752,2.528599984941821
12031015600,8.36534162422998,2.563438958932238
12031015700,8.34207493908282,2.569588083504449
12031015801,8.283965067077344,2.555281880219028
12031015802,8.231694381930185,2.547623548939083
12031015922,8.005955093086927,2.563259941136208
12031015923,8.217767006844627,2.576146984257358
12031015924,8.280106307323751,2.581110876112252
12031015925,8.079848938398357,2.572333360027378
12031015926,8.153253446269678,2.573351490759754
12031016000,8.323320375085558,2.583478548939083
12031016100,8.34698484257358,2.584947201232033
12031016200,8.37028531211499,2.596900546201232
12031016300,8.370029132785763,2.605109668035592
12031016400,8.397972463381246,2.631403507186858
12031016500,8.29317723613963,2.602403331279945
12031016601,8.244334868583162,2.581470033538672
12031016603,8.188487376454483,2.577790636550308
12031016604,8.25559625119781,2.585324996577686
12031016711,8.165936360027378,2.5788805229295
12031016722,8.07623335797399,2.558108351813826
12031016724,8.150094718685832,2.572767945242984
12031016725,8.070302383983573,2.566027308692676
12031016726,8.074866759069131,2.553610273785079
12031016727,8.030111373716632,2.543808193702943
12031016728,7.969666752224504,2.549768450376454
12031016729,7.979102622176591,2.542643607802875
12031016801,8.053979594113621,2.549489629705681
12031016803,7.892262099247091,2.503463787132101
12031016804,7.976159149212868,2.542470260095825
12031016805,7.86507564476386,2.539869826146475
12031016806,7.742092920602327,2.54723286036961
12031016807,7.963389190965092,2.525089143737166
12031016808,8.007748751540041,2.53120262696783
12031017100,8.43620038329911,2.652059185489391
12031017200,8.440468278576318,2.624313316221766
12031017300,7.908641911019849,2.911856101984942
12031017400,8.397970122518823,2.571367385352498
12033000100,8.62429749486653,3.940109359342916
12033000300,8.625974524982888,3.951622919917864
12033000400,8.666954377138946,3.952177075975359
12033000500,8.676045604380561,3.954590054072553
12033000600,8.673835039014374,3.94638932991102
12033000800,8.650545661875428,3.941947065023956
12033000900,8.675893296372348,3.943195518822724
12033001001,8.728247921971253,3.951203745379877
12033001002,8.636663484599589,3.940673210130048
12033001101,8.781661082819986,3.955798015742642
12033001103,8.808000680355921,3.971538162217659
12033001104,8.856972254620123,3.975429148528405
12033001201,8.833769759069131,3.977857794661191
12033001202,8.886379125256674,3.984892115674196
12033001300,8.768508994524298,3.962579796030116
12033001401,8.808891184804928,3.972593474332649
12033001402,8.893563047227926,3.996153201232033
12033001500,8.731464274469541,3.952157394934976
12033001600,8.72194125393566,3.95048607118412
12033001700,8.788713843258042,3.975003039014374
12033001800,8.718663037645448,3.961694514715948
12033001900,8.691211543463381,3.958906744010951
12033002000,8.726882450376454,3.966782564681725
12033002100,8.64971562696783,3.947992061601643
12033002200,8.591501789185489,3.932365894592745
12033002300,8.519895961670089,3.917629455167693
12033002400,8.417399159479808,3.893349672826831
12033002500,8.192315611909651,3.834293394934976
12033002601,8.587399071868583,3.945545264887064
12033002602,8.255431353867214,3.845398414099932
12033002603,8.373248366872006,3.887266862422998
12033002604,8.401299722108145,3.886287918548939
12033002605,8.509915366872006,3.915866401779603
12033002701,8.649338568104038,3.958288047912389
12033002703,8.570485967145791,3.931738241615332
12033002704,8.577161288843258,3.939672691991786
12033002801,8.705969761806982,3.96369025393566
12033002802,8.657680524298426,3.951074440109514
12033002803,8.652767004106776,3.957446282683094
12033002804,8.616930234086242,3.940891524298426
12033002900,8.700257342915811,3.959780976728268
12033003000,8.764107916495551,3.974836134839151
12033003100,8.798437978781656,3.97846073853525
12033003201,8.895587804928131,4.000082056125941
12033003203,8.951719057494866,4.031865771389459
12033003204,8.884736264202601,4.011604338124572
12033003301,8.955624275154004,4.036065923340178
12033003305,8.81697099247091,4.002548674195756
12033003306,8.778312291581109,3.989435835728953
12033003307,8.778902561943874,3.983670428473648
12033003308,8.882534892539357,4.026680535934292
12033003309,8.842242559890486,4.000787657768652
12033003400,8.983513040383299,4.038277063655031
12033003503,8.939934789869952,3.984220502395619
12033003505,8.907433052019165,3.975036900752909
12033003506,8.876740993155373,3.984407063655031
12033003507,8.953994439425051,3.99266719301848
12033003508,8.962114266940452,4.014023997946612
12033003603,8.924944744695414,4.043110796030116
12033003607,8.988115689253936,4.006527725530459
12033003608,9.03020672347707,4.040676682409309
12033003609,8.997009839151266,4.034873075290897
12033003610,9.034738850102669,4.051527654346338
12033003611,9.01303445927447,4.049668253251198
12033003612,9.01717212936345,4.075466995208761
12033003613,8.989064642710472,4.074047039698836
12033003614,9.03929809650924,4.088450214921287
12033003700,9.037335559206023,4.074752497604381
12033003800,8.911766607118412,4.118830278576318
12033003900,8.921597669404518,4.136788635181383
12033004000,9.000024647501711,4.204982562628337
12035060103,6.602576292265572,2.795212049965777
12035060104,6.65942706091718,2.800872089664613
12035060105,6.610363185489391,2.795282343600274
12035060106,6.59652661670089,2.786727134839151
12035060107,6.636159468856947,2.80197481724846
12035060204,6.70079610403833,2.807141149212868
12035060205,6.671547136208077,2.806572188227242
12035060206,6.741285760438056,2.819900063655031
12035060207,6.639480683093771,2.775166543463381
12035060208,6.596336865845311,2.782518058863792
12035060209,6.654831197125257,2.804559334702259
12035060210,6.677268360027378,2.805830162902122
12035060211,6.660107201916496,2.809593865845311
12035060212,6.634858937029432,2.800376298425736
12035060213,6.610720323066393,2.793262013004791
12035060214,6.646596075290897,2.801906051334702
12035060301,6.567518544832307,2.787161928131417
12035060302,6.499642197809719,2.76866803559206
12035060303,6.541922880903491,2.782263255989049
12035060304,6.539083259411362,2.775537843942505
12037970100,7.919981787816564,3.793206181382615
12037970200,7.819262735797399,3.818160119780972
12037970302,7.589878920602327,3.770706421629021
12037970304,7.446997409308693,3.727585790554415
12039020101,9.723237792607803,4.200275057494866
12039020102,9.791214405886379,4.206702153319644
12039020300,9.492634150581793,4.181176288158795
12039020400,9.219630336071184,4.144387036960986
12039020500,9.533452290212183,4.17050667008898
12039020600,9.431229381245722,4.083255385352498
12039020701,9.25052683504449,4.107373872689938
12039020702,9.360338507871321,4.11351167008898
12039020800,9.051352166324435,4.061512179329227
12041950100,7.682681595482546,3.437981373716632
12041950201,7.685523253251198,3.360903250513347
12041950202,7.523914436002738,3.399036959616701
12041950203,7.586601262833676,3.33634861670089
12041950204,7.568771794661191,3.375492874743326
12043000100,6.085035089664613,2.72931313963039
12043000200,6.300663038329911,2.840957850787132
12043000300,6.133442149212868,2.76357759890486
12043990000,6.157430994524298,2.718617127994524
12045960100,8.091881505817933,3.940452394250513
12045960200,7.814974275154004,3.866818552361396
12045960300,7.738068049281314,3.828792668035592
12047960100,8.295620072553046,3.639764559890486
12047960200,8.592746871321013,3.776331815879535
12047960300,8.125143986310746,3.554403488706366
12049970101,6.561898308008214,2.814310186858316
12049970102,6.447486284736482,2.821083585900068
12049970201,6.685742681724846,2.804897169746749
12049970202,6.805098917864476,2.774247522245038
12049970300,6.712203936344969,2.782286861054073
12049970400,6.58933107871321,2.80765461670089
12051000100,6.362967144421629,2.739707514031485
12051000200,6.410918274469541,2.772533518822724
12051000300,6.402145605749487,2.867905543463381
12051000401,6.507689446954141,2.91375637303217
12051000402,6.486868694729637,2.904679227241615
12051000600,6.330727340862423,2.763379058179329
12051990000,6.264906868583162,2.708383611225188
12053040101,6.969513896646133,2.86144964476386
12053040102,7.018549569472964,2.875980720054757
12053040201,7.124041146475017,2.976806962354552
12053040202,7.08952266255989,2.9413994366872
12053040301,7.05641805065024,2.891272635865845
12053040302,7.113284227241615,2.92179780971937
12053040303,7.116484115674196,2.943337951403148
12053040400,7.131076906913073,2.973266355920602
12053040501,7.138897301848049,2.971974458590007
12053040502,7.145480897330596,2.985321338124572
12053040601,7.169667214921287,3.02095576659822
12053040602,7.155773909650924,3.016658334702259
12053040701,7.146179412731006,3.037063043805613
12053040702,7.11867517522245,3.004027158795346
12053040801,7.119366926078029,2.996922868583162
12053040802,7.137871017111567,2.997405473648186
12053040901,7.095566546885695,2.948511490759754
12053040905,7.1109686091718,2.942579889801506
12053040906,7.126385301848049,2.944915902806297
12053040907,7.113291848733744,2.954084779603012
12053040908,7.118923210814511,2.963389190965092
12053040909,7.126645722108145,2.972967332648871
12053040910,7.136714497604381,2.966154331964408
12053040911,7.128599923340178,2.945924556468172
12053041003,7.10263832991102,2.979854780287474
12053041004,7.092445009582478,2.976125324435318
12053041005,7.120227817932923,2.982805367556468
12053041006,7.100349736481862,2.966248422313484
12053041103,7.066321739904175,2.960052898699521
12053041104,7.071562862422998,2.952269453114305
12053041105,7.080162768651608,2.957743432580424
12053041106,7.096763674880219,2.958830503764545
12053041201,7.078405584531143,2.977300932238193
12053041203,7.049878582477755,2.966916641341547
12053041204,7.03974943394935,2.960230917864476
12053041302,7.020079765229295,2.939491267624914
12053041303,7.033925327173169,2.950267052019165
12053041304,7.035013090349076,2.952518202600958
12053041305,7.027686611909651,2.945843135523614
12053041401,7.018125967145791,2.936347877481177
12053041402,7.064470700205339,2.943230528405202
12053041501,6.946732186173854,2.933493713894593
12053041502,6.993707459958932,2.95716387063655
12053041600,7.056851684462697,3.015247245037645
12055960101,6.350696242299795,2.809227822039699
12055960102,6.407130504449008,2.821570561259411
12055960103,6.416334435318275,2.82475441889117
12055960200,6.419367240246407,2.81514603559206
12055960300,6.435439038329911,2.81924827926078
12055960400,6.47135882477755,2.817516298425736
12055960501,6.451532997262149,2.820263932238193
12055960502,6.434221335386721,2.833128441478439
12055960601,6.396341900068446,2.833350364134155
12055960602,6.390236639288159,2.829149399726215
12055960700,6.381533220396988,2.832495140999316
12055960800,6.355989791238878,2.828466606433949
12055960900,6.31810873853525,2.822711376454483
12055961000,6.179345894592745,2.790301180698152
12055961100,6.342415364134155,2.828318336071184
12055961200,6.268477204654346,2.821512719370294
12055961301,6.3491113045859,2.833485922655715
12055961302,6.307775899383984,2.828421514715948
12055961400,6.295204747433265,2.82573463449692
12055961500,6.114028270362765,2.779243904859685
12055961601,6.201091495550992,2.815826911019849
12055961602,6.258302735112936,2.824092691307324
12055961603,6.213868934976044,2.812610855578371
12055961700,6.148387704312115,2.791977098562628
12055980000,6.38007894661191,2.83303112936345
12055980100,6.238290546201232,2.787653965092402
12055980200,6.250020367556468,2.812509761806982
12057000101,7.860237902121834,2.787171133470226
12057000102,7.884830571526352,2.785801590691307
12057000201,7.86644436550308,2.809187884325804
12057000202,7.865322737850787,2.802138819301848
12057000300,7.886201815195072,2.80438190622861
12057000401,7.865686502395619,2.812589262833676
12057000402,7.881728544832307,2.813864725530459
12057000500,7.872484479123888,2.818773538672142
12057000601,7.885149913073238,2.813377024640657
12057000602,7.888471900068446,2.807141034907598
12057000700,7.900303740588638,2.801287470225873
12057000800,7.894043283367556,2.786767400410678
12057000901,7.893635753593429,2.780609219028063
12057000902,7.8999158678987,2.779976407939767
12057001001,7.912256864476386,2.787464392197125
12057001002,7.921683034907598,2.77937862422998
12057001100,7.909617269678302,2.794351113620808
12057001200,7.909949034907598,2.806391401779603
12057001300,7.898618826146475,2.81239546201232
12057001400,7.915072248459959,2.806787472963724
12057001500,7.910246258726899,2.800708041067762
12057001600,7.911561494182067,2.799517344969199
12057001700,7.913474643394935,2.791004159479808
12057001800,7.916570944558522,2.769852123203285
12057001900,7.909821594113621,2.774174316221766
12057002000,7.906469395619439,2.77791919028063
12057002100,7.911352807665982,2.785482971252567
12057002200,7.907301939767283,2.784433819301848
12057002300,7.913989886379192,2.791502351129363
12057002400,7.910932303901437,2.795156405201916
12057002500,7.909800241615332,2.798452146475017
12057002600,7.892366940451745,2.794344942505134
12057002700,7.903173051334702,2.790529598220397
12057002800,7.909861173169062,2.785057909650924
12057002900,7.906873605065024,2.780000937029432
12057003000,7.908350506502396,2.779374850787132
12057003100,7.904188392197125,2.773674956194387
12057003200,7.902898255304586,2.771404502395619
12057003300,7.897644290212183,2.768303787816564
12057003400,7.908932219712526,2.767889265571526
12057003500,7.898837745379877,2.761824392197125
12057003600,7.902030848733744,2.756294932238193
12057003700,7.873524665982204,2.72973618275154
12057003800,7.884710945242984,2.75589806844627
12057003900,7.892084833675565,2.763046511293634
12057004000,7.885263660506502,2.761846501026694
12057004100,7.894093737850787,2.766307757015743
12057004200,7.892974473648186,2.774256438740589
12057004300,7.885951447638604,2.771658477754962
12057004400,7.88500652019165,2.77383882477755
12057004500,7.882814446269678,2.777598463381246
12057004600,7.860758376454483,2.773534127994524
12057004700,7.856741787816564,2.766848496235455
12057004800,7.868251515400411,2.770975878850103
12057004900,7.869186023956194,2.765400415468857
12057005000,7.874194930184805,2.764627162902122
12057005101,7.875626475701574,2.760329575633128
12057005102,7.854771203969884,2.754292637234771
12057005301,7.875907241615332,2.756605485968515
12057005302,7.852915847364819,2.745351496235455
12057005401,7.817006088980151,2.743434019849418
12057005500,7.859353065708419,2.759667728952772
12057005700,7.854202801505818,2.762753704996578
12057005800,7.826925997262149,2.75387654072553
12057005900,7.823337108829569,2.754303537303217
12057006000,7.830592082819986,2.752729838466804
12057006101,7.837269018480493,2.753276071868583
12057006103,7.806371106776181,2.744959783709788
12057006200,7.795043269678302,2.739820594798084
12057006300,7.796970217659138,2.741955776865161
12057006400,7.787851792607803,2.740934099247091
12057006501,7.759935011635866,2.727726767282683
12057006502,7.749442353867214,2.719985519507187
12057006600,7.764021492813142,2.72840679945243
12057006700,7.762446171115674,2.726840795345654
12057006801,7.726757950718686,2.715190248459959
12057006802,7.727740432580424,2.719098652977413
12057006900,7.68605968514716,2.702014724845996
12057007001,7.718524438740589,2.709381919917864
12057007002,7.677195062286105,2.702058952772074
12057007102,7.707708371663244,2.706961008898015
12057007103,7.710740627652293,2.709906069130732
12057007200,7.633818207392197,2.679550869267625
12057007300,7.588709137577002,2.671914683093771
12057010103,7.491070907597536,2.685045986995209
12057010105,7.618002040383299,2.622705885010267
12057010106,7.574271158110883,2.636000282683094
12057010107,7.545075372347707,2.660450660506502
12057010108,7.450365277891855,2.695382231348392
12057010203,7.792864047227926,2.719932195756331
12057010204,7.84056347980835,2.745989454483231
12057010205,7.548809516084873,2.780771912388775
12057010209,7.510241329226557,2.754619790554415
12057010210,7.553072377138946,2.743491663928816
12057010211,7.63008174606434,2.774988023271732
12057010212,7.579516541409993,2.753030672142368
12057010213,7.718377097193703,2.723735219028063
12057010214,7.470929369609856,2.727578445585216
12057010303,7.701236851471595,2.681964525667351
12057010304,7.698915452429843,2.648069240930869
12057010305,7.807044939767283,2.691996836413416
12057010401,7.860623483230664,2.742640474332649
12057010402,7.886324089664613,2.740854507186858
12057010501,7.911635529089665,2.773522676933607
12057010502,7.914057045859001,2.772736982888433
12057010600,7.889217485968515,2.75989003559206
12057010701,7.846132689938398,2.763963880219028
12057010702,7.870049915811088,2.768963759069131
12057010805,7.840636794661191,2.813143106776181
12057010808,7.808474370294319,2.803333183436003
12057010809,7.826822433264887,2.781137590006845
12057010810,7.802414880219028,2.754956275154004
12057010811,7.822783323066393,2.769098323066393
12057010812,7.807940850787132,2.796716979466119
12057010813,7.807820029431896,2.80156767008898
12057010814,7.836982785078713,2.802573640657084
12057010815,7.828185748117728,2.810971933607118
12057010816,7.841567201916496,2.803421610540726
12057010817,7.80371241615332,2.812130993839836
12057010818,7.820429339493498,2.815092264202601
12057010900,7.817430049281314,2.788970656399726
12057011003,7.760646785078713,2.813520629705681
12057011005,7.603340361396304,2.833492546885695
12057011006,7.628519519507187,2.820800106776181
12057011007,7.713786596851472,2.822626392197125
12057011008,7.669290395619439,2.800725106776181
12057011010,7.755208947296372,2.802218545516769
12057011012,7.57107499247091,2.799276987679672
12057011013,7.622182973990418,2.79030611430527
12057011014,7.569034317590691,2.787936997946612
12057011015,7.762366679671458,2.774137996577686
12057011016,7.706901501026694,2.782739715263518
12057011103,7.602173603011636,2.844399042436687
12057011106,7.706879744010951,2.8348730862423
12057011107,7.738400973990418,2.834107536618754
12057011108,7.758411643394935,2.826406357289528
12057011109,7.67045020054757,2.838355861738535
12057011203,7.801482906913073,2.828078125941136
12057011204,7.79808312183436,2.821741357289528
12057011205,7.832729912388775,2.822985227241615
12057011206,7.839730539356605,2.81920379945243
12057011301,7.79212348733744,2.829436165639973
12057011303,7.832210210814511,2.829825852156058
12057011304,7.853965089664613,2.82141954072553
12057011407,7.782826568104038,2.82911384531143
12057011408,7.809683416837782,2.827117254620123
12057011409,7.832853584531143,2.82850556605065
12057011410,7.672624319644079,2.829036305270363
12057011411,7.716391678302532,2.829664578370979
12057011412,7.728321206023272,2.813687816563997
12057011413,7.735612821355236,2.824680592744695
12057011414,7.763577638603696,2.818241412046544
12057011415,7.793099806297057,2.824586948665298
12057011416,7.834174873374401,2.828346041067762
12057011417,7.763786792607803,2.826171344969199
12057011418,7.762494439425051,2.828950153319644
12057011504,7.458793748117728,2.835445775496236
12057011506,7.63342042642026,2.803761606433949
12057011507,7.675722509924709,2.798774839151266
12057011509,7.533464675564682,2.842693418206708
12057011510,7.55894774880219,2.846605130732375
12057011512,7.62318023613963,2.832751683778234
12057011514,7.686763554414784,2.835244271731691
12057011515,7.729005593429158,2.834709503080082
12057011516,7.741845587268994,2.833809981519507
12057011517,7.528045258042437,2.80327979945243
12057011518,7.541419454483231,2.819444535249829
12057011519,7.621310582477755,2.786113048596852
12057011520,7.679023056810404,2.797371164271047
12057011521,7.602177647501711,2.842589776180698
12057011522,7.604899511978097,2.844681769336071
12057011523,7.659509246406571,2.842315856947296
12057011524,7.715715622861054,2.83645662422998
12057011603,7.833914396988364,2.809182246406571
12057011605,7.854847119096509,2.806901108829569
12057011606,7.691785295003422,2.774834126625599
12057011607,7.718962720054757,2.795671650924025
12057011608,7.718514726899384,2.785169815195072
12057011610,7.774134386036961,2.803216296372348
12057011611,7.824612097878166,2.813696290896646
12057011612,7.79498114715948,2.799517379192334
12057011613,7.805074785763176,2.789671471594798
12057011614,7.747345929500342,2.789125810403833
12057011615,7.772544246406571,2.786911246406571
12057011706,7.834037651608487,2.787384238193018
12057011708,7.826699952772074,2.77632715468857
12057011709,7.634368724845996,2.761906359342916
12057011710,7.756847400410678,2.771556165639973
12057011712,7.80138359137577,2.774004902806297
12057011802,7.896283928131417,2.81189398973306
12057011803,7.87052433744011,2.823264806297057
12057011804,7.897021019164956,2.824810691307324
12057011901,7.884380863107461,2.824333780287474
12057011902,7.90119734017796,2.818075474332649
12057011904,7.913532201916496,2.809018661875428
12057011905,7.916374483230664,2.80767113963039
12057011906,7.917814929500342,2.810082564681725
12057012001,7.908806017111567,2.743814973990418
12057012002,7.88767066255989,2.729047084188912
12057012103,7.848789743326489,2.686047455167693
12057012104,7.802429346338125,2.646890728268309
12057012106,7.716257998631075,2.576295257357974
12057012107,7.769649709103354,2.61816155578371
12057012108,7.755206370294319,2.601998073237509
12057012206,7.767200421629021,2.610672015058179
12057012207,7.730857104722793,2.566504761122519
12057012208,7.708925399041752,2.547613865845311
12057012209,7.664525169062286,2.497236071868583
12057012210,7.645622664613279,2.519531155373032
12057012211,7.823365531827515,2.68005355578371
12057012212,7.767325084873374,2.638954208761122
12057012213,7.789527385352498,2.641417472279261
12057012301,7.746036024640657,2.606266266255989
12057012303,7.720494843942505,2.581262541409993
12057012304,7.695118245037645,2.554307816563997
12057012401,7.647522042436687,2.567328663928816
12057012402,7.637912106091718,2.520725932238193
12057012403,7.587664629021218,2.544734229979466
12057012501,7.606867206023272,2.570908266255989
12057012503,7.595321366872006,2.591448392197125
12057012504,7.590713183436003,2.573051878850103
12057012600,7.592255454483231,2.616466464065708
12057012701,7.599618793976728,2.604286018480493
12057012702,7.590757463381246,2.632852120465435
12057012800,7.582572594798084,2.64394604312115
12057012900,7.583319285420945,2.635549075975359
12057013001,7.565761110198494,2.661107565366188
12057013002,7.551765518138262,2.641700414784394
12057013003,7.562133208761122,2.598928665297741
12057013004,7.522885940451745,2.645663694729637
12057013100,7.465588778234086,2.624522663928816
12057013203,7.64360814715948,2.544571875427789
12057013204,7.616684438740589,2.53388659137577
12057013205,7.603000961670089,2.5513101724846
12057013206,7.586981431895962,2.572802711841205
12057013207,7.540118316906229,2.561959338809035
12057013208,7.519435891170431,2.583852733744011
12057013305,7.628143700205339,2.57946023340178
12057013307,7.730625217659138,2.617696744010951
12057013310,7.687351882272416,2.62688075633128
12057013311,7.702562138261465,2.587730596167009
12057013312,7.669820138945927,2.560950526351814
12057013313,7.679563242984257,2.596517425051335
12057013314,7.643944484599589,2.604455968514716
12057013315,7.783547950034223,2.664567611225188
12057013316,7.751248452429843,2.639439405886379
12057013317,7.751350932238193,2.665207114989733
12057013318,7.733070680355921,2.64245333744011
12057013319,7.712357801505818,2.653155997946612
12057013320,7.69344837303217,2.645286240246407
12057013321,7.708152954140999,2.621549757015743
12057013322,7.674812592744695,2.626183821355236
12057013406,7.63621996440794,2.623139396988364
12057013407,7.594205727583847,2.615957683778234
12057013409,7.522757252566735,2.595422761122519
12057013410,7.650792805612594,2.64810731211499
12057013411,7.6438973908282,2.64016300752909
12057013412,7.597396223134839,2.64464820054757
12057013413,7.574630411362081,2.633536762491444
12057013414,7.570755733744011,2.597310229979466
12057013415,7.547224647501711,2.613478326488706
12057013501,7.834025750171116,2.722309562628337
12057013503,7.834029744695414,2.706149399041752
12057013504,7.807253108145106,2.701526153319644
12057013505,7.802313869952088,2.686340507871321
12057013602,7.773015268309377,2.701631003422314
12057013604,7.71414162422998,2.698624181382615
12057013702,7.672627378507871,2.671250793292266
12057013703,7.739566887748118,2.671803611909651
12057013704,7.655506495550992,2.659202671457906
12057013801,7.50792819028063,2.673473819986311
12057013802,7.597292917180014,2.666552961670089
12057013803,7.571796188911704,2.672190492813142
12057013804,7.494776400410678,2.663675034907598
12057013806,7.562952161533196,2.660969926762491
12057013807,7.466839865845311,2.661001427104723
12057013903,7.125942533880904,2.679510554414784
12057013907,7.092137650924025,2.676367678302532
12057013908,7.519141707049966,2.652680763175907
12057013912,7.37311310403833,2.65026519028063
12057013913,7.255453497604381,2.673153785763176
12057013914,7.133479310746064,2.683913062286105
12057013915,7.443206613278576,2.658831084188912
12057013916,7.362367600273785,2.661103577686516
12057013917,7.418006819986311,2.656915273785079
12057013918,7.464111481177276,2.640644223819302
12057013919,7.511041404517454,2.641399694729637
12057013920,7.296117629705681,2.641387438056126
12057013921,7.45934632991102,2.598308127310062
12057013922,7.433232054757016,2.614275850787132
12057013923,7.420485026694045,2.623138708418891
12057014002,7.151789483230664,2.659522859685147
12057014003,7.149536049281314,2.682701882956879
12057014007,7.331412525667351,2.67145590622861
12057014008,7.240939945927447,2.666605463381246
12057014009,7.2357963045859,2.66718500752909
12057014010,7.218860013689254,2.672566522245038
12057014011,7.198738678302532,2.672283113620808
12057014012,7.170131222450376,2.675465857631759
12057014013,7.170668912388775,2.672581657768652
12057014014,7.190212527720739,2.67526859890486
12057014015,7.184133886379192,2.675646271047228
12057014016,7.163383325119781,2.680960846680356
12057014104,7.164205080082136,2.637299425051335
12057014106,7.388113173853525,2.664897688569473
12057014108,7.23683853798768,2.660139248459959
12057014109,7.209459307323751,2.665436698151951
12057014117,7.388064544832307,2.663055444900753
12057014118,7.338173954825462,2.66152102532512
12057014119,7.330810485968515,2.667965896646133
12057014121,7.271180201232033,2.65059634770705
12057014122,7.238090542094456,2.663544603696099
12057980100,7.767707617385352,2.752654898699521
12057980200,6.661466451060917,2.532644181382615
12057980300,7.652193611225188,2.753309351129363
12057980400,7.57309201779603,2.708448568788501
12057980500,7.709880293634497,2.763819273100616
12057980600,7.868299275154004,2.78975353045859
12057980700,7.668417486652977,2.838645236824093
12057990000,7.667090149212868,2.699599445585216
12059960100,9.243748941136208,4.259455950034223
12059960200,8.954269594113621,4.226191386036961
12059960300,9.073541334702259,4.240716462696783
12059960400,9.087335366187543,4.228067256673511
12061050100,5.994162750855578,2.751291236824093
12061050200,6.009971265571526,2.754818177960301
12061050301,5.943320399726215,2.734201963723477
12061050302,5.983274147843942,2.739562037645448
12061050401,5.95808922587269,2.738414479123888
12061050402,5.946225232717317,2.735675363449692
12061050501,5.892601293634497,2.712138994524298
12061050503,5.903420070499658,2.72194262422998
12061050504,5.906951871321013,2.726445199863108
12061050505,5.898804745379877,2.721189140314853
12061050601,5.96206026146475,2.741458397672827
12061050602,5.99490405338809,2.749688735112936
12061050603,6.008428141683778,2.75333474880219
12061050604,5.969082711841205,2.74090953045859
12061050605,5.97109640862423,2.738801087611225
12061050606,6.01588711430527,2.755546927446954
12061050702,6.033440103353867,2.759233257357974
12061050703,6.053964364818617,2.764929366872006
12061050704,6.054268606433949,2.764453803559206
12061050705,6.046437679671458,2.76242502532512
12061050802,6.010074464750171,2.738182158795346
12061050804,5.999112350444901,2.743875802874743
12061050805,5.963423737166324,2.725963876112252
12061050806,5.983585798083504,2.730024456536619
12061050807,6.021537392881588,2.736103008213552
12061050808,6.001380384668036,2.725522091718001
12061050902,6.079690239561944,2.77450423340178
12061050903,6.0498743045859,2.74875423613963
12061050904,6.09129068514716,2.752046029431896
12061980000,5.988706483230664,2.745547923340178
12063210100,9.438696500342231,4.212044143052704
12063210200,9.31897742642026,4.207907927446954
12063210300,9.269586839835729,4.230477336071184
12063210400,9.186651861054073,4.213532488706366
12063210500,9.20806331485284,4.197156551676934
12063210600,9.105506193702943,4.174909170431212
12063210700,9.242048556468172,4.195128499657769
12063210800,9.377164019849418,4.203344380561259
12063210900,9.198568595482546,4.16477321560575
12063211000,9.114444083504449,4.160670536618754
12063211100,8.912960247091034,4.14661968514716
12065250101,9.122058740588638,4.017165878850103
12065250102,9.366263088295688,4.090391915811088
12065250200,8.674335600273785,3.897364926078029
12067960100,8.147050749486653,3.721436611225188
12067960200,7.752528238877481,3.567765430527036
12069030102,6.6579874770705,2.755725861738535
12069030104,6.735201199178645,2.770671932922656
12069030105,6.818931631074606,2.784841117727584
12069030106,6.895499001368925,2.687523839835729
12069030107,6.771078344284736,2.712034278576318
12069030108,6.839433611225188,2.711194757015743
12069030203,6.859428819986311,2.747016106776181
12069030204,6.866241109514032,2.765030080766598
12069030206,6.855344210130048,2.767188339493498
12069030207,6.893629712525667,2.809292041752224
12069030208,6.875379585215606,2.754331882956879
12069030209,6.89895111156742,2.794525185489391
12069030302,7.017867140314853,2.887213099931554
12069030305,6.974159332648871,2.889317627652293
12069030306,6.937512739904175,2.841303540041068
12069030307,6.955340929500342,2.846755594113621
12069030308,6.948336915811088,2.831215358658453
12069030405,7.214775168377823,3.001762118412046
12069030406,7.111899087611225,2.943967754277892
12069030407,7.254164988364134,3.027083010951403
12069030408,7.286461112251882,3.047227975359343
12069030409,7.279727054072553,3.046116874743326
12069030410,7.107472254620123,2.96128588843258
12069030411,7.197133014373717,3.003979409993155
12069030502,7.113807400410678,2.936960014373717
12069030503,7.134257709103354,2.948752934976044
12069030504,7.179870698151951,2.977568545516769
12069030601,7.090109036276523,2.920057867214237
12069030602,7.081475221765914,2.917437988364134
12069030701,7.05512606091718,2.900890330595482
12069030702,6.995744206707734,2.864923661190965
12069030803,6.910612653661875,2.79544981724846
12069030804,6.909320015742642,2.780646062286105
12069030805,6.930319635181383,2.808924032169747
12069030806,6.920539678302532,2.801401839151266
12069030807,6.888555583162218,2.76566533744011
12069030902,6.943007232032854,2.668736597535934
12069030912,6.881451836413416,2.748249965092402
12069030913,6.874022854209446,2.739832034907598
12069030914,6.893088507871321,2.724384557837098
12069031000,6.899944743326489,2.734651553045859
12069031101,6.999476937029432,2.872288037645448
12069031102,6.958795643394935,2.835461064339494
12069031103,6.888617826146475,2.775016485284052
12069031202,6.810497417522245,2.729754032854209
12069031203,6.890247210130048,2.804144177275838
12069031204,6.85235815742642,2.756163941820671
12069031205,6.838919442162902,2.770118344969199
12069031301,6.905085263518138,2.708789135523614
12069031305,6.88250649486653,2.721173987679672
12069031306,6.9874135633128,2.70815835797399
12069031307,6.922873506502396,2.705945177275838
12069031308,6.988971830937714,2.709048675564682
12069031309,6.890161912388775,2.721970757700205
12069031310,6.891557730321698,2.714111264202601
12069031311,6.884444008898015,2.706776536618754
12071000301,6.885961923340178,2.996845423682409
12071000302,6.897437336755647,2.999169739219712
12071000401,6.863218151950719,2.998314848733744
12071000402,6.862700932922656,2.996878316906229
12071000502,6.909808533196441,2.989573938398357
12071000503,6.907917164271047,3.002605197809719
12071000504,6.898631571526352,3.00098923340178
12071000600,6.925076361396304,2.993154593429158
12071000700,6.92038041889117,2.984104642710472
12071000800,6.917360102669404,2.989957234770705
12071000900,6.908305704312115,2.973513023271732
12071001000,6.915274834360027,2.975369900068446
12071001101,6.929512516084873,2.988897918548939
12071001102,6.923808876112252,2.983207034907598
12071001201,6.932269242299795,2.998763631074606
12071001202,6.925658211498973,2.999741607118412
12071001300,6.923606785763176,2.990430415468857
12071001401,6.918396965092402,2.982490986995209
12071001402,6.907245254620123,2.984634541409993
12071001501,6.906897336755647,2.994787483230664
12071001502,6.914622674880219,2.998132642710472
12071001601,6.915594621492129,3.005801803559206
12071001602,6.894413930184805,3.017233453114305
12071001701,6.882708315537303,3.003265560574949
12071001703,6.885673470910335,3.005651277207392
12071001705,6.869158219028063,3.011014722108145
12071001706,6.84204311156742,3.015022027378508
12071001707,6.858412524298426,3.01200041615332
12071001801,6.88503590622861,2.998575709787817
12071001802,6.856099909650924,3.006720797399042
12071001903,6.808010005475702,3.011668463381246
12071001906,6.800623544832307,3.013286186173854
12071001907,6.783495558521561,3.020749026009582
12071001908,6.723598362765229,3.007476546201232
12071001910,6.716471697467488,3.003171051334702
12071001911,6.673776984941821,2.996465594113621
12071001912,6.719863696098563,3.004431308008214
12071001913,6.751276868583162,3.00937012936345
12071001914,6.721559440109514,2.995414245037645
12071001915,6.643280749486653,2.982584192334018
12071010102,6.677570186858316,2.962621128678987
12071010103,6.706688179329227,2.976840843258042
12071010104,6.588799442162902,2.949292543463381
12071010105,6.603565017111567,2.956260119780972
12071010201,6.768280972621492,2.986260126625599
12071010203,6.821987291581109,2.988400069130732
12071010204,6.779398336755647,2.980015663928816
12071010302,6.85221850513347,2.992048599589322
12071010303,6.841933026009582,2.991691745379877
12071010304,6.876333825462012,2.996255809034908
12071010305,6.885748122518823,2.994558640657084
12071010306,6.795507168377823,2.985457611909651
12071010307,6.828629592744695,2.984463568788501
12071010404,6.770364919917864,2.980770726899384
12071010405,6.808539029431896,2.990658106091718
12071010406,6.637460841889117,2.978651935660506
12071010407,6.707153214236824,2.986814905544148
12071010409,6.705260206023272,2.975608646817248
12071010410,6.666394237508556,2.975222477754962
12071010411,6.750893503764545,2.987777820670773
12071010412,6.774081647501711,2.993130725530459
12071010501,6.815123630390144,2.991065653661875
12071010502,6.802112815195072,2.993558130047912
12071010601,6.839169602327173,2.994199362765229
12071010602,6.820056119780972,2.993371552361396
12071010701,6.872693110882957,2.996781590006845
12071010702,6.850611192334018,2.994575708418891
12071010801,6.740180052019165,2.993755774811773
12071010802,6.802973452429843,3.000819973305955
12071010803,6.786286517453799,2.998595201232033
12071020101,6.753463038329911,2.980450997946612
12071020102,6.815086448323066,2.981606192334018
12071020201,6.794007420260096,2.983243496919918
12071020202,6.772220180013689,2.977961351813826
12071020300,6.828129856262834,2.98638922587269
12071020400,6.843316755646817,2.994855311430527
12071020501,6.851957769336071,2.99257922587269
12071020502,6.880784485968515,2.995091457221082
12071020600,6.874174460643395,2.988845318959617
12071020700,6.879048074606434,2.994150385352498
12071020800,6.838415942505134,2.984646324435318
12071030100,6.723201005475702,2.968565985626283
12071030201,6.793245650239562,2.98265976386037
12071030202,6.786994121149897,2.986108081451061
12071030203,6.724419865160849,2.977630749486653
12071030204,6.718828210814511,2.971237052703628
12071030300,6.61336453798768,2.946238123887748
12071040108,6.909787832991102,3.02145696440794
12071040109,6.856613698836413,3.006475704996578
12071040110,6.920257439425051,3.012189887748118
12071040111,6.909254189596167,3.032496143052704
12071040112,6.922297976728268,3.015110186858316
12071040113,6.88467265982204,3.034934876796715
12071040114,6.903690958247776,3.016081118412046
12071040115,6.756024381930185,3.003412247775496
12071040116,6.869773348391513,3.015243646817248
12071040117,6.929437230663929,3.02662741889117
12071040118,6.804086085557837,3.038536396988364
12071040119,6.930157131416838,3.009670699520876
12071040120,6.741755771389459,2.990353887063655
12071040121,6.881210643394935,3.010564342231348
12071040122,6.863441611909651,3.016198483230664
12071040123,6.861921846680356,3.003057718001369
12071040124,6.855697224503764,3.011250563997262
12071040125,6.771691455852156,2.993232427104723
12071040126,6.814599491444216,2.998772735797399
12071040127,6.803193458590007,2.993869419575633
12071040203,6.713334823408624,2.983017210130048
12071040205,6.752929996577686,2.987716336755647
12071040206,6.758014661875428,2.983611323750856
12071040207,6.657688077344285,2.966735902806297
12071040208,6.674467750171116,2.964688095824778
12071040209,6.62348558384668,2.957481913073238
12071040210,6.692431941136208,2.972725569472964
12071040301,6.818630501026694,3.007261578370979
12071040302,6.817295121149897,3.008169798767967
12071040303,6.783152598220397,3.000875206023272
12071040304,6.760031924709103,2.993174395619439
12071040305,6.725347725530459,2.98277925393566
12071040308,6.646818646817248,2.968428717316906
12071040309,6.703840496235455,2.981503229295003
12071040310,6.72779543394935,2.993342971252567
12071040311,6.725713983572895,2.98505344421629
12071040312,6.694690127310062,2.986281664613279
12071040313,6.678941117043121,2.979748782340862
12071040314,6.64912974880219,2.964490585900068
12071050103,6.816097490075291,3.036864186173854
12071050104,6.787848063655031,3.033879432580424
12071050105,6.863593281314168,3.022996036276523
12071050106,6.832964925393566,3.027029123887748
12071050203,6.80022473853525,3.036770843942505
12071050204,6.85201988569473,3.037556823408624
12071050205,6.851059941820671,3.037903956194387
12071050206,6.837288271731691,3.032946603696099
12071050207,6.816954204654346,3.040836160164271
12071050208,6.854246346338125,3.035757290896646
12071050209,6.825652936344969,3.039455250513347
12071050305,6.678844332648871,3.040816557837098
12071050306,6.7824715633128,3.034392044490075
12071050307,6.767555024640657,3.042886768651608
12071050308,6.737886360711841,3.05410961670089
12071050310,6.715363238877481,3.051306174537988
12071050311,6.774911976043806,3.030187836413416
12071050312,6.730109993155373,3.031616667351129
12071050313,6.751230574264203,3.037828346338125
12071050314,6.713597694729637,3.038110923340178
12071050400,6.723597658453114,3.052465739904175
12071050500,6.716676611909651,3.056981219028063
12071050601,6.665772514715948,3.043713370294319
12071050602,6.69920867008898,3.054765923340178
12071060101,6.65792087063655,2.994401819986311
12071060102,6.650081206023272,3.002131941820671
12071060201,6.657554841889117,3.017410030116359
12071060202,6.669339940451745,3.020531808350445
12071060203,6.675372262149213,3.01633237303217
12071060300,6.653269791238878,3.028956281998631
12071070101,6.421161417522245,2.92632687063655
12071070102,6.477435119780972,2.939159764544832
12071070200,6.490164332648871,2.956447417522245
12071080100,6.287921850787132,2.911575886379192
12071080202,6.425866977412731,2.962044562628337
12071080203,6.325098694729637,2.939612078028747
12071080204,6.341961329226557,2.942105219028063
12071080300,6.91388146201232,2.995722208761122
12071090100,6.331635420944558,2.905418998631075
12071980000,6.867589828884326,3.02459976659822
12073000200,9.37928683504449,4.026654700205339
12073000301,9.328187968514716,4.01449048733744
12073000302,9.295074122518823,4.01230323613963
12073000303,9.28562629705681,4.009091701574264
12073000400,9.332757351813826,4.004258757015743
12073000500,9.368959378507871,4.010697848049281
12073000600,9.39711379945243,4.01723725393566
12073000700,9.413973388774812,4.031185785763176
12073000800,9.424054461327858,4.034368778918549
12073000901,9.401206382614648,4.04240073853525
12073000903,9.354171470225873,4.029010504449008
12073000904,9.353058429158111,4.032233301163587
12073000905,9.303239741273101,4.01931884257358
12073001001,9.297766980150582,4.008641689938398
12073001002,9.276284703627652,3.993034318959617
12073001101,9.305663274469541,3.992688378507871
12073001102,9.267923540041068,3.995789771389459
12073001200,9.34019641889117,4.000338783709788
12073001300,9.375235466119096,4.006048590691307
12073001401,9.412741150581793,4.020294224503764
12073001402,9.425440420260096,4.018530423682409
12073001500,9.448569672826831,4.024972405201916
12073001601,9.471522924024641,4.046407720054757
12073001602,9.528660171115674,4.071375366872006
12073001700,9.466426488706366,4.064287307323751
12073001801,9.212525770704997,3.978670900068446
12073001802,9.218465959616701,3.99568374880219
12073001901,9.312923097193703,3.986709921971253
12073001902,9.30971442642026,3.98567835523614
12073002003,9.368155370294319,3.971754893908282
12073002004,9.379665908281999,3.989748758384668
12073002005,9.391315952087611,4.00517412936345
12073002006,9.363838513347023,4.000897211498973
12073002101,9.443648054757016,4.017943668035592
12073002103,9.420630839835729,4.012358417522245
12073002104,9.418184735112936,4.006213328542094
12073002201,9.441298661875428,4.011778466803559
12073002205,9.476698273785079,4.037076227926078
12073002206,9.523228554414784,4.062324105407255
12073002207,9.50658598973306,4.054275697467488
12073002208,9.557634177960301,4.075707859685147
12073002302,9.700643287474333,4.159963719370294
12073002303,9.508405945927447,4.068209171800137
12073002304,9.3930006091718,4.008984751540041
12073002403,9.490874846680356,4.07388690349076
12073002408,9.603569367556468,4.12533280971937
12073002410,9.513279209445585,4.086139117727584
12073002411,9.840678575633128,4.222053984257358
12073002412,9.717821441478439,4.175089973990418
12073002413,9.783822551676934,4.20189798220397
12073002414,9.5517406091718,4.10419988569473
12073002415,9.559676716632444,4.109429904859685
12073002416,9.574870800821355,4.104708981519507
12073002417,9.657994629705681,4.138378520876112
12073002505,9.391770698151951,4.053352679671458
12073002507,9.212277984257358,4.034746134154689
12073002508,9.540135665982204,4.139166577686516
12073002509,9.302728483915127,4.022542524982888
12073002510,9.240309383983573,4.024272663928816
12073002511,9.442826937029432,4.078048707049966
12073002512,9.360828121149897,4.060101998631075
12073002513,9.285462725530459,4.035050238877481
12073002603,9.011447359342916,3.957172339493498
12073002604,8.906955017111567,3.948672744010951
12073002605,9.161372605065024,4.007355285420945
12073002606,9.059417186173854,3.980864752224504
12073002701,9.10257458110883,3.967405412731006
12073002702,8.8941640862423,3.96273060164271
12075970101,7.445716206023272,3.208809928131417
12075970102,7.39733640109514,3.24292140109514
12075970200,7.312616160848734,3.275866043805613
12075970301,7.146617034907598,3.264153794661191
12075970302,7.36086755578371,3.338146253251198
12075970400,7.073182529089665,3.155920997262149
12075970500,7.306754437371663,3.178162928131417
12075970600,7.36633617522245,3.182468278576318
12075970700,7.182772683093771,3.092374360711841
12077950100,8.327983947980835,3.910474326488706
12077950200,8.406918041067762,3.974601419575633
12079110100,8.901768529774127,3.88516842642026
12079110200,8.701074334017796,3.884637046543463
12079110301,8.720935461327858,3.852429789185489
12079110302,8.609024916495551,3.84030434017796
12079110400,8.437185320328542,3.784294086926762
12081000101,7.075505702258727,2.737259392881588
12081000103,7.081181752224504,2.74675423340178
12081000105,7.078452121149897,2.753527650239562
12081000106,7.107276311430527,2.760244064339494
12081000201,7.064310230663929,2.757206144421629
12081000202,7.096613761806982,2.768324446954141
12081000304,7.06858466255989,2.765759702258727
12081000305,7.091968360027378,2.777315088980151
12081000306,7.053627084873374,2.766900377823409
12081000307,7.0118396954141,2.748532381245722
12081000308,6.997739857631759,2.753952272416153
12081000309,7.008641222450376,2.745190409993155
12081000310,7.035234185489391,2.751717029431896
12081000403,6.900522409993155,2.695205813141684
12081000405,6.992086674195756,2.71675613963039
12081000406,6.973050568104038,2.724578466119096
12081000407,6.93942751266256,2.707068952772074
12081000408,6.926535306639288,2.712049343600274
12081000501,7.029401392881588,2.729133300479124
12081000503,7.020522260095825,2.73433502532512
12081000504,7.018053667351129,2.739605413415469
12081000601,7.064648706365503,2.735324531143053
12081000603,7.055246859685147,2.743774378507871
12081000604,7.046730388090349,2.746983511293634
12081000703,7.111012012320328,2.751608743326489
12081000704,7.130701368240931,2.755440173853525
12081000705,7.160152608487337,2.778878586584531
12081000803,7.145226854893908,2.781645484599589
12081000804,7.179626384668036,2.798903546885695
12081000805,7.112819223819302,2.788660585900068
12081000807,7.16781835797399,2.805857963039014
12081000808,7.154784373716632,2.806314232717317
12081000809,7.139567074606434,2.812266801505818
12081000810,7.149610822039699,2.816660359342916
12081000901,7.037430136208077,2.767755460643395
12081000902,7.055201485284052,2.781723339493498
12081001000,6.985310952772074,2.75010927926078
12081001104,6.909562947296372,2.719643800821355
12081001105,6.977882523613963,2.734132485284052
12081001106,6.924939528405202,2.719543231348392
12081001107,6.810064605749487,2.678390223819302
12081001108,6.797558420944558,2.681188368925394
12081001202,7.005545981519507,2.712631069130732
12081001203,6.937515541409993,2.688519257357974
12081001204,6.838598440793977,2.660616464750171
12081001300,7.047411370294319,2.714489935660506
12081001402,6.964734780971937,2.67441946954141
12081001403,7.035636731690623,2.694321822724162
12081001404,7.039584199178645,2.687157569472964
12081001501,7.087221742642026,2.707773058863792
12081001502,7.098157850102669,2.727535253251198
12081001601,7.02791923613963,2.669544367556468
12081001602,7.064767092402464,2.650103211498973
12081001701,6.707656963039014,2.650192268309377
12081001703,6.74492476659822,2.692671546885695
12081001704,6.773679930869268,2.710652655030801
12081001800,6.676432260095825,2.605613637234771
12081001904,7.11302676386037,2.724089835728953
12081001907,7.126862876796715,2.723678815195072
12081001908,7.129558602327173,2.729642887748118
12081001909,7.134987901437372,2.750343915126626
12081001910,7.129749457905544,2.737748280629706
12081001911,7.122844753593429,2.72313841889117
12081001912,7.110389908281999,2.685294321013005
12081001913,7.068329327173169,2.752519800136892
12081001914,6.890205882272416,2.731285013689254
12081002003,7.173268813141684,2.774036054072553
12081002005,7.171530279945243,2.810947528405202
12081002007,7.039764583162218,2.795237417522245
12081002008,7.151237999315537,2.815204016427105
12081002010,6.721662271047228,2.821825735797399
12081002011,7.187065140314853,2.788155090349076
12081002012,7.196233039014374,2.803531773442847
12081002013,7.163740930869268,2.780457897330596
12081002014,7.074133863791923,2.775211382614648
12081002015,7.040188001368925,2.816066645448323
12081002016,7.111135478439425,2.819065884325804
12081002017,7.139790700889802,2.821216460643395
12083000100,7.385362483915127,3.16244612936345
12083000200,7.340092128678987,3.122179006160164
12083000301,7.370821978097194,3.138234913073238
12083000302,7.436934288843258,3.166431845995893
12083000401,7.140065704312115,3.038322549623546
12083000402,7.112654467488022,3.010790240930869
12083000501,6.958832795345654,2.939388479123888
12083000502,6.820174861738535,2.897985655715264
12083000601,6.828960271047228,2.900167678302532
12083000602,7.008740728952772,2.969750522245038
12083000604,6.812216077344285,2.840760752224504
12083000605,7.008537234770705,2.955237438056126
12083000701,7.15117037577002,3.009539828199863
12083000702,7.233421861738535,3.038206600958248
12083000801,7.4024284366872,3.115543459958932
12083000802,7.404665044490075,3.122865907597536
12083000901,7.577639016427105,3.213104128678987
12083000902,7.490070633127994,3.165805657084189
12083001003,7.47175205338809,3.181556158795346
12083001004,7.523589665297741,3.195437993839836
12083001005,7.550982468172485,3.213515405201916
12083001006,7.60633339835729,3.239696908281999
12083001007,7.582443853524983,3.223303880219028
12083001008,7.566351036960986,3.22824565982204
12083001102,7.479303387405886,3.162302137577002
12083001103,7.467977822039699,3.163309247775496
12083001104,7.50727351266256,3.175928207392197
12083001204,7.442690578370979,3.154405712525667
12083001205,7.294483046543463,3.082125631759069
12083001206,7.318203350444901,3.088918660506502
12083001207,7.420421749486653,3.146604832991102
12083001208,7.443016798767967,3.15627579192334
12083001301,7.466388615331964,3.170960650924025
12083001302,7.267742002053388,3.087817115674196
12083001401,7.539319722792608,3.203104140999316
12083001402,7.471924889801506,3.172488616016427
12083001500,7.54394858384668,3.205320829568788
12083001600,7.623422333333333,3.245008759753593
12083001700,7.614424492813142,3.234868944558522
12083001800,7.597480732375086,3.226822064339494
12083001900,7.588221062970568,3.219419774811773
12083002001,7.553375305954826,3.202269428473648
12083002002,7.5210981724846,3.192401972621492
12083002100,7.536824241615332,3.197576095140315
12083002201,7.442385557837098,3.157499429842574
12083002202,7.488072238877481,3.172040537303217
12083002203,7.48830904312115,3.173873597535934
12083002301,7.584258402464066,3.219678502395619
12083002302,7.556144474332649,3.204210681040383
12083002401,7.648952899383984,3.245075502395619
12083002402,7.611584128678987,3.227870366872006
12083002502,7.613713820670773,3.242951793292266
12083002503,7.526441219028063,3.202484875427789
12083002504,7.598359865160849,3.235278852156058
12083002601,7.415720169746749,3.188784099931554
12083002602,7.48376068788501,3.204188321697468
12083002604,7.500904303216975,3.212074260095825
12083002605,7.547665223819302,3.227173954825462
12083002606,7.560183780971937,3.223191514031485
12083002701,7.298130184804928,3.148704232032854
12083002702,7.405947977412731,3.173061384668036
12083980000,6.745103059548255,2.835709484599589
12083980100,6.991111798083504,2.926824460643395
12085000100,5.862411409993155,2.597959281314168
12085000200,6.033950343600274,2.673302234770705
12085000300,6.105133681040383,2.681385363449692
12085000400,6.0474213908282,2.665743539356605
12085000501,6.021707037645448,2.651250143737166
12085000502,5.947928140314853,2.617567011635866
12085000603,6.127764828884326,2.649972711841205
12085000604,6.128615143052704,2.636818876112252
12085000606,6.165349240246407,2.676515853524983
12085000607,6.13956758110883,2.663134056125941
12085000610,6.123513440793977,2.664846377138946
12085000700,6.080188145106092,2.647099311430527
12085000800,6.045053452429843,2.643698543463381
12085000901,5.987899611909651,2.616687431895962
12085000902,6.003490013689254,2.633754197809719
12085001000,6.053142874743326,2.633421103353867
12085001102,5.988593729637235,2.54682247980835
12085001103,6.100979737166324,2.618173823408624
12085001104,6.045328589322382,2.613304335386721
12085001200,5.976447544832307,2.591688332648871
12085001301,5.960537943189596,2.594643126625599
12085001302,5.897371973305955,2.572112366872006
12085001404,5.812680457221082,2.470383728268309
12085001406,5.769376986310746,2.480187811772758
12085001407,5.840704703627652,2.518435480492813
12085001408,5.798284057494866,2.49010795687885
12085001409,5.926132791238878,2.555469149212868
12085001410,5.900008685831622,2.553471900068446
12085001500,5.763396119780972,2.475173659137577
12085001601,5.781697240930869,2.407808443531828
12085001602,5.901628633127994,2.45494767761807
12085001700,6.15170662422998,2.579522054072553
12085001801,6.22095267008898,2.647631264887064
12085001802,6.200861848049281,2.65752774880219
12085990100,6.146438757700205,2.65708023340178
12086000107,6.682354028062971,2.324647273100616
12086000109,6.804027700205339,2.340488388090349
12086000113,6.735871880903491,2.330021817932923
12086000115,6.616054192334018,2.310019328542094
12086000118,6.623846425051335,2.311655914442163
12086000119,6.691587056810404,2.320220431211499
12086000120,6.881899471594798,2.347095112251882
12086000121,6.652588527720739,2.3111485633128
12086000122,6.648371764544832,2.312537915811088
12086000123,6.64097236550308,2.312313815879535
12086000124,6.950838401779603,2.356776057494866
12086000125,6.675233143052704,2.321584617385352
12086000126,6.634594077344285,2.312855841204654
12086000127,6.741884254620123,2.329163996577686
12086000128,6.812401434633812,2.343810181382615
12086000129,6.717127897330596,2.325470514715948
12086000130,6.66851431485284,2.320929880903491
12086000131,6.760791563997262,2.334841065708419
12086000132,6.782881437371663,2.334760134839151
12086000133,6.67384851266256,2.313887698151951
12086000134,6.755004073237509,2.3283090862423
12086000140,6.650257983572895,2.318715585215606
12086000202,6.95367117522245,2.364597414099932
12086000204,7.15702237577002,2.403136939767283
12086000206,6.956810483915127,2.364760557837098
12086000209,6.966456287474333,2.365114925393566
12086000211,6.872265636550308,2.351117038329911
12086000212,6.894274448323066,2.354272399726215
12086000213,7.074153381245722,2.385048436002738
12086000214,6.994478336755647,2.371073741273101
12086000215,7.093269121149897,2.388659391512663
12086000216,7.062169776180698,2.381549477754962
12086000217,7.02394364202601,2.370443656399726
12086000218,7.069608024640657,2.380606160848734
12086000219,7.055213542778918,2.372545788501027
12086000220,7.027070387405886,2.371670150581793
12086000301,7.178722494182067,2.406787492813142
12086000302,7.226183957563313,2.41401371321013
12086000305,7.134503223819302,2.39137838329911
12086000306,7.1440316091718,2.388268855578371
12086000307,7.232944404517454,2.408781855578371
12086000308,7.19041758384668,2.402512811088296
12086000402,7.373243684462697,2.452097223819302
12086000403,7.383695507186858,2.449744452429843
12086000404,7.394882108145106,2.443627951403148
12086000405,7.301974177960301,2.424856375085558
12086000408,7.334231259411362,2.414759594798084
12086000409,7.300716976728268,2.418254020533881
12086000410,7.305378680355921,2.423214875427789
12086000411,7.316716301848049,2.417023666666667
12086000412,7.412017026009582,2.444377944558522
12086000413,7.325979214921287,2.433227773442847
12086000414,7.287448425735797,2.427985258042437
12086000501,7.482533196440794,2.477255246406571
12086000503,7.488886449691992,2.468977075975359
12086000504,7.463285342231348,2.467560108145106
12086000505,7.542273778234086,2.488390145106092
12086000601,7.563491991786448,2.493017124572211
12086000602,7.572355600958248,2.503571507186858
12086000603,7.581590976043806,2.501616941820671
12086000604,7.562857504449008,2.488428462696783
12086000605,7.562268424366872,2.484470440109514
12086000607,7.599320054757016,2.50682120807666
12086000608,7.602977397672827,2.501966567419576
12086000705,7.624094386036961,2.538824230663929
12086000706,7.630924825462012,2.529797085557837
12086000707,7.615803503080082,2.525438327173169
12086000708,7.616020563997262,2.52265938329911
12086000709,7.654941422313484,2.539366913073238
12086000710,7.640530433264887,2.529432189596167
12086000711,7.634568853524983,2.523684002737851
12086000712,7.633470823408624,2.521958692676249
12086000804,7.599417014373717,2.501833144421629
12086000805,7.563685409308693,2.482893754277892
12086000806,7.588519058863792,2.502275495550992
12086000807,7.591217563997262,2.506063763175907
12086000808,7.610146648870637,2.509568733744011
12086000901,7.491412107460643,2.466275346338125
12086000902,7.493376856947296,2.461231991786448
12086000903,7.490691991786448,2.454520684462697
12086001002,7.330357338809035,2.412159138945927
12086001003,7.407692620807666,2.431668439425051
12086001004,7.332858452429843,2.40381509650924
12086001005,7.291999650924025,2.400095015742642
12086001006,7.201561592060233,2.381285323750856
12086001101,7.175128359342916,2.391315717316906
12086001102,7.21498653045859,2.397150419575633
12086001103,7.226498668035592,2.391655453798768
12086001104,7.154341540041068,2.375840785078713
12086001203,7.003505650924025,2.359302546201232
12086001204,6.934354485284052,2.352084169062286
12086001205,7.095835156057495,2.371087507871321
12086001206,7.01701193908282,2.354391400410678
12086001301,7.047567339493498,2.350823293634497
12086001302,7.061275272416153,2.346078486652977
12086001401,7.191312045859001,2.365886562628337
12086001402,7.14146544421629,2.363953761806982
12086001501,7.31555712936345,2.390691370294319
12086001502,7.38545220807666,2.413170348391513
12086001602,7.517050493497604,2.463363206707734
12086001603,7.534070867214237,2.473526687200548
12086001605,7.603170475017112,2.503471079397673
12086001606,7.565718061601643,2.489577613278576
12086001701,7.466164186173854,2.440576001368925
12086001702,7.413406370294319,2.418062439425051
12086001703,7.390000720054757,2.406944338124572
12086001801,7.370258327173169,2.404966745379877
12086001802,7.324712354551677,2.379524840520192
12086001803,7.365929310746064,2.395596235455168
12086001901,7.257070266255989,2.375719535934292
12086001903,7.301351238193018,2.380762900752909
12086001904,7.256980968514716,2.364135351129363
12086002001,7.150866926078029,2.357877457905544
12086002003,7.188533824093087,2.355002501026694
12086002004,7.119796137577002,2.342627780971937
12086002100,7.045445296372348,2.326323761122519
12086002201,7.10210868514716,2.331321507186858
12086002202,7.16849821560575,2.33933442642026
12086002300,7.245910889801506,2.354115747433265
12086002402,7.270717214236824,2.358094847364819
12086002403,7.334466187542779,2.380371389459274
12086002404,7.289075016427105,2.36322739835729
12086002501,7.21224864476386,2.336532475701574
12086002502,7.189860819301848,2.331738258726899
12086002600,7.101060687200548,2.317117041752224
12086002702,7.0194684770705,2.299600364818617
12086002703,6.922688613963039,2.297577504449008
12086002705,7.017448869267625,2.315450783025325
12086002706,7.012276937713895,2.304479344284736
12086002800,7.074204178644764,2.303297373716632
12086002900,7.173660127310062,2.319075550992471
12086003001,7.114059622861054,2.306679684462697
12086003003,7.228633009582478,2.347907833675565
12086003004,7.165664319644079,2.32322981724846
12086003100,7.073090654346338,2.299406872005476
12086003400,7.026543752908966,2.300175074606434
12086003601,6.996219103353867,2.302930070499658
12086003602,7.010249547570157,2.3075826954141
12086003702,6.948716843942505,2.293253841889117
12086003703,6.896688263518138,2.289825808350445
12086003704,6.914647191649555,2.296372739219712
12086003705,6.927607789869952,2.297814535249829
12086003706,6.948110138945927,2.295249410677618
12086003707,6.926842210814511,2.292367375085558
12086003801,6.769570221081451,2.327131525667351
12086003803,6.68432723340178,2.316961546201232
12086003804,6.688673739219712,2.316268191649555
12086003906,6.68193575633128,2.303028373716632
12086003909,6.647411366872006,2.306171930869268
12086003911,6.688707503080082,2.312610249828884
12086003912,6.739533819986311,2.31527576659822
12086003913,6.679567310061602,2.309111132785763
12086003914,6.657606348391513,2.305440715947981
12086003915,6.741225420260096,2.315438213552361
12086003916,6.78839520807666,2.320855667351129
12086003917,6.85666659137577,2.329063501711157
12086003918,6.91109603559206,2.334029349075975
12086003919,6.615732344969199,2.294172619438741
12086003921,6.623881162902122,2.298741776865161
12086003922,6.606798175906913,2.292269561943874
12086004000,6.678872535249829,2.297097796714579
12086004102,6.747496838466804,2.286712852156058
12086004103,6.585414239561944,2.283952871321013
12086004105,6.59914026899384,2.281791082135524
12086004106,6.667487158795346,2.290908407255305
12086004203,6.675347315537303,2.28392746954141
12086004204,6.656043106776181,2.286782915811088
12086004205,6.59191868788501,2.278572133470226
12086004206,6.606658338124572,2.284124774811773
12086004301,6.648951924709103,2.279572635865845
12086004303,6.581389722108145,2.277433549623546
12086004304,6.627924163586584,2.277899620807666
12086004403,6.575824942505134,2.276774927446954
12086004404,6.5578815633128,2.272384804928131
12086004405,6.601517354551677,2.278027290896646
12086004406,6.622687062286105,2.279416281998631
12086004500,6.549366074606434,2.269890866529774
12086004602,6.36152694934976,2.275818047227926
12086004605,6.377592663244353,2.26791728678987
12086004607,6.34685311430527,2.270788134154689
12086004608,6.361247727583847,2.272244355920602
12086004701,7.615553032854209,2.51747027926078
12086004702,7.563662167008898,2.503443026009582
12086004703,7.530232208761122,2.477151545516769
12086004901,7.397172534565366,2.432713850787132
12086004902,7.329225060232717,2.419813635181383
12086005001,7.327497452429843,2.396006413415469
12086005002,7.279266637234771,2.385626746748802
12086005102,7.16238994661191,2.33087267761807
12086005103,7.217834125256674,2.358858660506502
12086005104,7.244474325804244,2.363757841889117
12086005201,7.110248657084189,2.325172136892539
12086005202,7.069580396303901,2.312407364134155
12086005302,7.038856082135524,2.314940952772074
12086005303,7.086655916495551,2.329800273785079
12086005304,7.068124822039699,2.327317219712526
12086005403,7.206094164271047,2.361470267624914
12086005405,7.180248673511294,2.352710526351814
12086005406,7.145211260095825,2.339159891170431
12086005407,7.160659458590007,2.35802873100616
12086005409,7.128569839151266,2.341471553730322
12086005410,7.111518026694045,2.342262778234086
12086005501,7.25391292881588,2.386892936344969
12086005502,7.222021760438056,2.384328611909651
12086005600,7.298810303901437,2.415675419575633
12086005701,7.435281173169062,2.480053346338125
12086005703,7.407490285420945,2.446412483915127
12086005704,7.39950762422998,2.452307772073922
12086005801,7.376160531143053,2.452171264887064
12086005802,7.40314585284052,2.483062476386037
12086005901,7.371305739904175,2.469524075290897
12086005902,7.39235757357974,2.486304865160849
12086005903,7.36490078439425,2.486493893223819
12086005904,7.347027227241615,2.466280011635866
12086006001,7.29290261670089,2.465730303901437
12086006002,7.31455128678987,2.478544701574264
12086006101,7.312667885010267,2.441389284052019
12086006102,7.249314410677618,2.43563831485284
12086006201,7.261535759069131,2.415495324435318
12086006203,7.177165432580424,2.403582062970568
12086006205,7.237131798083504,2.401469140999316
12086006206,7.218493945927447,2.406273367556468
12086006301,7.188410107460643,2.378007898015058
12086006302,7.159167764544832,2.379766926762491
12086006401,7.127614359342916,2.359226113620808
12086006402,7.086349186173854,2.345399942505134
12086006403,7.040522252566735,2.328403905544148
12086006501,7.085352699520876,2.354907612594114
12086006503,7.051347166324435,2.342352818617385
12086006504,7.006818307323751,2.330115073237509
12086006601,6.981637346338125,2.316032950034223
12086006602,6.930362830937714,2.302999047227926
12086006702,6.909139802874743,2.306691429842574
12086006705,6.8516093045859,2.300680076659822
12086006706,6.827598021902806,2.301323609856263
12086006707,6.846404268309377,2.292907127310062
12086006709,6.870468231348392,2.292002028062971
12086006711,6.858011006160164,2.292202745379877
12086006713,6.851175526351814,2.294668440793977
12086006714,6.844382566735113,2.29533898973306
12086006801,6.985785093086927,2.354229355920602
12086006802,6.926764384668036,2.330538171115674
12086006900,7.012943836413416,2.347153928131417
12086007001,7.111384514715948,2.376329490075291
12086007002,7.095862224503764,2.384532714579055
12086007101,7.05277234017796,2.378218864476386
12086007103,7.005753065708419,2.367728314168378
12086007104,7.02893050513347,2.368735470910335
12086007200,7.052033223819302,2.39125323613963
12086007300,7.003107482546201,2.381166170431212
12086007400,7.131659976728268,2.409337034223135
12086007501,7.18087167761807,2.431470990417522
12086007503,7.08124598220397,2.412527082819986
12086007601,7.215931166324435,2.448257237508556
12086007603,7.126015932238193,2.435292366872006
12086007604,7.068822370978782,2.431576928131417
12086007605,7.213975429842574,2.459010536618754
12086007606,7.19026507871321,2.449577819986311
12086007701,7.353050422997947,2.501148319644079
12086007702,7.254236637234771,2.476499167693361
12086007704,7.12837537303217,2.44993093155373
12086007705,7.122486431211499,2.452873594113621
12086007801,6.903847948665298,2.395028595482546
12086007804,7.047625969883641,2.438789386036961
12086007805,7.029702403148528,2.436583920602327
12086007806,6.934711896646133,2.407238052703628
12086007807,6.988799532511978,2.426835786447639
12086007901,7.031912743326489,2.405954973990418
12086007902,7.000583841204654,2.405822999315537
12086008000,6.813808927446954,2.375571563997262
12086008101,6.841163089664613,2.394283318959617
12086008102,6.901076711841205,2.411647170431212
12086008202,6.764522795345654,2.386971978097194
12086008205,6.778425767967146,2.387254167693361
12086008206,6.83815854825462,2.403983004791239
12086008207,6.732146462696783,2.378969296372348
12086008208,6.714998676933607,2.374297683093771
12086008209,6.689490839151266,2.368019856262834
12086008304,6.903553178644764,2.416994522245038
12086008305,6.887419543463381,2.413526659137577
12086008306,6.812950948665298,2.394720075975359
12086008307,6.850968255304586,2.401106729637235
12086008308,6.760960696098563,2.379201310061602
12086008309,6.742003606433949,2.375786548939083
12086008405,7.065412629021218,2.454092420260096
12086008407,7.149325997262149,2.468929079397673
12086008409,6.947413110882957,2.426899763175907
12086008410,7.093293655030801,2.469927403148528
12086008412,7.14748592881588,2.478962642710472
12086008414,6.991925696098563,2.44488480698152
12086008415,6.976349279945243,2.437347674195756
12086008416,7.102932574264203,2.465310308692676
12086008417,7.088536800136892,2.464200437371663
12086008418,7.174385871321013,2.487379707049966
12086008419,7.153900555099247,2.476366094455852
12086008501,7.298712902806297,2.499016924024641
12086008502,7.228378635181383,2.482628431211499
12086008601,7.262037887748118,2.499015703627652
12086008602,7.213645572895277,2.491960906913073
12086008701,7.283403742642026,2.514159052703628
12086008702,7.307939447638604,2.512874275838467
12086008803,7.341547069130732,2.528485670773443
12086008804,7.367247256673511,2.523938045174538
12086008805,7.371556058863792,2.507549166324435
12086008806,7.369645770020534,2.512041830937714
12086008901,7.394567114989733,2.503581816563997
12086008902,7.417648633812457,2.518307720054757
12086008904,7.392031787816564,2.538880568788501
12086008906,7.399524646132786,2.526129585900068
12086008907,7.416775866529774,2.532311204654346
12086009006,7.444368882956879,2.520050844626968
12086009010,7.525768925393566,2.549773765913758
12086009014,7.482954036276523,2.518493499657769
12086009015,7.453250368240931,2.52854553045859
12086009017,7.441730453798768,2.548141845995893
12086009019,7.434656484599589,2.533298850787132
12086009020,7.42236405338809,2.54032887063655
12086009021,7.414881429158111,2.543970316906229
12086009022,7.408474165639973,2.551033138945927
12086009023,7.439985788501027,2.550217966461328
12086009024,7.490933267624914,2.535818935660506
12086009026,7.484098181382615,2.528166748117728
12086009027,7.486342930869268,2.532372925393566
12086009028,7.487361704312115,2.545324859000684
12086009029,7.463529545516769,2.542814936344969
12086009030,7.500018354551677,2.521898439425051
12086009031,7.49293272073922,2.519887742642026
12086009034,7.574081731690623,2.565039284052019
12086009035,7.611752848733744,2.555818340862423
12086009036,7.54794566255989,2.576200668720055
12086009038,7.532971414099932,2.571183093086927
12086009039,7.522448642710472,2.568453273100616
12086009040,7.599367542094456,2.562851700889802
12086009043,7.564517244353183,2.582519064339494
12086009044,7.548820661875428,2.581520770704997
12086009046,7.577890427789186,2.579078806297057
12086009047,7.565683763175907,2.580275862422998
12086009100,7.573971013689254,2.523647551676934
12086009200,7.599406440109514,2.517000249828884
12086009305,7.552151125256674,2.507138789185489
12086009306,7.580897577686516,2.521878273785079
12086009307,7.575061912388775,2.512946596167009
12086009308,7.587717203969884,2.510356412731006
12086009309,7.600850628336756,2.527626636550308
12086009311,7.610530227926078,2.521168702258727
12086009312,7.532583206707734,2.49455147980835
12086009313,7.512309730321698,2.500288250513347
12086009314,7.601738608487337,2.52942960164271
12086009315,7.601614958932238,2.534064270362765
12086009400,7.419790228610541,2.465221553730322
12086009501,7.227311647501711,2.416263151950719
12086009503,7.359572654346338,2.448866907597536
12086009504,7.289891919233402,2.433028979466119
12086009600,7.129113813826146,2.394770275154004
12086009703,6.823807289527721,2.337329885010267
12086009704,6.856123095140315,2.34649515742642
12086009705,6.940197453114305,2.358942994524298
12086009706,6.978720453114305,2.365407898015058
12086009803,6.981382489390828,2.365147438740589
12086009804,6.969046593429158,2.361975639288159
12086009806,7.037783212183436,2.376354537303217
12086009807,7.080957490075291,2.38445133744011
12086009808,7.077830220396988,2.386150105407255
12086009901,7.20116072347707,2.407370048596852
12086009903,7.325135969883641,2.439853960985626
12086009904,7.28931081724846,2.428158986995209
12086009905,7.252623002053388,2.421391240930869
12086009906,7.204569350444901,2.411602564681725
12086010001,7.36844079945243,2.452717179329227
12086010005,7.482332645448323,2.479122009582478
12086010006,7.462920715947981,2.474678432580424
12086010009,7.42519934770705,2.461464741957563
12086010010,7.448737295003422,2.471403801505818
12086010011,7.390371052019165,2.458458290212183
12086010012,7.390266238193018,2.454874930869268
12086010013,7.474317026009582,2.478225184120465
12086010015,7.419395849418207,2.464644765913758
12086010016,7.456045271731691,2.470839034907598
12086010193,6.988263728952772,2.463317377823409
12086010198,6.870520066392882,2.422036424366872
12086010201,6.678242058179329,2.34068140109514
12086010204,6.705746595482546,2.357452758384668
12086010205,6.689281644079398,2.356836464750171
12086010207,6.680027628336756,2.360833869952088
12086010208,6.685131562628337,2.358525104722793
12086010209,6.643928848733744,2.338759492128679
12086010210,6.632508298425736,2.338186515400411
12086010300,6.560410030116359,2.289000067761807
12086010400,6.564374125256674,2.301869650924025
12086010500,6.536638145790554,2.30696225119781
12086010604,6.62029207871321,2.351924880903491
12086010606,6.62194436550308,2.348225953456537
12086010608,6.575500275154004,2.340893353182752
12086010609,6.580669114989733,2.33046670568104
12086010610,6.575810168377823,2.345504861054073
12086010612,6.529266075975359,2.327502579055442
12086010613,6.510667023271732,2.331260548939083
12086010614,6.517776477754962,2.311279295003422
12086010617,6.47916524366872,2.310588847364819
12086010703,6.4792028678987,2.279053390143737
12086010704,6.327021266255989,2.265867690622861
12086010801,6.406012160848734,2.236279985626283
12086010802,6.457835023271732,2.251225633127994
12086010900,6.378252501711157,2.21187805065024
12086011001,6.336382819986311,2.178803097193703
12086011003,6.345479940451745,2.198594929500342
12086011005,6.353773553730322,2.21429350513347
12086011007,6.302598676933607,2.199984856262834
12086011008,6.338530934976044,2.226009229979466
12086011009,6.330902725530459,2.213592987679672
12086011101,6.314215379192334,2.155290174537988
12086011102,6.391963622176591,2.199339563997262
12086011201,6.352465223134839,2.184734880903491
12086011202,6.334751868583162,2.159154753593429
12086011300,6.290308947980835,2.145551527720739
12086011401,6.025986856947296,2.254598663244353
12086011403,6.256122403148528,2.173392228610541
12086011404,5.915561422997947,2.40223326146475
12086011500,6.31820199247091,2.455814133470226
12086011600,7.495037839835729,2.483164352498289
12086011700,7.478890260095825,2.476928741273101
12086011800,7.464741495550992,2.478046590691307
12086011900,7.461943795345654,2.480536652977413
12086012000,7.489435427104723,2.486523001368925
12086012100,7.489080527036276,2.487004728268309
12086012200,7.467405330595482,2.49464294661191
12086012300,7.437399967830253,2.48645846954141
12086012400,7.380438779603012,2.534715008898015
12086012500,7.464851732375086,2.547633545516769
12086012600,7.544955729637235,2.543965822039699
12086012700,7.49213523613963,2.525713525667351
12086012800,7.537482155373032,2.5248966954141
12086012900,7.569968617385352,2.53107434017796
12086013000,7.575373264887064,2.533318395619439
12086013100,7.544448969199179,2.535841580424367
12086013200,7.572171189596167,2.544552249144422
12086013300,7.580488963723477,2.548452850787132
12086013400,7.590788900752909,2.540457552361396
12086013500,7.595974213552361,2.53640706091718
12086013600,7.598418655030801,2.538265713894593
12086013700,7.632109392197125,2.545804392197125
12086013800,7.605029618069815,2.541770277207392
12086013900,7.597975067761807,2.550073786447639
12086014000,7.368845517453799,2.575228937713895
12086014100,7.309387446954141,2.563823779603012
12086014200,7.382881954825462,2.562922458590007
12086014300,7.403646082135524,2.56276022587269
12086014400,7.418708663928816,2.556514876796715
12086014500,7.371785951403148,2.55247007118412
12086014600,7.381678817932923,2.545645278576318
12086014700,7.35053945927447,2.546318245037645
12086014800,7.342608409993155,2.551247275838467
12086014900,7.324754442847365,2.55091610403833
12086015000,7.288366767967146,2.55189390622861
12086015100,7.141841453798768,2.537437273100616
12086015200,7.148709210814511,2.526813880219028
12086015300,7.225047657084189,2.53248299247091
12086015400,7.280656477754962,2.53933483504449
12086015500,7.319198770704997,2.533816453114305
12086015600,7.195592442162902,2.496893835728953
12086015700,7.205926268309377,2.505675142368241
12086015800,7.243857240930869,2.522020709787817
12086015900,7.229116663244353,2.519930277207392
12086016000,7.212386026694045,2.522344929500342
12086016100,7.190134170431212,2.52271500752909
12086016200,7.165498604380561,2.516224091033539
12086016300,7.135627185489391,2.515562728952772
12086016400,7.083113019849418,2.513784583162218
12086016500,7.062421864476386,2.502561166324435
12086016600,7.105080015058179,2.501872919233402
12086016700,7.127853653661875,2.504958207392197
12086016800,7.153376830937714,2.505439247091034
12086016900,7.163197334702259,2.507681661875428
12086017000,7.177102995893224,2.506494362765229
12086017100,7.189506273100616,2.50759762422998
12086017200,7.146537576317591,2.493128420260096
12086017300,7.1239641724846,2.490220580424367
12086017400,7.116913804243669,2.492583754277892
12086017500,7.106029011635866,2.496675135523614
12086017600,7.07650862422998,2.489155483915127
12086017700,7.060341514031485,2.489057621492129
12086017800,7.078778589322382,2.493336671457906
12086017900,7.03710379192334,2.492635279945243
12086018000,6.961173602327173,2.472036586584531
12086018100,7.040395470910335,2.47823311430527
12086018200,6.912062854209446,2.458343804928131
12086018300,7.02646068514716,2.476998653661875
12086018400,6.992966244353183,2.464956082135524
12086018500,7.010622464065708,2.466645065708419
12086018600,7.06767501779603,2.482891559890486
12086018700,7.014317048596852,2.464934763175907
12086018800,7.045392123887748,2.471399253251198
12086018900,7.025118822724162,2.461774517453799
12086019000,7.074293444900753,2.478292358658453
12086019100,7.085533729637235,2.475842585215606
12086019200,7.025962851471595,2.456655344284736
12086019300,6.919986481177276,2.426196418206708
12086019400,6.967883070499658,2.442565856262834
12086019500,6.909570725530459,2.426361648186174
12086019600,6.83926603559206,2.425058288843258
12086019700,6.798716391512663,2.398287057494866
12086019800,6.739616678986995,2.376075101984942
12086019900,6.76269945927447,2.378223636550308
12086020000,6.815303105407255,2.395951585215606
12086020100,6.842482789185489,2.406958874058864
12086020200,6.815720211498973,2.393976435318275
12086020300,6.745774939767283,2.373010755646817
12086490100,7.341501483230664,2.414426023271732
12086980100,5.823226361396304,2.290052136892539
12086980200,6.96848403559206,2.45157492881588
12086980300,7.117970984941821,2.42627219301848
12086980400,6.503644485968515,2.272962065023956
12086980500,7.499334092402464,2.478328206023272
12086980600,6.420735420260096,2.310116901437372
12086980700,6.330215407255305,2.248237830253251
12086980800,7.506876696098563,2.484058963039014
12086980900,6.979361856262834,2.490217998631075
12086981000,6.764254802874743,2.284787084188912
12087970200,5.760743411362081,2.3599004770705
12087970300,5.732097944558522,2.44987904312115
12087970400,5.733587162902122,2.480091572210814
12087970500,5.737379442162902,2.513983241615332
12087970600,5.742334774811773,2.544083048596852
12087970700,5.749596239561944,2.586928978781656
12087970800,5.756409709103354,2.628594761806982
12087970900,5.778881987679672,2.706354212183436
12087971001,5.877803144421629,2.904179021218344
12087971002,5.834707969883641,2.838731394934976
12087971100,5.895118629021218,2.926671669404518
12087971200,5.908225246406571,2.943514968514716
12087971300,5.91251806844627,2.951947822724162
12087971401,6.013474648870637,3.0597414770705
12087971402,6.005924176591376,3.038436302532512
12087971501,6.074778442162902,3.110875711841205
12087971502,6.049059446269678,3.079782816563997
12087971600,6.101111611225188,3.139595643394935
12087971700,6.136202122518823,3.185370037645448
12087971800,6.146263171115674,3.195611509240246
12087971900,6.144894475701574,3.195272001368925
12087972000,6.147035871321013,3.200112772073922
12087972100,6.150227206023272,3.202889780971937
12087972200,6.149777839151266,3.205121017111567
12087972300,6.150107325804244,3.20685698220397
12087972400,6.14898810403833,3.204307696783025
12087972500,6.120533110198494,3.219433585215606
12087972600,6.150734326488706,3.205395730321698
12087980000,5.950496116358658,2.635538480492813
12087980100,6.13470245174538,3.278412381245722
12089050101,7.703653436002738,2.917021027378508
12089050102,7.69766434770705,2.942545639288159
12089050201,7.692786592060233,2.780651953456537
12089050202,7.737443584531143,2.898380848733744
12089050203,7.735424376454483,2.856316301848049
12089050301,8.020579354551677,2.995497895277207
12089050302,7.991857909650924,2.931864446954141
12089050303,7.872914741957563,2.897832824093087
12089050400,7.983654496919918,3.142085331279945
12089050502,8.089646787132101,2.933488859000684
12089050503,7.97829457357974,3.023074578370979
12089050504,7.945932170431212,2.985339229979466
12091020100,8.757717392197125,4.158954995208761
12091020200,8.842116515400411,4.210869260780288
12091020301,8.792843506502396,4.187226158795346
12091020302,8.788896167008898,4.189858213552361
12091020400,8.795753238193018,4.196201924709103
12091020500,8.767065610540726,4.170608702258727
12091020600,8.72590146954141,4.152844264887064
12091020700,8.747376158110883,4.16957992128679
12091020800,8.583573544832307,4.09377820054757
12091020900,8.529609149897331,4.114186155373032
12091021001,8.423970504449008,4.071576971252567
12091021002,8.455165330595482,4.079483689938398
12091021101,8.527696075975359,4.1105335229295
12091021102,8.488949583162218,4.099130440793977
12091021200,8.48034305338809,4.083333555099247
12091021400,8.424091470225873,4.058821710472279
12091021501,8.3742043045859,4.035007319644079
12091021502,8.396412412731006,4.050348866529774
12091021600,8.431791710472279,4.045456707049966
12091021700,8.424480302532512,4.045337158110883
12091021801,8.409868208761122,4.02923107871321
12091021802,8.414156305270363,4.039018098562628
12091021900,8.351765581793292,4.012476732375086
12091022001,8.382806255304586,4.029141501711157
12091022002,8.36582458384668,4.022831676249144
12091022100,8.37247543394935,4.02059646201232
12091022300,8.380940985626283,4.032668460643395
12091022400,8.308561396988364,4.006091167008898
12091022500,8.322575554414784,4.009129482546201
12091022600,8.277478837097878,3.984395080082136
12091022700,8.283571650924025,3.991135932238193
12091022800,8.300860217659138,3.997483605065024
12091022900,8.285674448323066,3.97823762696783
12091023100,8.255700402464066,3.950204229295003
12091023200,8.228957493497604,3.959092957563313
12091023303,8.205520371663244,3.981746046543463
12091023304,8.230713073921971,4.002690834360027
12091023305,8.251789666666667,4.010822038329911
12091023306,8.265152480492813,4.002689384668036
12091023307,8.239574003422314,3.997190934291581
12091023308,8.221861015742642,4.005703167008898
12093910101,6.099037747433265,2.755974644079398
12093910102,6.100067599589322,2.763118169746749
12093910201,6.114494438056126,2.760014637234771
12093910202,6.12598785284052,2.75835253798768
12093910300,6.131208527720739,2.748339012320328
12093910401,6.134950822724162,2.719235690622861
12093910402,6.129065710472279,2.737480643394935
12093910403,6.13403325119781,2.733765854893908
12093910500,6.140853255989049,2.745501177275838
12093910601,6.137034394934976,2.752154598220397
12093910602,6.114789715263518,2.741068617385352
12093990000,6.104005553730322,2.694029395619439
12095010200,7.371764788501027,2.521849643394935
12095010300,7.387462660506502,2.549438554414784
12095010400,7.425777910335387,2.568960293634497
12095010500,7.425986008213552,2.564673136208077
12095010802,7.337046908966461,2.487679576317591
12095011000,7.349097150581793,2.521157689253936
12095011100,7.339397132785763,2.547726741957563
12095011200,7.364644835728953,2.547081597535934
12095011300,7.386498832991102,2.571598486652977
12095011600,7.458975912388775,2.616660561259411
12095011701,7.45204670294319,2.604037932922656
12095011702,7.453425436002738,2.607983840520192
12095012000,7.403595651608487,2.584254279945243
12095012100,7.400424952772074,2.597910134154689
12095012201,7.391938872005476,2.616446619438741
12095012202,7.400736316906229,2.611292492128679
12095012303,7.31672807871321,2.602592158110883
12095012304,7.348417323066393,2.619561015058179
12095012305,7.351846754962355,2.59998149486653
12095012306,7.352756366872006,2.580217724161533
12095012307,7.380965427104723,2.587251230663929
12095012401,7.36811948733744,2.563629531827515
12095012402,7.374072967830253,2.542669879534565
12095012403,7.389321491444216,2.554987545516769
12095012500,7.369583754962355,2.501758303901437
12095012600,7.377422082135524,2.514433010951403
12095012701,7.370093635865845,2.486249529089665
12095012800,7.308229869267625,2.460079744695414
12095012900,7.317173220396988,2.489183231348392
12095013201,7.27283187816564,2.532861274469541
12095013202,7.255115248459959,2.535364076659822
12095013300,7.31137800752909,2.554881119780972
12095013402,7.260133356605065,2.570938796030116
12095013403,7.279317412046544,2.552238697467488
12095013405,7.279232820670773,2.574710344969199
12095013406,7.28437181724846,2.563116485284052
12095013503,7.28959318275154,2.5709225229295
12095013505,7.266937769336071,2.598475923340178
12095013507,7.232753717316906,2.64871220054757
12095013508,7.293573279945243,2.599998120465435
12095013509,7.283124803559206,2.597450631074606
12095013510,7.295282976043806,2.583195140314853
12095013511,7.261995555099247,2.624665585900068
12095013512,7.282863798767967,2.621930796030116
12095013603,7.31293738329911,2.570278003422314
12095013604,7.318142474332649,2.587449160164271
12095013605,7.321056425735797,2.601928195756331
12095013606,7.302059864476386,2.654116847364819
12095013607,7.309590648186174,2.622273891854894
12095013701,7.354157404517454,2.577156240930869
12095013702,7.366043090349076,2.569674015058179
12095013801,7.387878701574264,2.597572876796715
12095013802,7.359078464065708,2.596905704312115
12095013803,7.348008362080767,2.599511165639973
12095013900,7.412292234770705,2.607745381930185
12095014000,7.389304681724846,2.630303890485968
12095014100,7.350707434633812,2.657490117727584
12095014200,7.387548080082136,2.68319063449692
12095014301,7.432849683093771,2.650152620807666
12095014302,7.405326109514032,2.662954327173169
12095014400,7.44372842642026,2.620633786447639
12095014502,7.463704184804928,2.64248462696783
12095014503,7.477757186858316,2.646820348391513
12095014504,7.480168005475702,2.666553812457221
12095014601,7.44925253798768,2.623129611909651
12095014605,7.477431281314168,2.641284239561944
12095014606,7.478812914442163,2.671779392881588
12095014607,7.469084061601643,2.685549940451745
12095014608,7.46205931485284,2.647666659137577
12095014609,7.477589839151266,2.666693150581793
12095014701,7.430183830937714,2.629367754277892
12095014702,7.430122058863792,2.645064034907598
12095014703,7.44436792881588,2.659840507186858
12095014704,7.446978651608487,2.679719850102669
12095014804,7.33391841615332,2.67069546954141
12095014805,7.393512169062286,2.648822336755647
12095014806,7.391106278576318,2.666693441478439
12095014807,7.418529212183436,2.668017729637235
12095014808,7.363584961670089,2.688763138261465
12095014809,7.33655835797399,2.706874674195756
12095014810,7.380688420260096,2.703678682409309
12095014811,7.416761260780288,2.704369871321013
12095014812,7.438541336071184,2.700150197809719
12095014813,7.381713467488022,2.720938019849418
12095014904,7.379550997946612,2.641712490759754
12095014906,7.310979259411362,2.65748333744011
12095014908,7.373252097193703,2.622706049965777
12095014909,7.356939235455168,2.640767710472279
12095015001,7.23752144421629,2.660964975359343
12095015002,7.257674156057495,2.6452561321013
12095015003,7.280044376454483,2.650309187542779
12095015004,7.296095193702943,2.625539668035592
12095015103,7.33288650513347,2.556881579055442
12095015104,7.339928737850787,2.537021033538672
12095015105,7.308732372347707,2.593115457221082
12095015106,7.341022203285421,2.578733490075291
12095015201,7.325825457221082,2.504617865160849
12095015202,7.356125585215606,2.509723299110198
12095015300,7.341603585900068,2.473669604380561
12095015402,7.316862044490075,2.448028907597536
12095015501,7.294943399726215,2.471989425051335
12095015601,7.263609301848049,2.472084165639973
12095015602,7.24695457357974,2.472207589322382
12095015701,7.279850027378508,2.458388574264203
12095015702,7.258774449007529,2.470452587953456
12095015801,7.286378885010267,2.439802239561944
12095015802,7.273831807665982,2.458086319644079
12095015901,7.28690332991102,2.415993904175222
12095015902,7.310502644079398,2.433910879534565
12095016001,7.285373761806982,2.437898266940452
12095016002,7.277843590006845,2.451994461327858
12095016100,7.295565138261465,2.450980120465435
12095016200,7.264304327173169,2.479951147843942
12095016301,7.253398108145106,2.476293325119781
12095016302,7.231436267624914,2.499824247775496
12095016402,7.253816575633128,2.513254191649555
12095016406,7.250796701574264,2.502508239561944
12095016407,7.225251831622177,2.515776311430527
12095016408,7.189097477754962,2.518594216290212
12095016409,7.153424292950034,2.539537585900068
12095016410,7.205488757700205,2.528203207392197
12095016411,7.178332086926762,2.546273019164956
12095016412,7.147563650239562,2.54649180698152
12095016503,7.084308806297057,2.564085005475702
12095016504,7.109995407255305,2.558594660506502
12095016505,7.114769562628337,2.566644866529774
12095016507,6.978663173853525,2.588429637234771
12095016508,7.015829170431212,2.585280122518823
12095016509,6.963484382614648,2.606405906913073
12095016510,7.068888611909651,2.56898837577002
12095016511,7.075109490759754,2.577728771389459
12095016601,6.604272241615332,2.658383122518823
12095016602,6.720922027378508,2.646614026009582
12095016704,6.622090443531828,2.667710926762491
12095016709,7.224255661190965,2.606317232717317
12095016710,7.171331392881588,2.615768309377139
12095016712,7.218739759069131,2.546501420260096
12095016713,7.171660932922656,2.562936938398357
12095016714,7.202789448323066,2.563990514031485
12095016715,7.232420544832307,2.580775303216975
12095016716,7.189732478439425,2.591691085557837
12095016717,7.149747413415469,2.59795511156742
12095016723,7.120266054757016,2.570715726214921
12095016724,7.120879149212868,2.584354897330596
12095016727,7.056997363449692,2.590631127994524
12095016728,7.032368182067077,2.605988406570842
12095016729,6.95475071321013,2.612971162217659
12095016730,6.933156602327173,2.628235788501027
12095016731,6.892278116358658,2.637630396303901
12095016732,7.051381603696099,2.630366736481862
12095016733,7.205382186173854,2.631826671457906
12095016734,7.148012730321698,2.641632792607803
12095016802,7.12687774606434,2.694799872005476
12095016803,7.341963145790554,2.710515748117728
12095016804,7.281394680355921,2.705092056125941
12095016806,7.177053122518823,2.725804984941821
12095016807,7.15698537303217,2.73440115468857
12095016902,7.422552965776865,2.69259010403833
12095016903,7.464872958247776,2.68724370294319
12095016904,7.461685028747433,2.676107805612594
12095016906,7.448187877481177,2.653502056810404
12095016907,7.439905266940452,2.667392547570157
12095017001,7.413622982888433,2.721627807665982
12095017004,7.365954229295003,2.74129544421629
12095017006,7.319814386721424,2.749402260780288
12095017008,7.339683922655715,2.729955232032854
12095017011,7.305623874058864,2.735221533880904
12095017012,7.271316186173854,2.751276175906913
12095017013,7.310415986995209,2.744918846680356
12095017014,7.208311395619439,2.749186134154689
12095017015,7.222867460643395,2.75958552019165
12095017016,7.289441041752224,2.757195482546201
12095017017,7.258334577686516,2.760177341546886
12095017103,7.124399062970568,2.731473403832991
12095017104,7.168916064339494,2.699874768651608
12095017105,7.148065275838467,2.713388180698152
12095017107,7.341950721423682,2.741109614647502
12095017108,7.278870839151266,2.731027843258042
12095017109,7.335335610540726,2.722994585215606
12095017200,7.082172911019849,2.694827520876112
12095017300,7.159196414099932,2.689152361396304
12095017400,7.201137280629706,2.670357917180014
12095017501,7.203543523613963,2.633993631759069
12095017503,7.242344144421629,2.592827197125257
12095017504,7.262849656399726,2.60306164476386
12095017600,7.192419826830938,2.61755574606434
12095017701,7.12944434017796,2.6313693045859
12095017702,7.153413422313484,2.620396241615332
12095017703,7.168438550992471,2.62055162696783
12095017802,7.102218117727584,2.641754824093087
12095017804,7.014357776180698,2.648060023271732
12095017805,7.100714140999316,2.626561814510609
12095017806,7.189422288158795,2.609431290212183
12095017807,7.214066622176591,2.602834635865845
12095017808,7.214162848733744,2.595809650924025
12095017901,6.976932234086242,2.676251141683778
12095017902,6.968595713894593,2.67983843394935
12095018000,7.308973220396988,2.456875046543463
12095018100,7.281759865160849,2.661118326488706
12095018200,7.282060805612594,2.489515698151951
12095018300,7.436099752224504,2.579543347022587
12095018400,7.302517724161533,2.510389811772758
12095018500,7.426804186173854,2.588363943189596
12095018700,7.415489010951403,2.558097447638604
12095018800,7.354752054757016,2.49022870294319
12095018900,7.394540678302532,2.533540680355921
12095990000,7.028555941820671,2.669181056810404
12097040801,7.019390399726215,2.762066876112252
12097040802,7.020787739219712,2.747142520876112
12097040803,7.089776028747433,2.763720367556468
12097040804,7.099120060232717,2.769814768651608
12097040901,7.058235914442163,2.769719754962355
12097040902,7.159386047912389,2.762842780971937
12097041001,6.899208568104038,2.764242268309377
12097041002,6.96805388569473,2.769782009582478
12097041100,6.90509567761807,2.765872744010951
12097041300,6.668898199178645,2.744525081451061
12097041500,6.812738438056126,2.749487195071869
12097041600,7.032476893223819,2.763842726214921
12097041700,7.063302057494866,2.764094229295003
12097041800,7.060748873374401,2.758217060232717
12097041900,7.11707343394935,2.760447890485968
12097042000,7.12285124366872,2.7652868678987
12097042100,7.166601990417522,2.76004554072553
12097042200,7.14039011430527,2.7571015633128
12097042300,7.123742178644764,2.750246381930185
12097042400,7.077021248459959,2.748373174537988
12097042500,7.110787328542094,2.743072256673511
12097042601,7.093240856262834,2.734257776865161
12097042602,7.068966272416153,2.73192296440794
12097042701,7.032885945242984,2.742875924024641
12097042702,7.061086637234771,2.740053703627652
12097042800,6.946844238193018,2.716537374401095
12097042900,6.935846044490075,2.741928470225873
12097043100,6.902132710472279,2.745445605749487
12097043201,6.720220868583162,2.736278249144422
12097043202,6.797926075975359,2.738830406570842
12097043203,6.817135071868583,2.732264681724846
12097043204,6.720774814510609,2.727641183436003
12097043205,6.536297321697468,2.714308762491444
12097043206,6.55325557357974,2.727484633812457
12097043301,6.604738690622861,2.70346790349076
12097043302,6.644365086926762,2.715316400410678
12097043400,6.785044194387406,2.722676574948665
12097043500,6.750527229295003,2.718017986995209
12097043600,6.789011192334018,2.708279447638604
12097043700,6.702258556468172,2.692927806297057
12097043800,6.300922396988364,2.725484612594114
12099000101,5.763990173169062,2.385035985626283
12099000102,5.71251270568104,2.377539832991102
12099000202,5.781125023271732,2.369844108829569
12099000204,5.815491087611225,2.366986069815195
12099000205,5.795171395619439,2.346644281314168
12099000206,5.83223007118412,2.358745727583847
12099000208,5.850151664613279,2.315114138945927
12099000209,5.884468872689938,2.316538206707734
12099000210,5.866740446954141,2.387617292950034
12099000211,5.820966229295003,2.394653685831622
12099000213,5.878650957563313,2.369637761122519
12099000214,5.888870482546201,2.353328802874743
12099000215,5.851316416837782,2.348392693360712
12099000301,5.764601134839151,2.342484196440794
12099000303,5.793398097878166,2.316691349760438
12099000304,5.821420371663244,2.309271350444901
12099000405,5.723722833675565,2.333938161533196
12099000406,5.729935358658453,2.327155222450376
12099000407,5.718906518822724,2.363817535934292
12099000408,5.707400353867214,2.34373767008898
12099000410,5.73073785284052,2.312850170431212
12099000505,5.788747883641342,2.300396779603012
12099000507,5.748226254620123,2.302035741957563
12099000509,5.762976759753593,2.282700077344285
12099000511,5.791693211498973,2.279411567419576
12099000600,5.775816848733744,2.304673515400411
12099000702,5.833597169062286,2.291848023956194
12099000703,5.813523242299795,2.296198975359343
12099000802,5.859571463381246,2.291353983572895
12099000803,5.837896517453799,2.302038042436687
12099000804,5.844796928131417,2.295245144421629
12099000902,5.877004874743326,2.294725490759754
12099000903,5.897244141683778,2.289270930869268
12099000904,5.917221492813142,2.295219744010951
12099000905,5.948752498288843,2.292113415468857
12099001002,6.006132849418207,2.266299143052704
12099001003,5.977008149897331,2.278253916495551
12099001004,5.946696214921287,2.28269158384668
12099001101,5.850810394250513,2.289781124572211
12099001102,5.817396655715264,2.291739742642026
12099001200,5.856282281998631,2.286128223819302
12099001301,5.911388969199179,2.288253449007529
12099001302,5.906034538672142,2.286321789185489
12099001402,5.936123298425736,2.274868571526352
12099001403,5.935186088295688,2.278676846680356
12099001404,5.93635588843258,2.281035158110883
12099001500,5.863958371663244,2.282434848733744
12099001600,5.864653924709103,2.270721091033539
12099001700,5.873705303901437,2.26478639835729
12099001801,5.923795056125941,2.269560652977413
12099001802,5.96579339835729,2.265238632443532
12099001904,5.988100456536619,2.264322248459959
12099001907,6.053364108829569,2.250438249828884
12099001908,6.029138421629021,2.256945432580424
12099001909,6.04733359137577,2.248079631074606
12099001910,6.060692119096509,2.244330778918549
12099001911,6.070951793976728,2.245905587268994
12099001912,6.080254295003422,2.239389478439425
12099001913,6.088217650924025,2.241446515400411
12099001914,5.996970180698152,2.25915001026694
12099001915,6.000534844626968,2.261085206707734
12099001916,6.006152410677618,2.255310936344969
12099001917,6.026117359342916,2.253442231348392
12099002005,5.996529240930869,2.258455481177276
12099002006,5.954656735797399,2.25570695687885
12099002100,5.940489431895962,2.261743002053388
12099002200,5.903987371663244,2.264611377138946
12099002300,5.878193700205339,2.259617105407255
12099002400,5.895911856947296,2.256083212867899
12099002600,5.908065794661191,2.256501042436687
12099002700,5.883177553730322,2.253309965092402
12099002800,5.936362517453799,2.256205338124572
12099002900,6.019643718001369,2.256785887063655
12099003000,6.018499831622177,2.26013838329911
12099003101,6.112250730321698,2.238414255304586
12099003102,6.079979475017112,2.245553229979466
12099003201,6.139936099931554,2.239828468172485
12099003202,6.102926162902122,2.24588527926078
12099003300,5.945566414784394,2.252399493497604
12099003400,5.90068835523614,2.246330293634497
12099003504,5.847120636550308,2.245745552361396
12099003507,5.814826183436003,2.263612795345654
12099003509,5.829196727583847,2.252155941136208
12099003511,5.84461831485284,2.227291651608487
12099003600,5.904607496919918,2.240526401779603
12099003700,5.950789968514716,2.245789704312115
12099003800,6.051172600958248,2.258585099247091
12099003901,6.145118254620123,2.244927748117728
12099003902,6.130446746748802,2.243819277891855
12099004005,6.133487802874743,2.242868370294319
12099004007,6.137126325804244,2.249078973990418
12099004008,6.119873088980151,2.248979112251882
12099004009,6.10430232991102,2.251727028747433
12099004010,6.108779529089665,2.248403650239562
12099004011,6.139288415468857,2.24622129431896
12099004012,6.14453664202601,2.246857882272416
12099004013,6.11297032238193,2.249735871321013
12099004101,6.05257766255989,2.250818744010951
12099004102,6.093751613963039,2.256772524298426
12099004201,6.073643180698152,2.249141791238878
12099004202,6.05380829705681,2.250173425051335
12099004203,6.019836518822724,2.245966192334018
12099004300,5.989781446269678,2.245640267624914
12099004401,5.947420582477755,2.237312590006845
12099004402,5.938942999315537,2.230693638603696
12099004500,6.001609442162902,2.239593726899384
12099004601,6.06739020054757,2.246735142368241
12099004602,6.070199726899384,2.247244125941136
12099004702,6.115716984941821,2.247097360027378
12099004704,6.112578762491444,2.247130079397673
12099004705,6.13074325393566,2.246778915811088
12099004706,6.151239811088296,2.246297411362081
12099004809,6.174934854893908,2.248240442162902
12099004810,6.188441166324435,2.252166051334702
12099004811,6.199325108829569,2.255703488021903
12099004812,6.165859410677618,2.252375712525667
12099004813,6.134517402464066,2.250831789869952
12099004815,6.157753427104723,2.242900838466804
12099004816,6.177897926762491,2.247629993155373
12099004817,6.180626871321013,2.248359979466119
12099004818,6.145687005475702,2.250255848049281
12099004819,6.140831187542779,2.246408131416838
12099004902,6.079149775496236,2.242136309377139
12099004903,6.061574388774812,2.245606607802875
12099004904,6.073256030116359,2.245824373716632
12099005000,5.997977196440794,2.232980679671458
12099005101,5.940388924024641,2.231609557837098
12099005102,5.93491402532512,2.229316279945243
12099005202,5.908821764544832,2.225250980150582
12099005203,5.909700075290897,2.22973088843258
12099005204,5.913387829568788,2.236829230663929
12099005300,5.888829361396304,2.227357340862423
12099005405,5.853512726899384,2.217586943874059
12099005407,5.845698353182752,2.217128882956879
12099005409,5.862881061601643,2.207976688569473
12099005411,5.914764568788501,2.188656259411362
12099005501,5.914230908281999,2.221111514715948
12099005502,5.939510551676934,2.22166671321013
12099005601,5.948018227926078,2.216687422997947
12099005602,5.911713235455168,2.212355144421629
12099005701,5.9434802183436,2.209798552361396
12099005702,5.943892059548255,2.206364473648186
12099005807,6.005614041067762,2.22879526899384
12099005808,6.006961780287474,2.22152323340178
12099005810,6.123432503764545,2.237199557152635
12099005811,6.119009537303217,2.241139715947981
12099005812,6.072293804928131,2.229191760438056
12099005813,6.07350176659822,2.234801396988364
12099005814,6.073400186858316,2.244222717316906
12099005815,6.087292622176591,2.242719673511294
12099005816,6.053865307323751,2.233522859685147
12099005817,6.092783014373717,2.238962180013689
12099005903,6.216857849418207,2.260446209445585
12099005915,6.235467290896646,2.223146316906229
12099005916,6.13408515468857,2.250721475701574
12099005917,6.17608990349076,2.254579346338125
12099005918,6.156667965776865,2.249685971252567
12099005921,6.176036858316222,2.249640042436687
12099005922,6.17781701026694,2.243664517453799
12099005923,6.22003631485284,2.251088618069815
12099005926,6.185388539356605,2.236468065708419
12099005930,6.211225801505818,2.227388056125941
12099005931,6.265025479123888,2.238321431211499
12099005933,6.293424023271732,2.253167462696783
12099005934,6.326721211498973,2.265830483230664
12099005935,6.257099594798084,2.238586158795346
12099005936,6.243268690622861,2.231771006160164
12099005937,6.34387231485284,2.261756221765914
12099005938,6.337885449691992,2.261928726899384
12099005939,6.304483032169747,2.251512072553046
12099005940,6.315353943874059,2.253301
12099005942,6.28650943394935,2.238540065023956
12099005943,6.267627898699521,2.235232407255305
12099005944,6.286818207392197,2.240194112936345
12099005945,6.218075709103354,2.254853908966461
12099005946,6.21581776659822,2.259095268309377
12099005947,6.230936392197125,2.252199197809719
12099005949,6.203521102669404,2.244546308008214
12099005950,6.221823199863108,2.253473952772074
12099005951,6.167763116358658,2.237883859000684
12099005952,6.170214786447639,2.235192420944558
12099005953,6.252274023956194,2.251810475017112
12099005954,6.199071110882957,2.229753436002738
12099005955,6.292096255989049,2.255957787132101
12099005956,6.244334288158795,2.238748594798084
12099006005,6.019395438740589,2.201782683093771
12099006006,6.128959479123888,2.229940670773443
12099006007,6.07423105338809,2.215323701574264
12099006008,6.104510638603696,2.213412238877481
12099006009,6.026369363449692,2.209064980150582
12099006010,6.001670753593429,2.207894093086927
12099006011,6.122317069130732,2.232683598220397
12099006012,6.050985377138946,2.22150641615332
12099006100,5.94116404312115,2.200849237508556
12099006201,5.960964355920602,2.197821049965777
12099006202,5.927211117727584,2.194992031485284
12099006203,5.957524099931554,2.193058154004107
12099006300,5.963678149212868,2.189520937713895
12099006401,5.955099612594114,2.173348718001369
12099006402,6.012762735112936,2.175790190965092
12099006501,5.975970793292266,2.17714177412731
12099006502,6.007513872689938,2.171551492813142
12099006602,6.010804429842574,2.185424259411362
12099006603,6.088184255304586,2.202369592060233
12099006604,6.163612439425051,2.212720821355236
12099006605,6.116825958247776,2.200158855578371
12099006700,6.047412973305955,2.178286064339494
12099006801,6.063690062286105,2.174336507871321
12099006802,6.03281787816564,2.171028690622861
12099006906,6.066970316221766,2.183080824093087
12099006907,6.144811517453799,2.196713744695414
12099006908,6.163302495550992,2.203653515400411
12099006909,6.170045825462012,2.206350227926078
12099006910,6.114675650924025,2.192071673511294
12099006911,6.134448032169747,2.195042553730322
12099006912,6.190293627652293,2.205980429158111
12099007002,6.210964920602327,2.21673995687885
12099007005,6.335465517453799,2.252206718001369
12099007006,6.322669683093771,2.244319867214237
12099007007,6.392006915126626,2.266192858316222
12099007008,6.358908969883641,2.252082621492129
12099007009,6.373558896646133,2.255267197125257
12099007010,6.464416076659822,2.283328133470226
12099007011,6.431918080766598,2.274625227241615
12099007100,6.25205825119781,2.224967764544832
12099007201,6.114012240246407,2.196286683093771
12099007202,6.16700615742642,2.208404098562628
12099007203,6.229980009582478,2.215984605065024
12099007301,6.072192097878166,2.191777674195756
12099007302,6.118683162902122,2.199803148528405
12099007407,6.051983671457906,2.189380605065024
12099007410,5.953871264887064,2.171025560574949
12099007412,5.985158633812457,2.172871878850103
12099007414,6.012537728268309,2.178291361396304
12099007416,6.094758334702259,2.197259703627652
12099007418,6.144215452429843,2.203614313483915
12099007420,6.173887556468172,2.205128728952772
12099007501,6.163487425735797,2.207041144421629
12099007504,6.21871683504449,2.21025865229295
12099007505,6.193192437371663,2.210289013689254
12099007602,6.302432401779603,2.234591197125257
12099007603,6.312675268309377,2.234419559206023
12099007604,6.32283452019165,2.234045058179329
12099007605,6.317127945242984,2.226661399041752
12099007607,6.410249714579055,2.259050037645448
12099007610,6.513897442847365,2.289072191649555
12099007612,6.430341507186858,2.260863826830938
12099007613,6.448397653661875,2.263223171800137
12099007614,6.485795641341547,2.269059916495551
12099007615,6.42014753798768,2.251623518822724
12099007616,6.465832857631759,2.258169281314168
12099007617,6.561508754962355,2.287324061601643
12099007618,6.54074477412731,2.28977353045859
12099007705,6.214397911019849,2.220407329226557
12099007710,6.22039090349076,2.252236042436687
12099007713,6.340157560574949,2.278425101300479
12099007716,6.524459058863792,2.306926069815195
12099007721,6.261875073921971,2.285485737166324
12099007723,6.236039811088296,2.238658962354552
12099007724,6.234409893908282,2.231641206023272
12099007725,6.242929739219712,2.241499247775496
12099007730,6.577086112936345,2.331065225188227
12099007731,6.621190034907598,2.324998919917864
12099007732,6.654054498288843,2.32686153045859
12099007733,6.642337797399042,2.337337377138946
12099007734,6.615123060232717,2.335464499657769
12099007735,6.619263798767967,2.357665853524983
12099007736,6.589085710472279,2.304537899383984
12099007738,6.597259626283368,2.298525201232033
12099007739,6.614599385352498,2.304929973990418
12099007740,6.583577684462697,2.314240317590691
12099007741,6.563143902806297,2.303259034223135
12099007742,6.463797309377139,2.292075879534565
12099007743,6.435398529089665,2.289548915126626
12099007744,6.508814453114305,2.293156825462012
12099007746,6.459707031485284,2.289386267624914
12099007747,6.47590701026694,2.296545918548939
12099007748,6.483174659137577,2.318292961670089
12099007749,6.466465036276523,2.308939796030116
12099007750,6.220601549623546,2.229965173169062
12099007751,6.223574853524983,2.236254694045174
12099007752,6.229002182067077,2.248401801505818
12099007753,6.262528821355236,2.274379817932923
12099007754,6.238649494182067,2.261041983572895
12099007756,6.251492950718686,2.266119392881588
12099007757,6.250426136892539,2.265763094455852
12099007758,6.248204379192334,2.249867628336756
12099007759,6.253662132785763,2.265419765913758
12099007760,6.181280632443532,2.221876034907598
12099007762,6.195986919917864,2.230842511293634
12099007763,6.206463527036276,2.224930821355236
12099007764,6.205647876796715,2.246696631074606
12099007765,6.199820171115674,2.242346780287474
12099007766,6.611296899383984,2.310361595482546
12099007767,6.625765733744011,2.314947396303901
12099007805,5.94033094934976,2.382396670773443
12099007808,6.25148926146475,2.297129736481862
12099007809,6.198402936344969,2.222779207392197
12099007812,6.182043470910335,2.19330015468857
12099007813,6.175402891170431,2.198539761806982
12099007814,5.999932584531143,2.287035005475702
12099007817,6.137659526351814,2.157923819301848
12099007818,6.163639531827515,2.20368460164271
12099007820,6.113458915811088,2.173966213552361
12099007821,6.13787909377139,2.181899434633812
12099007822,6.082731364134155,2.430003359342916
12099007823,6.001854184804928,2.397627227241615
12099007828,6.087444629021218,2.321397509240246
12099007830,5.96723093908282,2.290865932922656
12099007831,6.026311764544832,2.261906975359343
12099007832,6.130995167008898,2.226210121149897
12099007833,6.153758668720055,2.219204396303901
12099007834,5.928663502395619,2.329800845995893
12099007835,5.960892894592745,2.315339609856263
12099007836,6.087712108829569,2.222812097878166
12099007837,6.128897625598905,2.183272509240246
12099007838,6.183087696098563,2.186796796714579
12099007839,6.165305062286105,2.175456929500342
12099007908,6.138021590691307,2.308863011635866
12099007909,6.104395054757016,2.243442774811773
12099007910,6.126859177960301,2.240605353182752
12099007912,6.512760244353183,2.56404325393566
12099008001,6.383849802874743,2.60772131485284
12099008002,6.41604921560575,2.618533012320328
12099008101,6.503326031485284,2.592992668720055
12099008102,6.514074603696099,2.606242026009582
12099008201,6.545017219712526,2.624076112936345
12099008202,6.551852309377139,2.624890647501711
12099008203,6.549229187542779,2.609610672142368
12099008301,6.505092423682409,2.68944585284052
12099008302,6.557510726899384,2.661219611225188
12099980000,6.169483549623546,2.238285887063655
12099980100,6.071931722792608,2.238128983572895
12099980200,6.010023175906913,2.333513703627652
12099980400,6.358426143052704,2.366156691991786
12099980500,6.035857392881588,2.257521878850103
12099990100,6.291368033538672,2.659600955509925
12101030101,6.940224015058179,2.907360735797399
12101030102,6.945943518138262,2.893737681040383
12101030202,6.953915614647502,2.879320819986311
12101030203,6.971660697467488,2.869534665297741
12101030204,6.988627289527721,2.859986944558522
12101030205,7.007419637919233,2.8468943045859
12101030301,7.011575751540041,2.836354575633128
12101030302,7.036015262833676,2.829964314168378
12101030303,7.016627808350445,2.814964385352498
12101030404,6.956664587268994,2.775971941820671
12101030405,7.007256456536619,2.800138624914442
12101030406,7.058959413415469,2.814865475017112
12101030407,7.032890100616016,2.799495999315537
12101030408,7.050241823408624,2.799524828199863
12101030409,7.056307649555099,2.795520418206708
12101030410,7.09641690349076,2.801507970568104
12101030411,7.039790362765229,2.781071884325804
12101030412,7.089379541409993,2.790265526351814
12101030501,7.13334910403833,2.80855804312115
12101030502,7.160614420260096,2.807738779603012
12101030601,7.104751312799452,2.812177518138262
12101030602,7.11824273100616,2.809781338809035
12101030700,7.094407574948665,2.8215974770705
12101030800,7.074395195071869,2.830900478439425
12101030901,7.061525288843258,2.850974612594114
12101030903,7.092453561943874,2.865425979466119
12101030904,7.101145755646817,2.859413170431212
12101030905,7.129170221081451,2.861487885010267
12101031003,7.033009527720739,2.865991382614648
12101031005,7.043084088980151,2.863340656399726
12101031006,7.05520119301848,2.860227813826146
12101031007,7.07919337303217,2.860384962354552
12101031008,7.093131169746749,2.873294407255305
12101031009,7.005199422997947,2.872289590006845
12101031010,7.018369288158795,2.876891107460643
12101031011,7.042702412046544,2.879388973990418
12101031012,7.054149954140999,2.86712303559206
12101031013,7.029437026009582,2.863867140999316
12101031014,7.047159661190965,2.868308031485284
12101031101,6.992106388090349,2.884980351813826
12101031102,7.0124112183436,2.881503481177276
12101031203,6.997184817932923,2.892624739219712
12101031204,7.016071420944558,2.891313134154689
12101031205,7.035414922655715,2.888626376454483
12101031206,7.067710206023272,2.892972109514032
12101031207,7.089609637234771,2.899679446954141
12101031208,7.132167326488706,2.8971373045859
12101031301,7.105092445585216,2.88888424366872
12101031302,7.132414301848049,2.87653131211499
12101031401,7.086441490075291,2.843092665982204
12101031404,7.121680420944558,2.832934555099247
12101031405,7.104358264887064,2.836788168377823
12101031406,7.115409232032854,2.844053331964408
12101031407,7.145178704996578,2.854210333333333
12101031408,7.126424238877481,2.83457946201232
12101031409,7.159529779603012,2.83922220807666
12101031503,7.135028358658453,2.822558621492129
12101031504,7.201406221765914,2.818000274469541
12101031505,7.173815173853525,2.824530943189596
12101031506,7.223576927446954,2.838762308008214
12101031507,7.25729782477755,2.828350551676934
12101031508,7.296207590006845,2.838941425735797
12101031601,7.378782737850787,2.84046081724846
12101031602,7.452160919233402,2.850750956194387
12101031603,7.437029752908966,2.852633145106092
12101031604,7.442795084873374,2.85019417522245
12101031605,7.504404854209446,2.849710611225188
12101031701,7.299622572210814,2.863624192334018
12101031703,7.168295945927447,2.881427607118412
12101031704,7.191188108145106,2.86985858384668
12101031705,7.196302772073922,2.850473900752909
12101031706,7.267744678302532,2.847869657084189
12101031707,7.221445388774812,2.861706970568104
12101031708,7.214237352498289,2.848257750855578
12101031804,7.020791098562628,2.923080023956194
12101031805,7.079463779603012,2.931057353182752
12101031806,7.11750084257358,2.925947529774127
12101031807,7.014901835728953,2.904592044490075
12101031808,7.109758926078029,2.906291813141684
12101031809,7.143483970568104,2.901620476386037
12101031901,7.152321585900068,2.879059401779603
12101031902,7.24843022587269,2.859417674195756
12101031903,7.274252449007529,2.864053145106092
12101032001,7.328847106776181,2.844839447638604
12101032005,7.239524617385352,2.828630654346338
12101032006,7.318804012320328,2.824524593429158
12101032007,7.446255621492129,2.841830804243669
12101032008,7.448625108829569,2.841181028062971
12101032009,7.452615548939083,2.829939123203285
12101032010,7.445192820670773,2.82734461670089
12101032011,7.40193831211499,2.823683503080082
12101032012,7.438579348391513,2.821556245037645
12101032013,7.519807754277892,2.834397264202601
12101032014,7.536066945927447,2.825174277891855
12101032103,7.208824336071184,2.807656802190281
12101032104,7.307707924709103,2.805533158795346
12101032105,7.268290207392197,2.782708592744695
12101032106,7.447854253251198,2.80656041889117
12101032107,7.395521594113621,2.795317765229295
12101032108,7.385856143737166,2.759103988364134
12101032109,7.515585919917864,2.805561078028747
12101032110,7.478105798083504,2.788641801505818
12101032111,7.436851203285421,2.77425573100616
12101032112,7.493061447638604,2.780906801505818
12101032113,7.471977800136892,2.770082563997262
12101032200,7.125185367556468,2.821930687200548
12101032300,7.076152952772074,2.838719769336071
12101032401,7.014865125941136,2.84544674606434
12101032402,6.944190929500342,2.778760517453799
12101032500,7.060114971252567,2.805004590691307
12101032601,7.042153001368925,2.801911021902806
12101032602,7.058723232032854,2.789393694729637
12101032700,7.04380907118412,2.776107863107461
12101032801,7.144718701574264,2.783056516084873
12101032802,7.114660206023272,2.76090329705681
12101032803,7.158202438740589,2.764875177960301
12101032804,7.188892054757016,2.760748041067762
12101032901,7.23328642642026,2.768693853524983
12101032902,7.286712520876112,2.761329305954826
12101032903,7.298047576317591,2.750123635865845
12101032904,7.362922430527036,2.737832548939083
12101033005,7.157085542094456,2.751525513347023
12101033006,7.211052673511294,2.754516039014374
12101033007,7.244687466119096,2.755784277891855
12101033008,7.239641070499658,2.747787509924709
12101033009,7.217678277891855,2.752529680355921
12101033010,7.211506819301848,2.745768054757016
12101033011,7.279101190965092,2.744711240930869
12101033012,7.265362326488706,2.739877149212868
12101033013,7.246575250513347,2.739815286105407
12101033014,7.329422718001369,2.729388541409993
12101033101,7.127512051334702,2.736748939767283
12101033102,7.29767528678987,2.722740273785079
12101990000,6.933898414784394,2.836438087611225
12103020101,7.143702815879535,2.462005605749487
12103020105,7.08315215468857,2.475410531143053
12103020106,6.825892856947296,2.501251293634497
12103020107,7.025201458590007,2.471052744695414
12103020108,6.979224829568788,2.452860496919918
12103020201,7.152221392881588,2.499373236824093
12103020202,7.12462726146475,2.525154540041068
12103020206,7.096596099931554,2.495166856262834
12103020207,7.035892230663929,2.501469186858316
12103020208,7.121597368925394,2.511091292265572
12103020209,7.085331392881588,2.513580407255305
12103020301,7.176806388090349,2.518728001368925
12103020302,7.189568999315537,2.530500960301164
12103020400,7.249034307323751,2.530687169746749
12103020500,7.235799794661191,2.518060676933607
12103020600,7.210819785763176,2.503340959616701
12103020700,7.195199338124572,2.481428275154004
12103020800,7.196598277891855,2.459357022587269
12103021200,7.241908427104723,2.502555874058864
12103021500,7.338617214236824,2.533919633127994
12103021600,7.302743382614648,2.511465876796715
12103021800,7.27810227926078,2.492956120465435
12103021900,7.268534898699521,2.4754344366872
12103022000,7.225815237508556,2.452986917864476
12103022100,7.258797093086927,2.458161181382615
12103022200,7.192552219712526,2.422683430527036
12103022301,7.129518639288159,2.394802324435318
12103022302,7.15292813963039,2.384384800821355
12103022401,7.077669176591376,2.368826928131417
12103022402,7.145234167693361,2.373810527720739
12103022501,7.18481212183436,2.383527902121834
12103022502,7.206998590691307,2.395838643394935
12103022503,7.261154134839151,2.418186368240931
12103022601,7.250937912388775,2.427349765913758
12103022602,7.301416857631759,2.445408982888433
12103022700,7.29133006844627,2.460636585900068
12103022801,7.361983611909651,2.482753837782341
12103022802,7.330553147843942,2.47339352019165
12103022901,7.336271765229295,2.498815049965777
12103022902,7.375165583162218,2.50155785284052
12103023000,7.417833045859001,2.516475180698152
12103023100,7.414416270362765,2.527694941820671
12103023200,7.418956334702259,2.537398932922656
12103023300,7.369770749486653,2.520201178644764
12103023400,7.338177451060917,2.516814681040383
12103023500,7.371218099931554,2.533544346338125
12103023600,7.366831227926078,2.544184612594114
12103023700,7.394433141683778,2.553176267624914
12103023800,7.423055679671458,2.550889714579055
12103023900,7.451836621492129,2.557827059548255
12103024001,7.430775101300479,2.568974954825462
12103024002,7.496401633127994,2.577462680355921
12103024004,7.507027610540726,2.600987158110883
12103024005,7.477344222450376,2.593563765913758
12103024100,7.487600110198494,2.565995391512663
12103024200,7.488749963723477,2.553129119096509
12103024301,7.537879916495551,2.579070647501711
12103024302,7.527055707049966,2.569279114989733
12103024403,7.54411165229295,2.58406032238193
12103024406,7.603438581793292,2.628153059548255
12103024408,7.534510950034223,2.586861155373032
12103024409,7.552785993155373,2.60430232991102
12103024410,7.567645331279945,2.604450516084873
12103024411,7.604831425051335,2.623183488706366
12103024412,7.583535995208761,2.611321955509925
12103024413,7.561238963039014,2.588390599589322
12103024505,7.449290072553046,2.560938039698836
12103024507,7.491892342231348,2.624165234086242
12103024508,7.507741874058864,2.618157393566051
12103024509,7.57219596440794,2.629244503764545
12103024510,7.500245518138262,2.604742441478439
12103024511,7.622956710472279,2.64327459890486
12103024512,7.510899442847365,2.584927353182752
12103024513,7.513215077344285,2.565624951403148
12103024514,7.467755637919233,2.596710477754962
12103024601,7.525878312799452,2.559636890485968
12103024602,7.470416084188912,2.533313330595482
12103024701,7.438011258042437,2.513939890485968
12103024702,7.389360542778918,2.491422932238193
12103024703,7.418743242299795,2.50545740862423
12103024801,7.368729637234771,2.478091253251198
12103024803,7.341448328542094,2.469075105407255
12103024804,7.300392321697468,2.442223364134155
12103024805,7.327810921971253,2.453962132785763
12103024901,7.382007082819986,2.490929295003422
12103024902,7.462552904175222,2.53393705338809
12103024904,7.381408698151951,2.515598161533196
12103024905,7.455975403832991,2.538929328542094
12103024906,7.428691063655031,2.517963606433949
12103025004,7.339569887748118,2.498822804243669
12103025007,7.243124911019849,2.495480702258727
12103025009,7.399123517453799,2.546129149212868
12103025010,7.337738457221082,2.550906149212868
12103025011,7.306291954825462,2.534474455852156
12103025012,7.317558429842574,2.517844034223135
12103025013,7.277887389459274,2.486173600958248
12103025014,7.303783363449692,2.464839279945243
12103025015,7.24406227652293,2.446611655715264
12103025016,7.225655811088296,2.46432468788501
12103025017,7.240767732375086,2.429668130732375
12103025018,7.283359084873374,2.436322554414784
12103025019,7.211975504449008,2.416426019164956
12103025106,7.120259456536619,2.42682634770705
12103025107,7.162540015058179,2.459752443531828
12103025108,7.070999997946612,2.437494141683778
12103025109,7.124662475701574,2.466289971252567
12103025110,7.046792576317591,2.469713797399042
12103025111,7.165793945242984,2.485972349760438
12103025112,7.190955372347707,2.499771655715264
12103025113,7.135582844626968,2.49341805065024
12103025114,7.195472672826831,2.516111011635866
12103025115,7.248821360711841,2.530251466803559
12103025116,7.192069289527721,2.525288518138262
12103025119,7.084823151950719,2.51256300752909
12103025120,7.084497481861738,2.497876455167693
12103025121,7.041906343600274,2.486103188911704
12103025122,6.967972364818617,2.49084993155373
12103025123,7.023840462696783,2.500248693360712
12103025203,7.086533065023956,2.545450943874059
12103025204,7.134115450376454,2.556328049965777
12103025205,6.968085786447639,2.508030465434634
12103025207,7.106310613963039,2.533832290896646
12103025208,7.003908503080082,2.517842848049281
12103025209,7.055478088295688,2.52672635797399
12103025303,7.303654854893908,2.567498445585216
12103025304,7.20723288569473,2.551350314168378
12103025305,7.265247084188912,2.556925386721424
12103025306,7.248143666666667,2.54244500752909
12103025307,7.162034700205339,2.533625471594798
12103025308,7.215097063655031,2.53646010403833
12103025401,7.401272349075975,2.61408173853525
12103025405,7.483282605065024,2.642250333333333
12103025407,7.381871065708419,2.598595345653662
12103025408,7.419501599589322,2.578229112936345
12103025411,7.359695600273785,2.565844470910335
12103025412,7.446536362765229,2.622397099247091
12103025413,7.434728836413416,2.632315375085558
12103025414,7.435731755646817,2.606975169746749
12103025415,7.42370434017796,2.592715412731006
12103025416,7.370594869267625,2.58079673853525
12103025417,7.367112849418207,2.572970338124572
12103025501,7.329140646132786,2.611100718685832
12103025503,7.331837220396988,2.591514787132101
12103025505,7.214649002053388,2.578021262149213
12103025506,7.27155559137577,2.58398806844627
12103025602,7.226299071868583,2.573812397672827
12103025603,7.217034737850787,2.562953568788501
12103025604,7.269373505817933,2.570088610540726
12103025700,7.146146119096509,2.570753351813826
12103025800,7.234546575633128,2.590521201232033
12103025900,7.202074201232033,2.591062180013689
12103026001,7.091331759753593,2.595530254620123
12103026002,7.048818676249144,2.594518681724846
12103026101,7.184426208761122,2.599483667351129
12103026102,7.195838103353867,2.611336878850103
12103026200,7.208635247091034,2.597089321697468
12103026300,7.251411480492813,2.60719003559206
12103026400,7.275831155373032,2.60345113963039
12103026500,7.317963916495551,2.616476391512663
12103026601,7.38715298220397,2.623744615331964
12103026602,7.354928734428474,2.626203655030801
12103026701,7.300964936344969,2.629294098562628
12103026702,7.381126536618754,2.6481335633128
12103026703,7.402697603696099,2.640905246406571
12103026804,7.480059382614648,2.6721248678987
12103026809,7.531430899383984,2.673048798767967
12103026811,7.432283535249829,2.71848592881588
12103026812,7.433271836413416,2.69331048733744
12103026813,7.473184341546886,2.690753065708419
12103026814,7.485986238877481,2.72946103559206
12103026815,7.501620065023956,2.716125026694045
12103026816,7.530880285420945,2.698014496235455
12103026817,7.520922775496236,2.710487143737166
12103026818,7.48871335523614,2.659580874743326
12103026819,7.482954476386037,2.655542997946612
12103026820,7.386451475017112,2.703721488706366
12103026821,7.384421657084189,2.71895798220397
12103026904,7.360217108145106,2.700039451060917
12103026907,7.287090295003422,2.653269466803559
12103026908,7.286527134839151,2.6860055229295
12103026909,7.308549305270363,2.675152328542094
12103026910,7.339057497604381,2.663462945927447
12103026911,7.363935664613279,2.656957515400411
12103026912,7.406836152635181,2.662944973990418
12103026913,7.396776154004107,2.673305812457221
12103027000,7.225831197125257,2.634596730321698
12103027101,7.21274317522245,2.647000543463381
12103027105,7.210215586584531,2.662315838466804
12103027106,7.085655097878166,2.652629986310746
12103027202,7.137099354551677,2.721574977412731
12103027204,7.261587620807666,2.757151490075291
12103027205,7.199311104722793,2.749326227926078
12103027206,7.222566492813142,2.73146621560575
12103027207,7.251295482546201,2.724000345653662
12103027208,7.282333356605065,2.711026859685147
12103027209,7.156064134839151,2.676780349760438
12103027210,7.2042491724846,2.691897151266256
12103027308,7.099421300479124,2.779268188227242
12103027309,7.302791796714579,2.817255211498973
12103027310,7.304147052019165,2.779066474332649
12103027314,7.360624060232717,2.751218811088296
12103027315,7.331575234086242,2.739293631074606
12103027316,7.302989744695414,2.746041072553046
12103027317,7.369414093086927,2.732101385352498
12103027318,7.397981567419576,2.729421748117728
12103027319,7.501070148528405,2.74473920054757
12103027320,7.58617612936345,2.752691853524983
12103027321,7.341777938398357,2.802955353867214
12103027322,7.390863376454483,2.80114026146475
12103027323,7.392274524298426,2.749595379876797
12103027324,7.460348475701574,2.777683069130732
12103027325,7.44228670294319,2.761920732375086
12103027326,7.469772351813826,2.75150606091718
12103027327,7.546352437371663,2.766572206023272
12103027401,7.15076705065024,2.782108639288159
12103027402,7.170037887063655,2.765758030800821
12103027403,7.222425156741958,2.780000198494182
12103027501,7.016342637919233,2.754708713894593
12103027502,7.084303865845311,2.748393912388775
12103027603,6.980989689253936,2.531482049965777
12103027604,7.040958138261465,2.569613445585216
12103027605,6.99762923340178,2.549263717316906
12103027606,6.956212767967146,2.517646308692676
12103027701,6.987278936344969,2.44983345174538
12103027703,6.934766763175907,2.493200843258042
12103027704,6.958494980835044,2.473074802874743
12103027801,7.007610485968515,2.429355952087611
12103027802,7.020516629705681,2.403657618069815
12103027901,6.984997119096509,2.385304841889117
12103027903,7.022915849418207,2.378323745379877
12103027904,7.020725490759754,2.379478471594798
12103028002,6.930888557837098,2.44559190622861
12103028003,6.971591707734428,2.410871483230664
12103028004,6.976544698836413,2.39141037303217
12103028102,7.081100141683778,2.409092258726899
12103028103,7.05012249486653,2.39537787063655
12103028104,7.04374814715948,2.387110728268309
12103028200,7.121566753593429,2.412505743326489
12103028300,7.146424979466119,2.42877419028063
12103028401,7.064043697467488,2.432229402464066
12103028402,7.090790411362081,2.43073055578371
12103028500,7.115395726899384,2.445808590006845
12103028600,7.299772405886379,2.528690915811088
12103028700,7.248871561259411,2.496395533196441
12105010300,7.468998840520192,2.734119525667351
12105010401,7.48920113963039,2.716098607802875
12105010402,7.480666195071869,2.728248481177276
12105010501,7.465923458590007,2.740306880219028
12105010502,7.479071817932923,2.733613016427105
12105010601,7.485435592744695,2.723564049281314
12105010603,7.466242228610541,2.74118148733744
12105010604,7.476528177275838,2.738139558521561
12105010701,7.49969787063655,2.709666678986995
12105010702,7.499585771389459,2.71298212936345
12105010800,7.499113047227926,2.704612997946612
12105010900,7.517049496919918,2.704111838466804
12105011000,7.510744470225873,2.714096825462012
12105011100,7.510680383983573,2.716194212867899
12105011202,7.483000080766598,2.721832718001369
12105011203,7.469158811772758,2.725095774811773
12105011204,7.477353927446954,2.723540009582478
12105011300,7.467209449691992,2.728407750171116
12105011400,7.441573089664613,2.733248273100616
12105011501,7.422016654346338,2.758580943874059
12105011502,7.388824579739904,2.745817999315537
12105011603,7.368446115674196,2.778703239561944
12105011604,7.276585698151951,2.780113733744011
12105011605,7.153919255304586,2.750866216290212
12105011606,7.30288309650924,2.765251188911704
12105011704,7.442031247091034,2.768301283367556
12105011721,7.361288828884326,2.80264865982204
12105011722,7.409621014373717,2.781151590691307
12105011731,7.455692364134155,2.755936639972622
12105011732,7.45057929431896,2.752095345653662
12105011821,7.431182958247776,2.743914828199863
12105011822,7.442646341546886,2.743051465434634
12105011832,7.379319906913073,2.78110056605065
12105011833,7.384844245037645,2.772347821355236
12105011834,7.434486837782341,2.759999909650924
12105011835,7.431992747433265,2.733717242984257
12105011836,7.461457919233402,2.731386103353867
12105011901,7.486961054757016,2.721093889801506
12105011902,7.53591922587269,2.696975036960986
12105011908,7.485004094455852,2.698644580424367
12105011909,7.497616694729637,2.702761802190281
12105011910,7.498984227926078,2.678266222450376
12105011911,7.531410939767283,2.686190397672827
12105011912,7.456685331964408,2.710158806297057
12105011913,7.471189160164271,2.711609574948665
12105012001,7.541861878850103,2.708603019849418
12105012002,7.544439769336071,2.7079378678987
12105012003,7.53657913963039,2.698958792607803
12105012004,7.563794088295688,2.689746244353183
12105012111,7.214190478439425,2.717216101300479
12105012113,7.38444088843258,2.72453258384668
12105012124,7.47529215742642,2.709440175906913
12105012125,7.39415505065024,2.712308922655715
12105012126,7.461466661190965,2.722765642710472
12105012127,7.426143153319644,2.722914839151266
12105012128,7.336300887063655,2.726267188911704
12105012129,7.30622765982204,2.721101883641342
12105012203,7.311399579739904,2.727464323066393
12105012204,7.346804338124572,2.734045811772758
12105012205,7.428006921971253,2.72836780971937
12105012206,7.391836726899384,2.730607090349076
12105012303,7.269048425051335,2.738733194387406
12105012304,7.257869452429843,2.740607710472279
12105012305,7.032349821355236,2.732088672826831
12105012306,6.950817718001369,2.713732811772758
12105012307,7.136034470225873,2.727907186173854
12105012309,7.091632780287474,2.732119722792608
12105012403,6.926006026009582,2.728175547570157
12105012404,6.99243801779603,2.748627431895962
12105012405,6.990063965776865,2.756206989048597
12105012406,6.988809058863792,2.740487256673511
12105012407,7.078636176591376,2.754521678986995
12105012408,7.182672028062971,2.775152216290212
12105012409,7.135918955509925,2.785692080082136
12105012410,7.073856765913758,2.793801115674196
12105012411,7.023199971252567,2.778347637234771
12105012502,6.952839167008898,2.782040042436687
12105012503,6.769666700889802,2.770429580424367
12105012504,6.990545560574949,2.78503394661191
12105012506,6.996176646132786,2.768811001368925
12105012507,6.995101013689254,2.772648156741958
12105012601,6.999159748117728,2.800139861738535
12105012602,6.969900015742642,2.798921531143053
12105012700,7.016061287474333,2.811338334017796
12105012802,7.099252714579055,2.82515465982204
12105012803,7.113674293634497,2.811730971937029
12105012804,7.065480637234771,2.814806082819986
12105012900,7.157435631074606,2.804139929500342
12105013001,7.216497539356605,2.798183273100616
12105013002,7.226326,2.81052027926078
12105013101,7.238468045174538,2.789958112936345
12105013102,7.272832956194387,2.797260026694045
12105013103,7.300576937713895,2.814552089664613
12105013200,7.265657185489391,2.814173497604381
12105013300,7.27420766255989,2.821561780287474
12105013400,7.249540924024641,2.822549928131417
12105013500,7.211359605065024,2.823244659137577
12105013600,7.165379312799452,2.819492027378508
12105013701,7.18461826899384,2.832774407939767
12105013702,7.146982030116359,2.83303280971937
12105013801,7.232501197809719,2.830685353867214
12105013802,7.239885237508556,2.834437443531828
12105013901,7.172648521560575,2.829963203285421
12105013902,7.129195229979466,2.83536080698152
12105014001,7.073855570841889,2.831353599589322
12105014003,7.063145472963724,2.834849735797399
12105014005,7.121452221765914,2.834536305954826
12105014006,7.054522240930869,2.831570689938398
12105014103,6.780912227926078,2.786824765913758
12105014104,6.659431986995209,2.774519622861054
12105014105,6.837967674195756,2.792169467488022
12105014121,6.942379164271047,2.810181027378508
12105014123,7.0203379137577,2.828342575633128
12105014124,7.017607446269678,2.816234084873374
12105014125,6.92687770568104,2.819888320328542
12105014201,6.827920878850103,2.811726090349076
12105014202,6.67331365982204,2.798930483915127
12105014203,6.43072959137577,2.757543557152635
12105014301,6.824085062970568,2.819589813826146
12105014302,6.786741583162218,2.81147105065024
12105014400,6.876608186858316,2.823092249828884
12105014501,7.116160552361396,2.824904234770705
12105014502,7.119132594798084,2.830122927446954
12105014600,7.179826659137577,2.83532470294319
12105014701,7.243561919917864,2.830219394250513
12105014702,7.314093622861054,2.812183274469541
12105014802,7.29708483504449,2.735481308008214
12105014803,7.294241232032854,2.790543547570157
12105014804,7.352184362080767,2.752346953456537
12105014901,7.430176142368241,2.710940642710472
12105014902,7.447307586584531,2.691319140314853
12105015000,7.225642061601643,2.800605485968515
12105015101,7.203475286105407,2.790131752224504
12105015102,7.172170813826146,2.793228112936345
12105015200,7.153010681040383,2.799574043805613
12105015301,7.055457201232033,2.811860102669404
12105015302,6.866611960301164,2.812607019164956
12105015401,6.708995247775496,2.813033657084189
12105015402,6.563052116358658,2.798872130732375
12105015404,6.650364391512663,2.809752692676249
12105015405,6.7189764770705,2.813442517453799
12105015500,6.770937775496236,2.818276271731691
12105015600,6.41702875633128,2.780556497604381
12105015701,6.560972629705681,2.804362195756331
12105015702,6.326299851471595,2.785110422997947
12105015801,6.563397767967146,2.814501594798084
12105015802,6.600781316221766,2.804446954140999
12105015900,6.936328991786448,2.797093012320328
12105016001,6.888181577002053,2.7941944770705
12105016002,6.86185561670089,2.79282115468857
12105016003,6.769454610540726,2.793198983572895
12105016100,7.019985597535934,2.740502062286105
12105016400,7.483425336071184,2.722396482546201
12105980000,6.574763027378508,2.745159496919918
12107950100,7.197099731690623,2.847034229295003
12107950201,7.241295135523614,2.946524343600274
12107950202,7.241706155373032,2.910460332648871
12107950300,7.300519735112936,2.989816271731691
12107950400,7.194854610540726,3.005780195071869
12107950500,7.105773259411362,2.950904038329911
12107950600,7.191963607118412,2.931629320328542
12107950700,7.161862331964408,2.904020790554415
12107950800,7.135728148528405,2.903538813826146
12107950900,7.108445963723477,2.913867995208761
12107951000,7.074109798767967,2.865777708418891
12107951100,6.98279212936345,2.880616445585216
12107951200,6.974447749486653,2.890613061601643
12107951300,6.882399193702943,2.890407715947981
12107951401,6.755871971937029,2.836809642710472
12107951402,6.760014905544148,2.846918135523614
12107980000,6.993127287474333,2.929888209445585
12109020200,6.939965272416153,2.738436108145106
12109020300,6.953726596167009,2.753834680355921
12109020400,6.926457971252567,2.757884812457221
12109020500,6.893719112251882,2.755409600273785
12109020601,7.043042752224504,2.654912195071869
12109020602,7.162490932238193,2.650126741957563
12109020704,7.278965246406571,2.609450349075975
12109020705,7.398630133470226,2.599965112936345
12109020706,7.297970403148528,2.609029289527721
12109020707,7.450189740588638,2.596770661190965
12109020708,7.445856027378508,2.600969431211499
12109020710,7.391929442847365,2.602980362765229
12109020711,7.285668574264203,2.610252671457906
12109020801,7.738928854209446,2.533990693360712
12109020802,7.748894886379192,2.519898837782341
12109020803,7.734573301848049,2.534883714579055
12109020804,7.640112094455852,2.568193067077344
12109020805,7.668928321697468,2.547566386721424
12109020806,7.547261911704312,2.582094075975359
12109020807,7.530980134839151,2.600406405201916
12109020901,7.173754657768652,2.677628428473648
12109020902,7.295806544832307,2.666445510609172
12109021002,6.979968338809035,2.744699658453114
12109021003,7.017216859685147,2.751638994524298
12109021004,7.158605787132101,2.733228184804928
12109021101,6.911650997262149,2.828383783709788
12109021102,7.021078205338809,2.792408245037645
12109021103,6.985490041067762,2.766463572895277
12109021203,6.909853917864476,2.790950269678302
12109021204,6.761743088980151,2.80172006091718
12109021205,6.725650880219028,2.791422893908282
12109021206,6.845460785078713,2.790809247091034
12109021301,6.942248292265572,2.777202471594798
12109021302,6.90392768514716,2.772113981519507
12109021403,6.768865837782341,2.772306737166324
12109021404,6.783584230663929,2.78298037303217
12109021405,6.820654032169747,2.770965774811773
12109021406,6.850038534565366,2.772845917864476
12109021407,6.865408585215606,2.758457869952088
12109990100,7.348866722792608,2.680382594798084
12111380100,5.97784388843258,2.727384801505818
12111380200,5.994156589322382,2.733017731690623
12111380300,6.013551446954141,2.735164020533881
12111380400,6.032399819986311,2.735793327857632
12111380500,5.993155063655031,2.727190815195072
12111380600,6.018745225188227,2.729902914442163
12111380700,6.064429110198494,2.740032531827515
12111380800,6.088425348391513,2.761540275838467
12111380901,5.987875049281314,2.732028739904175
12111380902,6.034520793292266,2.748556376454483
12111381000,6.010821942505134,2.742385455852156
12111381101,6.037586267624914,2.754630489390828
12111381102,5.992847680355921,2.74523887063655
12111381204,5.895574608487337,2.70631990622861
12111381300,5.91243742642026,2.701924395619439
12111381401,6.014751501026694,2.721985049965777
12111381402,6.095191234770705,2.746173290212183
12111381502,6.126140461327858,2.74138894661191
12111381503,6.158007761806982,2.749686370978782
12111381601,6.057130855578371,2.725712112251882
12111381602,6.075417375085558,2.727384986310746
12111381603,6.036289850787132,2.707062592744695
12111381701,5.894143252566735,2.655043538672142
12111381702,5.91016764202601,2.666370150581793
12111381802,6.091075377823409,2.705234679671458
12111381803,6.02976000752909,2.683070221765914
12111381804,6.058033733059548,2.689484818617385
12111381900,6.149967338124572,2.709941120465435
12111382002,6.149467757015743,2.737621416837782
12111382003,6.165378822039699,2.730718239561944
12111382006,6.188049889801506,2.711340045174538
12111382007,6.197155556468172,2.741579316221766
12111382008,6.175750919917864,2.741269720054757
12111382009,6.127695924709103,2.714970492128679
12111382010,6.129793561943874,2.721559802190281
12111382106,6.247078830253251,2.731548611225188
12111382108,6.18426594661191,2.750394857631759
12111382109,6.235737859000684,2.746187234086242
12111382110,6.236486924024641,2.743274754277892
12111382111,6.224554132785763,2.749953918548939
12111382112,6.232088453114305,2.715244566735113
12111382113,6.23808805065024,2.733674617385352
12111382200,6.128898048596852,2.755424028062971
12111980000,6.013100062970568,2.746119430527036
12113010100,8.800212639972622,4.14494805338809
12113010200,8.950542257357974,4.168568849418207
12113010300,8.98507119301848,4.094221536618754
12113010400,8.882609874058864,4.115466370978782
12113010502,8.885932012320328,4.0820796954141
12113010503,8.91225829431896,4.076300019849418
12113010504,8.927766850787132,4.075673593429158
12113010600,8.855373821355236,4.066508941136208
12113010702,8.741423958932238,3.993790291581109
12113010704,8.928717213552361,4.051070872005476
12113010705,8.972662058863792,4.0380255229295
12113010706,8.887219229295003,4.032978851471595
12113010707,9.038695182067077,4.058787179329227
12113010708,9.002831310746064,4.06954979192334
12113010802,8.513912078028747,4.001127780287474
12113010808,8.685885859685147,4.068211186173854
12113010809,8.738249719370294,4.044344877481177
12113010811,8.306768907597536,3.906717338809035
12113010812,8.350417527036276,3.872635394934976
12113010813,8.336003156741958,3.874415579055442
12113010814,8.308979596167009,3.87265990622861
12113010815,8.267197952772074,3.88871198973306
12113010817,8.252612451060917,3.904173165639973
12113010819,8.25921873853525,3.927635775496236
12113010900,8.327743466803559,3.861142343600274
12115000101,6.968753535249829,2.774126544832307
12115000102,6.990661316221766,2.776889919917864
12115000200,7.008267670773443,2.784498533196441
12115000300,7.033706952087611,2.792206818617385
12115000401,7.025021876796715,2.786870092402464
12115000404,7.079028544832307,2.807629865845311
12115000405,7.041359206023272,2.794167596851472
12115000406,7.03847913963039,2.792642328542094
12115000407,7.067199804243669,2.803998248459959
12115000501,6.951667995208761,2.771608957563313
12115000502,6.983725341546886,2.780844685831622
12115000503,7.010204999315537,2.784468789185489
12115000601,6.917597568788501,2.761147477754962
12115000602,6.946033166324435,2.766801785078713
12115000700,6.852519292950034,2.754588930184805
12115000801,6.822306367556468,2.746745789869952
12115000802,6.79602393155373,2.732547351129363
12115000900,6.997053147843942,2.780460048596852
12115001000,7.024933171800137,2.782108258726899
12115001101,7.08139164476386,2.801592953456537
12115001102,7.080770244353183,2.804413856262834
12115001201,7.133134939767283,2.8168648275154
12115001202,7.108431524298426,2.8162005633128
12115001203,7.117833510609172,2.817692547570157
12115001204,7.115413709103354,2.81862176659822
12115001301,7.07731758384668,2.813610446954141
12115001302,7.055346744695414,2.805943734428474
12115001303,7.028318796030116,2.809917800136892
12115001304,7.015468717316906,2.792767803559206
12115001401,7.023881989048597,2.824510286105407
12115001402,6.988208043805613,2.81249061670089
12115001403,6.957709288158795,2.830802013689254
12115001503,7.015442770020534,2.797124765913758
12115001504,6.997749700889802,2.793048434633812
12115001505,7.004533919917864,2.804942494182067
12115001506,6.959211272416153,2.791704857631759
12115001507,6.97076076659822,2.805578180698152
12115001601,6.98796281724846,2.777807826146475
12115001602,6.970661836413416,2.777492549623546
12115001702,6.942709154004107,2.777937106776181
12115001703,6.905341547570157,2.776393952772074
12115001704,6.930839647501711,2.768640143737166
12115001801,6.856650377823409,2.765310392197125
12115001803,6.91048216495551,2.76994240109514
12115001804,6.89245075633128,2.763537940451745
12115001805,6.863707269678302,2.772765106776181
12115001903,6.821512005475702,2.756677316906229
12115001904,6.810485647501711,2.761658210814511
12115001905,6.807923818617385,2.768698334702259
12115001907,6.777947920602327,2.790866956194387
12115001908,6.803957837097878,2.779363829568788
12115002003,6.880792524982888,2.784703024640657
12115002004,6.850147405886379,2.787692734428474
12115002005,6.814159360027378,2.793220028062971
12115002007,6.813454531827515,2.813643399041752
12115002008,6.846148083504449,2.808965771389459
12115002009,6.852483848049281,2.827521424366872
12115002010,6.893196950718686,2.801508049965777
12115002100,6.768878242984257,2.824705607802875
12115002201,6.740701452429843,2.850786936344969
12115002202,6.701768853524983,2.85005657357974
12115002203,6.719542080082136,2.870570509924709
12115002302,6.711144908281999,2.885760978781656
12115002303,6.743817745379877,2.892517041752224
12115002304,6.659671262833676,2.868200700205339
12115002305,6.690531356605065,2.873553608487337
12115002401,6.641502915126626,2.872205631074606
12115002402,6.652316822724162,2.882965969883641
12115002504,6.668462771389459,2.895899734428474
12115002505,6.65078609377139,2.893696635865845
12115002507,6.625713841204654,2.891726583162218
12115002508,6.608916361396304,2.896813431211499
12115002509,6.604745783025325,2.900808491444216
12115002510,6.670318638603696,2.903719566735113
12115002511,6.691224965092402,2.902956090349076
12115002601,6.577926158795346,2.906171482546201
12115002602,6.566105963039014,2.910049028747433
12115002603,6.550019582477755,2.914467560574949
12115002604,6.574788984941821,2.92166853798768
12115002605,6.553248027378508,2.920430874743326
12115002710,6.743035914442163,2.955913475017112
12115002711,6.757202377823409,2.948962613963039
12115002712,6.742920201916496,2.94526861670089
12115002713,6.819529288843258,2.874846620123203
12115002714,6.771867249144422,2.868839102669404
12115002715,6.707467722792608,2.892992126625599
12115002716,6.74720353045859,2.906023189596167
12115002718,6.654319952772074,2.929505121149897
12115002719,6.722287234770705,2.925243130047912
12115002720,6.701428874743326,2.90943953045859
12115002721,6.753648446269678,2.941409363449692
12115002722,6.764181164271047,2.939365626283368
12115002723,6.732975416837782,2.948988275154004
12115002724,6.73344627926078,2.937598876796715
12117020101,6.967535084188912,2.631819462696783
12117020102,6.989930402464066,2.619361080766598
12117020201,6.952868260095825,2.627163197125257
12117020202,6.962667874058864,2.612463722792608
12117020301,6.994146516769336,2.607328764544832
12117020302,7.018114169746749,2.60205743394935
12117020401,7.019380331964408,2.605212616016427
12117020402,7.045332458590007,2.602409
12117020500,6.995447295003422,2.629237464065708
12117020600,7.04600017522245,2.628291744010951
12117020701,7.057291832306639,2.64834427926078
12117020703,7.138853691991786,2.603352497604381
12117020704,7.120389533880904,2.6094517816564
12117020705,7.175525069130732,2.576162921971253
12117020803,7.10783602532512,2.547613049965777
12117020805,7.108719732375086,2.588131144421629
12117020806,7.07983127926078,2.588733924709103
12117020807,7.071643887063655,2.575178198494182
12117020808,7.187528119096509,2.56813011430527
12117020810,7.185573731690623,2.557452895277207
12117020811,7.163657866529774,2.568396005475702
12117020812,7.142637942505134,2.57357532991102
12117020901,7.029298752908966,2.590143447638604
12117020902,7.010501485968515,2.595161894592745
12117020903,7.051044148528405,2.569103175906913
12117021000,6.970231614647502,2.584025811772758
12117021100,6.905326370978782,2.622714680355921
12117021201,6.698940628336756,2.611637987679672
12117021203,6.867992547570157,2.597602180013689
12117021204,6.665802850787132,2.614367646132786
12117021306,7.07243426899384,2.545306796714579
12117021307,7.097737334017796,2.542432691991786
12117021311,6.933563087611225,2.578201629021218
12117021312,6.954176084873374,2.571921018480493
12117021313,6.954098818617385,2.578702877481177
12117021314,7.027856248459959,2.563392654346338
12117021315,6.973606563997262,2.576184932238193
12117021316,6.921683151266256,2.585772668720055
12117021317,7.063996911704312,2.559784556468172
12117021318,7.126918711156742,2.540148780287474
12117021319,6.922056145790554,2.578216796714579
12117021320,6.992710203285421,2.570722494182067
12117021321,6.972614837097878,2.567585403832991
12117021401,7.163328649555099,2.54197336550308
12117021403,7.102405364134155,2.541493517453799
12117021404,7.15403101026694,2.53105887063655
12117021502,7.176866459958932,2.538963525667351
12117021503,7.20460819028063,2.524662954140999
12117021504,7.238853729637235,2.538992862422998
12117021505,7.232887583162218,2.553088772758385
12117021506,7.210433268309377,2.54708966255989
12117021604,7.212844863791923,2.592485105407255
12117021606,7.25912844421629,2.569937102669404
12117021608,7.269009505817933,2.538086095824778
12117021609,7.201164349760438,2.59354738329911
12117021611,7.232488151950719,2.584562088295688
12117021612,7.236457655030801,2.571212689938398
12117021613,7.255170034223135,2.553207027378508
12117021614,7.274788776865161,2.547565934291581
12117021615,7.236113643394935,2.570402707734428
12117021616,7.232536356605065,2.56072318275154
12117021704,7.275849134154689,2.574647647501711
12117021705,7.289186797399042,2.531580079397673
12117021706,7.302583115674196,2.520420965092402
12117021707,7.306449499657769,2.547596110198494
12117021708,7.290461468856947,2.56047931211499
12117021802,7.258707547570157,2.499592132785763
12117021803,7.282339867214237,2.507727544147844
12117021805,7.284139016427105,2.497276793292266
12117021806,7.268113529774127,2.507822028747433
12117021901,7.255526201232033,2.528619195071869
12117021902,7.254657340862423,2.52075309650924
12117022001,7.232106561943874,2.50926013963039
12117022002,7.224976116358658,2.510899286105407
12117022004,7.233715528405202,2.483625813826146
12117022005,7.243767336755647,2.487772637234771
12117022101,7.186056423682409,2.528590665982204
12117022104,7.206284519507187,2.509150164271047
12117022105,7.16761282477755,2.519792700889802
12117022106,7.169701764544832,2.51867401026694
12117022201,7.23749089596167,2.478368675564682
12117022205,7.191067744695414,2.502043517453799
12117022206,7.195984629705681,2.503161783025325
12117022207,7.168386941136208,2.525368338809035
12117022208,7.217840364818617,2.490224991101985
12117022209,7.204878761806982,2.506620733059548
12119910100,7.415102047912389,3.121226647501711
12119910300,7.213917941820671,3.002671373716632
12119910401,7.241308912388775,3.041073828884326
12119910402,7.165745336755647,3.00436868788501
12119910500,7.069001480492813,2.931016976043806
12119910601,7.057957242984257,2.925290169062286
12119910602,7.114287327857632,2.976483034907598
12119910700,6.936167757015743,2.853270196440794
12119910800,7.324161720054757,3.068729958247776
12119910900,7.175679519507187,2.982620188911704
12119911000,7.084507306639288,2.94774362422998
12119911200,7.351651223819302,3.076194460643395
12119911301,7.239992734428474,3.009856767282683
12119911302,7.340571927446954,3.079594196440794
12119911400,7.289407881587954,3.041072115674196
12119911500,7.376336188227242,3.115856291581109
12119911701,7.390321919233402,3.100835277891855
12119911702,7.349873980150582,3.084459688569473
12119980000,6.849991209445585,2.748288691307324
12121970100,8.249156090349076,3.653275079397673
12121970200,8.377080249828884,3.721653511293634
12121970301,8.104214145106092,3.669733533880904
12121970302,8.290716553045859,3.731896605065024
12121970400,8.269778688569473,3.700841546885695
12121970500,8.117426595482546,3.61442437303217
12121970600,7.907852886379192,3.538193976728268
12123950100,8.185614405201916,3.747200883641342
12123950200,8.193517744695414,3.771530610540726
12123950300,8.059460808350445,3.725201904175222
12123950400,7.715830074606434,3.622377980835044
12125960100,7.594620409308693,3.084555889117043
12125960200,7.630443503080082,3.186392272416153
12125960300,7.667604169062286,3.239239676249144
12127080100,6.564989608487337,2.756688902806297
12127080201,6.489126579739904,2.747609364818617
12127080202,6.506425859000684,2.740629476386037
12127080300,6.516039296372348,2.731194348391513
12127080400,6.529268783709788,2.729693854893908
12127080500,6.535305855578371,2.72018894934976
12127080600,6.561626594113621,2.721240186858316
12127080700,6.546036476386037,2.733842901437372
12127080803,6.601142869267625,2.725973985626283
12127080804,6.641707605065024,2.726888718001369
12127080805,6.623631554414784,2.727874118412046
12127080806,6.621931269678302,2.733826496235455
12127080807,6.58248426146475,2.736799146475017
12127080901,6.595416095824778,2.717728140999316
12127080902,6.608362628336756,2.71304743394935
12127081000,6.57772829705681,2.70971593908282
12127081101,6.539402348391513,2.712195843942505
12127081102,6.543382667351129,2.711205004791239
12127081200,6.544580466119096,2.706149605749487
12127081300,6.536855206023272,2.702009586584531
12127081500,6.581461551676934,2.705937458590007
12127081600,6.613886399726215,2.707348519507187
12127081700,6.639031753593429,2.710430731690623
12127081800,6.649957618069815,2.707516099931554
12127081900,6.616841428473648,2.706450843942505
12127082000,6.596135831622177,2.708583882956879
12127082100,6.605485663244353,2.710254011635866
12127082201,6.561694191649555,2.70216932991102
12127082202,6.588124973990418,2.708710783025325
12127082301,6.671001922655715,2.711440141683778
12127082401,6.545979230663929,2.707667474332649
12127082404,6.5795954770705,2.708073159479808
12127082405,6.571707923340178,2.708478399726215
12127082406,6.555485564681725,2.70717358384668
12127082410,6.607595568104038,2.719579138261465
12127082411,6.646646088295688,2.723123186858316
12127082412,6.631607718001369,2.711559149897331
12127082413,6.626565086926762,2.717216511978097
12127082414,6.595598806297057,2.712809975359343
12127082415,6.612602950034223,2.710218457221082
12127082503,6.534115405886379,2.71027936550308
12127082506,6.579311679671458,2.710394933607118
12127082507,6.551831260095825,2.71670781724846
12127082508,6.545346231348392,2.714197085557837
12127082509,6.480761951403148,2.711605488021903
12127082510,6.476993969883641,2.705128676249144
12127082511,6.501379706365503,2.703899989048597
12127082604,6.519291260095825,2.701638901437372
12127082605,6.484916915126626,2.702248310061602
12127082606,6.396377914442163,2.701905383983573
12127082607,6.441128310061602,2.700337021902806
12127082701,6.347474525667351,2.692288877481177
12127082703,6.283704849418207,2.681423227926078
12127082704,6.134649207392197,2.65596941615332
12127082705,6.270208409993155,2.680395171115674
12127082801,6.444636618069815,2.703435136208077
12127082802,6.365991287474333,2.693402552361396
12127082902,6.387704976043806,2.684707446269678
12127082903,6.43044893155373,2.694332724845996
12127082904,6.47405570568104,2.704922786447639
12127083003,6.223451202600958,2.653422485968515
12127083005,6.252655017111567,2.670173661875428
12127083006,6.279174162217659,2.673788155373032
12127083007,6.305017486652977,2.66699999247091
12127083008,6.291910454483231,2.678039693360712
12127083009,6.320058052703628,2.678418585215606
12127083203,6.665598580424367,2.75647322587269
12127083205,6.681071221765914,2.732401026694045
12127083206,6.708207275838467,2.745858163586584
12127083207,6.693978953456537,2.72736787816564
12127083208,6.593476822039699,2.718357672826831
12127083209,6.492808877481177,2.65460228678987
12127090101,6.635929454483231,2.766786500342231
12127090102,6.623247349075975,2.778331240930869
12127090202,6.768828385352498,2.746609018480493
12127090203,6.725268528405202,2.747960646132786
12127090204,6.728369077344285,2.744386952087611
12127090303,6.754187935660506,2.742231848049281
12127090304,6.791306180013689,2.736247051334702
12127090305,6.75782031211499,2.73058273853525
12127090306,6.819036253251198,2.719263014373717
12127090307,6.814311574264203,2.730331631759069
12127090400,6.803474338124572,2.738989509240246
12127090500,6.812200744010951,2.73768215468857
12127090600,6.815539370978782,2.734500151950719
12127090701,6.820006443531828,2.729033724161533
12127090702,6.826518832306639,2.729716524982888
12127090803,6.871387990417522,2.704925061601643
12127090804,6.881714183436003,2.703144653661875
12127090805,6.848732569472964,2.70679344421629
12127090806,6.883123791238878,2.696419825462012
12127090902,6.936237833675565,2.671844429842574
12127090903,6.914191668720055,2.681464932238193
12127090904,6.961351857631759,2.667420077344285
12127091001,6.778761364134155,2.711966145790554
12127091005,6.685125958932238,2.63751193908282
12127091013,6.809952114989733,2.663850922655715
12127091015,6.8563118678987,2.687534144421629
12127091016,6.872134509240246,2.68426622587269
12127091017,6.882420219028063,2.675960862422998
12127091018,6.902630755646817,2.673681610540726
12127091019,6.798496150581793,2.695313905544148
12127091020,6.745379771389459,2.694685619438741
12127091021,6.774425262149213,2.703277464065708
12127091022,6.838822271731691,2.698034757015743
12127091023,6.874474740588638,2.69477973853525
12127091024,6.737877505817933,2.678207567419576
12127091025,6.763456966461328,2.67100106844627
12127091026,6.807523328542094,2.673822357289528
12127091027,6.808860579739904,2.686823805612594
12127091028,6.869596619438741,2.670261475017112
12127091029,6.889760524982888,2.647635209445585
12127092500,6.657080222450376,2.715156249144422
12129010100,8.361951303901437,3.879786627652293
12129010201,8.46186472073922,3.888189404517454
12129010202,8.478889741957563,3.866858027378508
12129010203,8.756255360711841,3.925340735112936
12131950101,8.836475526351814,4.212684872689938
12131950102,8.933524961670089,4.246476507871321
12131950200,8.80436495687885,4.199487763175907
12131950301,8.824441959616701,4.219456510609172
12131950302,8.621111625598905,4.156493147843942
12131950400,8.702432208761122,4.174954057494866
12131950501,8.488496292950034,4.113209858316222
12131950502,8.437748509240246,4.098416646132786
12131950601,8.211561519507187,4.014348683093771
12131950602,8.220617933607118,4.029121631074606
12131950603,8.219889904859685,4.006389576317591
12133970102,9.002549625598905,4.200021604380561
12133970103,9.098734981519507,4.225158384668036
12133970104,9.120860431895962,4.215707090349076
12133970200,8.829963859000684,4.190416339493498
12133970301,8.687487080082136,4.138827529089665
12133970302,8.653733501711157,4.147917810403833
12133970303,8.8757464366872,4.168433694045174
13001950100,9.638114648870637,4.245806673511294
13001950200,9.673905468172485,4.259410231348392
13001950300,9.692296491444216,4.269425709787817
13001950400,9.382190916495551,4.115665163586584
13001950500,9.619976418206708,4.236767094455852
13003960100,9.779292713894593,4.223274394250513
13003960200,9.548674417522245,4.145174490759754
13003960300,9.343199091718001,4.080928289527721
13005970100,9.485741464065708,4.161849611909651
13005970201,9.640775290896646,4.240000265571526
13005970202,9.47118821560575,4.155514136208077
13007960100,10.267013255304586,4.048597613963039
13007960200,10.055218204654346,4.132480934291581
13009970100,10.610569958932238,4.064606289527721
13009970200,10.683925663244353,4.082416879534565
13009970300,10.745126917180014,4.082945112251882
13009970400,10.733115171800137,4.068472270362765
13009970500,10.802582472279261,4.040147531827515
13009970600,10.770818130047912,4.04221971321013
13009970701,10.737806410677618,4.05444546954141
13009970702,10.736668097193703,4.057776500342231
13009970800,10.86655658110883,3.991900127310062
13011970100,9.638866058179329,3.816766635181383
13011970200,9.877671569472964,3.898345406570842
13011970300,9.94332329705681,3.870115761122519
13011970400,10.141583908281999,3.995005349760438
13013180103,10.398608457905544,3.859658160164271
13013180104,10.475732624914442,3.846327856262834
13013180105,10.430751465434634,3.860417342915811
13013180106,10.4614982183436,3.843370287474333
13013180107,10.449351908966461,3.876886703627652
13013180108,10.473243064339494,3.861684425735797
13013180203,10.459331224503764,3.935335524298426
13013180204,10.462095563997262,3.924768746748802
13013180205,10.455727728268309,3.909340057494866
13013180206,10.444277993155373,3.924240282683094
13013180301,10.44666144421629,3.953503187542779
13013180302,10.4299684366872,3.946154806297057
13013180303,10.429204318959617,3.903308341546886
13013180401,10.441461510609172,3.976175292950034
13013180402,10.454475437371663,3.991386480492813
13013180501,10.486276153319644,3.892993119096509
13013180502,10.469630262833676,3.953106116358658
13013180503,10.495516099931554,3.914457818617385
13015960101,10.252752587268994,3.759027637919233
13015960102,10.38978133744011,3.712158498973306
13015960200,10.603513672142368,3.806929872689938
13015960300,10.618068438056126,3.733591646132786
13015960401,10.571427967830253,3.689964676249144
13015960402,10.524087998631075,3.694217942505134
13015960500,10.593818567419576,3.686886796030116
13015960600,10.579902336071184,3.624996710472279
13015960700,10.537164454483231,3.619279607802875
13015960801,10.578807943189596,3.526169895277207
13015960802,10.592372392197125,3.516579186858316
13015960803,10.583108597535934,3.561088501711157
13015960901,10.552548353182752,3.613661409993155
13015960902,10.598677331964408,3.669609668720055
13015961000,10.535644923340178,3.650193691307324
13017960100,9.899833063655031,4.233872385352498
13017960200,10.050340133470226,4.187950093086927
13017960300,10.048930574948665,4.215517112251882
13017960400,10.010969609856263,4.235319024640657
13017960500,10.023945029431896,4.247078508555784
13019970100,9.919488721423682,4.227418837097878
13019970200,10.070330125256674,4.221777585900068
13019970300,9.974656839151266,4.205549779603012
13019970400,9.79270709377139,4.19500523613963
13019970500,9.793084629705681,4.161451256673511
13019970600,9.770397884325804,4.117524285420945
13021010100,11.215562391512663,3.67002834770705
13021010200,11.224230948665298,3.68145498973306
13021010300,11.235250957563313,3.665729468856947
13021010400,11.23669772347707,3.651186682409309
13021010500,11.232805514031485,3.635667861738535
13021010800,11.21365219028063,3.664366392881588
13021011000,11.182246877481177,3.712880460643395
13021011100,11.174212786447639,3.688767232717317
13021011500,11.23000531211499,3.614071722792608
13021011701,11.152449032169747,3.708937802874743
13021011702,11.12769326146475,3.68502376386037
13021011800,11.206116381930185,3.720429767282683
13021011900,11.214135590006845,3.699942472279261
13021012000,11.183744869267625,3.747785894592745
13021012101,11.159988857631759,3.750387447638604
13021012102,11.167206145106092,3.767783292950034
13021012200,11.197171916495551,3.722459189596167
13021012300,11.225231889801506,3.687868930184805
13021012400,11.208402932922656,3.700885660506502
13021012500,11.228167472279261,3.658268134839151
13021012600,11.235060374401095,3.612589633127994
13021012700,11.230864427789186,3.596217952772074
13021012800,11.236319040383299,3.571969896646133
13021012900,11.24043365229295,3.560723195071869
13021013101,11.21674619301848,3.652563519507187
13021013102,11.224687978097194,3.635831199863108
13021013201,11.187057556468172,3.715913592744695
13021013202,11.210799061601643,3.676715458590007
13021013302,11.039536707734428,3.649422757015743
13021013407,11.13120650513347,3.791183554414784
13021013408,11.114694566735113,3.819983138261465
13021013409,11.046033741957563,3.836716057494866
13021013410,11.100457605065024,3.804278000684463
13021013411,11.0948533045859,3.838793167693361
13021013502,11.139151744010951,3.644150039014374
13021013503,11.222112904175222,3.620366301848049
13021013504,11.176363590006845,3.687104777549624
13021013603,11.157893495550992,3.717977257357974
13021013604,11.059781973305955,3.793925636550308
13021013605,11.029336128678987,3.826029583162218
13021013606,11.010349034907598,3.826651754962355
13021013700,11.216743501026694,3.639591386036961
13021013800,11.187828518138262,3.656048945927447
13021013900,11.14505970294319,3.569407722108145
13023790100,10.410078815879535,4.043110119780972
13023790200,10.443325272416153,4.003699419575633
13023790300,10.378447920602327,4.101796584531143
13025960100,8.459188498973306,3.520011414784394
13025960200,8.539463066392882,3.597790508555784
13025960300,8.638202406570842,3.683569928131417
13027960200,10.111963160848734,4.232007775496236
13027960300,9.865133724845996,4.132642240930869
13027960400,9.801504019164956,4.145301303901437
13027960500,9.640843405201916,4.099107612594114
13027960600,9.514804018480493,4.086611700889802
13029920101,9.419984273785079,3.92746250513347
13029920102,9.384512251882272,3.97857409377139
13029920301,9.08736387816564,3.775409203969884
13029920303,9.156851819986311,3.762160505817933
13029920305,9.142774913073238,3.753075873374401
13029920306,8.809114241615332,3.673578028747433
13029980000,9.266228327857632,3.876038345653662
13031110100,9.826754479123888,4.246294338124572
13031110200,9.778216881587954,4.209437907597536
13031110300,9.834879056125941,4.248085904175222
13031110401,9.805188993155373,4.227848533196441
13031110403,9.765962879534565,4.20461921560575
13031110404,9.787799902806297,4.218414088980151
13031110500,9.776254496919918,4.210741890485968
13031110601,9.659658879534565,4.14668784257358
13031110602,9.649243598220397,4.143073017111567
13031110700,9.628451274469541,4.126860489390828
13031110800,9.76645327926078,4.223190156057495
13031110900,9.500072141683778,4.041525461327858
13033950100,10.231438927446954,4.223482456536619
13033950200,10.380982960301164,4.260077777549624
13033950400,10.23052323340178,4.274522776865161
13033950500,10.093834436002738,4.246766493497604
13033950700,9.82543735797399,4.154223744010951
13033950900,10.079936879534565,4.246050646817248
13035150100,10.715471202600958,4.00490703559206
13035150200,10.709945153319644,3.988446686516085
13035150300,10.706127984257358,3.986157346338125
13037950100,10.156603435318275,4.079197875427789
13037950200,10.063970229979466,4.186526927446954
13039010100,8.128672570157426,3.275955748117728
13039010200,7.98258864476386,3.159400168377823
13039010301,7.998606720054757,3.113958711156742
13039010302,8.019434761806982,3.193251376454483
13039010401,7.970996625598905,3.088979636550308
13039010402,7.958442221765914,3.112998718685832
13039010403,7.965897336755647,3.058961830253251
13039010500,7.869142830253251,3.063399135523614
13039010601,7.908438331279945,3.032461352498289
13039010602,7.715174934976044,3.050530961670089
13043950100,9.933619754962355,4.301162108145106
13043950200,9.899564772758385,4.303988977412731
13043950300,9.86599248733744,4.279245223819302
13045910101,10.248539882956879,3.692875305270363
13045910103,10.226578629021218,3.748168033538672
13045910104,10.221157183436003,3.676857132785763
13045910200,10.167795704312115,3.735264465434634
13045910300,10.158874299110198,3.880579197809719
13045910400,10.13551329705681,3.946068973990418
13045910501,10.205138818617385,3.908717568788501
13045910502,10.225260492128679,3.904659724161533
13045910600,10.207848997262149,3.856891741273101
13045910701,10.249671265571526,3.872294608487337
13045910702,10.257815825462012,3.81150823340178
13045910703,10.222454232032854,3.827626625598905
13045910800,10.306203711156742,3.904451085557837
13045910900,10.203117681040383,3.991023257357974
13045911000,10.247157138261465,3.938026821355236
13045911100,10.224984624914442,3.952527460643395
13045911200,10.12566617522245,3.9878311321013
13047030100,10.536130399041752,4.017986266940452
13047030201,10.582253258726899,4.002501538672142
13047030202,10.579381851471595,4.007986840520192
13047030301,10.572666416837782,3.997292867214237
13047030303,10.532070838466804,3.984000099931554
13047030304,10.498210135523614,3.985879980835044
13047030401,10.54073045174538,3.969616097193703
13047030402,10.588635847364819,3.972496177275838
13047030500,10.577547923340178,3.942722352498289
13047030600,10.564302364134155,3.927311223134839
13047030700,10.551396486652977,3.946654311430527
13049010100,8.193257715263518,3.434376650924025
13049010200,7.90719426146475,3.167020839835729
13051000100,9.391160603696099,3.686762275154004
13051000300,9.371953234086242,3.692965418206708
13051000601,9.410834407939767,3.681947481861738
13051000900,9.375159880903491,3.697710685831622
13051001100,9.339144156057495,3.697530761806982
13051001200,9.398926397672827,3.700747330595482
13051001500,9.375437785078713,3.697770594113621
13051002000,9.357609920602327,3.700452138945927
13051002100,9.33175176386037,3.700818892539357
13051002200,9.289011062970568,3.699483772758385
13051002300,9.395885696783025,3.702980650924025
13051002600,9.360975939767283,3.70666181724846
13051002700,9.333750441478439,3.702358158110883
13051002800,9.378768622176591,3.702288490075291
13051002900,9.349436260095825,3.707552368925394
13051003000,9.319782772758385,3.70380399247091
13051003301,9.41271082477755,3.683847509240246
13051003302,9.403194952087611,3.694068670773443
13051003400,9.318633652977413,3.700760462696783
13051003501,9.282753338124572,3.703829618754278
13051003502,9.247010722108145,3.69340643394935
13051003601,9.209511378507871,3.681214084188912
13051003602,9.232893997262149,3.690966577686516
13051003700,9.296405275838467,3.69177649486653
13051003800,9.205129082135524,3.689309478439425
13051003900,9.17624138329911,3.684015466803559
13051004001,9.250454394934976,3.693923052019165
13051004002,9.190132270362765,3.689743550992471
13051004100,9.12215254072553,3.682957614647502
13051004207,9.223250830937714,3.694302664613279
13051004208,9.202012584531143,3.696612293634497
13051004209,9.123962769336071,3.690159191649555
13051004210,9.176180959616701,3.688487023956194
13051004211,9.133337017111567,3.691830047912389
13051004212,9.144897852156058,3.698694840520192
13051004300,9.285367412731006,3.70775606091718
13051004400,9.355849937029432,3.705732966461328
13051004500,9.385483911704312,3.697844420260096
13051010101,9.216666360711841,3.679213134154689
13051010102,9.14685982477755,3.68149668514716
13051010200,9.098094733744011,3.667244414099932
13051010501,9.422872325804244,3.700395718685832
13051010502,9.353964540041068,3.704912854209446
13051010601,9.461625480492813,3.657709658453114
13051010603,9.471734990417522,3.675498119780972
13051010605,9.349331557837098,3.690658411362081
13051010700,9.492448211498973,3.753517650924025
13051010801,9.461871618069815,3.812735283367556
13051010802,9.378935540041068,3.796561920602327
13051010803,9.468533805612594,3.74599011156742
13051010806,9.192005099931554,3.717575272416153
13051010807,9.145219955509925,3.72972668788501
13051010808,9.285578162217659,3.743382632443532
13051010809,9.389363110882957,3.731836002737851
13051010901,9.128782116358658,3.696802557837098
13051011003,9.007940277207392,3.665638357289528
13051011004,8.993131190965092,3.65434131211499
13051011005,8.624404856262834,3.584763119780972
13051011006,8.834087428473648,3.627797006844627
13051011103,8.505683704312115,3.560480495550992
13051011104,8.865101021902806,3.634907698836413
13051011106,9.033868898015058,3.661873355920602
13051011107,8.899345044490075,3.639729982888433
13051011108,8.711892562628337,3.594530640657084
13051011109,8.764509237508556,3.604674002737851
13051011200,9.384438962354552,3.695366151950719
13051011300,9.387767734428474,3.71115390622861
13051011400,9.384982584531143,3.708706525667351
13051011500,8.629970821355236,3.605371067761807
13051011600,9.442557449691992,3.678492034223135
13051980000,9.436046545516769,3.679240216974675
13053020100,10.39942388569473,4.217346477754962
13053020201,10.809653803559206,4.317285631759069
13053020203,10.600439117043121,4.262920246406571
13053020205,10.790827496919918,4.280349959616701
13053020206,10.502090347022587,4.200968945242984
13055010100,10.481034065708419,3.80508309377139
13055010200,10.371732040383299,3.833749464065708
13055010300,10.30820688569473,3.829919142368241
13055010400,10.369355801505818,3.797247438056126
13055010500,10.438024657768652,3.760140116358658
13055010600,10.48756015468857,3.678868292950034
13057090100,9.856128411362081,3.657629696098563
13057090200,10.08830012183436,3.669341290896646
13057090300,10.347381661190965,3.60052558110883
13057090400,10.102681557837098,3.63877507118412
13057090501,10.012229675564682,3.654386994524298
13057090502,10.193467930184805,3.648906579055442
13057090601,10.30842115742642,3.609555008898015
13057090602,10.228689980835044,3.626635953456537
13057090701,10.452554770020534,3.565351273785079
13057090702,10.438109173853525,3.580960744695414
13057090802,10.382523898699521,3.622839583162218
13057090803,10.402002706365503,3.597902284052019
13057090804,10.503438236824093,3.582376835728953
13057090901,10.560188449007529,3.563116132785763
13057090902,10.652198616016427,3.546291832991102
13057090904,10.629953284736482,3.517448887063655
13057090905,10.677326809034908,3.499865924024641
13057091001,10.617151235455168,3.50433847980835
13057091003,10.645813292950034,3.451397327173169
13057091005,10.617753948665298,3.481904966461328
13057091006,10.56767054825462,3.497416665982204
13057091007,10.519835976043806,3.528351158795346
13057091008,10.557227769336071,3.515406256673511
13057091101,10.520777211498973,3.534483002053388
13057091102,10.618799054757016,3.454640199863108
13057091103,10.600229383983573,3.476636986995209
13059000100,10.426787106091718,4.009389114989733
13059000401,10.428126030116359,4.000252089664613
13059000402,10.423006235455168,4.006280350444901
13059000600,10.426915878850103,4.00755358110883
13059000900,10.442175472279261,4.014531717316906
13059001200,10.43908128678987,4.004104894592745
13059001700,10.444805008898015,4.014168370294319
13059001800,10.435385622176591,4.0146503908282
13059001900,10.42772207118412,4.01376368788501
13059002000,10.43231206091718,4.003790301848049
13059002100,10.430324664613279,4.003257518138262
13059002200,10.432382709787817,4.000043457905544
13059030100,10.415938941136208,4.012012024640657
13059030200,10.412189880903491,4.006922973990418
13059130300,10.427551167693361,4.022898245722108
13059130400,10.442905874743326,4.016003643394935
13059130500,10.459656394250513,4.009966855578371
13059130600,10.459918399041752,4.017097747433265
13059130700,10.469856193702943,4.015190767967146
13059140300,10.413066164271047,4.032526033538672
13059140400,10.399810507186858,4.044038018480493
13059140500,10.397424081451061,4.022916976728268
13059140600,10.369663374401095,4.037042442162902
13059150300,10.446389443531828,4.006070752224504
13059150400,10.415327653661875,3.993590521560575
13059150500,10.409632203285421,3.987220722792608
13059150600,10.401177194387406,3.992113230663929
13059150700,10.377616615331964,4.001061143052704
13059150800,10.378781898015058,3.997698605749487
13059150900,10.351751678986995,4.018149104722793
13061960300,9.941586866529774,4.251863238193018
13063040202,10.982766020533881,3.523707712525667
13063040203,10.944317361396304,3.583455295003422
13063040204,10.959596813141684,3.569015651608487
13063040302,11.020504564681725,3.471580728952772
13063040303,11.015927499657769,3.460931135523614
13063040306,10.972345817932923,3.506576175906913
13063040307,10.951197092402464,3.517211534565366
13063040308,11.014590397672827,3.488982672142368
13063040407,10.962625803559206,3.495111869267625
13063040408,10.943700611225188,3.527006758384668
13063040409,10.928418700889802,3.532123219028063
13063040410,10.98162982477755,3.459063046543463
13063040411,10.936790646132786,3.522543603696099
13063040412,10.904140624914442,3.567410205338809
13063040413,10.885221449691992,3.570429425051335
13063040414,10.93724206091718,3.541045822724162
13063040415,10.912010529089665,3.566206812457221
13063040416,10.925639918548939,3.548973589322382
13063040417,10.897164332648871,3.577377629021218
13063040509,10.909649941136208,3.602437987679672
13063040510,10.937821415468857,3.576782375085558
13063040512,10.902439945927447,3.602791693360712
13063040513,10.864040282683094,3.622830212183436
13063040514,10.824249568104038,3.648810257357974
13063040515,10.819773863107461,3.649275527720739
13063040516,10.827511394934976,3.644404968514716
13063040518,10.788482578370979,3.673881052703628
13063040519,10.944860859685147,3.562508362765229
13063040520,10.962732618754278,3.546934821355236
13063040521,10.91337181724846,3.579048095140315
13063040522,10.934100281314168,3.554131134839151
13063040523,10.88013032991102,3.602643438056126
13063040524,10.864508303901437,3.605511815195072
13063040525,10.774841334702259,3.686364149212868
13063040526,10.776289561943874,3.686131306639288
13063040606,10.734033269678302,3.73137444421629
13063040608,10.641268347022587,3.806441457221082
13063040609,10.853373542778918,3.611399485284052
13063040611,10.854932102669404,3.608271886379192
13063040612,10.811549954140999,3.65034662422998
13063040613,10.793405881587954,3.673108090349076
13063040614,10.815772554414784,3.650854456536619
13063040615,10.853501643394935,3.614251615331964
13063040616,10.874424008898015,3.587110926078029
13063040617,10.865448618069815,3.603355555099247
13063040619,10.785989775496236,3.679816999315537
13063040620,10.749693427104723,3.7009418678987
13063040621,10.71441115468857,3.745639933607118
13063040622,10.739894471594798,3.719175967145791
13063980000,11.013677154004107,3.533586771389459
13065970100,8.881573697467488,3.873939466803559
13065970200,8.300029612594114,3.615673160164271
13067030101,10.609434214921287,3.449208067761807
13067030103,10.643297316906229,3.408207223819302
13067030104,10.621323965776865,3.436829190965092
13067030106,10.641561999315537,3.413028890485968
13067030107,10.646133890485968,3.414378161533196
13067030209,10.763661641341547,3.424755223134839
13067030214,10.670854144421629,3.375259800821355
13067030215,10.709087344969199,3.337391761122519
13067030218,10.704114856262834,3.383745500342231
13067030219,10.624442868583162,3.432283327857632
13067030220,10.713982080082136,3.405427663928816
13067030222,10.678985234770705,3.413280694729637
13067030223,10.672805645448323,3.403276386721424
13067030224,10.688517808350445,3.361322655715264
13067030226,10.676983393566051,3.373687806297057
13067030227,10.702564790554415,3.32529584257358
13067030228,10.743987820670773,3.38230567761807
13067030229,10.735295648870637,3.33917321560575
13067030230,10.781476713894593,3.360040008213552
13067030231,10.739216034907598,3.39125939835729
13067030232,10.755428399726215,3.455386666666667
13067030233,10.828189831622177,3.44915589596167
13067030234,10.628877955509925,3.470924999315537
13067030235,10.683297789869952,3.448957295687885
13067030236,10.601018954825462,3.45193234770705
13067030238,10.601815683778234,3.457138873374401
13067030239,10.654227281998631,3.426885347022587
13067030310,10.693453909650924,3.450160853524983
13067030311,10.740652733059548,3.475900199178645
13067030312,10.797401711156742,3.456340133470226
13067030313,10.752314818617385,3.420770622176591
13067030314,10.8145741321013,3.488948228610541
13067030318,11.04019647980835,3.510777574948665
13067030319,10.998706639972622,3.529043201232033
13067030320,11.085038535249829,3.502699075975359
13067030322,10.769524960985626,3.524406224503764
13067030324,10.700017850787132,3.490164230663929
13067030326,10.7137403045859,3.535250263518138
13067030327,10.833843661190965,3.509996858316222
13067030328,10.851130685831622,3.528619561943874
13067030329,10.886537814510609,3.484159970568104
13067030330,10.92165968788501,3.491244650924025
13067030331,10.89071975633128,3.506154411362081
13067030332,10.945580590006845,3.511380923340178
13067030333,10.989037514031485,3.504148700889802
13067030334,10.982251354551677,3.522009507186858
13067030335,10.879887991101985,3.534111760438056
13067030336,10.92862206091718,3.532076477754962
13067030337,10.968580952087611,3.536709970568104
13067030339,11.150445805612594,3.496987986310746
13067030340,10.762931620807666,3.51037101779603
13067030341,10.724807383983573,3.502863273100616
13067030342,10.776355848733744,3.533870643394935
13067030343,10.807779779603012,3.543827933607118
13067030344,11.087436603011636,3.496799338809035
13067030345,11.113550728952772,3.50173364202601
13067030405,11.016877344284736,3.483297665982204
13067030407,11.005736519507187,3.487231382614648
13067030408,11.057072352498289,3.50200273100616
13067030409,10.977306791238878,3.491992264887064
13067030410,10.970999632443532,3.479639245037645
13067030411,11.003958713894593,3.480102000684463
13067030412,11.02429653798768,3.485136151266256
13067030413,11.07297601026694,3.496955915126626
13067030414,11.058848596167009,3.492646991786448
13067030502,10.893315898015058,3.455966668035592
13067030504,10.922534171800137,3.465234417522245
13067030505,10.950268290212183,3.467376151266256
13067030506,10.847756154004107,3.421043245722108
13067030507,10.849227217659138,3.447750869267625
13067030601,10.814455021218344,3.388106670773443
13067030602,10.846243544147844,3.406505597535934
13067030700,10.91492005065024,3.448539130047912
13067030800,10.959933681040383,3.467594675564682
13067030901,10.866424665297741,3.43769125393566
13067030902,10.90863126146475,3.446743204654346
13067030904,10.918477421629021,3.459388442847365
13067030905,10.887196537303217,3.469439240246407
13067031001,11.014493454483231,3.486139197125257
13067031002,10.952985915126626,3.473549636550308
13067031004,10.980691809034908,3.489489223819302
13067031005,10.921341217659138,3.480684687200548
13067031101,11.035761694045174,3.496270585215606
13067031106,10.948632175906913,3.507068616016427
13067031108,11.06478472073922,3.494370951403148
13067031110,11.057304938398357,3.500343345653662
13067031111,11.088514579055442,3.497661167693361
13067031112,11.091298156741958,3.500743967830253
13067031113,11.064455272416153,3.494042315537303
13067031114,11.104218232717317,3.495822882272416
13067031115,11.01029844421629,3.497707718001369
13067031116,11.019221930869268,3.494187600958248
13067031117,11.022560659137577,3.509831945927447
13067031118,11.067338108829569,3.509448532511978
13067031205,11.171973699520876,3.496737700205339
13067031206,11.124846382614648,3.509748150581793
13067031207,11.144139815879535,3.496305694729637
13067031208,11.128636811088296,3.497729810403833
13067031209,11.135512765913758,3.510159237508556
13067031211,11.15131441889117,3.497477080766598
13067031212,11.1692226954141,3.497130325119781
13067031306,10.933622853524983,3.541423134154689
13067031307,11.011898234770705,3.525143476386037
13067031308,10.947496549623546,3.555262314168378
13067031309,10.89561602532512,3.559636743326489
13067031310,10.953895548939083,3.572644289527721
13067031311,10.994231490759754,3.555071310061602
13067031312,11.047538400410678,3.544311210814511
13067031313,11.107785806297057,3.527822253251198
13067031404,10.88984732991102,3.529915697467488
13067031405,10.863924044490075,3.497974736481862
13067031406,10.891311948665298,3.51598765229295
13067031408,10.75667045927447,3.559289480492813
13067031409,10.805694060232717,3.536705196440794
13067031503,10.794520907597536,3.477736412046544
13067031505,10.692061334702259,3.521849913073238
13067031506,10.734085569472964,3.493255046543463
13067031507,10.781602028747433,3.504748354551677
13067031508,10.641460345653662,3.487466169062286
13067031509,10.630370613278576,3.545709302532512
13069010100,9.836762924024641,4.287622508555784
13069010200,9.789857767967146,4.290493749486653
13069010300,9.663394726214921,4.226622333333333
13069010400,9.895240997262149,4.31898304312115
13069010500,9.96628078439425,4.338295481177276
13069010600,9.912548664613279,4.281972934976044
13069010700,9.892853256673511,4.299247297741273
13069010801,9.730279219712526,4.247230708418891
13069010802,9.738426832991102,4.249436403148528
13071970100,10.263587967145791,4.162403001368925
13071970200,10.392371555099247,4.076949286105407
13071970300,10.387374696098563,4.178389067077344
13071970400,10.30578094934976,4.198027519507187
13071970500,10.148841813141684,4.194379694045174
13071970600,10.332514030800821,4.247098230663929
13071970701,10.344219482546201,4.238919598220397
13071970702,10.372147122518823,4.211922873374401
13071970800,10.392587511293634,4.210418496235455
13071970900,10.44288496440794,4.223562023271732
13073030102,10.797686575633128,4.196348392881588
13073030103,10.724675553730322,4.198959984941821
13073030105,10.785720407255305,4.212374429842574
13073030106,10.85835549486653,4.222287031485284
13073030201,10.768868967830253,4.223214113620808
13073030202,10.863087963723477,4.24010685284052
13073030203,10.823217162217659,4.244242312799452
13073030302,10.697328381245722,4.228217687200548
13073030304,10.532935237508556,4.185919241615332
13073030306,10.666450728268309,4.216111526351814
13073030307,10.670811697467488,4.20456953798768
13073030308,10.494828788501027,4.153748920602327
13073030309,10.622619757700205,4.17698871321013
13073030401,10.158119458590007,4.105280598220397
13073030402,10.327436371663244,4.169548735797399
13073030503,10.562937237508556,4.242186910335387
13073030504,10.433456298425736,4.225052704312115
13073030505,10.712038367556468,4.249830232032854
13073030506,10.708280031485284,4.261846815879535
13073030603,10.836956360711841,4.228065166324435
13075960100,10.119628464750171,4.209722633812457
13075960200,10.09101109650924,4.194556343600274
13075960300,10.018671581793292,4.192997640657084
13075960400,9.945117490759754,4.159757219028063
13077170100,10.318505635865845,3.998101970568104
13077170200,10.39829343394935,3.967746937029432
13077170303,10.424654779603012,3.888528688569473
13077170304,10.455440483230664,3.930092350444901
13077170305,10.4713699137577,3.957722765913758
13077170306,10.501569816563997,3.94964692881588
13077170402,10.576967472963724,3.845201002053388
13077170403,10.516398626283368,3.866718726214921
13077170404,10.530040232717317,3.907021464065708
13077170405,10.518611425051335,3.936014792607803
13077170406,10.550237040383299,3.888485226557153
13077170501,10.47784288569473,3.964199725530459
13077170502,10.426287533880904,3.990132648870637
13077170503,10.456398676249144,3.96383520054757
13077170601,10.41198140109514,3.994582201916496
13077170602,10.471105223819302,3.972785918548939
13077170603,10.476655865845311,3.975201620807666
13077170700,10.358014696783025,4.010715712525667
13077170801,10.338143628336756,4.061167918548939
13077170802,10.390779812457221,4.027842854893908
13079070100,10.652511298425736,4.011270008213552
13079070201,10.908640121149897,3.892799967145791
13079070202,10.790049998631075,4.007766943189596
13081010100,10.43381720807666,4.137116768651608
13081010201,10.448937245722108,4.051917901437372
13081010202,10.561682515400411,4.126950498973306
13081010300,10.337089069130732,4.115715203969884
13081010400,10.43552307871321,4.10290704312115
13081010500,10.318039500342231,4.07143335797399
13083040101,10.141630852156058,3.916572303216975
13083040102,10.088703542778918,3.928294580424367
13083040200,10.060456006160164,3.944531981519507
13083040300,10.099173820670773,3.907258420260096
13085970100,9.340044008898015,3.633988709787817
13085970201,9.713768178644764,3.694487690622861
13085970202,9.642875646132786,3.66884080698152
13087970100,10.188027973305955,4.33735603559206
13087970200,9.98334965982204,4.322090288843258
13087970300,10.086917553045859,4.364237698151951
13087970400,10.149574641341547,4.345997743326489
13087970600,10.117339527036276,4.352943080082136
13087970700,9.688582472279261,4.261008026694045
13087970800,9.946163364818617,4.292610991786448
13089020100,11.222544021218344,3.455838604380561
13089020200,11.211150549623546,3.4471765633128
13089020300,11.191324806297057,3.439625237508556
13089020400,11.202386763175907,3.440402568104038
13089020500,11.18318133744011,3.431873746748802
13089020600,11.191056117043121,3.435437014373717
13089020700,11.174082193702943,3.424882016427105
13089020801,11.16645072347707,3.428886844626968
13089020802,11.138836839151266,3.419601800821355
13089020900,11.162965728268309,3.420267986310746
13089021101,11.145260071868583,3.500686213552361
13089021102,11.176925638603696,3.488138197125257
13089021202,11.110158497604381,3.514558855578371
13089021204,11.118497226557153,3.49628827652293
13089021208,11.098996881587954,3.501567581793292
13089021209,11.1232511321013,3.496572661190965
13089021210,11.020628689253936,3.5401206954141
13089021211,10.992593466803559,3.54421627926078
13089021213,11.019298924024641,3.539481209445585
13089021214,10.995909177960301,3.542486476386037
13089021215,11.073448970568104,3.528356188911704
13089021216,11.071412980835044,3.524689149212868
13089021217,11.036218609856263,3.52426798973306
13089021218,11.048627311430527,3.525340483230664
13089021301,11.075749161533196,3.507910787816564
13089021303,11.044367338124572,3.52193460164271
13089021305,11.016037691307324,3.540897377823409
13089021306,11.041678027378508,3.518534179329227
13089021307,11.092290378507871,3.508750425735797
13089021308,11.121922280629706,3.50388087816564
13089021405,11.180707890485968,3.485853349075975
13089021409,11.147420273100616,3.496182877481177
13089021410,11.166395133470226,3.487918403148528
13089021411,11.168656,3.487709327857632
13089021412,11.153993965092402,3.493503840520192
13089021413,11.178496602327173,3.482915579739904
13089021414,11.178856895277207,3.483288121149897
13089021415,11.203902991786448,3.475162485968515
13089021416,11.189950930184805,3.480456666666667
13089021417,11.194366436002738,3.470971771389459
13089021502,11.217795406570842,3.465828237508556
13089021503,11.19833628678987,3.468554669404518
13089021504,11.198764700889802,3.469069084873374
13089021602,11.163846325804244,3.4766111724846
13089021603,11.189706837097878,3.470808041067762
13089021604,11.164434288843258,3.483485731690623
13089021605,11.15351153798768,3.493115948665298
13089021703,11.133911987679672,3.501218945242984
13089021704,11.126716466119096,3.501686898699521
13089021705,11.090949817932923,3.516679838466804
13089021706,11.114431189596167,3.507858095140315
13089021805,11.063091147843942,3.535731039014374
13089021806,11.018949491444216,3.563474768651608
13089021808,11.060894492813142,3.529142277207392
13089021809,11.034850034907598,3.542825650924025
13089021810,11.085497690622861,3.526143307323751
13089021812,11.047405046543463,3.536011586584531
13089021813,11.026947943874059,3.532467736481862
13089021814,11.036763224503764,3.540324793976728
13089021906,11.004358855578371,3.562637975359343
13089021907,10.951454039698836,3.595587432580424
13089021908,11.025881769336071,3.542933152635181
13089021909,11.048655225188227,3.530393412731006
13089021910,11.046188045174538,3.54112766255989
13089021911,11.024197635181383,3.550261843258042
13089021912,10.970843069815195,3.581787088980151
13089021913,11.016747449007529,3.563291177960301
13089022001,11.111347278576318,3.506354041752224
13089022004,11.066167611909651,3.524310232032854
13089022005,11.082884455852156,3.504155600273785
13089022007,11.11008145927447,3.508324546885695
13089022008,11.092778303901437,3.506798834360027
13089022009,11.09156545174538,3.519530701574264
13089022010,11.086167966461328,3.517710658453114
13089022100,11.11914168514716,3.4933882183436
13089022203,11.137883177275838,3.47575821560575
13089022204,11.140107943874059,3.489443409993155
13089022301,11.16611923340178,3.469076269678302
13089022302,11.150980533880904,3.485721108829569
13089022401,11.211480097193703,3.452169538672142
13089022402,11.201075648186174,3.464011380561259
13089022403,11.192592443531828,3.449440867214237
13089022500,11.166642533196441,3.45231335797399
13089022600,11.154496561259411,3.460416588637919
13089022700,11.150699880903491,3.436569265571526
13089022800,11.141414517453799,3.442523078028747
13089022900,11.125005875427789,3.44694909377139
13089023000,11.123359559890486,3.459469682409309
13089023101,11.105177908966461,3.428846368240931
13089023102,11.100955804243669,3.457303102669404
13089023107,11.087140010951403,3.454718672142368
13089023108,11.061303047912389,3.471173525667351
13089023111,11.063050657768652,3.486812079397673
13089023112,11.083173384668036,3.478483864476386
13089023113,11.107222814510609,3.479937206023272
13089023114,11.075444813826146,3.500157314168378
13089023115,11.090809247091034,3.484820869267625
13089023204,11.04714880971937,3.521479600958248
13089023206,11.028603698151951,3.503780242984257
13089023208,11.013516986310746,3.544139470225873
13089023209,10.994073521560575,3.558947267624914
13089023210,10.995754400410678,3.53999457357974
13089023211,10.996419540041068,3.523273136208077
13089023212,10.976582952772074,3.541383778234086
13089023213,11.003676065708419,3.494473502395619
13089023214,10.974730718001369,3.524649005475702
13089023303,10.874849794661191,3.656075285420945
13089023306,10.926891026694045,3.603978466803559
13089023309,10.944468095140315,3.586045585215606
13089023310,10.936201182067077,3.584835262149213
13089023311,10.912436130047912,3.623395185489391
13089023312,10.952773176591376,3.590997541409993
13089023313,10.927929722792608,3.603116135523614
13089023314,10.96154493908282,3.57153434017796
13089023315,10.857091786447639,3.672077313483915
13089023316,10.872007229979466,3.642933950718686
13089023410,11.049083718685832,3.371797958932238
13089023411,11.062673633127994,3.356928137577002
13089023412,11.030624507186858,3.422201219028063
13089023413,11.003945955509925,3.429987073921971
13089023414,10.990399060232717,3.479105539356605
13089023416,10.962918280629706,3.528319032169747
13089023418,10.89029883504449,3.627411579739904
13089023419,10.964548152635181,3.489220183436003
13089023421,11.010940448323066,3.388497183436003
13089023422,10.98658731211499,3.413993543463381
13089023423,11.0422101321013,3.385182433264887
13089023424,11.014204247091034,3.359519637234771
13089023425,10.978831559206023,3.459771819301848
13089023426,10.959997785078713,3.501615703627652
13089023427,10.935442082135524,3.579528281314168
13089023428,10.939944342915811,3.588606694729637
13089023501,11.091055822039699,3.424479528405202
13089023504,11.077660033538672,3.39951811156742
13089023505,11.06147773853525,3.414919342915811
13089023506,11.04599623340178,3.444293850787132
13089023507,11.020686976728268,3.466677134154689
13089023601,11.119540466119096,3.407616138945927
13089023602,11.108520704996578,3.391480442162902
13089023603,11.084765542094456,3.384294141683778
13089023700,11.138206404517454,3.406655110882957
13089023801,11.141981130047912,3.410818892539357
13089023802,11.093282051334702,3.392139839835729
13089023803,11.087236960985626,3.372166654346338
13089980000,11.133925310746064,3.414601981519507
13091960100,10.33776612183436,4.146939631759069
13091960200,10.275811661875428,4.192106472279261
13091960300,10.237606943874059,4.181753143737166
13091960400,10.188122295687885,4.232349407939767
13091960500,10.049975859685147,4.255464219712526
13091960600,10.06980745174538,4.213577700889802
13093970100,10.565529523613963,4.122263316906229
13093970200,10.676053417522245,4.183922590006845
13093970300,10.5526086954141,4.160665104722793
13095000100,10.706173883641342,3.563174178644764
13095000200,10.721144676933607,3.621160514031485
13095000400,10.663074664613279,3.754432048596852
13095000501,10.627084351813826,3.787919559890486
13095000502,10.647817318275154,3.755538826830938
13095000600,10.670994780971937,3.729218323750856
13095000700,10.692997277207392,3.699879788501027
13095000800,10.705313329226557,3.673157701574264
13095000900,10.674538399726215,3.709133507871321
13095001000,10.629533275154004,3.745556650924025
13095001100,10.634744965776865,3.732232582477755
13095001403,10.674305558521561,3.67394545927447
13095001500,10.677044528405202,3.687841221081451
13095010302,10.731713887748118,3.620233249828884
13095010401,10.601761263518138,3.832340342231348
13095010402,10.547471381930185,3.830161542094456
13095010403,10.373351178644764,3.913801498973306
13095010500,10.551917490759754,3.777113746748802
13095010601,10.6592955229295,3.681749620807666
13095010602,10.531602580424367,3.796136818617385
13095010700,10.68691183504449,3.618606541409993
13095010900,10.61233884531143,3.705519307323751
13095011000,10.575808474332649,3.756008489390828
13095011200,10.678681847364819,3.666603228610541
13095011300,10.724459056810404,3.655524258042437
13095011400,10.689186617385352,3.680734800136892
13095011600,10.59981248733744,3.722856900752909
13097080102,10.835838796030116,3.592587925393566
13097080103,10.801859302532512,3.572353460643395
13097080201,10.664823481861738,3.593162292265572
13097080202,10.700735699520876,3.596928883641342
13097080301,10.52248519028063,3.615005075290897
13097080303,10.578017214921287,3.611381856262834
13097080304,10.495028819301848,3.63639806091718
13097080402,10.307018509240246,3.762621303901437
13097080403,10.320962308692676,3.691518134154689
13097080404,10.342219924709103,3.647074942505134
13097080505,10.414699874058864,3.672336101984942
13097080506,10.372267649555099,3.704419514031485
13097080507,10.394869323066393,3.730524219712526
13097080508,10.477236761806982,3.654139137577002
13097080509,10.515829782340862,3.664091682409309
13097080510,10.502594416837782,3.67280684531143
13097080511,10.498634208761122,3.69990492128679
13097080602,10.744214015058179,3.617674719370294
13097080603,10.582925180698152,3.635309620123203
13097080604,10.649232826830938,3.653226898015058
13099090100,9.961505056810404,4.187545993155373
13099090200,9.910145038329911,4.231997593429158
13099090300,9.83770973853525,4.238872594113621
13099090400,9.907509388090349,4.232796578370979
13099090500,9.760767044490075,4.23748137303217
13101880100,8.350560966461328,3.640323049965777
13101880200,8.812821012320328,3.79649938329911
13103030100,9.429848232032854,3.99332559890486
13103030202,9.379063765229295,3.912639980835044
13103030203,9.464818918548939,3.921250850102669
13103030204,9.454262765913758,3.966850097878166
13103030301,9.48627422587269,3.861451819986311
13103030303,9.428544550992471,3.882663856262834
13103030304,9.466748868583162,3.853854250513347
13103030305,9.445628492128679,3.831876351129363
13103030401,9.445590471594798,3.876635976728268
13103030402,9.481269296372348,3.856731093086927
13105000100,10.092903680355921,4.073361440793977
13105000200,9.899052586584531,3.997740569472964
13105000300,10.009032959616701,4.060635113620808
13105000400,9.940186849418207,4.02928793155373
13105000500,9.845522405201916,4.017634658453114
13107970100,9.977725653661875,4.30119059890486
13107970200,9.965421300479124,4.238556739219712
13107970300,9.986690782340862,4.248198359342916
13107970400,10.01024953045859,4.253220616016427
13107970500,10.014164939767283,4.244584001368925
13107970600,9.991029462696783,4.297315020533881
13109970100,9.698195168377823,4.203023361396304
13109970200,9.628382167008898,4.194782073921971
13109970300,9.518376893908282,4.119688253251198
13111050100,8.876319077344285,3.579429900068446
13111050200,8.971425887748118,3.611231611909651
13111050300,9.095564592744695,3.651375966461328
13111050400,9.001675807665982,3.626131514715948
13111050500,8.861226837097878,3.575061533880904
13113140101,10.764858238193018,3.69672315742642
13113140102,10.732869314168378,3.721869250513347
13113140203,10.629226950034223,3.809521813141684
13113140204,10.673811840520192,3.784097535249829
13113140206,10.608915431895962,3.840553051334702
13113140207,10.587027423682409,3.864608303216975
13113140208,10.57828768788501,3.869555493497604
13113140303,10.547581622176591,3.89865541615332
13113140304,10.57428867761807,3.866175257357974
13113140305,10.606236686516085,3.835391506502396
13113140306,10.535054464065708,3.907605765229295
13113140307,10.536061475701574,3.898688397672827
13113140403,10.68499980698152,3.757076966461328
13113140404,10.638561258726899,3.794976578370979
13113140405,10.602411930869268,3.829550099931554
13113140406,10.704176984941821,3.743376868583162
13113140407,10.651722754962355,3.776639900068446
13113140408,10.615353291581109,3.821580942505134
13113140501,10.555637298425736,3.873524834360027
13113140502,10.493684793976728,3.929557184804928
13115000100,10.66713574606434,3.773827736481862
13115000201,10.644767455167693,3.684995406570842
13115000202,10.583297415468857,3.810141611225188
13115000300,10.602688156057495,3.600594922655715
13115000400,10.636699554414784,3.564574405886379
13115000500,10.651165117043121,3.605729321697468
13115000600,10.663749396988364,3.66688281724846
13115000700,10.655464240930869,3.712643355920602
13115000800,10.663856995208761,3.67493421560575
13115000900,10.651832493497604,3.649811893908282
13115001100,10.650853195756331,3.624961273785079
13115001200,10.647192485284052,3.587907432580424
13115001300,10.644320412046544,3.550907697467488
13115001400,10.628973370294319,3.465498349075975
13115001600,10.6409743045859,3.630295203285421
13115001701,10.482089557152635,3.616874006160164
13115001702,10.595690488021903,3.657155840520192
13115001800,10.594924315537303,3.617750447638604
13115002000,10.518568826146475,3.595178856947296
13115002100,10.615240887748118,3.595354109514032
13117130101,9.933103539356605,3.715924416837782
13117130102,10.021387618754278,3.727665310061602
13117130103,9.90222559890486,3.722086976043806
13117130104,10.003100887063655,3.734879087611225
13117130105,10.04846134017796,3.730238787132101
13117130201,9.863194476386037,3.675266986995209
13117130202,9.971975942505134,3.702619802190281
13117130203,9.875903088980151,3.689088004106776
13117130204,9.868848360711841,3.703884915126626
13117130205,10.007101363449692,3.71475274880219
13117130301,10.01934498973306,3.689747943874059
13117130302,10.258666786447639,3.67624460164271
13117130303,10.023127018480493,3.676809471594798
13117130304,10.342557940451745,3.676761824093087
13117130305,10.169624406570842,3.679894182067077
13117130306,10.312786484599589,3.689744855578371
13117130307,10.186052829568788,3.693438189596167
13117130403,10.060221175906913,3.698876596851472
13117130404,10.25011540862423,3.703601639972622
13117130405,10.164488707734428,3.699960887748118
13117130406,10.299413219712526,3.704566393566051
13117130408,10.181852892539357,3.707341252566735
13117130409,10.14951593155373,3.71652005338809
13117130410,10.226436767967146,3.711452074606434
13117130503,10.135094587268994,3.742273526351814
13117130504,10.187312091033539,3.724517511978097
13117130505,10.161772570841889,3.73433205065024
13117130506,10.102659183436003,3.724312194387406
13117130507,10.25990994661191,3.724820902121834
13117130508,10.329372884325804,3.720440859000684
13117130509,10.226237968514716,3.709998091033539
13117130510,10.344581088980151,3.710248914442163
13117130601,10.406260780971937,3.676057350444901
13117130602,10.510880963039014,3.658141503080082
13117130603,10.49322962696783,3.675745611225188
13117130604,10.531437743326489,3.674786801505818
13117130605,10.398577970568104,3.69283848733744
13117130606,10.56271373100616,3.670586300479124
13117130607,10.40060412183436,3.700880204654346
13117130608,10.583475633127994,3.67717352019165
13117130609,10.445843783709788,3.701386878850103
13117130610,10.541729173169062,3.686879730321698
13117130611,10.470691682409309,3.704729344969199
13117130612,10.506510678302532,3.684234136208077
13117130613,10.415536232032854,3.686002097878166
13119890101,10.051928711156742,4.014224813141684
13119890102,9.911745466803559,3.944279969883641
13119890200,9.928392476386037,3.957997299110198
13119890300,10.1450161321013,4.038042201232033
13119890400,10.149847415468857,4.062342197125257
13121000100,11.235191627652293,3.453649409993155
13121000200,11.242348073237509,3.450766592060233
13121000400,11.244828437371663,3.452574619438741
13121000500,11.265064514031485,3.456063290896646
13121000600,11.261977154004107,3.462233169062286
13121000700,11.248965351129363,3.475131926078029
13121001001,11.256980805612594,3.455953574264203
13121001002,11.251009227241615,3.461024960985626
13121001100,11.251279605065024,3.455278033538672
13121001201,11.244293874743326,3.454448479123888
13121001202,11.245890221081451,3.457066146475017
13121001300,11.238574240246407,3.449423476386037
13121001400,11.233613563997262,3.447289882956879
13121001500,11.226672071868583,3.447347566735113
13121001600,11.216034755646817,3.446240831622177
13121001700,11.224161531827515,3.450173671457906
13121001800,11.226757500342231,3.453654752908966
13121001900,11.237358572895277,3.459334187542779
13121002100,11.237249837097878,3.463489585900068
13121002300,11.240006800821355,3.472225080766598
13121002400,11.223158287474333,3.481664692676249
13121002500,11.230529665982204,3.473877809034908
13121002600,11.229637563997262,3.467291753593429
13121002800,11.23074012936345,3.458794033538672
13121002900,11.221815952772074,3.448233745379877
13121003000,11.209533264202601,3.44739322587269
13121003100,11.195094960301164,3.436296945242984
13121003200,11.202209895277207,3.440831904859685
13121003500,11.216976921971253,3.457691234086242
13121003600,11.219803703627652,3.4696574770705
13121003700,11.216801320328542,3.480700282683094
13121003800,11.219004596167009,3.478698370978782
13121003900,11.215788636550308,3.481284655030801
13121004000,11.20363912183436,3.492692417522245
13121004100,11.199479811772758,3.488850514031485
13121004200,11.201407894592745,3.48184358110883
13121004300,11.209783708418891,3.473790642710472
13121004400,11.202357848049281,3.469180205338809
13121004800,11.214285307323751,3.456430263518138
13121004900,11.203172222450376,3.45833080971937
13121005000,11.193089328542094,3.440940136208077
13121005200,11.178805556468172,3.432486295687885
13121005300,11.184594414784394,3.441969177275838
13121005501,11.192681490075291,3.451727399726215
13121005502,11.164889997262149,3.457727989048597
13121005700,11.192340722792608,3.473982542778918
13121005800,11.196717171115674,3.482148868583162
13121006000,11.186588350444901,3.497400555099247
13121006100,11.174762793976728,3.506972360027378
13121006200,11.1900611321013,3.488927826146475
13121006300,11.180467990417522,3.466582973305955
13121006400,11.170955480492813,3.444052580424367
13121006500,11.168926951403148,3.484781094455852
13121006601,11.17012846201232,3.496450511293634
13121006602,11.171469516084873,3.502782284052019
13121006700,11.152762407255305,3.46137296440794
13121006801,11.144895257357974,3.43443892128679
13121006802,11.131440383983573,3.425047295003422
13121006900,11.155836998631075,3.429086736481862
13121007001,11.127290326488706,3.459891343600274
13121007002,11.122477600958248,3.432778709787817
13121007100,11.114577356605065,3.422594878850103
13121007200,11.073915734428474,3.451603281314168
13121007300,11.100845323750856,3.461100771389459
13121007400,11.113870574948665,3.486429612594114
13121007500,11.143846982888433,3.487098747433265
13121007602,11.119400574948665,3.532313910335387
13121007603,11.142592072553046,3.516837203285421
13121007604,11.098790023271732,3.535648177960301
13121007703,11.034126904175222,3.572591117043121
13121007704,11.068439580424367,3.545565004106776
13121007705,11.03383280971937,3.564308576317591
13121007706,10.959735629021218,3.589684700889802
13121007802,10.994385353182752,3.586343169062286
13121007805,11.022475372347707,3.563691507871321
13121007806,11.064721637919233,3.552510381930185
13121007807,11.122352178644764,3.529143250513347
13121007808,11.109625301163587,3.536128180013689
13121007900,11.095318929500342,3.539979521560575
13121008000,11.147014420944558,3.519746344284736
13121008101,11.1641084770705,3.510429836413416
13121008102,11.155261849418207,3.519948306639288
13121008201,11.154952069815195,3.515174314168378
13121008202,11.1053421724846,3.52985774880219
13121008301,11.197331492128679,3.501746292265572
13121008302,11.197326711156742,3.500463143052704
13121008400,11.220127708418891,3.487184741273101
13121008500,11.221235108829569,3.484477584531143
13121008601,11.195248908281999,3.500831046543463
13121008602,11.16662028678987,3.512552607802875
13121008700,11.215404391512663,3.488152498288843
13121008800,11.216141536618754,3.483211574264203
13121008902,11.268738690622861,3.468400105407255
13121008903,11.231083702258727,3.477755192334018
13121008904,11.235496081451061,3.470572128678987
13121009000,11.267604976728268,3.459757869267625
13121009101,11.26371676659822,3.453666245722108
13121009102,11.257611378507871,3.450914944558522
13121009200,11.236194366187543,3.456931041067762
13121009300,11.245296532511978,3.44992025119781
13121009402,11.239177179329227,3.455568407255305
13121009403,11.229980318275154,3.46828196440794
13121009404,11.218753277891855,3.475124432580424
13121009501,11.241490722108145,3.455771169062286
13121009502,11.227663973305955,3.466054173169062
13121009601,11.217923698836413,3.46936144421629
13121009602,11.21675349486653,3.470194681040383
13121009603,11.230251525667351,3.461747275838467
13121009700,11.209409399041752,3.487855281998631
13121009801,11.238173801505818,3.468861466803559
13121009802,11.192126980835044,3.48564479192334
13121009900,11.206508532511978,3.4827576954141
13121010001,11.19661512183436,3.483402553045859
13121010002,11.195274689938398,3.490054189596167
13121010106,10.939694219712526,3.561287461327858
13121010107,10.94595403559206,3.559190223819302
13121010108,10.94607887063655,3.567099876112252
13121010110,11.099554078028747,3.520040683093771
13121010113,11.141739056810404,3.510307683778234
13121010114,11.164491262833676,3.499171279945243
13121010115,11.139941418206708,3.504033145790554
13121010117,11.005439467488022,3.542130026694045
13121010118,10.974031890485968,3.549192460643395
13121010119,10.923125274469541,3.558341655715264
13121010120,10.888821344969199,3.571347254620123
13121010121,11.081140596851472,3.52127901026694
13121010122,11.03624657357974,3.534610171115674
13121010123,11.049866774811773,3.531010584531143
13121010204,11.093466370978782,3.513673995893224
13121010205,11.100104104722793,3.521198700889802
13121010206,11.146103934291581,3.504253719370294
13121010208,10.931572140999316,3.554677285420945
13121010209,10.987688149212868,3.546171510609172
13121010210,11.032448075290897,3.53362345927447
13121010211,11.178106625598905,3.493289983572895
13121010212,11.145450817932923,3.511277897330596
13121010301,10.640433908281999,3.682323343600274
13121010303,10.878170299794661,3.601633308008214
13121010304,10.83870394661191,3.630906937029432
13121010400,10.485769739219712,3.794310016427105
13121010507,10.923431612594114,3.603723489390828
13121010508,10.895087293634497,3.619362395619439
13121010510,10.750135010951403,3.709730669404518
13121010511,10.883325189596167,3.628380305270363
13121010512,10.811599396303901,3.671582633812457
13121010513,10.778962945927447,3.676718173169062
13121010514,10.665576905544148,3.723433006160164
13121010515,10.80357711156742,3.677507872005476
13121010516,10.86592870294319,3.639247303216975
13121010601,11.035064052019165,3.547991437371663
13121010603,10.993083292950034,3.562518797399042
13121010604,10.962958533196441,3.583962301848049
13121010800,11.076509826830938,3.499432691307324
13121011000,11.095871754962355,3.513773728952772
13121011100,11.126447413415469,3.514333362765229
13121011201,11.120372589322382,3.524238459958932
13121011202,11.082500082135524,3.538194802190281
13121011301,11.074267832991102,3.551398422313484
13121011303,11.020008442162902,3.563369370978782
13121011305,10.965572649555099,3.584802704312115
13121011306,10.937899101300479,3.599955500342231
13121011405,10.84645399247091,3.573563149212868
13121011410,10.897786648870637,3.573044470225873
13121011411,10.873584763175907,3.57840011430527
13121011412,10.818856277207392,3.596989861738535
13121011414,10.840812037645448,3.5954081724846
13121011416,10.700346681040383,3.593534585900068
13121011417,10.730068618754278,3.584295876796715
13121011418,10.78893211430527,3.560085396303901
13121011419,10.766473431895962,3.571821169062286
13121011420,10.810707046543463,3.587308904175222
13121011421,10.769680915126626,3.586644436002738
13121011422,10.898027655715264,3.557677872005476
13121011423,10.860482178644764,3.562728436002738
13121011424,10.8374261724846,3.597362885010267
13121011425,10.801977345653662,3.609134829568788
13121011426,10.734660676249144,3.623484568788501
13121011427,10.768623696098563,3.608221551676934
13121011503,10.584493432580424,3.599515504449008
13121011504,10.395198590006845,3.642220941136208
13121011505,10.667927192334018,3.586152986995209
13121011506,10.67392421560575,3.57015041615332
13121011610,10.641458016427105,3.620830647501711
13121011611,10.714195891170431,3.607894934291581
13121011612,10.78474262422998,3.61708193155373
13121011613,10.724068409993155,3.63504973853525
13121011614,10.562456750855578,3.644788300479124
13121011615,10.539314863791923,3.637681531827515
13121011616,10.655034570841889,3.628100580424367
13121011617,10.717855189596167,3.622565700889802
13121011618,10.694250704312115,3.628494142368241
13121011619,10.65866426899384,3.640196173169062
13121011620,10.637847364134155,3.660436873374401
13121011621,10.59097175633128,3.654785926078029
13121011622,10.648676234770705,3.662062670773443
13121011623,10.689796372347707,3.64668534770705
13121011624,10.594605629021218,3.655483959616701
13121011625,10.727425284052019,3.638403584531143
13121011626,10.635629344969199,3.654522607802875
13121011800,11.242437492128679,3.470649361396304
13121011900,11.220299811772758,3.454629711841205
13121012000,11.193759555099247,3.460668154004107
13121012300,11.057643511978097,3.531897112936345
13121980000,11.047054358658453,3.516553814510609
13123080100,9.116703176591376,3.638883850787132
13123080200,9.259204510609172,3.699410543463381
13123080300,9.368098316221766,3.712067521560575
13123080400,9.623179665297741,3.763529359342916
13123080500,9.392760865845311,3.686374657084189
13125010100,10.249871834360027,4.184393289527721
13127000101,7.909311252566735,3.162845489390828
13127000102,7.967928568788501,3.167411863791923
13127000200,7.966256148528405,3.180886752908966
13127000300,7.965883150581793,3.247071619438741
13127000401,8.386161715263518,3.4222628678987
13127000403,8.137310333333333,3.253205676249144
13127000404,8.315458128678987,3.366567078028747
13127000501,8.14375672347707,3.16932184257358
13127000503,8.15911625119781,3.197399049965777
13127000504,8.194401520876112,3.231395192334018
13127000600,8.267478611225188,3.256103287474333
13127000700,8.21434803559206,3.197481415468857
13127000800,8.164965240246407,3.173742670773443
13127000900,8.080568128678987,3.158904668720055
13127001000,8.30332553798768,3.321096340862423
13129970100,10.152051748117728,3.854639019164956
13129970200,10.613458109514032,3.949905448323066
13129970300,10.59884664476386,3.965913800136892
13129970400,10.548470963723477,3.937489685831622
13129970500,10.633463354551677,3.933167246406571
13129970600,10.649951358658453,3.911937571526352
13129970700,10.664877902806297,3.866940635865845
13129970800,10.552807424366872,3.888787871321013
13129970900,10.290368963723477,3.826218742642026
13131950100,10.397417653661875,4.326678741957563
13131950200,10.272496656399726,4.360902407255305
13131950300,10.423818464065708,4.386661246406571
13131950400,10.553367123887748,4.416325223819302
13131950500,10.413028520876112,4.404831516084873
13131950600,10.121954158795346,4.320184424366872
13133950100,10.332610281314168,4.115967983572895
13133950200,10.172471631759069,4.129737423682409
13133950301,10.498914911704312,4.169855483915127
13133950302,10.442659872005476,4.170919104722793
13133950303,10.360052719370294,4.146891836413416
13133950400,10.258387069815195,4.148214334017796
13133950500,10.343400605065024,4.158428364818617
13135050103,10.371723559890486,3.743514691991786
13135050105,10.393650082819986,3.756808060232717
13135050106,10.4679548678987,3.742846114989733
13135050107,10.365418167008898,3.729755440109514
13135050108,10.453546054757016,3.715219503080082
13135050109,10.470856905544148,3.723179431211499
13135050205,10.739627978781656,3.639160159479808
13135050208,10.538272117043121,3.728356228610541
13135050209,10.792183354551677,3.628046632443532
13135050210,10.589396879534565,3.687764301848049
13135050211,10.833160872689938,3.618672350444901
13135050212,10.557105032169747,3.699230684462697
13135050213,10.529036219028063,3.713977828199863
13135050214,10.688956932922656,3.657034707734428
13135050215,10.778201867214237,3.627764772758385
13135050216,10.658076600273785,3.664701290896646
13135050217,10.720292508555784,3.647548082135524
13135050218,10.765088060232717,3.630121330595482
13135050219,10.770427074606434,3.635417110198494
13135050220,10.791413403832991,3.623369868583162
13135050304,11.002179920602327,3.543878501026694
13135050306,10.979897963723477,3.563622295687885
13135050308,10.842224122518823,3.602759186173854
13135050309,10.838625325804244,3.60628807118412
13135050310,10.919008648186174,3.576008353867214
13135050311,10.925883420260096,3.5807331724846
13135050313,10.891043743326489,3.597903900752909
13135050314,10.850960890485968,3.604746160848734
13135050315,10.957931282683094,3.559624824093087
13135050317,10.957064353182752,3.559556255304586
13135050318,10.94604933744011,3.561514493497604
13135050319,10.922640045859001,3.585535514715948
13135050320,10.945027000684463,3.569511757015743
13135050321,10.89797892128679,3.586780793292266
13135050322,10.854558580424367,3.592198282683094
13135050410,10.927234256673511,3.60179876386037
13135050415,10.878527431211499,3.634341130732375
13135050416,10.865055292265572,3.662177169062286
13135050417,10.994038367556468,3.556591411362081
13135050418,11.014162694729637,3.55055976386037
13135050419,10.971751916495551,3.575333342231348
13135050421,10.942628994524298,3.583519232717317
13135050422,10.931920639288159,3.589388850787132
13135050423,10.851793407255305,3.609262047912389
13135050424,10.892991293634497,3.599900532511978
13135050425,10.919933592060233,3.612709788501027
13135050426,10.941986713894593,3.600306226557153
13135050427,10.845803900752909,3.63558914715948
13135050428,10.881669274469541,3.625975382614648
13135050429,10.861675122518823,3.635723548939083
13135050430,10.910080709787817,3.622870030800821
13135050431,10.97608942642026,3.574185123203285
13135050432,10.973742461327858,3.584078305270363
13135050433,11.012650772758385,3.554288647501711
13135050434,10.997748511293634,3.566090900068446
13135050435,10.881154271047228,3.612226642710472
13135050436,10.838025999315537,3.622172688569473
13135050511,10.693730623545517,3.641552353182752
13135050520,10.649623236824093,3.706459639972622
13135050521,10.66174482477755,3.705559813141684
13135050522,10.650897678302532,3.729364062970568
13135050523,10.619176166324435,3.709223826830938
13135050524,10.812184587268994,3.628751883641342
13135050525,10.595126854209446,3.701930718001369
13135050526,10.833430283367556,3.615787399041752
13135050527,10.583172627652293,3.718922468172485
13135050528,10.561425366872006,3.721293594113621
13135050529,10.619780210814511,3.682509359342916
13135050530,10.65211093155373,3.666371103353867
13135050531,10.79681275633128,3.640911976043806
13135050532,10.742518613963039,3.659691377138946
13135050533,10.783734031485284,3.63363229705681
13135050534,10.746934180013689,3.637835709103354
13135050535,10.724729771389459,3.649972466119096
13135050536,10.673889969199179,3.674896673511294
13135050537,10.756733643394935,3.631959531827515
13135050538,10.66236875633128,3.677393442847365
13135050539,10.773284973990418,3.626280596851472
13135050540,10.65110643394935,3.675973005475702
13135050541,10.799743259411362,3.623223741957563
13135050542,10.812200301848049,3.620229976728268
13135050543,10.676301783709788,3.722488194387406
13135050544,10.700662637234771,3.688077711841205
13135050545,10.589666686516085,3.76081678439425
13135050546,10.59945128678987,3.773497731690623
13135050547,10.550548838466804,3.742592212183436
13135050548,10.555959127994524,3.755572596167009
13135050549,10.622249569472964,3.692611937713895
13135050605,10.502301728268309,3.774346483915127
13135050606,10.434931815195072,3.781865002737851
13135050607,10.509594770020534,3.796655809034908
13135050608,10.525351106776181,3.824172263518138
13135050609,10.398619347022587,3.82426168514716
13135050610,10.446589307323751,3.808686955509925
13135050709,10.813173144421629,3.692118746748802
13135050712,10.792413104722793,3.662850676249144
13135050713,10.748772843258042,3.682043346338125
13135050714,10.825299661875428,3.658250247775496
13135050715,10.793618472963724,3.667930639972622
13135050718,10.755141367556468,3.693808991786448
13135050719,10.774717658453114,3.705627911019849
13135050720,10.717232353182752,3.712965464065708
13135050721,10.733046080766598,3.726354446954141
13135050722,10.788288536618754,3.702732472279261
13135050723,10.835877535934292,3.671502620807666
13135050724,10.669013117043121,3.766135711156742
13135050725,10.803454084873374,3.684304078028747
13135050726,10.603339065023956,3.809094815879535
13135050727,10.63121928678987,3.758225216974675
13135050728,10.766233041752224,3.734158054757016
13135050729,10.835177258726899,3.666608564681725
13135050730,10.704665108829569,3.755746144421629
13135050731,10.685750491444216,3.779464880903491
13137000100,8.929581475017112,3.577960067761807
13137000201,9.073782399726215,3.629743824093087
13137000202,8.75219260164271,3.522748152635181
13137000300,9.109499299110198,3.645958821355236
13137000400,9.35998055578371,3.737733382614648
13137000500,9.251610841889117,3.69660072347707
13137000601,9.486985370978782,3.748828966461328
13137000602,9.354806942505134,3.71582099247091
13139000101,9.648307445585216,3.755679316221766
13139000102,9.910856920602327,3.791123605749487
13139000201,9.550298540041068,3.711794960301164
13139000203,9.415561355920602,3.671318861054073
13139000204,9.634422167693361,3.696164803559206
13139000302,9.862692342915811,3.71690426899384
13139000303,9.526249689938398,3.679436948665298
13139000304,9.697707158795346,3.695728301163587
13139000305,9.609555687200548,3.68213224366872
13139000400,9.834322995208761,3.711527106776181
13139000500,9.796268779603012,3.707723863791923
13139000600,9.879832346338125,3.729926749486653
13139000701,10.01249946954141,3.773563835728953
13139000702,10.08333296440794,3.829459518822724
13139000800,9.970935285420945,3.716273908966461
13139000900,9.925845082135524,3.713354785763176
13139001002,10.039211353182752,3.742413475701574
13139001003,10.002022017111567,3.730530038329911
13139001004,9.970425097878166,3.725467802874743
13139001101,10.018615849418207,3.731934165639973
13139001102,10.061469715263518,3.749123679671458
13139001201,10.167829117727584,3.79901001026694
13139001202,10.160257609856263,3.820461297741273
13139001301,10.151337099247091,3.776665097193703
13139001302,10.266000245722108,3.829364174537988
13139001402,10.114209377823409,3.754697995208761
13139001403,10.121258234086242,3.762406148528405
13139001404,10.192309385352498,3.781964496235455
13139001501,10.194295831622177,3.766244987679672
13139001502,10.273654777549624,3.757307288843258
13139001603,10.287776848733744,3.813879249144422
13139001604,10.30388171321013,3.79415744421629
13139001605,10.359998701574264,3.796768655715264
13139001606,10.262778424366872,3.783061468856947
13139001607,10.343102154004107,3.781876862422998
13139001608,10.346153690622861,3.818638740588638
13141480300,10.460010749486653,4.102010603011636
13141480400,10.255701116358658,4.127637344284736
13143010100,10.089880557837098,3.632965947296372
13143010200,10.102202841204654,3.773793559890486
13143010301,10.1133306954141,3.694920991101985
13143010302,10.102650668035592,3.774708663244353
13143010400,10.118634732375086,3.851342440793977
13145120198,10.465243513347023,4.269341182067077
13145120200,10.359728057494866,4.172735422313484
13145120300,10.589024978781656,4.275510176591376
13145120401,10.627842950718686,4.22863280971937
13145120402,10.475511103353867,4.188614559206023
13147960100,10.148669917180014,4.026092981519507
13147960200,10.108084742642026,4.03278502532512
13147960300,10.150069369609856,4.074321865845311
13147960400,10.105923773442847,4.05502635523614
13147960500,10.072759478439425,4.029062761806982
13149970100,10.216365758384668,4.079821565366188
13149970200,10.130864557152635,4.035366391512663
13149970300,10.119391370294319,4.109190816563997
13151070104,10.802593508555784,3.672410418206708
13151070106,10.857769375085558,3.6188391724846
13151070107,10.913121807665982,3.554996872689938
13151070108,10.944143140314853,3.49246654072553
13151070109,10.890831908966461,3.569587427789186
13151070110,10.866399252566735,3.619511657768652
13151070111,10.826442090349076,3.657307824093087
13151070113,10.839023300479124,3.646699560574949
13151070114,10.80465594934976,3.691726533196441
13151070202,10.76646192881588,3.776673757700205
13151070203,10.719116500342231,3.86429172073922
13151070204,10.810767930869268,3.691991245722108
13151070205,10.780292290896646,3.739651193702943
13151070304,10.715028349760438,3.842835825462012
13151070305,10.743215394934976,3.74797211430527
13151070306,10.709052033538672,3.831624142368241
13151070307,10.735123464065708,3.803677119780972
13151070309,10.773109848733744,3.731873826146475
13151070310,10.753212242299795,3.780203353182752
13151070311,10.732322832991102,3.8061439137577
13151070402,10.689839196440794,3.914786787132101
13151070403,10.695995690622861,3.912722984257358
13151070404,10.682837425051335,3.918141694045174
13151070501,10.650215520876112,3.826989914442163
13151070502,10.663931862422998,3.853617694729637
13153020105,11.007620376454483,3.72893190349076
13153020106,11.075554538672142,3.718381920602327
13153020108,11.037421707734428,3.759205529774127
13153020109,11.047467562628337,3.797140445585216
13153020200,10.981675859000684,3.749150381930185
13153020300,10.965750710472279,3.709719796030116
13153020400,10.91701940862423,3.720336597535934
13153020600,10.848866700889802,3.720568904859685
13153020700,10.847441143737166,3.728984615331964
13153020800,10.888150307323751,3.729740138945927
13153020900,10.928449062286105,3.74846028678987
13153021000,10.931505639972622,3.76698673853525
13153021103,10.724517505817933,3.82490221560575
13153021104,10.970105876796715,3.801068833675565
13153021105,10.869607916495551,3.77420546201232
13153021107,10.83188435523614,3.801328399041752
13153021108,10.802927873374401,3.857645531143053
13153021113,10.913844793976728,3.846774804243669
13153021201,10.828433227926078,3.899764496235455
13153021202,10.786742392197125,3.950224666666667
13153021300,10.749308063655031,4.013693450376454
13153021400,10.698536041067762,3.947942788501027
13153021500,10.60433399247091,4.015202013689254
13155950100,10.141376708418891,4.191154848733744
13155950200,9.98033161670089,4.246589562628337
13157010101,10.303434301848049,3.910244773442847
13157010102,10.392696279945243,3.911517366187543
13157010103,10.316635151266256,3.874633146475017
13157010200,10.185644449007529,3.92523926899384
13157010300,10.215378460643395,3.987479951403148
13157010400,10.301652790554415,4.031868101300479
13157010500,10.378500203969884,4.044913244353183
13157010600,10.41522374606434,4.007660349075975
13157010701,10.332303239561944,3.99870053798768
13157010702,10.343499742642026,3.96569987063655
13157010703,10.402469605065024,3.963105451060917
13159010100,10.642463843258042,4.078400635181383
13159010200,10.659905579739904,4.032240120465435
13159010500,10.746914773442847,4.050259004106776
13161960100,9.808692521560575,4.320109151950719
13161960200,9.817218761806982,4.30778477412731
13161960300,9.767400926078029,4.287334639288159
13163960100,10.360895466803559,4.260222016427105
13163960200,10.270079270362765,4.210741843258042
13163960300,10.175831559890486,4.204866618069815
13163960400,10.057673935660506,4.196767683093771
13165960100,9.954563565366188,4.251061574948665
13165960200,9.903467356605065,4.250763117043121
13167960100,10.052070882272416,4.208495934291581
13167960200,10.15415734017796,4.172878770020534
13167960300,10.310654080766598,4.154864437371663
13169030101,11.113539074606434,3.841207997946612
13169030103,11.114125002053388,3.814421818617385
13169030104,11.102574442162902,3.741839255989049
13169030200,10.88805609377139,3.978209301163587
13169030301,11.022198744695414,3.902976568788501
13169030302,11.014307308008214,3.895870126625599
13171970100,10.649540930184805,4.02881480971937
13171970200,10.65059716495551,4.027388069130732
13171970300,10.57235914715948,4.052405045859001
13173950100,9.213754222450376,3.967759941136208
13173950200,9.483286300479124,4.043590474332649
13175950100,10.310890325119781,4.209647663928816
13175950201,10.466055253251198,4.228037063655031
13175950202,10.445820606433949,4.140712178644764
13175950300,10.429483889801506,4.236207811772758
13175950400,10.472371899383984,4.252419327173169
13175950500,10.474668535934292,4.231030081451061
13175950600,10.438506125256674,4.112593643394935
13175950700,10.362828676249144,4.194862790554415
13175950800,10.395060013004791,4.255920859685147
13175950900,10.437950008213552,4.260978966461328
13175951000,10.223100535934292,4.268829627652293
13175951100,10.244008915126626,4.249837308008214
13175951400,10.09904994934976,4.251670886379192
13177020100,10.548298837097878,3.915381535249829
13177020200,10.537550787132101,4.024652920602327
13177020300,10.60883987816564,3.898627103353867
13177020402,10.685339015058179,3.751722524982888
13177020403,10.616949872689938,3.834429253251198
13179010101,9.200792195071869,3.895537439425051
13179010102,9.279570085557837,3.988797511978097
13179010103,9.165353559206023,3.889564104722793
13179010202,9.126120244353183,3.879493716632444
13179010204,9.078507585900068,3.86295625393566
13179010205,9.159849523613963,3.905096629705681
13179010206,9.208725381930185,3.933925387405886
13179010207,9.143225985626283,3.897651834360027
13179010208,9.138964873374401,3.892170824093087
13179010300,9.135791759753593,3.877386273785079
13179010400,9.075327377823409,3.832035220396988
13179010501,8.564880637234771,3.618386162217659
13179010502,9.018712099931554,3.789301045174538
13179010600,8.759177457905544,3.696987393566051
13181970100,9.85413041615332,4.044174468856947
13181970200,9.976396087611225,4.061425820670773
13183970100,9.243959460643395,3.987408287474333
13183970200,8.916134145106092,3.795596313483915
13183980000,9.348418826830938,4.042637077344285
13185010101,9.663025192334018,4.057371180013689
13185010102,9.508025262149213,3.992958099931554
13185010103,9.618772473648186,4.013886532511978
13185010201,9.802705947296372,4.096837273100616
13185010202,9.742772996577686,4.069429873374401
13185010301,9.593154711156742,3.976709179329227
13185010302,9.593157084873374,3.971789516769336
13185010401,9.550646222450376,3.948627295687885
13185010402,9.514931310061602,3.938014333333333
13185010500,9.497075088980151,3.938043394250513
13185010601,9.54003806091718,3.953708509240246
13185010604,9.484952813826146,3.957812370294319
13185010700,9.182141334017796,3.895196604380561
13185010800,9.40527194934976,3.930969499657769
13185010900,9.491055678302532,3.934611242984257
13185011000,9.471044826830938,3.926723391512663
13185011100,9.519733882272416,3.932233388774812
13185011200,9.554197610540726,3.94756311156742
13185011301,9.526183518138262,3.942843038329911
13185011302,9.489805570157426,3.930514230663929
13185011401,9.557078587953456,3.993590622176591
13185011402,9.376994707049966,3.92712642642026
13185011403,9.224781854893908,3.921036866529774
13185011500,9.131390748117728,3.877591211498973
13185011600,8.890883898015058,3.82769735797399
13187960101,9.316875057494866,3.645830059548255
13187960102,8.920027518138262,3.567373258042437
13187960201,9.304628955509925,3.634175335386721
13187960202,9.039744985626283,3.593882880903491
13189950100,10.151789121149897,4.167468915126626
13189950200,10.312719400410678,4.21051315742642
13189950300,10.243619828199863,4.200918927446954
13189950400,10.324800732375086,4.222636640657084
13189950500,10.418212876112252,4.241360459958932
13191110100,8.515337108145106,3.59302726146475
13191110200,8.200256635181383,3.452361914442163
13191110300,8.267432022587269,3.413893998631075
13191980000,8.636690386721424,3.645846909650924
13193000100,10.724705837782341,4.093283395619439
13193000200,10.648134716632444,4.176800607118412
13193000300,10.716981336755647,4.224445447638604
13193000400,10.722483901437372,4.173472404517454
13195020100,10.276057099247091,4.06464254072553
13195020200,10.239073735797399,4.075262336755647
13195020300,10.154700461327858,4.078975348391513
13195020400,10.305946349760438,4.071495289527721
13195020500,10.353341256673511,4.057880370294319
13195020600,10.195825080766598,4.079127728952772
13197920100,10.400505222450376,4.181828995893224
13197920200,10.377646517453799,4.201006110882957
13199970500,10.338289963039014,4.12267673100616
13199970600,10.310933465434634,4.157112188911704
13199970700,10.346441919917864,4.070899403148528
13199970800,10.310065656399726,4.11657025393566
13201950100,9.999509824093087,4.2188391321013
13201950200,9.930103570841889,4.230447199178645
13201950300,9.860823490075291,4.243822033538672
13205090100,10.491591990417522,3.921346240930869
13205090200,10.454263995893224,4.156164188911704
13205090300,10.461169836413416,4.085063691991786
13205090400,10.452072807665982,4.158349019164956
13205090500,10.302558303216975,4.229871635865845
13207050101,10.746605028062971,4.011050889801506
13207050102,10.828544991786448,3.995343631759069
13207050200,10.734545635865845,4.001335449007529
13207050301,10.747676043805613,3.951396219028063
13207050302,10.955135765229295,3.92463855578371
13209950100,9.921095461327858,4.297524492128679
13209950200,9.8612536954141,4.302137555099247
13209950300,9.785851362080767,4.291528254620123
13211010100,10.46603467761807,4.055998158795346
13211010200,10.591489679671458,4.064088902121834
13211010300,10.566692464750171,4.116928425051335
13211010400,10.567100229979466,4.160159854209446
13211010500,10.614014886379192,4.10923705065024
13213010100,9.589352988364134,3.804455916495551
13213010201,9.486583846680356,3.771626394250513
13213010202,9.914758186858316,3.890195177960301
13213010300,9.694523422313484,3.811311192334018
13213010400,9.953588713894593,3.890659399726215
13213010500,10.139319518822724,3.939606986995209
13213010600,9.96308679192334,3.871468187542779
13213010700,10.254246084873374,3.940916638603696
13215000200,10.954485310746064,4.257088924709103
13215000300,10.988791245037645,4.266343203969884
13215000400,10.979446099931554,4.278559938398357
13215000800,10.988020770704997,4.265216683778234
13215000900,10.958324565366188,4.252274498973306
13215001000,10.908068190965092,4.237982996577686
13215001100,10.951117458590007,4.247970323750856
13215001200,10.994176184804928,4.261458234086242
13215001400,11.017947538672142,4.26866464202601
13215001600,11.042306855578371,4.290342093086927
13215001800,11.029712737850787,4.271696681724846
13215002000,10.942136019164956,4.245798250513347
13215002100,10.917570898015058,4.241214255304586
13215002200,10.981415640657084,4.259297073921971
13215002300,11.0084538275154,4.271457092402464
13215002400,11.014889134154689,4.278715238877481
13215002500,11.041480092402464,4.298870069815195
13215002700,11.004501117727584,4.283640587268994
13215002800,10.967648995208761,4.257833356605065
13215002901,10.938316580424367,4.257141875427789
13215002902,10.927325805612594,4.25884234017796
13215003000,10.956142144421629,4.265036325119781
13215003200,10.925440917864476,4.250018397672827
13215003301,10.866152014373717,4.252878861738535
13215003302,10.895986932238193,4.255064828199863
13215003400,10.908407353182752,4.272585151266256
13215010104,10.743908340862423,4.219384250513347
13215010106,10.779864036276523,4.216596995208761
13215010107,10.579656345653662,4.198962043805613
13215010201,10.861869442162902,4.297463481177276
13215010203,10.79333037303217,4.254409424366872
13215010204,10.807810676933607,4.237537758384668
13215010205,10.858611951403148,4.24750237303217
13215010301,10.908623678302532,4.326860864476386
13215010302,10.922920531143053,4.269621099247091
13215010401,10.884180229979466,4.243119783709788
13215010402,10.892678562628337,4.241611085557837
13215010501,10.84439725119781,4.230790318275154
13215010502,10.775233074606434,4.212500470910335
13215010602,10.881772776180698,4.237918006160164
13215010605,10.81048219028063,4.222231125941136
13215010606,10.760114641341547,4.207911733744011
13215010607,10.828139735112936,4.231404898699521
13215010608,10.813968363449692,4.226874581793292
13215010701,10.849296586584531,4.227804266940452
13215010702,10.867855791238878,4.230317534565366
13215010703,10.861334362765229,4.237857425051335
13215010801,10.848681449007529,4.281851371663244
13215010802,10.646036893223819,4.20246396440794
13215011100,11.06179139835729,4.295210332648871
13215011200,11.008834722108145,4.265470543463381
13215011400,11.015211592060233,4.281476965092402
13215011500,10.920755943874059,4.296639943874059
13217100100,10.742639866529774,3.91356626146475
13217100201,10.662147446954141,4.000259457221082
13217100202,10.668657850787132,4.011637656399726
13217100300,10.723931885010267,3.958864034223135
13217100400,10.749098039014374,3.928988223134839
13217100501,10.774794596851472,3.867771793976728
13217100502,10.761488122518823,3.90302499247091
13217100600,10.72711449486653,3.925544751540041
13217100700,10.72259388843258,3.949385657084189
13217100800,10.683144425051335,3.962382598220397
13217100901,10.73321760164271,3.876888937713895
13217100902,10.75027620807666,3.876308804928131
13217100903,10.764678028747433,3.835973393566051
13219030100,10.464371876796715,4.002515162902122
13219030200,10.449831596167009,4.01157548733744
13219030300,10.456329840520192,4.012246559206023
13219030400,10.413150423682409,4.011708751540041
13219030500,10.357527511293634,4.048424061601643
13219030600,10.417287358658453,4.037762594113621
13221960100,10.003276062970568,4.058104370978782
13221960201,10.286776681040383,4.051663342231348
13221960202,10.152352724845996,4.067752123887748
13221960300,10.170619228610541,4.088521895277207
13223120101,10.564920403148528,3.508984761122519
13223120102,10.521942082135524,3.495527976043806
13223120103,10.481754321697468,3.525421789185489
13223120104,10.411304151266256,3.554482442847365
13223120202,10.561514168377823,3.498397156057495
13223120203,10.55371454825462,3.483498319644079
13223120204,10.518544442847365,3.496119235455168
13223120301,10.439203400410678,3.515864097878166
13223120302,10.36161335797399,3.52885647980835
13223120303,10.329020897330596,3.550292156741958
13223120400,10.184806689938398,3.556891047227926
13223120501,10.478569803559206,3.532503493497604
13223120502,10.352467848049281,3.563530937713895
13223120503,10.455337571526352,3.557180226557153
13223120601,10.552363338124572,3.583462640657084
13223120602,10.389718671457906,3.608914851471595
13223120603,10.561552193702943,3.539331485284052
13223120604,10.47672467761807,3.586488989048597
13223120605,10.307996969883641,3.608820711841205
13225040101,10.931494511293634,3.882248631759069
13225040102,11.035535000684463,3.835620110198494
13225040200,10.86916497467488,3.955630232717317
13225040301,10.82087874606434,4.002616611225188
13225040302,10.758435774811773,4.048617737166324
13225040400,10.780313280629706,4.018372240246407
13227050100,9.47031466255989,3.665631072553046
13227050200,9.608002049281314,3.687183704996578
13227050300,9.666689374401095,3.72918125119781
13227050400,9.892279869267625,3.743074450376454
13227050500,9.809350578370979,3.689340776180698
13227050600,9.654898130047912,3.665626557837098
13229960100,9.019360527036276,3.884892306639288
13229960200,9.257609088295688,4.038420087611225
13229960300,9.241623648186174,4.012583491444216
13229960400,9.019066798083504,3.877768527036276
13231010100,10.529426083504449,4.037651994524298
13231010200,10.45529201779603,4.024845599589322
13231010300,10.414157135523614,4.080200355920602
13231010400,10.49268399247091,4.064774302532512
13233010100,10.357063639288159,3.587364735797399
13233010200,10.341723780287474,3.616533212867899
13233010300,10.286296815195072,3.708113802190281
13233010400,10.166600184120465,3.664888932238193
13233010500,10.219105231348392,3.623303742642026
13233010600,10.196976776180698,3.565855488706366
13233010700,10.221533485968515,3.541988585215606
13235950100,10.334801379192334,4.127879073921971
13235950200,10.438344245722108,4.071436536618754
13235950300,10.3470570862423,4.127391369609856
13237960101,10.618020394934976,4.151627410677618
13237960102,10.584075562628337,4.175159845995893
13237960201,10.64992856605065,4.150062862422998
13237960202,10.697276661875428,4.13168590349076
13237960300,10.744261942505134,4.095237523613963
13239960300,10.217269952772074,4.374298562628337
13241970100,8.34773202532512,3.312738103353867
13241970201,8.370749596167009,3.353908078028747
13241970202,8.40529588843258,3.316174752908966
13241970301,8.527962877481177,3.430203507186858
13241970302,8.610179869267625,3.432231978097194
13243790100,10.192261788501027,4.189428264887064
13243790200,10.070842213552361,4.22258341615332
13245000100,11.025135857631759,4.236661545516769
13245000200,11.065806412046544,4.249067425051335
13245000300,11.077474177960301,4.24962068788501
13245000600,11.077289142368241,4.254248031485284
13245000700,11.086370320328542,4.254274524982888
13245000900,11.079600785763176,4.24903827926078
13245001000,11.069192490075291,4.250820743326489
13245001100,11.022722272416153,4.239493251882272
13245001200,11.034673597535934,4.240524023956194
13245001300,11.058894729637235,4.242913338124572
13245001400,11.066713817932923,4.247352592060233
13245001500,11.069769498288843,4.247543707734428
13245001601,10.992104553730322,4.241765181382615
13245001602,10.994237934976044,4.239536183436003
13245010101,11.021857140999316,4.237952962354552
13245010104,10.921067780287474,4.227284828884326
13245010105,10.922800022587269,4.240120489390828
13245010106,10.971200703627652,4.224133067761807
13245010107,10.964393392881588,4.233244648870637
13245010201,10.95884917522245,4.234685440109514
13245010203,10.944118709787817,4.251049632443532
13245010204,10.877824001368925,4.255986162217659
13245010300,11.033907727583847,4.242803351813826
13245010400,11.034507047912389,4.235142259411362
13245010504,10.943112251882272,4.258540407939767
13245010506,10.992710604380561,4.250131641341547
13245010507,10.981038621492129,4.244214919917864
13245010508,11.004371633127994,4.243184978781656
13245010509,10.936653637234771,4.258019531827515
13245010510,10.979810975359343,4.256767932238193
13245010511,10.965361193702943,4.261056223134839
13245010512,10.935410101984942,4.259855919917864
13245010513,10.940039501026694,4.262970826830938
13245010600,10.956568585900068,4.252727112251882
13245010706,10.848686275838467,4.276928227241615
13245010707,10.898892466803559,4.277670169746749
13245010708,10.904363575633128,4.281752734428474
13245010709,10.900716516769336,4.267825576317591
13245010710,10.835096248459959,4.27216300752909
13245010711,10.790025533196441,4.285587110198494
13245010712,10.818910019849418,4.280164865160849
13245010800,10.639398149897331,4.269544061601643
13245010903,10.548390574948665,4.268402095824778
13245010904,10.699486545516769,4.283003093086927
13245010905,10.526694668720055,4.243150459958932
13245010906,10.708048731690623,4.263508652977413
13245011000,11.093682787816564,4.254046446269678
13247060101,10.801854932238193,3.747510221081451
13247060102,10.753714319644079,3.801460250513347
13247060201,10.84755142642026,3.707677836413416
13247060202,10.856972189596167,3.718580893223819
13247060304,10.832652369609856,3.756433228610541
13247060305,10.792555791238878,3.812010908966461
13247060306,10.79849487063655,3.84239626899384
13247060307,10.800262853524983,3.813835678986995
13247060308,10.806927413415469,3.79085671321013
13247060309,10.831474944558522,3.758406345653662
13247060403,10.853596656399726,3.67011860164271
13247060404,10.813188802874743,3.781842884325804
13247060405,10.793173474332649,3.7496536091718
13247060406,10.785083034907598,3.804782822724162
13247060407,10.764094993155373,3.81750084531143
13249960100,10.501954211498973,4.197998971252567
13249960200,10.566560262833676,4.221484466803559
13251970200,9.666150752908966,4.11966889596167
13251970300,9.741146666666667,4.17770853045859
13251970400,9.603943917180014,4.108483203969884
13251970500,9.558880762491444,4.091748462696783
13251970600,9.725254602327173,4.184849116358658
13253200100,9.761761455852156,4.281874759069131
13253200200,9.790700503764545,4.267192927446954
13253200300,9.605907853524983,4.246660592060233
13255160100,10.593090414784394,3.891057764544832
13255160200,10.668814087611225,3.951670839835729
13255160300,10.62506318275154,3.937351838466804
13255160400,10.610374091033539,3.948762676933607
13255160500,10.578040016427105,3.949034473648186
13255160600,10.4995136954141,3.967915802874743
13255160700,10.541392381930185,3.976077657084189
13255160800,10.629192631074606,3.970986480492813
13255160900,10.652760412731006,3.984363793976728
13255161000,10.662608321697468,3.998240454483231
13255161100,10.631878754277892,4.003520543463381
13255161200,10.590982556468172,4.002292143052704
13257970100,9.164760214236824,3.660120475701574
13257970200,9.529928241615332,3.793336993839836
13257970301,9.359081412731006,3.738316788501027
13257970302,9.453626689938398,3.773865655715264
13257970400,9.582768168377823,3.823289953456537
13259950100,10.286878303216975,4.220754572210814
13259950400,10.317121054757016,4.305867370294319
13261950100,10.718147879534565,4.212781849418207
13261950200,10.708138511978097,4.21675894934976
13261950300,10.63970150513347,4.224205752908966
13261950400,10.497786367556468,4.187784383983573
13261950500,10.58673331485284,4.156348184120465
13261950600,10.662491309377139,4.208356481861738
13261950700,10.68961376659822,4.188603509240246
13261950800,10.590355071868583,4.107566203969884
13263960100,10.354118577002053,4.138387605065024
13263960200,10.385496639288159,4.140641419575633
13263960300,10.409407127310062,4.162403863791923
13265010200,10.113174054072553,4.137436684462697
13267950100,9.804897362080767,4.281881421629021
13267950201,9.69349146201232,4.243102245037645
13267950202,9.62866345174538,4.231056195756331
13267950300,9.49477790349076,4.132196647501711
13267950400,9.439381008213552,4.127740640657084
13269950100,10.517763457905544,4.113254334702259
13269950200,10.655149651608487,4.10685262422998
13269950300,10.500306371663244,4.159202570841889
13271950100,9.917249605749487,4.284448350444901
13271950200,9.903977112251882,4.240690311430527
13271950500,9.815055908281999,4.269954805612594
13273120200,10.424147268309377,4.115474287474333
13273120300,10.427488341546886,4.10690976659822
13273120400,10.4156370862423,4.082104506502396
13273120500,10.507914376454483,3.975452453798768
13275960100,10.572197859000684,4.339940466803559
13275960200,10.698465002737851,4.424595553730322
13275960300,10.573716399726215,4.37500679945243
13275960400,10.383775245722108,4.327172635181383
13275960500,10.675395804243669,4.441398977412731
13275960600,10.684024665982204,4.472043716632444
13275960700,10.744739618754278,4.478822579055442
13275960800,10.397396360027378,4.402029533196441
13275960900,10.61434272073922,4.460346653661875
13275961000,10.30399238329911,4.363452256673511
13275961100,10.021155612594114,4.266091071868583
13277960100,10.335816183436003,4.163089476386037
13277960200,10.367878284736482,4.147612465434634
13277960300,10.312042158795346,4.191063390143737
13277960400,10.266077372347707,4.199863291581109
13277960500,10.174916468856947,4.214794453114305
13277960600,10.249384711156742,4.200320838466804
13277960700,10.311287045174538,4.183419299110198
13277960800,10.27737163449692,4.174034796030116
13277960900,10.22156429705681,4.20521180698152
13279970100,9.797414251882272,4.295797718001369
13279970200,9.899156295003422,4.317013863791923
13279970300,9.871941475701574,4.31130154825462
13279970400,9.856243785763176,4.323021997946612
13279970500,9.798060560574949,4.30047982477755
13279970600,9.712251506502396,4.275536559890486
13281960100,8.55851939835729,3.456039440109514
13281960200,8.505557286105407,3.44048001779603
13281960300,8.373486445585216,3.37154860164271
13283960100,9.985620754962355,4.280907908281999
13283960200,10.001157402464066,4.285361778918549
13285960100,10.309490793976728,4.142564806297057
13285960201,10.286760970568104,4.166658284052019
13285960202,10.248397213552361,4.198401603011636
13285960300,10.339041162217659,4.228932641341547
13285960400,10.340485561943874,4.214163289527721
13285960501,10.356611936344969,4.217540689253936
13285960502,10.333928772073922,4.180487095824778
13285960600,10.353725501026694,4.197397954140999
13285960700,10.389831240246407,4.230470377823409
13285960800,10.37582533744011,4.23591635797399
13285960901,10.379939369609856,4.245220686516085
13285960902,10.39073178439425,4.267635985626283
13285961000,10.422003091033539,4.29502676659822
13285961100,10.377040765913758,4.221583688569473
13287970200,10.350399110198494,4.046719338809035
13287970300,10.253230219712526,4.120174412046544
13289060100,10.796491648186174,3.765634457221082
13289060200,10.611116696783025,3.820294826830938
13291000101,8.77210223613963,3.54409053798768
13291000102,8.675776761122519,3.505342292265572
13291000201,8.754767926762491,3.539847427104723
13291000203,8.63695992128679,3.495596689253936
13291000204,8.744180796030116,3.538290251882272
13291000205,8.642112320328542,3.499620819301848
13293010100,10.555146043805613,4.063268102669404
13293010201,10.506716064339494,4.104128282683094
13293010202,10.476202635181383,4.092761830937714
13293010300,10.407824097878166,4.109292742642026
13293010400,10.479312984941821,4.109880333333333
13293010500,10.53039135797399,4.0972197816564
13293010600,10.506282587953456,4.085787338124572
13295020100,10.521952567419576,3.927041052019165
13295020200,10.52063606844627,3.910844562628337
13295020301,10.429268754277892,3.903059961670089
13295020302,10.394298054757016,3.915343633127994
13295020400,10.221916984941821,3.912698216290212
13295020501,10.444314984257358,3.937766316906229
13295020502,10.317805971937029,3.920435675564682
13295020601,10.427285780287474,3.949621604380561
13295020602,10.387335270362765,3.936977735797399
13295020700,10.303529238193018,3.908300358658453
13295020800,10.172491014373717,3.887869648870637
13295020901,10.309798778234086,3.879469602327173
13295020902,10.4516523908282,3.935698547570157
13297110100,10.504164492128679,3.926720400410678
13297110200,10.475419534565366,3.993745143737166
13297110300,10.504613073237509,3.964725965776865
13297110400,10.536328449007529,3.933267255989049
13297110503,10.574554015742642,3.890899811772758
13297110504,10.629812672142368,3.83400183504449
13297110505,10.579284944558522,3.862988859685147
13297110506,10.71017570294319,3.798118999315537
13297110507,10.667221470910335,3.835629605749487
13297110508,10.614512971252567,3.874313741273101
13297110601,10.612691625598905,3.900038516769336
13297110602,10.629261979466119,3.930079284052019
13297110603,10.671927604380561,3.860351065708419
13297110700,10.545270163586584,3.969288796030116
13297110800,10.591754590691307,3.999915442162902
13299950100,9.328491108829569,4.07717962696783
13299950200,9.123678207392197,3.975104162902122
13299950300,9.09823002532512,3.944990596167009
13299950400,9.067609878850103,3.918928754277892
13299950500,9.112682106091718,3.94188274606434
13299950600,9.015985370294319,3.887734052703628
13299950700,9.00710437303217,3.894884628336756
13299950800,8.236478521560575,3.541969902121834
13299950900,8.619152063655031,3.697304137577002
13301970400,10.266789037645448,4.213126125256674
13301970500,10.169439415468857,4.162419984941821
13303950100,10.39839932991102,4.067595389459274
13303950300,10.445608753593429,4.051694049965777
13303950400,10.317789018480493,4.073841149897331
13303950500,10.224689163586584,4.127785660506502
13303950700,10.396452545516769,4.075989131416838
13305970100,9.299006460643395,4.058463334017796
13305970200,9.195946112251882,3.964614700889802
13305970300,9.173254606433949,3.962266782340862
13305970400,9.07761370294319,3.924787893908282
13305970500,9.086976673511294,3.909293467488022
13305970600,8.762568594798084,3.722575323750856
13307960100,10.367662825462012,4.207496876112252
13307960200,10.324118869267625,4.188656926078029
13309780100,9.865244436002738,4.296371438056126
13309780200,9.930614577002053,4.280603980835044
13311950100,8.688427788501027,3.510481659137577
13311950201,9.176920497604381,3.640447678986995
13311950202,8.978250557152635,3.602467075290897
13311950203,8.882148017111567,3.560091579739904
13311950300,9.229151780971937,3.663797362080767
13313000101,10.145255430527036,3.956214611909651
13313000102,10.386715981519507,4.010640171115674
13313000200,10.21481985284052,3.968730507871321
13313000301,10.314431882956879,3.996219456536619
13313000302,10.409680119780972,4.011863690622861
13313000400,10.36739637303217,4.008588435318275
13313000501,10.462118132785763,4.020356264887064
13313000502,10.454059709787817,4.014861324435318
13313000600,10.508079596167009,4.021979943189596
13313000700,10.501730837782341,3.993373853524983
13313000800,10.507228455167693,4.002623641341547
13313000900,10.478251187542779,4.018129104722793
13313001000,10.409300615331964,4.011942289527721
13313001100,10.309514535934292,3.982911188911704
13313001200,10.458729561943874,4.019137733744011
13313001300,10.429439643394935,4.011614672826831
13313001400,10.487535074606434,4.012515023956194
13313001500,10.493593432580424,3.998525697467488
13315960100,10.081312524298426,4.189322791238878
13315960200,10.247224289527721,4.151411908281999
13315960300,10.220313839151266,4.127303676249144
13315960400,10.137911008213552,4.169882648870637
13317010101,9.869778540041068,4.052511553730322
13317010102,9.995199715263518,4.086373647501711
13317010301,9.947384340862423,4.098361209445585
13317010302,10.020838645448323,4.128781958247776
13319960200,10.719272142368241,3.979896430527036
13319960300,10.921985308692676,3.883499158110883
13319960400,10.479653179329227,4.017739544832307
13321950100,10.489930969199179,3.90935726899384
13321950200,10.609078114989733,3.89515162422998
13321950400,10.449378854209446,4.067549712525667
13321950500,10.564106828199863,3.888027006844627
13321950600,10.421386818617385,3.98235388569473
16001000100,8.732882151266256,4.220836062970568
16001000201,8.379817000684463,4.059214882272416
16001000202,8.445563258042437,4.095275646817248
16001000302,8.807703390143737,4.236733417522245
16001000303,8.96985420807666,4.296848833675565
16001000304,8.905631352498289,4.2745835633128
16001000400,8.862228514715948,4.258737030116359
16001000500,8.717089962354552,4.199734353182752
16001000600,8.630294735112936,4.172820895277207
16001000701,8.57990058384668,4.155329484599589
16001000702,8.29615800752909,4.041084114989733
16001000802,8.731918859685147,4.233466521560575
16001000803,8.510019932238193,4.142053093086927
16001000804,8.64862501779603,4.186527496919918
16001000805,8.444189238877481,4.108599721423682
16001000900,8.776041561259411,4.235752305270363
16001001000,8.924581535249829,4.284758731690623
16001001100,9.031435648186174,4.320188104722793
16001001201,9.120367789185489,4.354565518138262
16001001202,9.141203091718001,4.366150038329911
16001001400,9.093440767282683,4.362871248459959
16001001500,8.910331747433265,4.28540327652293
16001001600,8.870132396988364,4.277629238877481
16001001700,8.951844754962355,4.301642438056126
16001001800,9.089126632443532,4.358911859000684
16001001900,9.29502559890486,4.435330939767283
16001002000,9.175046462696783,4.382045347022587
16001002100,8.9510297816564,4.308145635181383
16001002221,9.517737742642026,4.538711871321013
16001002222,9.560958303901437,4.556285999315537
16001002223,9.694405476386037,4.577410725530459
16001002224,9.467533150581793,4.50139887063655
16001002302,9.31645809650924,4.437980245722108
16001002310,9.654741058863792,4.560065843258042
16001002312,9.447151288158795,4.488986501026694
16001002313,9.504881175906913,4.508191058179329
16001002410,9.252167281998631,4.410389458590007
16001002411,9.386831420944558,4.472184765229295
16001002412,9.38249253045859,4.478241406570842
16001002413,9.522811048596852,4.529672082819986
16001010100,7.939707089664613,3.885753060232717
16001010201,9.176936843258042,4.431893345653662
16001010221,9.574075690622861,4.564304151950719
16001010223,9.09009725119781,4.353500342231348
16001010224,9.066982643394935,4.35983997467488
16001010225,9.297998916495551,4.44354731211499
16001010313,9.970307592744695,4.699932937029432
16001010321,9.881118013004791,4.652436454483231
16001010322,10.077828144421629,4.738426923340178
16001010331,9.860981882956879,4.671385188227242
16001010332,10.036077632443532,4.748860773442847
16001010333,9.90990924366872,4.68128164202601
16001010334,10.226175127994524,4.820930627652293
16001010335,10.276291078028747,4.852706772758385
16001010401,9.445131177275838,4.508031336755647
16001010402,9.405026112936345,4.490514223819302
16001010501,7.721405301848049,3.846130628336756
16001010503,7.452793206707734,3.731834006160164
16001010504,8.275467911704312,4.03692626146475
16003950100,5.920105073921971,3.124581728952772
16003950200,6.014720830937714,3.170648012320328
16005000200,6.768654885010267,3.055402305270363
16005000300,7.086920249828884,3.131383524298426
16005000400,7.117459075290897,3.159423999315537
16005000500,7.122912184804928,3.148202271731691
16005000600,6.873356724161533,3.088051995208761
16005000700,6.949984231348392,3.11000309377139
16005000800,6.934372672142368,3.109412540041068
16005000900,6.997290778918549,3.127831546201232
16005001000,7.006639114989733,3.125288945242984
16005001101,7.023682032854209,3.127679458590007
16005001102,7.003417826146475,3.123898061601643
16005001200,7.050665296372348,3.135245666666667
16005001300,7.022279539356605,3.128705907597536
16005001400,7.049079123887748,3.134312637234771
16005001500,7.08052610403833,3.145666476386037
16005001601,7.00887572347707,3.132368735112936
16005001602,6.991475168377823,3.132214258042437
16005001603,6.928399048596852,3.108629740588638
16005001700,6.826953171115674,3.073621697467488
16005001900,6.648225544832307,2.984832047912389
16005940000,7.022354538672142,3.120564049281314
16005981800,6.643743911704312,3.020613330595482
16007950100,6.134213054757016,2.736853461327858
16007950200,6.332853316906229,2.765573021902806
16009940000,7.382284074606434,3.414207802190281
16009950100,7.16379104312115,3.288082483230664
16011940000,6.820206665982204,3.14502446201232
16011950100,7.302134571526352,3.478983832306639
16011950200,6.214572895277207,2.975997461327858
16011950300,6.822614929500342,3.254890062970568
16011950400,7.172616071868583,3.335691211498973
16011950500,7.344364003422314,3.386850638603696
16011950600,7.399018763175907,3.444522449691992
16011950700,7.28428523613963,3.336997259411362
16013960100,5.919623570841889,3.043566879534565
16013960200,5.462248511293634,2.871495779603012
16013960300,5.380991483915127,2.852296313483915
16013960500,5.400745026009582,2.851146652977413
16015950200,5.794406745379877,3.009454244353183
16017950100,6.782688360711841,3.287948804928131
16017950200,6.647223683778234,3.297942316906229
16017950300,7.22226456605065,3.54713961670089
16017950400,6.776181615331964,3.378295531143053
16017950500,7.052187520876112,3.487656643394935
16017950600,5.946174789185489,3.059809336755647
16017950700,7.355173746748802,3.597654633812457
16017950800,7.403506392881588,3.590530069130732
16017950900,7.177540676249144,3.50310967008898
16019970100,5.768132273100616,2.799990036960986
16019970300,7.506839774811773,3.637314451060917
16019970401,7.59745290349076,3.657226042436687
16019970402,7.384719985626283,3.567002528405202
16019970403,7.402896464750171,3.573678466119096
16019970501,7.248909103353867,3.494717463381246
16019970502,7.291603793292266,3.509689110882957
16019970503,7.191151936344969,3.45727977412731
16019970601,7.485292427104723,3.606728736481862
16019970602,7.443428627652293,3.582513682409309
16019970603,7.402455019849418,3.554261372347707
16019970700,7.570657244353183,3.651522542778918
16019970800,7.514579764544832,3.61039754825462
16019970900,7.46744128678987,3.588956971252567
16019971000,7.547070967830253,3.622069863791923
16019971100,7.567237906913073,3.640115370978782
16019971200,7.618414302532512,3.658491540041068
16019971301,7.658937659137577,3.683686249828884
16019971302,7.641055596167009,3.665108133470226
16019971400,7.485746722792608,3.584315039698836
16019971500,7.245397790554415,3.527351028747433
16021970100,5.721877765229295,2.949589488706366
16021970200,5.690441472279261,2.945213517453799
16023970100,5.702312663928816,2.942403916495551
16025970100,5.575647364134155,2.95146398973306
16027020100,10.061846510609172,4.753639985626283
16027020200,10.128313831622177,4.792958307323751
16027020300,10.007128331964408,4.743389452429843
16027020401,10.190549234086242,4.804623826146475
16027020402,9.937082230663929,4.714399028062971
16027020501,9.894035603696099,4.69302331485284
16027020503,9.798166115674196,4.660389127994524
16027020504,9.832824407939767,4.662737843942505
16027020601,9.988440063655031,4.753286106776181
16027020602,10.067804839835729,4.767040429842574
16027020700,10.12693325393566,4.7862271724846
16027020901,9.679058919233402,4.613695676249144
16027020902,9.609751037645448,4.601060296372348
16027021001,10.028190495550992,4.809837826830938
16027021002,10.256153605065024,4.87230960164271
16027021100,10.41059042642026,4.934506274469541
16027021200,10.134717941136208,4.8407318275154
16027021300,10.098010356605065,4.830778782340862
16027021500,10.042273127994524,4.808127685831622
16027021600,9.938297809034908,4.755446288843258
16027021700,9.98927688569473,4.791187455852156
16027021800,9.521780000684463,4.597027848049281
16027021901,10.219519130732375,4.882768097878166
16027021903,9.9647475229295,4.797175216290212
16027021904,9.518808767967146,4.620575117727584
16027022100,8.452130151266256,4.197531930869268
16027022200,8.478171855578371,4.190809123887748
16027022300,8.135013093086927,4.001173477754962
16027022400,9.018525281998631,4.358953528405202
16029960100,6.471465006844627,2.961871308008214
16029960200,5.989825824093087,2.818590156741958
16031950100,5.975838077344285,2.967674021218344
16031950200,6.824546483230664,3.406504505817933
16031950300,6.778580607802875,3.400835611225188
16031950400,7.021477891854894,3.515747720054757
16031950500,6.877166054072553,3.468948700889802
16031950600,5.594300199178645,2.898227081451061
16033950100,5.953455167693361,3.0815914770705
16035940000,7.217247088295688,3.637294687200548
16035970100,6.914056353182752,3.448157064339494
16037960200,5.598567350444901,2.933668706365503
16039960100,5.808799158110883,3.044471635181383
16039960200,6.544632681040383,3.34976190349076
16039960300,6.602305146475017,3.421275201232033
16039960400,7.07544659137577,3.628534446954141
16039960500,7.005951476386037,3.598114349075975
16041970100,7.013721656399726,2.866183574264203
16041970200,7.02176062422998,2.683815955509925
16043970100,5.756760517453799,2.961650453114305
16043970200,5.89520106844627,2.96888827926078
16043970300,6.742205616016427,3.36855475633128
16045960100,6.611270612594114,3.384000023956194
16045960200,9.090423145790554,4.457616868583162
16045960300,8.335798319644079,4.115380364818617
16047960100,6.417488720054757,3.349177224503764
16047960200,7.24283367761807,3.735954803559206
16049940000,6.987921212183436,3.571890970568104
16049960100,7.025719525667351,3.514685420944558
16049960200,6.405556493497604,3.334294791238878
16049960300,6.341454464750171,3.303368506502396
16049960400,5.862194168377823,3.089811691307324
16051960100,6.827584065708419,3.443837844626968
16051960200,7.650029281314168,3.733159052019165
16051960300,7.591534336755647,3.697716841204654
16051960400,7.147733446269678,3.49727053798768
16053970100,7.174372229295003,3.670929775496236
16053970200,7.370874624914442,3.772584902121834
16053970300,7.484494317590691,3.8252415633128
16053970400,7.520759838466804,3.857148918548939
16053970500,7.511667657084189,3.841991153319644
16055000100,7.895790113620808,3.762886501711157
16055000200,7.697031468172485,3.636992370978782
16055000301,8.534691312799452,3.982301311430527
16055000302,8.328040040383299,3.907861664613279
16055000401,8.560053983572895,3.960126255989049
16055000402,8.655149637234771,4.004666022587269
16055000500,8.609878866529774,3.981575509924709
16055000601,8.545274101984942,3.949570208761122
16055000602,8.579366492813142,3.972408359342916
16055000700,8.513559214921287,3.939921152635181
16055000800,8.476035725530459,3.903280425051335
16055000900,8.3570894770705,3.847168744010951
16055001001,8.33884247980835,3.857816514031485
16055001002,8.282096518138262,3.843435545516769
16055001100,8.280613030116359,3.825509906913073
16055001200,8.295034476386037,3.822087369609856
16055001300,8.280452422997947,3.809432717316906
16055001400,8.280492267624914,3.8015858678987
16055001500,8.2431415633128,3.787918901437372
16055001600,8.190418970568104,3.757802332648871
16055001700,7.968970422997947,3.6609861321013
16055001800,7.94808213963039,3.682268930869268
16055001900,7.539430715263518,3.409113646817248
16055002000,8.214562162217659,3.785909865160849
16055940000,7.731889343600274,3.539595281314168
16057005100,7.511675162217659,3.71951102532512
16057005200,7.430802972621492,3.676336318275154
16057005300,7.417465924024641,3.689744739904175
16057005400,7.429874606433949,3.710028352498289
16057005500,7.209652958932238,3.488389
16057005600,7.140244392197125,3.508992448323066
16057005700,7.35813475633128,3.663963015742642
16059970100,6.833992520876112,3.296590904175222
16059970200,6.95592094934976,3.189949004106776
16059970300,5.96214505338809,3.042628375085558
16061940001,7.145275824093087,3.636763199178645
16061940002,6.821139688569473,3.500142533196441
16061950300,6.344278060232717,3.297733265571526
16063950100,6.533928440109514,3.377715331279945
16065950100,7.23379305065024,3.574798809034908
16065950200,7.195233647501711,3.550004452429843
16065950301,7.163445828884326,3.530438427789186
16065950302,7.216131295003422,3.555640656399726
16065950400,6.31806284531143,3.128794840520192
16065950500,7.266917615331964,3.565551373716632
16067970100,7.180935948665298,3.613417219712526
16067970200,7.091408160848734,3.557309282683094
16067970300,6.510900223819302,3.27821248733744
16067970400,7.136195757015743,3.560623805612594
16067970500,7.029713569472964,3.50216467761807
16069940000,7.120282071868583,3.619666941820671
16069960200,7.29946026899384,3.647806255304586
16069960300,7.444156701574264,3.74503174606434
16069960400,7.325188476386037,3.706845020533881
16069960500,7.292671743326489,3.689799645448323
16069960600,7.321299849418207,3.706908458590007
16069960700,6.300613278576318,3.26675758384668
16069960800,7.203301550308008,3.655816216290212
16069960900,7.242813187542779,3.67594190622861
16069961000,7.261178427104723,3.675773467488022
16071960100,6.632912396988364,2.974954475701574
16073950101,7.439587948665298,3.741861749486653
16073950102,7.629036061601643,3.806550489390828
16073950200,5.192327698836413,2.793568554414784
16075960100,7.591970128678987,3.851926362765229
16075960200,8.159321168377823,4.12834645174538
16075960300,8.712146257357974,4.351544947296372
16075960400,8.848554724845996,4.39626823613963
16077960100,6.339610069130732,2.968352652977413
16077960200,6.634649858316222,3.188285364818617
16079960200,6.763883267624914,3.189992976043806
16079960300,7.175233388774812,3.189085874058864
16079960400,6.83181460164271,3.187378489390828
16081960100,5.702938822724162,2.817880248459959
16083000200,7.262876015742642,3.723991138945927
16083000300,6.559773683093771,3.418569207392197
16083000400,6.753317223134839,3.501069412046544
16083000500,7.05400201779603,3.628036093086927
16083000600,6.860681861054073,3.530694650239562
16083000700,7.345735092402464,3.766572318275154
16083000800,7.280635021902806,3.731205793976728
16083000900,7.324319684462697,3.745248700205339
16083001000,7.155146168377823,3.672360020533881
16083001100,7.174702780287474,3.673136370294319
16083001200,7.095503402464066,3.639302895277207
16083001300,7.018335188911704,3.600066432580424
16083001400,6.597799296372348,3.385611330595482
16083001500,5.547788110882957,2.944706647501711
16085970100,5.738087531827515,3.001337073237509
16085970200,5.75852427652293,3.038776611909651
16085970300,5.758939060232717,3.031341636550308
16087970100,6.330712307323751,3.305603997946612
16087970200,7.068668138261465,3.639593136208077
16087970300,6.539321673511294,3.415515770020534
17001000100,10.078321268309377,4.371542151266256
17001000201,10.078371464065708,4.375393252566735
17001000202,10.09179819301848,4.380548108829569
17001000400,10.080175503080082,4.378866026694045
17001000500,10.082729456536619,4.375928495550992
17001000600,10.096373245722108,4.388673561259411
17001000700,10.097240763175907,4.392454295687885
17001000800,10.096390180698152,4.399815629705681
17001000900,10.099034451060917,4.40281923613963
17001001001,10.094522631074606,4.388060960985626
17001001002,10.089641232032854,4.396409213552361
17001001100,10.081569629705681,4.385093161533196
17001010100,10.026735289527721,4.29353106844627
17001010200,9.948790698151951,4.298598545516769
17001010300,9.920391044490075,4.347940185489391
17001010400,10.0217409137577,4.347347830253251
17001010500,10.048418425051335,4.351950342231348
17001010600,10.051608151950719,4.397210354551677
17003957600,10.210035143052704,4.570551737850787
17003957700,10.282748150581793,4.607416593429158
17003957800,10.278588282683094,4.570429872005476
17003957900,10.286917559890486,4.553241160848734
17005951200,10.406910555099247,4.32766425119781
17005951300,10.432352511293634,4.296137848733744
17005951400,10.475382150581793,4.210444829568788
17005951500,10.471613483230664,4.279500138261465
17007010100,10.453955711841205,4.216730064339494
17007010200,10.452608149212868,4.22017393155373
17007010300,10.455206779603012,4.216294555099247
17007010400,10.447294796030116,4.217362947980835
17007010500,10.422329721423682,4.203124937713895
17007010601,10.313464533880904,4.158860997946612
17007010602,10.379790471594798,4.166388866529774
17009970400,9.934655287474333,4.350945407255305
17009970500,9.933019417522245,4.344339138261465
17011964700,10.382236152635181,4.279208911019849
17011964800,10.349024493497604,4.052117063655031
17011964900,10.392815101984942,4.250185539356605
17011965000,10.49412557357974,4.368112648870637
17011965100,10.535373535934292,4.420486508555784
17011965200,10.559661983572895,4.439385343600274
17011965300,10.424311484599589,4.277240207392197
17011965400,10.448460125256674,4.302613056125941
17011965500,10.427335366187543,4.298574667351129
17011965600,10.395882483915127,4.151617466119096
17013951200,10.102287442847365,4.225556289527721
17013951300,10.583175876112252,4.102675043805613
17015960100,10.069744710472279,3.825912081451061
17015960200,10.042998969883641,3.617187618754278
17015960300,10.065084305270363,3.548221166324435
17015960400,10.111738401779603,3.658743645448323
17015960500,10.178667925393566,3.780488327173169
17015960600,10.228353777549624,3.486034429842574
17017960100,10.227324812457221,4.42658165982204
17017960200,10.18118224366872,4.423758489390828
17017960300,10.134769056810404,4.414109950718686
17017960400,10.110188636550308,4.407610024640657
17017960500,10.109680606433949,4.413286047227926
17019000200,10.715338043805613,4.433156247091034
17019000301,10.716429880903491,4.441238588637919
17019000302,10.719314588637919,4.438669603696099
17019000401,10.717631042436687,4.438195997946612
17019000402,10.721796363449692,4.440138587268994
17019000500,10.723132825462012,4.432695813141684
17019000700,10.717262839835729,4.437177193702943
17019000800,10.717785320328542,4.453125424366872
17019000901,10.717358229295003,4.44527511156742
17019000902,10.690535164271047,4.447519993839836
17019001000,10.71652345927447,4.443033470910335
17019001100,10.719878421629021,4.434674466803559
17019001201,10.706226187542779,4.439449158795346
17019001203,10.714682073237509,4.440405246406571
17019001204,10.719181881587954,4.445224546201232
17019001205,10.686612524298426,4.428189678302532
17019001206,10.703830856262834,4.433906568104038
17019001301,10.725996915811088,4.448635221765914
17019001302,10.737760378507871,4.458602211498973
17019001400,10.726148019164956,4.446672862422998
17019005300,10.711890132785763,4.441891108145106
17019005401,10.703860240246407,4.446536336071184
17019005402,10.677789054757016,4.450620260095825
17019005500,10.678208689253936,4.444841545516769
17019005600,10.671811993155373,4.441744077344285
17019005701,10.700053231348392,4.44124778439425
17019005702,10.690700965092402,4.446492112936345
17019005800,10.705083904859685,4.443211608487337
17019005900,10.714319976728268,4.439203219712526
17019006000,10.716150360027378,4.439373757700205
17019010100,10.485364557837098,4.45422657357974
17019010204,10.522402778234086,4.457788793292266
17019010300,10.522652603696099,4.457567647501711
17019010400,10.48646398220397,4.458006481177276
17019010500,10.497986724161533,4.46844805338809
17019010601,10.58320479945243,4.466362425735797
17019010603,10.622364266940452,4.467891029431896
17019010604,10.689606169062286,4.453657504449008
17019010700,10.590160122518823,4.443958353182752
17019010800,10.57661353798768,4.435272735797399
17019010900,10.665297564681725,4.449422507186858
17019011000,10.724350993839836,4.439497410677618
17019011100,10.711806986995209,4.44252376386037
17021958100,10.538786179329227,4.517223734428474
17021958200,10.51165353798768,4.486075146475017
17021958300,10.502892676249144,4.511665664613279
17021958400,10.490839468172485,4.506694680355921
17021958500,10.488383511293634,4.513138936344969
17021958600,10.491391123203285,4.533436984257358
17021958700,10.428840961670089,4.522484968514716
17021958800,10.428550731690623,4.52618246954141
17021958900,10.423617476386037,4.518949582477755
17021959000,10.423553614647502,4.451664646817248
17023060100,10.7206193045859,4.339379119096509
17023060200,10.727552760438056,4.303631556468172
17023060300,10.644207642710472,4.472299637919233
17023060400,10.633972143737166,4.450958067761807
17025971900,10.515261395619439,4.607826920602327
17025972000,10.464348516084873,4.572149744695414
17025972100,10.474743710472279,4.567723074606434
17025972200,10.460105069130732,4.555512394934976
17027900100,10.708271832991102,4.093533978097194
17027900200,10.577709609856263,4.230957667351129
17027900300,10.608894214921287,4.237280495550992
17027900401,10.44085875633128,4.38976555578371
17027900402,10.491712160164271,4.330502504449008
17027900500,10.487882917864476,4.343423081451061
17027900601,10.560578993839836,4.210283478439425
17027900602,10.620980168377823,4.108930125941136
17029000100,10.565414547570157,4.501300971252567
17029000200,10.600976245722108,4.583984836413416
17029000300,10.593936303901437,4.582644405886379
17029000400,10.615925137577002,4.573687632443532
17029000500,10.609597569472964,4.545056342231348
17029000600,10.592103402464066,4.507845193702943
17029000700,10.593568678986995,4.513491544147844
17029000800,10.605593637234771,4.538129819986311
17029000900,10.607500683093771,4.545306915811088
17029001000,10.605468464750171,4.581061602327173
17029001100,10.594446219712526,4.585637308692676
17029001200,10.583364104722793,4.578331709787817
17031010100,11.685063655715264,4.087491661875428
17031010201,11.729689130047912,4.086030236824093
17031010202,11.722500771389459,4.093620522245038
17031010300,11.713981449007529,4.093587232032854
17031010400,11.772252318959617,4.105838963723477
17031010501,11.748798596851472,4.0947058678987
17031010502,11.7777737816564,4.096239720054757
17031010503,11.808109409993155,4.104529170431212
17031010600,11.774079279945243,4.100060377823409
17031010701,11.771463561259411,4.088467901437372
17031010702,11.761030288158795,4.088528727583847
17031020100,11.73840390349076,4.085104284052019
17031020200,11.75396848733744,4.082198862422998
17031020301,11.814659761806982,4.084196960301164
17031020302,11.798735590006845,4.083012947296372
17031020400,11.782823754277892,4.089530733744011
17031020500,11.827057762491444,4.093436800136892
17031020601,11.84633557357974,4.083048295003422
17031020602,11.842666335386721,4.08750864202601
17031020701,11.942785224503764,4.095088650924025
17031020702,11.888901696783025,4.086317475017112
17031020801,11.925604416837782,4.087791049281314
17031020802,11.889761668035592,4.09907719028063
17031020901,11.880902835728953,4.100101245722108
17031020902,11.867458803559206,4.10133535797399
17031030101,11.867795184120465,4.1153998275154
17031030102,11.850756651608487,4.105708084873374
17031030103,11.836942171115674,4.102486499657769
17031030104,11.829061323750856,4.103741635181383
17031030200,11.853291822039699,4.101550534565366
17031030300,11.861843197809719,4.101875658453114
17031030400,11.910953422997947,4.107691002053388
17031030500,11.895870845995893,4.103638848049281
17031030601,11.875284762491444,4.114746346338125
17031030603,11.895190045859001,4.116241151950719
17031030604,11.890975730321698,4.113639477754962
17031030701,11.911728335386721,4.115134318959617
17031030702,11.91650035523614,4.120795472963724
17031030703,11.933513830937714,4.11485612936345
17031030706,11.924271978097194,4.120270971937029
17031030800,11.934646887748118,4.110716439425051
17031030900,11.945244075975359,4.106576359342916
17031031000,11.982950183436003,4.109526736481862
17031031100,11.977180317590691,4.121103963039014
17031031200,11.968285894592745,4.125587514715948
17031031300,11.958941930869268,4.124139407255305
17031031400,12.00541229431896,4.134845730321698
17031031501,11.98560931485284,4.119167813141684
17031031502,12.009481532511978,4.131205789185489
17031031700,12.01552706844627,4.12936092881588
17031031800,12.011065716632444,4.107223182067077
17031031900,12.024592924709103,4.113598636550308
17031032100,12.035356045174538,4.130451043805613
17031040100,11.941945824093087,4.105573791238878
17031040201,12.008608791238878,4.09918635797399
17031040202,11.973636729637235,4.100534863791923
17031040300,11.998991926078029,4.098043158795346
17031040401,11.998312259411362,4.103811457221082
17031040402,11.994587749486653,4.112931355920602
17031040600,12.028965062970568,4.107906455852156
17031040700,12.032021765229295,4.103903181382615
17031040800,12.045180732375086,4.104167462696783
17031040900,12.043071062970568,4.110785262833676
17031050100,12.06298096440794,4.123410465434634
17031050200,12.066133786447639,4.109525711841205
17031050300,12.0869875633128,4.11050759137577
17031050500,12.111767044490075,4.117377728268309
17031050600,12.104090709787817,4.114207674880219
17031050700,12.14685681724846,4.130841863107461
17031050800,12.154388054072553,4.124969861738535
17031050900,12.152008119096509,4.120001242299795
17031051000,12.171783666666667,4.125716993839836
17031051100,12.170412890485968,4.130475197125257
17031051200,12.160139906913073,4.128810381930185
17031051300,12.189979584531143,4.135881496235455
17031051400,12.187048082819986,4.128222148528405
17031060100,12.05404229431896,4.123349527036276
17031060200,12.05559938329911,4.110631916495551
17031060300,12.105607915811088,4.126415527720739
17031060400,12.100070559890486,4.128166678302532
17031060500,12.072937414784394,4.130253133470226
17031060800,12.050479501026694,4.134039800821355
17031060900,12.077936075975359,4.143021004791239
17031061000,12.098829970568104,4.141669663928816
17031061100,12.120789674195756,4.141917561943874
17031061200,12.101211659137577,4.135655091033539
17031061500,12.136002116358658,4.138119600958248
17031061800,12.11532959890486,4.149725741273101
17031061901,12.128076364134155,4.156032290212183
17031061902,12.11747153045859,4.151162453798768
17031062000,12.130549428473648,4.144972986995209
17031062100,12.13879058384668,4.147442047227926
17031062200,12.134831972621492,4.141011709103354
17031062300,12.144718637919233,4.139322284052019
17031062400,12.152237483915127,4.131963453798768
17031062500,12.159257925393566,4.135003622861054
17031062600,12.174826891854894,4.137042764544832
17031062700,12.175851544147844,4.146470989048597
17031062800,12.168277220396988,4.139078561943874
17031062900,12.163854062286105,4.141861437371663
17031063000,12.157587698151951,4.14409206091718
17031063100,12.149397679671458,4.145469720054757
17031063200,12.140031462696783,4.150764409308693
17031063301,12.166207542778918,4.159907230663929
17031063302,12.166874977412731,4.160590532511978
17031063303,12.15829566255989,4.167414273785079
17031063400,12.162921056125941,4.15154604312115
17031070101,12.18387528678987,4.170490833675565
17031070102,12.180648926762491,4.15692323613963
17031070103,12.195417830253251,4.16412550513347
17031070200,12.188424431895962,4.156373590691307
17031070300,12.190129650924025,4.149039598220397
17031070400,12.198110509924709,4.15514394934976
17031070500,12.199728248459959,4.144287323750856
17031070600,12.207375266940452,4.153955976043806
17031070700,12.208139432580424,4.141057203969884
17031071000,12.227972979466119,4.150857994524298
17031071100,12.226571554414784,4.159041340862423
17031071200,12.228120859685147,4.171411620123203
17031071300,12.220325277891855,4.16504999247091
17031071400,12.209020308008214,4.168210084873374
17031071500,12.255442089664613,4.175002620807666
17031071600,12.243843120465435,4.169056009582478
17031071700,12.259788850787132,4.168880002737851
17031071800,12.255797252566735,4.169763744010951
17031080100,12.283179288158795,4.182417072553046
17031080201,12.279653657768652,4.180642084873374
17031080202,12.301216785078713,4.197444818617385
17031080300,12.291489199863108,4.182947360027378
17031080400,12.295600141683778,4.182450622861054
17031081000,12.324095148528405,4.192403744010951
17031081100,12.325062953456537,4.19548905338809
17031081201,12.312899902121834,4.196592449007529
17031081202,12.291780141683778,4.194119615331964
17031081300,12.309102266940452,4.200092815879535
17031081401,12.328205672142368,4.20497376386037
17031081402,12.301125560574949,4.203408360711841
17031081403,12.348603160848734,4.203327099931554
17031081500,12.33492310403833,4.195737678302532
17031081600,12.343791171800137,4.202875173853525
17031081700,12.360471434633812,4.201789780971937
17031081800,12.357970866529774,4.192927059548255
17031081900,12.339554761806982,4.184645998631075
17031090100,11.82925115742642,4.09277554825462
17031090200,11.880479577686516,4.100899339493498
17031090300,11.915497924709103,4.104772482546201
17031100100,11.965601224503764,4.083071497604381
17031100200,11.931882638603696,4.089660568104038
17031100300,11.964765151950719,4.09970584257358
17031100400,11.959139660506502,4.104009064339494
17031100500,12.008140953456537,4.108265061601643
17031100600,12.00646434770705,4.08976804312115
17031100700,12.028917633812457,4.087780594113621
17031110100,11.980131644079398,4.07802496440794
17031110200,12.009359377138946,4.079401186173854
17031110300,12.027441748117728,4.077222747433265
17031110400,12.041030548939083,4.070491633127994
17031110501,12.017692448323066,4.064448422997947
17031110502,12.047236287474333,4.066245185489391
17031120100,11.888109715947981,4.080358667351129
17031120200,11.928275381930185,4.078421126625599
17031120300,11.94440967761807,4.073945290896646
17031120400,12.020526336755647,4.060828929500342
17031130100,11.928029796030116,4.083143735797399
17031130200,12.000055815195072,4.070462372347707
17031130300,11.947377481861738,4.084679056125941
17031140100,12.027248327173169,4.091115724161533
17031140200,12.029851715263518,4.086957255989049
17031140301,12.058194171115674,4.078900307323751
17031140302,12.044131851471595,4.0801649137577
17031140400,12.044477769336071,4.067509796714579
17031140500,12.077334289527721,4.071444568104038
17031140601,12.085599277207392,4.082045733059548
17031140602,12.067694932922656,4.07796464476386
17031140701,12.059466154004107,4.08977025393566
17031140702,12.071891248459959,4.094358565366188
17031140800,12.048099081451061,4.096562571526352
17031150200,12.094318134154689,4.065253971937029
17031150300,12.0877008275154,4.065363644079398
17031150401,12.074178486652977,4.076460550308008
17031150402,12.109407986995209,4.076042506502396
17031150501,12.07136318275154,4.082481907597536
17031150502,12.106226980150582,4.08613825393566
17031150600,12.149851351813826,4.08409373100616
17031150700,12.14148943394935,4.078433396988364
17031150800,12.140346950034223,4.075966039014374
17031151001,12.164899490759754,4.085594791238878
17031151002,12.176547339493498,4.093912366187543
17031151100,12.169729880903491,4.092660926078029
17031151200,12.173896491444216,4.089556481861738
17031160100,12.075475378507871,4.05949423613963
17031160200,12.10344536550308,4.075671800136892
17031160300,12.109108544832307,4.076013676249144
17031160400,12.109775744010951,4.086149034907598
17031160501,12.085406420944558,4.08515706844627
17031160502,12.1037854770705,4.095256711156742
17031160601,12.087057308008214,4.099288377823409
17031160602,12.096320707734428,4.103266506502396
17031160700,12.120289848049281,4.098636327173169
17031160800,12.117272911704312,4.096932643394935
17031160900,12.136973310061602,4.089512449691992
17031161000,12.137683315537303,4.081791440793977
17031161100,12.135441016427105,4.081908619438741
17031161200,12.178094900752909,4.092862499657769
17031161300,12.171430983572895,4.085152502395619
17031170100,12.114371536618754,4.095206422313484
17031170200,12.147067130732375,4.096959439425051
17031170300,12.134663228610541,4.101141026694045
17031170400,12.127005718001369,4.111405280629706
17031170500,12.111465186858316,4.122590776865161
17031170600,12.139460355920602,4.130744133470226
17031170700,12.142643769336071,4.12971405065024
17031170800,12.149148104722793,4.121161735112936
17031170900,12.162440399041752,4.120311833675565
17031171000,12.152721526351814,4.102206498288843
17031171100,12.172289628336756,4.096623778234086
17031180100,12.179791518822724,4.115241460643395
17031190100,12.201637108829569,4.094819336071184
17031190200,12.195967521560575,4.094941832991102
17031190300,12.194948673511294,4.101773902121834
17031190401,12.192368639288159,4.107181761122519
17031190402,12.205562292265572,4.106380960985626
17031190601,12.214166796030116,4.109924420944558
17031190602,12.226402813826146,4.106283561259411
17031190701,12.211748572210814,4.100165299794661
17031190702,12.223190329226557,4.105022225188227
17031190800,12.227375661875428,4.10414592881588
17031190900,12.230836267624914,4.107812366872006
17031191000,12.25500319301848,4.114825872689938
17031191100,12.249920330595482,4.11202131485284
17031191200,12.243052995893224,4.113803080082136
17031191301,12.242761739219712,4.116301851471595
17031191302,12.253588308692676,4.116663063655031
17031200100,12.203481783025325,4.098483943874059
17031200200,12.229267141683778,4.105364062970568
17031200300,12.249517503080082,4.115145194387406
17031200401,12.258518015058179,4.112025966461328
17031200402,12.259731600273785,4.115087236824093
17031210100,12.164043515400411,4.110683181382615
17031210400,12.203548264887064,4.099103119096509
17031210501,12.197025686516085,4.102654409993155
17031210502,12.206722338809035,4.106660354551677
17031210601,12.194681045174538,4.107140234770705
17031210602,12.208606219028063,4.104217704312115
17031210700,12.19146855578371,4.116697063655031
17031210800,12.190138800136892,4.111806052019165
17031210900,12.195144741273101,4.121269855578371
17031220300,12.231302693360712,4.126403623545517
17031220400,12.231339546885695,4.125878630390144
17031220500,12.229842336755647,4.119014421629021
17031220601,12.240020741273101,4.116259034223135
17031220602,12.227979405886379,4.1149711724846
17031220701,12.234792236824093,4.108473012320328
17031220702,12.226589976043806,4.104886538672142
17031220901,12.261086839151266,4.118604813141684
17031220902,12.252523290896646,4.114601908966461
17031221000,12.258462171115674,4.110886309377139
17031221100,12.260857056810404,4.118381216290212
17031221200,12.258008648186174,4.121930069130732
17031221300,12.255362193702943,4.130391026009582
17031221400,12.264330054072553,4.136865202600958
17031221500,12.24352124366872,4.130247800136892
17031221600,12.243768973990418,4.137597944558522
17031222200,12.267575503080082,4.146161134154689
17031222500,12.276462214921287,4.13141810403833
17031222600,12.277407140314853,4.128963813826146
17031222700,12.280678896646133,4.126272405886379
17031222800,12.27811040862423,4.11968065982204
17031222900,12.280031590006845,4.127444664613279
17031230100,12.282158613963039,4.130787390143737
17031230200,12.293891550308008,4.130993023956194
17031230300,12.290597570841889,4.125125516769336
17031230400,12.285810028747433,4.122325971937029
17031230500,12.280695724845996,4.118179770020534
17031230600,12.302611849418207,4.126348463381246
17031230700,12.314727940451745,4.138194296372348
17031230800,12.304414366187543,4.126806610540726
17031230900,12.30403850513347,4.13197053045859
17031231100,12.322409178644764,4.139838576317591
17031231200,12.321987855578371,4.136512442162902
17031231500,12.349130475017112,4.147479823408624
17031240200,12.272792815195072,4.157012130732375
17031240300,12.278035869952088,4.152523161533196
17031240500,12.296464290896646,4.150306855578371
17031240600,12.296007440109514,4.143325981519507
17031240700,12.301491028747433,4.143005649555099
17031240800,12.288897869952088,4.133555752908966
17031240900,12.316473058863792,4.140816405201916
17031241000,12.314508787816564,4.147266108145106
17031241100,12.320609396303901,4.14857136550308
17031241200,12.312203109514032,4.146429959616701
17031241300,12.320883281998631,4.1583546091718
17031241400,12.301234490759754,4.152352877481177
17031241500,12.293336967145791,4.159509608487337
17031241600,12.295856909650924,4.155539057494866
17031242000,12.3227647816564,4.173077486652977
17031242100,12.347458643394935,4.170733305954826
17031242200,12.342055048596852,4.160138188227242
17031242300,12.34393573853525,4.16232867008898
17031242400,12.345974785763176,4.16194742642026
17031242500,12.342562199863108,4.152230709103354
17031242600,12.340417700205339,4.149989768651608
17031242700,12.334143542778918,4.149553057494866
17031242800,12.360327681724846,4.160990697467488
17031242900,12.367788136208077,4.167930011635866
17031243000,12.365907016427105,4.167001700889802
17031243100,12.360184380561259,4.166457887748118
17031243200,12.37546690622861,4.176797082819986
17031243300,12.381756950718686,4.182383181382615
17031243400,12.384276655030801,4.188397379192334
17031243500,12.358288380561259,4.185440592744695
17031250200,12.274096703627652,4.119716036960986
17031250300,12.258930004791239,4.116214162902122
17031250400,12.267626689253936,4.122334744695414
17031250500,12.231168560574949,4.122195273100616
17031250600,12.287738724161533,4.129361783025325
17031250700,12.282170239561944,4.127378275154004
17031250800,12.296488930869268,4.118772685831622
17031251000,12.316303712525667,4.13268372347707
17031251100,12.311128433264887,4.134269348391513
17031251200,12.31562362422998,4.132856136208077
17031251300,12.305833386036961,4.135599412046544
17031251400,12.309828816563997,4.13055200752909
17031251500,12.33254484257358,4.133129283367556
17031251600,12.333282143737166,4.14162720807666
17031251700,12.344462015058179,4.140629095140315
17031251800,12.354821651608487,4.144973125941136
17031251900,12.342453930869268,4.13846887063655
17031252000,12.33194046954141,4.13893562422998
17031252101,12.358166151950719,4.148242624914442
17031252102,12.358519387405886,4.137485906913073
17031252201,12.371820237508556,4.144141364134155
17031252202,12.362467240930869,4.148007396988364
17031260100,12.365065453798768,4.149576722792608
17031260200,12.366180329226557,4.148897427104723
17031260300,12.365649162217659,4.151797587953456
17031260400,12.359221747433265,4.14558272347707
17031260500,12.372357789185489,4.149335275154004
17031260600,12.379558887063655,4.152591371663244
17031260700,12.383322049281314,4.153040436002738
17031260800,12.392281925393566,4.15690233744011
17031260900,12.407175702258727,4.156685082135524
17031261000,12.377267490759754,4.149840056810404
17031270500,12.391721012320328,4.156922088295688
17031271200,12.396027303901437,4.169959933607118
17031271300,12.387964973990418,4.157860494182067
17031271400,12.388527454483231,4.168479639288159
17031271500,12.408352621492129,4.163395422313484
17031271800,12.411955896646133,4.171827453114305
17031280100,12.38084206844627,4.193895501026694
17031280400,12.389454094455852,4.178998206707734
17031280800,12.404726655030801,4.171798855578371
17031280900,12.406848442162902,4.176099770020534
17031281900,12.429494613278576,4.210857098562628
17031282700,12.424775914442163,4.175280971937029
17031282800,12.425656628336756,4.177472083504449
17031283100,12.43934253045859,4.192339819301848
17031283200,12.444095206023272,4.204157048596852
17031283800,12.454029910335387,4.208938490075291
17031290900,12.403139373716632,4.165697970568104
17031291200,12.412011839835729,4.167190082819986
17031291600,12.447630198494182,4.186023783025325
17031292200,12.41710768788501,4.168887929500342
17031292400,12.425171678302532,4.163538804928131
17031292500,12.417010432580424,4.161250968514716
17031300500,12.426793321013005,4.167492046543463
17031300600,12.435722216290212,4.169143830253251
17031300700,12.430720280629706,4.169423466803559
17031300800,12.439990286105407,4.178899081451061
17031300900,12.440100987679672,4.172953918548939
17031301100,12.451447668720055,4.179570425735797
17031301200,12.440674652977413,4.176983828199863
17031301600,12.442680246406571,4.174601589322382
17031301701,12.43593165982204,4.165990758384668
17031301702,12.440467973990418,4.171358414099932
17031301801,12.429233850102669,4.157633047227926
17031301802,12.423900544832307,4.156967577686516
17031301803,12.435304376454483,4.171336470910335
17031310200,12.481467735112936,4.215009132785763
17031310300,12.471036392881588,4.205939328542094
17031310400,12.466662744010951,4.208587229295003
17031310500,12.473269450376454,4.215573328542094
17031310600,12.463378688569473,4.206726893908282
17031310700,12.464587500342231,4.206538565366188
17031310800,12.459422665297741,4.19454832991102
17031310900,12.451598470225873,4.192399009582478
17031320100,12.376432991101985,4.216923492128679
17031320400,12.406526093086927,4.217012570841889
17031320600,12.433697438056126,4.223643073237509
17031330100,12.483588436002738,4.232463438056126
17031330200,12.460719297741273,4.216219535249829
17031340300,12.483097846680356,4.218460014373717
17031340400,12.486806034223135,4.221220221765914
17031340500,12.486749091033539,4.223481159479808
17031340600,12.491063380561259,4.215166585215606
17031350100,12.473668108829569,4.229547792607803
17031350400,12.484868144421629,4.222059320328542
17031351000,12.46973305065024,4.226454918548939
17031351100,12.471246323066393,4.223305312799452
17031351400,12.474126102669404,4.220676295003422
17031351500,12.473050424366872,4.216360091033539
17031360200,12.46960996440794,4.222184730321698
17031380100,12.453259177275838,4.211469626283368
17031380200,12.464975739219712,4.216828027378508
17031380500,12.470895072553046,4.211762831622177
17031380700,12.460219399041752,4.210119877481177
17031381200,12.444854652977413,4.206005450376454
17031381400,12.450903808350445,4.207297945927447
17031381500,12.456878116358658,4.208261746748802
17031381700,12.456397858316222,4.20760876659822
17031381800,12.448066279945243,4.209572470225873
17031381900,12.443616932922656,4.205851697467488
17031390100,12.422254229295003,4.209344260780288
17031390200,12.43163501779603,4.213597299110198
17031390300,12.441945041752224,4.213198372347707
17031390400,12.43250861670089,4.211274472279261
17031390500,12.421262750171116,4.207491901437372
17031390600,12.413988151266256,4.206676557152635
17031390700,12.398061298425736,4.206034132785763
17031400300,12.432159480492813,4.201056379192334
17031400400,12.430362714579055,4.197974485968515
17031400500,12.439136029431896,4.200981683778234
17031400800,12.410162776180698,4.192030708418891
17031410100,12.39172534017796,4.200647481861738
17031410200,12.410664617385352,4.207005093086927
17031410500,12.417362697467488,4.202487806297057
17031410600,12.413933077344285,4.199442947980835
17031410700,12.400594605749487,4.195920676249144
17031410800,12.393732604380561,4.200756529774127
17031410900,12.383808473648186,4.198720492813142
17031411000,12.375646273100616,4.195172101300479
17031411100,12.391439576317591,4.195078996577686
17031411200,12.397167960301164,4.198663822724162
17031420100,12.372122541409993,4.195716741957563
17031420200,12.385194151950719,4.194118565366188
17031420300,12.395341832306639,4.193060711156742
17031420400,12.403106229295003,4.19550864202601
17031420500,12.409227308008214,4.197300645448323
17031420600,12.415815160848734,4.198125679671458
17031420700,12.405597174537988,4.195124329226557
17031420800,12.403067205338809,4.198568027378508
17031421200,12.407069840520192,4.190893197125257
17031430101,12.340827446269678,4.176353566735113
17031430102,12.324561741273101,4.176717176591376
17031430200,12.35752135797399,4.177476186173854
17031430300,12.373823399041752,4.1863500862423
17031430400,12.366839130047912,4.181560590691307
17031430500,12.353761855578371,4.181572679671458
17031430600,12.333374965776865,4.172722589322382
17031430700,12.317839995208761,4.175339488706366
17031430800,12.329899198494182,4.166085444900753
17031430900,12.351973341546886,4.176716234770705
17031431200,12.321266552361396,4.161840119780972
17031431301,12.307832581793292,4.156745648186174
17031431302,12.314232308692676,4.168569388774812
17031431400,12.289049184804928,4.159058909650924
17031440101,12.365511790554415,4.176401184804928
17031440102,12.371878982888433,4.179721054757016
17031440201,12.374689379192334,4.188592375085558
17031440202,12.381284757015743,4.182797876796715
17031440300,12.394127824093087,4.185441696098563
17031440600,12.386209109514032,4.179515106091718
17031440700,12.382730895277207,4.17535474606434
17031440800,12.365642320328542,4.169670545516769
17031440900,12.380166275154004,4.179659924024641
17031450300,12.335022368925394,4.16595784531143
17031460100,12.266845482546201,4.141189783025325
17031460200,12.280956149897331,4.14548862422998
17031460301,12.304984528405202,4.152443663928816
17031460302,12.302634223134839,4.15753746954141
17031460400,12.316036458590007,4.158876332648871
17031460500,12.335930988364134,4.163434250513347
17031460600,12.311465425735797,4.15493732991102
17031460700,12.284929865160849,4.139792567419576
17031461000,12.289684524982888,4.142821752224504
17031470100,12.352174341546886,4.163992667351129
17031480100,12.330234562628337,4.162596377138946
17031480200,12.354741373716632,4.164235719370294
17031480300,12.354020773442847,4.163157201916496
17031480400,12.33677971321013,4.156774767967146
17031480500,12.301779031485284,4.1463671724846
17031490300,12.373877693360712,4.170483303901437
17031490400,12.37304788569473,4.17395848733744
17031490500,12.362505056125941,4.173201431211499
17031490600,12.367292216290212,4.172760902806297
17031490700,12.357854500342231,4.17265119028063
17031490800,12.357288620807666,4.168467603696099
17031490901,12.346034794661191,4.16316812183436
17031490902,12.349841386721424,4.163661529774127
17031491000,12.352299838466804,4.171364204654346
17031491100,12.350250349760438,4.173693449691992
17031491200,12.342812748117728,4.182406850787132
17031491300,12.349509358658453,4.18015812936345
17031491400,12.342830743326489,4.164057900068446
17031500100,12.355167741273101,4.162275582477755
17031500200,12.348489455852156,4.159495707734428
17031500300,12.347793759753593,4.163309620807666
17031510100,12.290590067077344,4.130810219028063
17031510200,12.307206841889117,4.13537509650924
17031510300,12.327955508555784,4.146720951403148
17031520100,12.256297073921971,4.116084165639973
17031520200,12.273410034907598,4.11977534017796
17031520300,12.278709406570842,4.113879588637919
17031520400,12.267769586584531,4.116711212183436
17031520500,12.278083459958932,4.105267620807666
17031520600,12.293341576317591,4.107938151266256
17031530100,12.339132267624914,4.167531160848734
17031530200,12.336402140999316,4.171013680355921
17031530300,12.324854626283368,4.178398489390828
17031530400,12.313999010951403,4.17630207118412
17031530501,12.322463690622861,4.174898414099932
17031530502,12.321573146475017,4.174004687200548
17031530503,12.306380594798084,4.177089841889117
17031530600,12.323958226557153,4.163302957563313
17031540101,12.295479375085558,4.1586669137577
17031540102,12.321333505817933,4.165948075290897
17031550100,12.283412588637919,4.101322071868583
17031550200,12.285446672826831,4.126289769336071
17031560100,12.442151926078029,4.161216145790554
17031560200,12.43348748733744,4.163519874743326
17031560300,12.43345523613963,4.164631305954826
17031560400,12.43924565229295,4.164028720054757
17031560700,12.423946338809035,4.158431491444216
17031560800,12.393936119096509,4.142344054757016
17031560900,12.38751894934976,4.133869231348392
17031561000,12.375394666666667,4.139056377823409
17031561100,12.398245527720739,4.146826403832991
17031570100,12.459440403832991,4.184256969199179
17031570200,12.442086646132786,4.161598491444216
17031570300,12.446879318959617,4.171884803559206
17031570400,12.456750858316222,4.169552657084189
17031570500,12.446085629705681,4.170300484599589
17031580100,12.476496271731691,4.19137902532512
17031580200,12.468538160848734,4.18402538329911
17031580300,12.462551877481177,4.181752849418207
17031580400,12.473506681724846,4.177969635181383
17031580501,12.466216502395619,4.178791559206023
17031580502,12.470570133470226,4.184487663244353
17031580600,12.473284383983573,4.1839698275154
17031580700,12.476362822724162,4.192619667351129
17031580800,12.471477301848049,4.191234461327858
17031590500,12.477897524298426,4.190838088295688
17031590600,12.486028509924709,4.196050080766598
17031590700,12.490037485968515,4.204197209445585
17031600400,12.494979509240246,4.216328995208761
17031600600,12.487168498973306,4.204269831622177
17031600700,12.483225749486653,4.195739388090349
17031600900,12.505792070499658,4.208758206023272
17031610300,12.47845710403833,4.191853170431212
17031610400,12.480410491444216,4.198766069815195
17031610800,12.499463577002053,4.21161560164271
17031611000,12.480118851471595,4.203247938398357
17031611100,12.47371550513347,4.198883381245722
17031611200,12.474484609856263,4.19630374606434
17031611300,12.476942450376454,4.198803909650924
17031611400,12.475773665297741,4.188060759069131
17031611500,12.476141010951403,4.200316913073238
17031611600,12.467459891170431,4.194023527036276
17031611700,12.467505833675565,4.190184725530459
17031611800,12.472479967145791,4.198235024640657
17031611900,12.480227945927447,4.199771138945927
17031612000,12.479103578370979,4.20133421560575
17031612100,12.475399187542779,4.206086017111567
17031620100,12.462484881587954,4.176447633127994
17031620200,12.445351822724162,4.173049711156742
17031620300,12.438995204654346,4.168551004791239
17031620400,12.448604570841889,4.174670282683094
17031630100,12.469649285420945,4.192516633127994
17031630200,12.463651360711841,4.183563965092402
17031630300,12.475193306639288,4.180399551676934
17031630400,12.475560696783025,4.185466828199863
17031630500,12.462290672826831,4.186520323066393
17031630800,12.472557857631759,4.186331633812457
17031630900,12.458446213552361,4.177366016427105
17031640100,12.432947144421629,4.172467431211499
17031640300,12.403626589322382,4.157657346338125
17031640400,12.365649335386721,4.142145698836413
17031640500,12.354598008898015,4.142421470910335
17031640600,12.393346719370294,4.159138092402464
17031640700,12.431182228610541,4.17203219301848
17031640800,12.432148608487337,4.172493737166324
17031650100,12.445470683093771,4.17924940109514
17031650200,12.44092340862423,4.170967044490075
17031650301,12.435538863107461,4.175095706365503
17031650302,12.434150513347023,4.178557993839836
17031650400,12.424349156057495,4.171963058863792
17031650500,12.423981427104723,4.175898272416153
17031660301,12.447609003422314,4.18051814715948
17031660302,12.456966210814511,4.183874832306639
17031660400,12.452636113620808,4.181054095824778
17031660500,12.443733715947981,4.176760030800821
17031660600,12.446325273100616,4.177621732375086
17031660700,12.450594820670773,4.185742374401095
17031660800,12.444728328542094,4.180530295687885
17031660900,12.440072713894593,4.177673351129363
17031661000,12.435734891854894,4.184619155373032
17031661100,12.432153212183436,4.178275507186858
17031670100,12.468263497604381,4.195835085557837
17031670200,12.472621413415469,4.201938390143737
17031670300,12.469058386721424,4.194921637919233
17031670400,12.466725238877481,4.191991369609856
17031670500,12.478097801505818,4.197377232717317
17031670600,12.459533830253251,4.191017116358658
17031670700,12.4580125229295,4.188789736481862
17031670800,12.463448371663244,4.199368318959617
17031670900,12.45849065229295,4.190240318959617
17031671100,12.440770563997262,4.192203086926762
17031671200,12.452535165639973,4.185843264202601
17031671300,12.451202765229295,4.19072820054757
17031671400,12.449344091033539,4.183268954140999
17031671500,12.445501459958932,4.183696897330596
17031671600,12.445401370978782,4.185413850787132
17031671800,12.43998484531143,4.186867791238878
17031671900,12.439179968514716,4.188460810403833
17031672000,12.439686239561944,4.185415299110198
17031680500,12.474594579055442,4.202249308008214
17031680600,12.456191996577686,4.197291453114305
17031680900,12.433871480492813,4.196748568788501
17031681000,12.450441924024641,4.191139796714579
17031681100,12.421098596851472,4.189085290896646
17031681200,12.425573143052704,4.195823470225873
17031681300,12.425228714579055,4.191367606433949
17031681400,12.433423386036961,4.189866685831622
17031690300,12.429198544832307,4.198687086926762
17031690400,12.408295318959617,4.195082274469541
17031690500,12.400220763175907,4.192775428473648
17031690900,12.3964361724846,4.191965158110883
17031691000,12.397354496919918,4.185707811772758
17031691100,12.413239921971253,4.193492423682409
17031691200,12.423570656399726,4.186336488021903
17031691300,12.404756822039699,4.190059899383984
17031691400,12.384577651608487,4.184991928131417
17031691500,12.377148957563313,4.183076103353867
17031700100,12.426347747433265,4.175221028747433
17031700200,12.398559609856263,4.169297352498289
17031700301,12.383203320328542,4.176955094455852
17031700302,12.369906587268994,4.176741957563313
17031700401,12.399688902806297,4.174845226557153
17031700402,12.386730145106092,4.179459273100616
17031700501,12.418447275838467,4.184582285420945
17031700502,12.402938321697468,4.180565797399042
17031710100,12.422142422997947,4.18650661670089
17031710200,12.424158477754962,4.185212334017796
17031710300,12.433353809034908,4.188600076659822
17031710400,12.431769690622861,4.188300192334018
17031710500,12.418749444900753,4.179978054072553
17031710600,12.427203881587954,4.191877582477755
17031710700,12.422081445585216,4.182219648870637
17031710800,12.418107713894593,4.187117166324435
17031710900,12.404246585900068,4.187708891854894
17031711000,12.400764004106776,4.18516833744011
17031711100,12.412095131416838,4.184269309377139
17031711200,12.416311226557153,4.182354824093087
17031711300,12.398485494182067,4.184937945242984
17031711400,12.390800527036276,4.18020649486653
17031711500,12.394901221765914,4.189041175906913
17031720100,12.382739908281999,4.17910494934976
17031720200,12.368483542778918,4.180317395619439
17031720300,12.354788980835044,4.179332568104038
17031720400,12.347601945242984,4.183496479123888
17031720500,12.334958720054757,4.185984267624914
17031720600,12.338075935660506,4.1788271321013
17031720700,12.345738435318275,4.177558754962355
17031730100,12.382469199178645,4.182794362765229
17031730201,12.388328347022587,4.181906796714579
17031730202,12.380091891854894,4.1767366954141
17031730300,12.388242063655031,4.180479600273785
17031730400,12.36700678439425,4.178214425735797
17031730500,12.367434132785763,4.175143058863792
17031730600,12.360648866529774,4.181459841204654
17031730700,12.348348080082136,4.17476527926078
17031740100,12.321457697467488,4.186251444900753
17031740200,12.320598624914442,4.185335241615332
17031740300,12.310559484599589,4.186627973990418
17031740400,12.288426156741958,4.189522006160164
17031750100,12.345967767282683,4.181238321013005
17031750200,12.335429356605065,4.183396353182752
17031750300,12.326643848049281,4.190655047912389
17031750400,12.311504499657769,4.182781034907598
17031750500,12.319950934976044,4.177196735797399
17031750600,12.338233864476386,4.176818968514716
17031760801,11.97117060164271,4.118764919917864
17031760802,12.073087170431212,4.133405253251198
17031760803,11.995963717316906,4.117798524982888
17031770201,11.663446095824778,4.231175109514032
17031770202,11.582579216974675,4.223590631074606
17031770300,11.649171463381246,4.207597548939083
17031770400,11.653560972621492,4.205190954825462
17031770500,11.74838041615332,4.177735360027378
17031770601,11.696091760438056,4.151727254620123
17031770602,11.775222475701574,4.153610813826146
17031770700,11.9456188678987,4.139393559206023
17031770800,12.045878826146475,4.140340590006845
17031770901,12.033734040383299,4.105944847364819
17031770902,12.028783207392197,4.116080212867899
17031800100,11.10028634770705,4.036843190965092
17031800200,11.132924839151266,4.041952054072553
17031800300,11.235357782340862,4.048346665982204
17031800400,11.218973798767967,4.048708655030801
17031800500,11.278649854209446,4.055036405886379
17031800600,11.309443435318275,4.053578234086242
17031800700,11.362384145106092,4.062681412046544
17031800800,11.335230187542779,4.055300466803559
17031800900,11.45417268788501,4.056335807665982
17031801000,11.444755978097194,4.06317376386037
17031801100,11.404535442847365,4.063124401779603
17031801200,11.330449929500342,4.051394275838467
17031801300,11.379635234086242,4.059467098562628
17031801400,11.488214238877481,4.064101647501711
17031801500,11.169899533196441,4.052648052019165
17031801601,11.188008422313484,4.092002498288843
17031801603,11.455871163586584,4.107383344969199
17031801605,11.245282568104038,4.09743220807666
17031801606,11.311510712525667,4.093575993155373
17031801607,11.455180780971937,4.094033357289528
17031801608,11.347205917180014,4.077237005475702
17031801701,11.252190687200548,4.078845957563313
17031801702,11.257073878850103,4.062823329226557
17031801800,11.271215948665298,4.050636167008898
17031801901,11.388557911704312,4.067158891170431
17031801902,11.404573119780972,4.066165960301164
17031802002,11.51130874880219,4.087558184804928
17031802003,11.480928349075975,4.082090625598905
17031802004,11.531538347022587,4.082955144421629
17031802100,11.504196340862423,4.071262334702259
17031802200,11.470445802874743,4.064766152635181
17031802300,11.414963793292266,4.07072515742642
17031802402,11.211652737850787,4.123236479123888
17031802403,11.239807797399042,4.156524786447639
17031802404,11.221012292950034,4.152531875427789
17031802503,11.275667091718001,4.156095891854894
17031802504,11.272239153319644,4.144849587268994
17031802505,11.327553585900068,4.13239609377139
17031802506,11.276401397672827,4.124032386721424
17031802605,11.406967589322382,4.131014828199863
17031802607,11.393660911704312,4.142683868583162
17031802608,11.390203932922656,4.158826844626968
17031802609,11.377251678302532,4.125208923340178
17031802610,11.406826570157426,4.121873656399726
17031802701,11.453972597535934,4.136313940451745
17031802702,11.505462973305955,4.136593311430527
17031802801,11.445699099247091,4.164254405201916
17031802802,11.491267914442163,4.155928650239562
17031802900,11.395558590006845,4.170600049965777
17031803005,11.261213265571526,4.189195119096509
17031803007,11.273321711841205,4.169146061601643
17031803008,11.325811819301848,4.174612425735797
17031803010,11.19027162422998,4.16614804312115
17031803012,11.215729212867899,4.174465477754962
17031803013,11.230556420944558,4.16946206091718
17031803014,11.339943316221766,4.145030882272416
17031803015,11.336620311430527,4.154354353182752
17031803016,11.299785363449692,4.175588320328542
17031803017,11.298842778918549,4.182041676933607
17031803100,11.377819419575633,4.189092110882957
17031803200,11.37296619301848,4.191669097878166
17031803300,11.413991785078713,4.185857815195072
17031803400,11.467268792607803,4.183613930184805
17031803500,11.457453772758385,4.193021186173854
17031803603,11.194824491444216,4.20962370568104
17031803604,11.23077115468857,4.195129209445585
17031803605,11.244977772073922,4.189828846680356
17031803606,11.224723558521561,4.191078554414784
17031803607,11.292312032854209,4.197412489390828
17031803608,11.145500312799452,4.201967166324435
17031803610,11.194126511978097,4.199837902806297
17031803611,11.188070909650924,4.18417053045859
17031803612,11.185606183436003,4.178453421629021
17031803701,11.244753699520876,4.204129425051335
17031803702,11.280191652977413,4.210653607802875
17031803800,11.297244445585216,4.2033139137577
17031803901,11.36530439835729,4.207825743326489
17031803902,11.410992815195072,4.210564715947981
17031804000,11.435799091718001,4.203209963039014
17031804102,11.277295579739904,4.212369920602327
17031804104,11.208674079397673,4.210958013689254
17031804105,11.294883864476386,4.212426154004107
17031804106,11.341045976728268,4.211103933607118
17031804108,11.377744072553046,4.213585950718686
17031804109,11.393966236824093,4.213310127310062
17031804201,11.085459965776865,4.215213446269678
17031804202,11.166532084873374,4.214821571526352
17031804305,11.304943339493498,4.244678354551677
17031804306,11.309158416837782,4.2550755229295
17031804308,11.347147166324435,4.255149128678987
17031804309,11.368833204654346,4.260924361396304
17031804310,11.236605735112936,4.24726692128679
17031804311,11.165016000684463,4.240640472279261
17031804403,11.13274903559206,4.229287872689938
17031804404,11.152174174537988,4.235786482546201
17031804405,11.175322752224504,4.247302034223135
17031804406,11.196064081451061,4.255610789869952
17031804505,11.375183158795346,4.266380658453114
17031804506,11.320195684462697,4.26776326146475
17031804507,11.250460692676249,4.264963183436003
17031804508,11.336809381930185,4.264909436002738
17031804509,11.372648774811773,4.260542288843258
17031804510,11.407611427104723,4.264203112251882
17031804511,11.425466212183436,4.272098559206023
17031804603,11.43403381724846,4.22649064202601
17031804606,11.57904607118412,4.238300206023272
17031804607,11.601452689938398,4.248068911019849
17031804608,11.455756709787817,4.231165238877481
17031804609,11.526694344969199,4.231467037645448
17031804610,11.535262279945243,4.236233495550992
17031804611,11.511061248459959,4.24611490622861
17031804701,11.268627087611225,4.233894606433949
17031804705,11.324489625598905,4.244640148528405
17031804706,11.358574063655031,4.236768240246407
17031804709,11.426314411362081,4.24772974880219
17031804710,11.416505796714579,4.247992486652977
17031804711,11.344559810403833,4.244445637919233
17031804712,11.365163803559206,4.242597762491444
17031804713,11.379712359342916,4.232809535934292
17031804714,11.353073458590007,4.233987483230664
17031804715,11.395814282683094,4.240910455167693
17031804716,11.374661930869268,4.235660969199179
17031804803,11.52176607118412,4.258675468172485
17031804804,11.455376666666667,4.258426684462697
17031804805,11.396844627652293,4.252893309377139
17031804806,11.418453037645448,4.258170861054073
17031804807,11.43744587816564,4.254797696098563
17031804808,11.457250557152635,4.253209998631075
17031804809,11.469685737166324,4.252461895277207
17031804810,11.497776314168378,4.253766789869952
17031804901,11.555289539356605,4.159077126625599
17031804902,11.609899140999316,4.152521703627652
17031805001,11.557248702258727,4.174037926762491
17031805002,11.606914553730322,4.180611815195072
17031805105,11.479569069130732,4.208341741957563
17031805106,11.491206492128679,4.194980661875428
17031805107,11.576264785763176,4.190371127994524
17031805108,11.595508458590007,4.189477300479124
17031805109,11.529473565366188,4.18729662696783
17031805110,11.498152379876797,4.182120010951403
17031805111,11.653875028062971,4.174562425051335
17031805112,11.696626514715948,4.171958252566735
17031805201,11.565142071868583,4.088634166324435
17031805202,11.569854174537988,4.076483393566051
17031805301,11.64086194934976,4.081908047227926
17031805302,11.617077496235455,4.085816043805613
17031805401,11.741901893223819,4.101841064339494
17031805402,11.753949579055442,4.090202078028747
17031805501,11.799922914442163,4.102341774811773
17031805502,11.81556373100616,4.101795473648186
17031805600,11.886866661190965,4.108844544832307
17031805701,11.878666420944558,4.122161542778918
17031805702,11.939696195071869,4.121372437371663
17031805801,11.767238167693361,4.12105358384668
17031805802,11.811682262833676,4.109870167008898
17031805901,11.689906019164956,4.116974144421629
17031805902,11.704081687200548,4.108444643394935
17031806001,11.574225802190281,4.090130054072553
17031806002,11.627471127310062,4.099482125256674
17031806003,11.62968498220397,4.092153828199863
17031806004,11.630567465434634,4.084339163586584
17031806102,11.611813443531828,4.133677333333333
17031806103,11.561167968514716,4.134695828199863
17031806104,11.577002496919918,4.109329958932238
17031806201,11.636219764544832,4.123035249828884
17031806202,11.677995669404518,4.130004702258727
17031806300,11.663852733059548,4.141327009582478
17031806400,11.715558647501711,4.125629069130732
17031806501,11.769810553730322,4.138173871321013
17031806502,11.772329792607803,4.127583693360712
17031806600,11.839606679671458,4.133388977412731
17031806700,11.554846922655715,4.071307509240246
17031806801,11.539083877481177,4.062968431895962
17031806802,11.624705700889802,4.078890661190965
17031806900,11.574502585215606,4.073010505817933
17031807000,11.646497473648186,4.075403065023956
17031807100,11.600228592744695,4.068733840520192
17031807200,11.64828092128679,4.07053307118412
17031807300,11.713018495550992,4.077209444900753
17031807400,11.716209091718001,4.0729426091718
17031807500,11.708708552361396,4.080183128678987
17031807600,11.745274975359343,4.076015482546201
17031807700,11.77893927652293,4.085023307323751
17031807800,11.82004506091718,4.080171598220397
17031807900,11.878410685831622,4.077654288843258
17031808001,11.846912919917864,4.08634396440794
17031808002,11.846309305270363,4.081326563997262
17031808100,11.862004229295003,4.085972843942505
17031808200,11.757542005475702,4.085771264887064
17031808301,11.716878561259411,4.077452177960301
17031808302,11.718614470225873,4.078675668720055
17031808400,11.633325214921287,4.074985023956194
17031808500,11.635169368240931,4.077067173169062
17031808600,11.569089088980151,4.070150312799452
17031808702,11.470795924709103,4.070822869952088
17031808800,11.419897136892539,4.068484830937714
17031808900,11.457853631759069,4.06339339835729
17031809000,11.498294831622177,4.066178412731006
17031809100,11.487564760438056,4.071289088980151
17031809200,11.527300498973306,4.072387361396304
17031809300,11.454655099247091,4.063075826146475
17031809400,11.527602726214921,4.073670041067762
17031809500,11.538795737166324,4.074406118412046
17031809600,11.574598385352498,4.078022219028063
17031809700,11.622564093086927,4.078182665982204
17031809800,11.602788973305955,4.079926162902122
17031809900,11.576904694045174,4.07701305338809
17031810000,11.631141453114305,4.089630123887748
17031810100,11.645056350444901,4.082612767967146
17031810200,11.692509932922656,4.082503423682409
17031810301,11.702155840520192,4.07784106844627
17031810302,11.661123008898015,4.074812813826146
17031810400,11.958415201232033,4.109863260095825
17031810501,12.074374447638604,4.117786295687885
17031810502,12.094193550308008,4.104339785078713
17031810600,12.066190343600274,4.095132514031485
17031810701,12.171574698151951,4.11984165982204
17031810702,12.1894567816564,4.131137851471595
17031810800,12.164686036276523,4.121944381930185
17031810900,12.216898421629021,4.135762186173854
17031811000,12.216356375085558,4.135200772758385
17031811100,12.179019963039014,4.140422187542779
17031811200,12.16163563449692,4.139570832991102
17031811301,12.121459779603012,4.170544235455168
17031811302,12.156128661190965,4.158756006160164
17031811401,12.107746156741958,4.150685545516769
17031811402,12.116741273785079,4.159497594113621
17031811500,12.091330574264203,4.143398724845996
17031811600,12.069516569472964,4.14626156605065
17031811701,12.040858915811088,4.171767627652293
17031811702,12.064065461327858,4.187838898015058
17031811800,12.067184421629021,4.182066123203285
17031811900,12.241621032854209,4.141152361396304
17031812000,12.271455138945927,4.150451808350445
17031812100,12.288997531827515,4.129019820670773
17031812200,12.269112102669404,4.13649551266256
17031812301,12.300062282683094,4.143854620123203
17031812302,12.28259340862423,4.137991330595482
17031812400,12.287403305954826,4.13363237303217
17031812500,12.306801548939083,4.142017527720739
17031812600,12.326425986995209,4.135617085557837
17031812700,12.32132472073922,4.141220016427105
17031812801,12.295639435318275,4.139684936344969
17031812802,12.313911618754278,4.146341526351814
17031812900,12.323792138945927,4.141147889801506
17031813000,12.34038417522245,4.148513028062971
17031813100,12.349402126625599,4.145775472279261
17031813200,12.334859952087611,4.145171039698836
17031813301,12.391035062286105,4.146410549623546
17031813302,12.40297731485284,4.149864248459959
17031813400,12.377949267624914,4.145507492813142
17031813500,12.365685397672827,4.141001539356605
17031813600,12.388205253251198,4.152586692676249
17031813701,12.395246939767283,4.147230958932238
17031813702,12.410642933607118,4.15627439835729
17031813801,12.41901763449692,4.151172648870637
17031813802,12.401931917180014,4.156491
17031813900,12.390261648870637,4.152000980150582
17031814000,12.38810868514716,4.14852567008898
17031814100,12.405528551676934,4.149067113620808
17031814200,12.433047283367556,4.160897062970568
17031814300,12.417625493497604,4.147476019849418
17031814400,12.414522357289528,4.154023872005476
17031814500,12.39561096440794,4.143027430527036
17031814600,12.361362260095825,4.142081803559206
17031814700,12.343162175906913,4.145351091718001
17031814800,12.36069150513347,4.144087861738535
17031814900,12.371670043805613,4.150505528405202
17031815000,12.373886333333333,4.149992683778234
17031815100,12.379939473648186,4.14819203559206
17031815200,12.397715511978097,4.143815241615332
17031815300,12.379785400410678,4.140323595482546
17031815400,12.381579444900753,4.14132267008898
17031815500,12.398824770020534,4.146896803559206
17031815600,12.326756210130048,4.147988637234771
17031815701,12.349765295003422,4.131599958247776
17031815702,12.345460865160849,4.12899326899384
17031815800,12.309718190965092,4.135939714579055
17031815900,12.292588104722793,4.149753683778234
17031816000,12.29438374880219,4.149394046543463
17031816100,12.310266635865845,4.151698665297741
17031816200,12.215406691307324,4.151838963723477
17031816300,12.18423660164271,4.164184876796715
17031816401,12.191270131416838,4.16930506844627
17031816402,12.204044796030116,4.155947887748118
17031816500,12.151187633127994,4.174918619438741
17031816600,12.142014119096509,4.173847765913758
17031816700,12.110496565366188,4.179478796714579
17031816800,12.092287650924025,4.192603920602327
17031816900,12.144741043805613,4.181135711841205
17031817000,12.180852258726899,4.168797577002053
17031817101,12.18856627926078,4.176233780971937
17031817102,12.21366029705681,4.170047188911704
17031817200,12.223037739904175,4.162891779603012
17031817300,12.232258153319644,4.159118245037645
17031817400,12.238047832991102,4.150607810403833
17031817500,12.262794044490075,4.158299117043121
17031817600,12.27148122587269,4.159124460643395
17031817700,12.239691550992471,4.162338132785763
17031817900,12.27436179192334,4.157911327173169
17031818000,12.252179865160849,4.162759710472279
17031818100,12.214058665982204,4.167587026694045
17031818200,12.208722498288843,4.171278130732375
17031818300,12.142515754277892,4.195313140999316
17031818401,12.147096592060233,4.189695963039014
17031818402,12.184664472963724,4.183537646817248
17031818500,12.180849145106092,4.186394485284052
17031818600,12.239041885010267,4.15910706091718
17031818700,12.29723437303217,4.147506651608487
17031818800,12.280844174537988,4.142855273785079
17031818900,12.242744861054073,4.15763127652293
17031819000,12.183345368240931,4.176406514715948
17031819100,12.360228865845311,4.127506825462012
17031819200,12.332835054072553,4.112887334702259
17031819300,12.29247105338809,4.138516898699521
17031819400,12.295748013689254,4.134217277891855
17031819500,12.243818501026694,4.150274134839151
17031819600,12.249335242984257,4.147236926078029
17031819700,12.2223171724846,4.166496427104723
17031819801,12.181577976043806,4.173612403148528
17031819802,12.18010775633128,4.178149497604381
17031819900,12.163057317590691,4.192663993155373
17031820000,12.144160350444901,4.202583375085558
17031820101,12.146429130732375,4.198314698836413
17031820103,12.22677021560575,4.153504034907598
17031820104,12.214210292950034,4.173083502395619
17031820201,12.106027453798768,4.206661394934976
17031820202,12.258125812457221,4.146891598220397
17031820300,12.35947576659822,4.127975706365503
17031820400,12.337606364134155,4.132953223819302
17031820501,12.301398744695414,4.155485466803559
17031820502,12.314522639972622,4.162941902121834
17031820603,12.246556062286105,4.165309275838467
17031820604,12.271201876796715,4.167439015058179
17031820605,12.2377383045859,4.184194558521561
17031820606,12.196675635865845,4.18840877412731
17031820700,12.410212945242984,4.147715696783025
17031820800,12.401832364134155,4.148781664613279
17031820901,12.375026993839836,4.172516588637919
17031820902,12.390379273100616,4.169112904859685
17031821001,12.314425765913758,4.174943709787817
17031821002,12.335532910335387,4.181205231348392
17031821101,12.354460696098563,4.182060464065708
17031821102,12.371509676249144,4.18787131485284
17031821200,12.277258620807666,4.182495957563313
17031821300,12.266447671457906,4.180756345653662
17031821401,12.301401190965092,4.181472843258042
17031821402,12.292998223134839,4.182223657084189
17031821500,12.294467509240246,4.181939120465435
17031821600,12.375601425051335,4.182694867214237
17031821700,12.350970755646817,4.180188435318275
17031821800,12.354303511293634,4.188251613278576
17031821900,12.341792665982204,4.184323405886379
17031822000,12.356706227926078,4.181812288843258
17031822101,12.339139452429843,4.188462176591376
17031822102,12.332036969883641,4.180484653661875
17031822200,12.32863578439425,4.185762226557153
17031822301,12.32233427652293,4.186039995893224
17031822302,12.293867615331964,4.197274271047228
17031822400,12.285890156057495,4.192909978781656
17031822500,12.310854401779603,4.191320852156058
17031822601,12.295450169062286,4.189964374401095
17031822602,12.278843183436003,4.193654659137577
17031822701,12.325004968514716,4.180671221081451
17031822702,12.312418810403833,4.189142886379192
17031822801,12.282342273785079,4.198250451060917
17031822802,12.297002707049966,4.187747014373717
17031822900,12.276634895277207,4.185011656399726
17031823001,12.258754729637235,4.201697513347023
17031823002,12.256967046543463,4.205057236824093
17031823101,12.219614213552361,4.212429739219712
17031823102,12.212364186173854,4.212193403832991
17031823200,12.222946965776865,4.201582102669404
17031823302,12.219691447638604,4.197435274469541
17031823303,12.258831492813142,4.206636470225873
17031823304,12.299969589322382,4.190229073237509
17031823400,12.253013829568788,4.183506520876112
17031823500,12.269385399041752,4.190397570841889
17031823602,12.163218592060233,4.215851569472964
17031823603,12.210201475017112,4.1992061724846
17031823604,12.118054563997262,4.226000565366188
17031823605,12.182518656399726,4.217837681040383
17031823702,12.191818091033539,4.212388632443532
17031823703,12.235958226557153,4.194714149897331
17031823704,12.202971483230664,4.19920540109514
17031823705,12.222010753593429,4.193073325119781
17031823801,12.031316078028747,4.236649363449692
17031823803,12.170999026694045,4.218546569472964
17031823805,12.144199240246407,4.222201900752909
17031823806,12.177634264887064,4.2101728275154
17031823901,12.057650321013005,4.237717064339494
17031823903,12.068804984257358,4.230840823408624
17031823904,12.09062279945243,4.233393320328542
17031824003,11.852359455852156,4.308475336755647
17031824004,11.931459953456537,4.279315214236824
17031824005,11.834705696783025,4.325787056810404
17031824006,11.859226338809035,4.290065192334018
17031824105,11.996322832991102,4.247941024640657
17031824106,11.952095694729637,4.257712590006845
17031824107,11.944126589322382,4.249708643394935
17031824108,11.869231802190281,4.276930978097194
17031824113,11.857843221081451,4.285813644079398
17031824114,11.884762161533196,4.27581272347707
17031824115,11.937628620807666,4.261057703627652
17031824116,11.917312584531143,4.269578562628337
17031824117,11.788774513347023,4.27008367008898
17031824119,11.752510858316222,4.29063200752909
17031824120,11.784494754962355,4.284174318959617
17031824121,11.883938274469541,4.266331671457906
17031824122,11.862798697467488,4.269644370294319
17031824123,11.923104985626283,4.263800688569473
17031824300,12.205581410677618,4.193713689938398
17031824400,12.172556386721424,4.208529335386721
17031824503,12.080592986995209,4.235214800136892
17031824505,12.009631490759754,4.238899381930185
17031824506,12.017576392881588,4.246087914442163
17031824507,11.970458879534565,4.24508329705681
17031824601,12.094581339493498,4.223000125941136
17031824602,12.06630780971937,4.219751727583847
17031824701,12.120625026694045,4.20588319301848
17031824702,12.110439447638604,4.20683943394935
17031824800,12.169021535249829,4.200825121149897
17031824900,12.0915376091718,4.212873022587269
17031825000,12.033276674880219,4.226143755646817
17031825200,12.019222948665298,4.2181318678987
17031825302,11.953148481177276,4.239227406570842
17031825303,11.925461613278576,4.254813008213552
17031825304,11.858526712525667,4.259262412046544
17031825400,11.881692747433265,4.255879375085558
17031825501,11.997046893223819,4.237977874058864
17031825503,12.010772543463381,4.223661788501027
17031825504,11.951190232032854,4.22509411156742
17031825505,11.918168008213552,4.23571124366872
17031825600,12.050762431211499,4.217210850102669
17031825700,12.275303193702943,4.106158822039699
17031825801,12.274253743326489,4.137126124572211
17031825802,12.26312268514716,4.124206193702943
17031825803,12.252022711156742,4.128706004791239
17031825900,12.259032303901437,4.107475518822724
17031826000,12.267948214236824,4.09670843394935
17031826100,12.201255650924025,4.093227598220397
17031826201,12.1769766954141,4.123002688569473
17031826202,12.173385045859001,4.100495343600274
17031826301,12.219534750855578,4.164228481861738
17031826303,12.219513474332649,4.150028438740589
17031826304,12.238350361396304,4.144318593429158
17031826401,12.273614854893908,4.158076686516085
17031826402,12.245200822039699,4.149221300479124
17031826500,12.247845562628337,4.168329061601643
17031826600,12.261214568104038,4.177393320328542
17031826700,12.25407187816564,4.179059823408624
17031826800,12.237651753593429,4.191293589322382
17031826901,12.188628295687885,4.193675116358658
17031826902,12.144237210814511,4.190112845995893
17031827000,12.222512810403833,4.182014254620123
17031827100,12.200216981519507,4.187237278576318
17031827200,12.177868138945927,4.181748719370294
17031827300,12.152060357289528,4.19207115468857
17031827400,12.125464688569473,4.199278423682409
17031827500,12.120983458590007,4.186339216974675
17031827600,12.089337237508556,4.200005263518138
17031827700,12.054849297741273,4.203154146475017
17031827801,12.161864783709788,4.1671774770705
17031827802,12.17322695687885,4.154932909650924
17031827804,12.154308787816564,4.159163471594798
17031827805,12.128562660506502,4.159497815879535
17031827901,12.135310066392882,4.13293781724846
17031827902,12.140707385352498,4.102837442847365
17031828000,12.104315556468172,4.102000331279945
17031828100,12.081317318959617,4.097127548939083
17031828201,12.096367476386037,4.134938614647502
17031828202,12.080761044490075,4.135061538672142
17031828300,12.073282176591376,4.171902155373032
17031828401,12.014322414099932,4.209854587268994
17031828402,12.039269379192334,4.195425115674196
17031828503,11.845098481861738,4.150214711841205
17031828504,11.76167946201232,4.159167843942505
17031828505,11.997489905544148,4.137452017111567
17031828506,11.952251978781656,4.13142420807666
17031828601,11.956274605065024,4.212252590006845
17031828602,11.9859912183436,4.207328164271047
17031828701,11.979484023271732,4.195394866529774
17031828702,11.961457675564682,4.167789973990418
17031828801,11.912505029431896,4.22240650513347
17031828802,11.924360930869268,4.213101971937029
17031828900,11.857606411362081,4.204884440109514
17031829000,11.837978013004791,4.19803539835729
17031829100,11.76931512936345,4.197643516769336
17031829200,11.823272073237509,4.220947804928131
17031829301,11.846427274469541,4.228438501711157
17031829302,11.777478052703628,4.221814577686516
17031829401,11.753461045859001,4.223280902121834
17031829402,11.689374763175907,4.223017060232717
17031829500,11.721013106776181,4.20902572073922
17031829600,11.679449678986995,4.210343790554415
17031829700,11.800603609856263,4.186553954140999
17031829800,11.908675683778234,4.22514237303217
17031829901,11.840768336071184,4.260755110882957
17031829902,11.847830830937714,4.246367004106776
17031830001,11.628541972621492,4.267486265571526
17031830003,11.696197574948665,4.265244013004791
17031830004,11.745972029431896,4.239054499657769
17031830005,11.810576937029432,4.238409720054757
17031830006,11.689665257357974,4.251019984257358
17031830007,11.627372453114305,4.250119761122519
17031830008,11.579231145106092,4.263869468856947
17031830100,11.745312872005476,4.238953710472279
17031830201,11.648406943189596,4.241154435318275
17031830202,11.695623848733744,4.232005348391513
17031830300,11.680594303216975,4.232022575633128
17031830400,11.632113177960301,4.233256457221082
17031830500,12.45187437577002,4.171365354551677
17031830600,11.809015245722108,4.097281115674196
17031830700,12.030713954825462,4.130774742642026
17031830800,12.030288913073238,4.118621817932923
17031830900,12.211384616016427,4.126532051334702
17031831000,12.267281464065708,4.145033603011636
17031831100,12.180561403148528,4.103375962354552
17031831200,12.271331138261465,4.112432230663929
17031831300,12.294936496235455,4.125429676249144
17031831400,12.385387691307324,4.152990255304586
17031831500,12.206628854209446,4.111124635865845
17031831600,12.200760557152635,4.118421514031485
17031831700,12.119093163586584,4.070615161533196
17031831800,11.998413153319644,4.084278718685832
17031831900,12.138035015742642,4.132166733744011
17031832000,12.118636113620808,4.138545446954141
17031832100,12.068193980835044,4.137217425051335
17031832200,12.247483822039699,4.147112140999316
17031832300,12.247918511293634,4.147442117043121
17031832400,12.28509702532512,4.140515451060917
17031832500,12.23330912936345,4.152860831622177
17031832600,12.26202905065024,4.169815465434634
17031832900,12.423217952772074,4.189936708418891
17031833000,12.394561847364819,4.19162917522245
17031833100,12.41835692128679,4.199707323750856
17031833300,12.442381287474333,4.206531676933607
17031833900,12.283725470225873,4.139215671457906
17031834000,12.383688871321013,4.179808928131417
17031834200,12.355056565366188,4.175813889801506
17031834300,12.359461091718001,4.178518107460643
17031834400,12.387600055441478,4.192887592744695
17031834500,12.425443878850103,4.197901383983573
17031834600,12.446293028747433,4.198640539356605
17031834700,12.468243524982888,4.193229944558522
17031834800,12.441394561943874,4.191059696098563
17031834900,12.453258881587954,4.198583533880904
17031835000,12.458338772758385,4.188515830937714
17031835100,12.475943308692676,4.188761657084189
17031835200,12.434067846680356,4.162614383983573
17031835500,12.468710015058179,4.208130889117043
17031835600,12.455300359342916,4.205778481177276
17031835700,12.458187965776865,4.210541982888433
17031835800,12.455398596851472,4.209563813141684
17031835900,12.46417461670089,4.214908594113621
17031836000,12.450819188911704,4.2154051724846
17031836100,12.439149856262834,4.20559902532512
17031836200,12.409694571526352,4.199409726214921
17031836300,12.419055443531828,4.202953847364819
17031836400,12.443552513347023,4.220924246406571
17031836500,12.464465687200548,4.218349475701574
17031836600,12.330535744010951,4.1432994770705
17031836700,12.355902629021218,4.155621313483915
17031836800,12.371943338809035,4.158066145106092
17031836900,12.377712441478439,4.15721388569473
17031837000,12.393710997946612,4.165263227926078
17031837100,12.368912535934292,4.158461009582478
17031837300,12.407365911019849,4.165478790554415
17031837400,12.411161622861054,4.17215571321013
17031837800,12.385526887748118,4.168543329226557
17031838000,12.411101476386037,4.173645882272416
17031838100,12.413014003422314,4.185329366187543
17031838200,12.430909323750856,4.190515732375086
17031838300,12.325417475017112,4.1853775633128
17031838600,12.415896005475702,4.165649821355236
17031838700,12.41298348733744,4.161441965776865
17031838800,12.329369567419576,4.137252881587954
17031839000,12.439071265571526,4.213758812457221
17031839100,12.380452425051335,4.202699325804244
17031839200,12.488612353867214,4.225980186173854
17031839500,12.466460802874743,4.227034442162902
17031839600,12.480847983572895,4.227374203969884
17031839700,12.50470007118412,4.209333565366188
17031839800,12.508973579055442,4.213168742642026
17031839900,12.510057364818617,4.217912546201232
17031840000,12.495194012320328,4.216373226557153
17031840100,12.496938742642026,4.217122272416153
17031840200,12.483017586584531,4.208025339493498
17031840300,12.477026570841889,4.19302445174538
17031840400,12.487320811772758,4.198130637234771
17031840700,12.439486442847365,4.180317901437372
17031840800,12.444817077344285,4.174605509924709
17031841000,12.492787247091034,4.223539031485284
17031841100,12.472271907597536,4.21768722587269
17031841200,12.451304176591376,4.189118083504449
17031841300,12.466706160848734,4.190722165639973
17031841400,12.434974821355236,4.166003212183436
17031841500,12.414803734428474,4.171014666666667
17031841600,12.423503290212183,4.17471573853525
17031841700,12.428627822724162,4.178585392881588
17031841800,12.393184491444216,4.19285963449692
17031841900,12.459951135523614,4.21551659890486
17031842000,12.484191009582478,4.22175879945243
17031842100,12.334284917180014,4.130972577002053
17031842200,12.30255595687885,4.179496001368925
17031842300,12.315562362080767,4.174897206707734
17031842400,12.402627626283368,4.180622275838467
17031842500,12.41136634017796,4.19385072347707
17031842600,12.486012381930185,4.204154624914442
17031842800,12.469267040383299,4.18394994934976
17031842900,12.450196216290212,4.19569505065024
17031843000,12.402648403832991,4.153751038329911
17031843100,12.428744683093771,4.170492598220397
17031843200,12.470564325804244,4.195244943874059
17031843300,12.43509756605065,4.180659800136892
17031843400,12.417236900068446,4.16132853045859
17031843500,12.469074586584531,4.181641568788501
17031843600,12.439182204654346,4.211497856262834
17031843700,12.155261535934292,4.11452965982204
17031843800,12.478082605065024,4.202805635181383
17031843900,12.358998407255305,4.186356496235455
17031980000,11.900016953456537,4.149008225188227
17031980100,12.424555425735797,4.1693998275154
17033880100,10.755657641341547,4.473908493497604
17033880200,10.764027331964408,4.544147759753593
17033880300,10.841423982888433,4.515573384668036
17033880400,10.849759169062286,4.52023740109514
17033880500,10.884013557152635,4.476566684462697
17033880600,10.830690231348392,4.521492260780288
17035972400,10.635511924709103,4.549202350444901
17035972500,10.628756681040383,4.586377542094456
17035972600,10.620922832991102,4.619090323750856
17037000100,10.525370238193018,4.243882607802875
17037000200,10.478585119780972,4.248405587953456
17037000300,10.538649004791239,4.30205100752909
17037000400,10.593981171800137,4.284348907597536
17037000500,10.61170872347707,4.305127288158795
17037000600,10.634053646132786,4.299344030800821
17037000700,10.640452133470226,4.316582117043121
17037000800,10.65863223340178,4.328629144421629
17037000900,10.648325348391513,4.333862083504449
17037001001,10.608907672142368,4.318571681040383
17037001002,10.625128386721424,4.334448019849418
17037001300,10.647803568788501,4.341125049965777
17037001400,10.613558917864476,4.328864118412046
17037001500,10.650388793292266,4.334241392197125
17037001600,10.686922553045859,4.316494146475017
17037001700,10.704891873374401,4.353610334702259
17037001800,10.55348989596167,4.349200996577686
17037001900,10.69221626146475,4.378406484599589
17037002000,10.758987804928131,4.387646309377139
17037002100,10.753511783709788,4.391262728952772
17037002200,10.634392937713895,4.330535161533196
17039971400,10.512306925393566,4.516565366872006
17039971500,10.537718793292266,4.539842270362765
17039971600,10.524087584531143,4.54631625393566
17039971700,10.546443020533881,4.55101706091718
17039971800,10.545836968514716,4.544574069130732
17041952000,10.545889623545517,4.450279518138262
17041952100,10.619794938398357,4.486393386721424
17041952200,10.627037140999316,4.50748439835729
17041952300,10.626603305270363,4.536401251882272
17041952400,10.621498036960986,4.534638042436687
17043840000,11.843354017111567,4.186288140999316
17043840101,11.784028624914442,4.217722245722108
17043840102,11.799541433264887,4.23141586036961
17043840103,11.870697918548939,4.221844622861054
17043840104,11.830470038329911,4.227885909650924
17043840201,11.725545112936345,4.236643761122519
17043840202,11.773992930869268,4.24392541889117
17043840303,11.818812830253251,4.244413811088296
17043840304,11.783432809034908,4.24990183504449
17043840600,11.983156637234771,4.21224164476386
17043840703,11.960971271731691,4.189698711841205
17043840704,11.920829740588638,4.205990802190281
17043840705,11.950363845995893,4.212189636550308
17043840706,12.003863187542779,4.199667355920602
17043840801,11.931175832991102,4.185337310746064
17043840802,11.895682824093087,4.201342926762491
17043840901,11.691013765229295,4.254270841889117
17043840904,11.736898205338809,4.264677587953456
17043840906,11.752459279945243,4.256581921971253
17043840907,11.721808057494866,4.267064905544148
17043840908,11.77172092881588,4.262339003422314
17043840910,11.718350853524983,4.271044643394935
17043840911,11.702143460643395,4.27456479192334
17043841002,11.641631594798084,4.255983553730322
17043841003,11.595639031485284,4.252720134839151
17043841004,11.618427691307324,4.257355941820671
17043841102,11.510962955509925,4.273559342231348
17043841103,11.585075806297057,4.268147517453799
17043841104,11.557817242984257,4.264055633127994
17043841108,11.497757051334702,4.271949423682409
17043841109,11.673118739904175,4.26826068788501
17043841110,11.657753470910335,4.263638744010951
17043841111,11.610122020533881,4.265874357289528
17043841112,11.556836056810404,4.278181280629706
17043841113,11.633349278576318,4.270641412046544
17043841114,11.578224312799452,4.279893505817933
17043841204,11.654126422997947,4.274065804928131
17043841205,11.578399511293634,4.290500569472964
17043841206,11.599979627652293,4.296102864476386
17043841207,11.67112332238193,4.281641078028747
17043841208,11.666030904175222,4.284693855578371
17043841209,11.584980214921287,4.285435862422998
17043841210,11.625050263518138,4.293016564681725
17043841307,11.528348179329227,4.299040590006845
17043841308,11.310548750855578,4.287332501026694
17043841310,11.343178474332649,4.307644546201232
17043841312,11.392827843258042,4.313289085557837
17043841313,11.386420715263518,4.312698569472964
17043841314,11.419557525667351,4.280262817932923
17043841315,11.435764368240931,4.27737229705681
17043841316,11.36818070568104,4.280720569472964
17043841318,11.442555305270363,4.285501088295688
17043841320,11.480822600958248,4.280261843942505
17043841321,11.455638876112252,4.281747045859001
17043841322,11.499647225188227,4.292874663928816
17043841323,11.470070562628337,4.289696712525667
17043841324,11.546338461327858,4.295158900068446
17043841325,11.507833519507187,4.294483849418207
17043841326,11.479694318959617,4.299029290212183
17043841327,11.423342229979466,4.286073676249144
17043841401,11.550591099931554,4.31691895687885
17043841403,11.590306900752909,4.307713774811773
17043841404,11.576797292950034,4.307555958247776
17043841501,11.442874457905544,4.319434859000684
17043841503,11.522421378507871,4.317305922655715
17043841504,11.502236456536619,4.321073108829569
17043841603,11.597937381930185,4.321614991786448
17043841604,11.497760490759754,4.333126819301848
17043841605,11.4618645229295,4.320759527720739
17043841606,11.637535770704997,4.310323881587954
17043841607,11.587393084873374,4.329468882272416
17043841703,11.698286553045859,4.28921719301848
17043841704,11.644076571526352,4.300647173853525
17043841705,11.759804457905544,4.278163135523614
17043841706,11.825178932238193,4.26525299247091
17043841801,11.693702815195072,4.292669014373717
17043841802,11.642313876112252,4.298745420260096
17043841901,11.725661088980151,4.284175656399726
17043841902,11.727915855578371,4.284580067761807
17043842000,11.778807973990418,4.280062616016427
17043842100,11.822646125941136,4.273924187542779
17043842200,11.783723810403833,4.28222593908282
17043842300,11.767818033538672,4.276319182067077
17043842400,11.739320121149897,4.293764388090349
17043842500,11.705402121149897,4.30448317522245
17043842601,11.695328719370294,4.304959739904175
17043842602,11.7013580862423,4.301210223134839
17043842603,11.668872719370294,4.304578079397673
17043842604,11.663520899383984,4.317091104722793
17043842605,11.691087339493498,4.306358668720055
17043842702,11.754714333333333,4.296923031485284
17043842703,11.737985370978782,4.294058329226557
17043842704,11.767151405201916,4.29650380698152
17043842706,11.852210392197125,4.284526689938398
17043842708,11.848266791238878,4.282755516769336
17043842709,11.869663938398357,4.274701176591376
17043842710,11.810961987679672,4.298436150581793
17043842711,11.77260626899384,4.299822374401095
17043842800,12.041707741273101,4.206026800136892
17043842900,12.014890622176591,4.2100563045859
17043843000,11.98116595687885,4.221353107460643
17043843100,11.948327515400411,4.236257410677618
17043843200,11.934615733744011,4.242450610540726
17043843301,11.877771062970568,4.252011270362765
17043843302,11.895449331279945,4.247046297741273
17043843400,11.848071920602327,4.263411119780972
17043843500,11.874929207392197,4.265561247091034
17043843601,11.927205476386037,4.247470911704312
17043843602,11.899975859685147,4.254800338809035
17043843700,11.965509017111567,4.238069993839836
17043843800,11.975580541409993,4.221300277207392
17043843900,12.010929605749487,4.21712245927447
17043844001,12.051438232717317,4.206631421629021
17043844002,12.037564702258727,4.208461194387406
17043844100,12.023904110198494,4.21416062696783
17043844201,11.892515795345654,4.256796051334702
17043844202,11.929128746748802,4.250883244353183
17043844301,11.917422802190281,4.250451800136892
17043844304,11.895206884325804,4.270444142368241
17043844305,11.890017184120465,4.265889918548939
17043844306,11.979418141683778,4.245697188911704
17043844307,11.96344892881588,4.243681546201232
17043844401,11.920819082135524,4.266336210814511
17043844402,11.982900527720739,4.250677587268994
17043844501,12.000210957563313,4.225632552361396
17043844502,12.024923976043806,4.233311227926078
17043844601,12.060293596167009,4.226061442847365
17043844602,12.07781672073922,4.206886639288159
17043844701,11.992353457221082,4.254090552361396
17043844702,12.063730895277207,4.22312740862423
17043844801,11.954687474332649,4.261247313483915
17043844802,11.918738513347023,4.272211770020534
17043844901,11.954753266255989,4.269302956194387
17043844902,11.922949032854209,4.27973106091718
17043845000,12.002276898015058,4.252241019164956
17043845100,12.032547159479808,4.237785689253936
17043845200,12.067493121149897,4.223577640657084
17043845300,12.096900273785079,4.206823144421629
17043845401,12.079895171800137,4.207208453114305
17043845402,12.056761363449692,4.22254651266256
17043845502,12.031645455167693,4.234307570157426
17043845505,11.978208144421629,4.26778042642026
17043845506,11.990088531143053,4.264732605065024
17043845507,12.003315998631075,4.254653843258042
17043845508,12.021695356605065,4.239643564681725
17043845509,12.010207730321698,4.24565531485284
17043845510,11.987427459958932,4.253963815879535
17043845601,11.960387094455852,4.267257807665982
17043845602,11.96995936550308,4.261124640657084
17043845701,11.917260484599589,4.287196452429843
17043845702,11.943994804243669,4.273347534565366
17043845703,11.911575389459274,4.288526679671458
17043845704,11.934033311430527,4.281728937713895
17043845802,11.934334072553046,4.280145562628337
17043845803,11.923909394250513,4.294725822724162
17043845805,11.982303021218344,4.265431278576318
17043845807,11.93816238329911,4.287502671457906
17043845808,11.884509943874059,4.30647134770705
17043845809,11.890374184120465,4.297130298425736
17043845810,11.990530188911704,4.25623458110883
17043845811,12.002708481177276,4.245027834360027
17043845901,12.024760163586584,4.246505648186174
17043845902,12.044855472279261,4.227196366187543
17043846002,11.869809428473648,4.293830994524298
17043846003,11.824089857631759,4.293619533196441
17043846004,11.792079694045174,4.302692839151266
17043846102,11.74447109377139,4.30171758384668
17043846103,11.721971327857632,4.31265011156742
17043846104,11.748313180013689,4.307062924024641
17043846105,11.700155022587269,4.311136021902806
17043846106,11.693614313483915,4.304499833675565
17043846201,11.726743914442163,4.332159819301848
17043846202,11.756665010951403,4.316548005475702
17043846203,11.734650045174538,4.326700613278576
17043846205,11.732247804243669,4.313590954140999
17043846206,11.695109763175907,4.328038439425051
17043846207,11.687916472279261,4.33406840109514
17043846208,11.709356069815195,4.314222120465435
17043846209,11.68967209650924,4.312436475017112
17043846304,11.797346030116359,4.317434848733744
17043846305,11.853078840520192,4.308854316221766
17043846307,11.889799249144422,4.301526692676249
17043846308,11.875044718685832,4.306410369609856
17043846310,11.865292470225873,4.306789000684463
17043846311,11.84916619028063,4.312223077344285
17043846312,11.795085252566735,4.306671002737851
17043846313,11.791689446954141,4.310812646817248
17043846314,11.872440159479808,4.290644079397673
17043846315,11.832582631074606,4.300394579739904
17043846404,11.648526922655715,4.310156527720739
17043846405,11.635357611225188,4.321223048596852
17043846408,11.497284414784394,4.347294644079398
17043846409,11.480636492128679,4.350395676249144
17043846410,11.546017765913758,4.342138988364134
17043846411,11.531210042436687,4.336875848733744
17043846412,11.577672739219712,4.32697416495551
17043846413,11.590133900752909,4.32467392128679
17043846504,11.640284103353867,4.31081811156742
17043846507,11.517541260095825,4.35565341615332
17043846509,11.542125360711841,4.342575466803559
17043846510,11.550545550992471,4.354220551676934
17043846511,11.491916006844627,4.365765162217659
17043846513,11.542468557837098,4.365106405201916
17043846514,11.547864503080082,4.354940752908966
17043846515,11.501031368240931,4.356288815879535
17043846517,11.494905664613279,4.346515942505134
17043846518,11.483738975359343,4.359367342231348
17043846519,11.58789382477755,4.33306288569473
17043846521,11.619250745379877,4.328092849418207
17043846522,11.589879438740589,4.336331420944558
17043846523,11.655298438740589,4.323785032169747
17043846524,11.616961316221766,4.344870718685832
17043846603,11.865728034907598,4.239414570841889
17043846604,11.821812167693361,4.242075906913073
17043846701,11.905418094455852,4.236631837782341
17043846702,11.878134188911704,4.243507728952772
17045070100,10.629646506502396,4.30206462422998
17045070200,10.552859832991102,4.366000158110883
17045070300,10.654619590691307,4.298823804928131
17045070400,10.696357369609856,4.292226338124572
17045070500,10.67405465982204,4.315288597535934
17047956900,10.641038250513347,4.521342379876797
17047957000,10.629311923340178,4.462283568104038
17047957100,10.637628620123203,4.481880934976044
17049950100,10.673102577002053,4.660108993839836
17049950200,10.553026494182067,4.615741441478439
17049950300,10.456836823408624,4.569360329226557
17049950400,10.545983730321698,4.616291366872006
17049950500,10.620234915126626,4.636614631074606
17049950600,10.676236299110198,4.661548301163587
17049950700,10.657114981519507,4.658213938398357
17049950800,10.64389146954141,4.658259582477755
17051950500,10.419642203969884,4.54039160164271
17051950600,10.356934126625599,4.487503169746749
17051950700,10.34561950513347,4.435337384668036
17051950800,10.352359511293634,4.440896048596852
17051950900,10.350031036960986,4.439955193702943
17051951000,10.345568618754278,4.411991245037645
17051951100,10.349198544832307,4.506074730321698
17053961600,10.395490429842574,4.452617391512663
17053961700,10.395024262833676,4.467521361396304
17053961800,10.401065981519507,4.462619163586584
17053961900,10.380052336071184,4.477423475701574
17053962000,10.399369180698152,4.483438316906229
17055040100,10.356702131416838,4.465042665297741
17055040200,10.380220848733744,4.480229575633128
17055040300,10.389267516769336,4.493906318275154
17055040400,10.391925396988364,4.511204267624914
17055040500,10.367138380561259,4.468324396988364
17055040600,10.383125761806982,4.488184638603696
17055040700,10.371195748117728,4.48669117522245
17055040800,10.354314717316906,4.4923064770705
17055040900,10.370341395619439,4.497672924024641
17055041000,10.37018110403833,4.499225721423682
17055041100,10.347106462696783,4.491040678986995
17055041200,10.290023238877481,4.421926258042437
17057952800,10.408748240246407,4.38699844421629
17057952900,10.366248036276523,4.394792258726899
17057953000,10.260966557837098,4.341612362080767
17057953100,10.195055331279945,4.395486238193018
17057953200,10.281111566735113,4.420105950034223
17057953300,10.36758227926078,4.420578266255989
17057953400,10.366378776865161,4.423047585215606
17057953500,10.363813623545517,4.434844689253936
17057953600,10.389882515400411,4.437738959616701
17057953700,10.333490295687885,4.44935001779603
17057953800,10.257597286105407,4.439570376454483
17057953900,10.150538145106092,4.419817332648871
17059972700,10.366770112936345,4.380589880219028
17059972800,10.259532895277207,4.344247700205339
17061973600,10.25022868514716,4.204896737850787
17061973700,10.173243515400411,4.276514709787817
17061973800,10.175148011635866,4.206251028747433
17061973900,10.187695416837782,4.255545277207392
17061974000,10.253526169062286,4.170101710472279
17063000102,11.015212533880904,4.395777853524983
17063000103,10.930092559206023,4.398436427789186
17063000200,10.73673989596167,4.405589999315537
17063000300,10.804089295687885,4.409415303216975
17063000400,10.75003264476386,4.412539330595482
17063000500,10.666101073237509,4.407269911704312
17063000600,10.531847106776181,4.40659202532512
17063000700,10.845589315537303,4.387655755646817
17063000800,10.71289426899384,4.376384554414784
17063000900,10.590101862422998,4.371642985626283
17065973100,10.292861023271732,4.374094242299795
17065973200,10.25427190349076,4.377986727583847
17065973300,10.336174851471595,4.411501559206023
17067953700,10.195086038329911,4.224046312799452
17067953800,10.165566592060233,4.221667980835044
17067953900,10.234608754962355,4.198905993155373
17067954000,10.267423789185489,4.17046809650924
17067954100,10.225815975359343,4.124355839835729
17067954200,10.105152691307324,4.188187509240246
17067954300,10.074624225188227,4.261412963039014
17069970900,10.063114477754962,4.310218073237509
17069971000,10.144149303216975,4.305359586584531
17071973300,10.352936481861738,3.940480707734428
17071973400,10.321398192334018,4.096248560574949
17071973500,10.27688493908282,4.185849116358658
17073030100,10.666100099931554,3.508134811088296
17073030201,10.565705904859685,3.609981789869952
17073030202,10.499324747433265,3.75156418275154
17073030203,10.594964075290897,3.604220417522245
17073030300,10.50732278439425,3.735707486652977
17073030400,10.438109757700205,3.799634729637235
17073030500,10.435449360711841,3.972541176591376
17073030600,10.426357801505818,4.083483102669404
17073030800,10.427885721423682,4.13062126899384
17073030900,10.428705693360712,4.102307399041752
17073031000,10.421223024640657,4.143296996577686
17073031100,10.413725152635181,4.082951245037645
17073031200,10.435334395619439,3.912330476386037
17075950100,10.597767971252567,4.428535351129363
17075950200,10.576491453798768,4.443769614647502
17075950300,10.495367561259411,4.454863875427789
17075950400,10.523533933607118,4.448547456536619
17075950500,10.495393877481177,4.426873507871321
17075950600,10.43426551266256,4.467034940451745
17075950700,10.387452605065024,4.468917247775496
17075950800,10.393401823408624,4.433362984941821
17075950900,10.427719321013005,4.399724863107461
17077010100,10.18126998973306,4.388877302532512
17077010200,10.329981223134839,4.490932288843258
17077010300,10.154921576317591,4.451288889117043
17077010400,10.235473203285421,4.466041960985626
17077010600,10.214819889801506,4.478760885010267
17077010700,10.263421094455852,4.495801509240246
17077010800,10.30063701779603,4.510334362765229
17077010900,10.32670951266256,4.519589249144422
17077011000,10.270040853524983,4.512182444900753
17077011100,10.293433110198494,4.520949117043121
17077011200,10.297635279945243,4.52663625393566
17077011400,10.277984308008214,4.5167378275154
17077011600,10.19440682477755,4.502725882956879
17077011700,10.258263698836413,4.523600796030116
17079977300,10.657440919917864,4.59126937303217
17079977400,10.676235449691992,4.615220710472279
17079977500,10.677158960301164,4.621267293634497
17081050100,10.383703267624914,4.449008629705681
17081050200,10.36713580698152,4.471756571526352
17081050300,10.34655840862423,4.43864077412731
17081050400,10.349032332648871,4.440219718001369
17081050500,10.387238173169062,4.452868190965092
17081050600,10.40681904312115,4.472789879534565
17081050700,10.4109871321013,4.470788518138262
17081050800,10.401675780287474,4.479873145106092
17081050900,10.404116242299795,4.475468026009582
17081051000,10.401322924024641,4.468630220396988
17081051100,10.401412095824778,4.47154644421629
17083010100,10.46394368514716,4.025979155373032
17083010200,10.683279531827515,3.934020947296372
17083010300,10.875764810403833,3.911212543463381
17083010401,10.59676580698152,3.968938852156058
17083010402,10.474605266255989,4.033847692676249
17083010500,10.634644074606434,4.021067316906229
17085020100,9.768972108145106,3.821732105407255
17085020200,9.973859627652293,3.862109483915127
17085020300,9.892805374401095,3.827217635181383
17085020401,9.829556201232033,3.788916506502396
17085020402,9.855614045859001,3.733481511293634
17085020500,9.87751662696783,3.784961242299795
17087977600,10.063080047227926,4.398165698836413
17087977700,10.089907614647502,4.446206351813826
17087977800,10.111631347022587,4.422921115674196
17087980000,10.074606802190281,4.369033492128679
17089850101,10.945079144421629,4.201172613963039
17089850103,10.888192323750856,4.215525046543463
17089850105,10.843418434633812,4.216397922655715
17089850106,10.90571823613963,4.215591212867899
17089850201,10.999590248459959,4.214408980150582
17089850202,11.008421299794661,4.212224657768652
17089850301,10.963427095140315,4.212029091718001
17089850302,10.979599299794661,4.216151862422998
17089850400,11.018130303901437,4.215026449691992
17089850500,11.035196789185489,4.220725417522245
17089850600,10.947037127310062,4.219101932238193
17089850701,10.807602939767283,4.233505311430527
17089850702,10.620822851471595,4.244214600273785
17089850703,10.690066598220397,4.268798481177276
17089850800,11.078804555099247,4.229898747433265
17089851000,11.028784759069131,4.228555622861054
17089851101,11.078786639972622,4.243519219712526
17089851102,11.057569317590691,4.242111069130732
17089851301,11.119475581793292,4.237528547570157
17089851302,11.097906892539357,4.238327353867214
17089851400,11.148744242984257,4.249045793292266
17089851500,11.151416292265572,4.253547438740589
17089851600,11.121303072553046,4.249412038329911
17089851801,11.172533657768652,4.274378128678987
17089851904,10.98373784531143,4.252873148528405
17089851905,10.994826136892539,4.268035015742642
17089851907,11.093973448323066,4.275138015742642
17089851908,11.055558491444216,4.260835079397673
17089851909,11.006086767282683,4.245556580424367
17089851910,10.941537279945243,4.236463032854209
17089852001,11.218794394934976,4.29710398973306
17089852002,11.312753302532512,4.317513936344969
17089852003,11.271702544147844,4.306630637919233
17089852101,11.083408572895277,4.300494654346338
17089852102,11.159931281314168,4.299791005475702
17089852201,11.241400009582478,4.324573226557153
17089852202,11.150001935660506,4.324942277207392
17089852300,11.257397795345654,4.317195945242984
17089852401,10.935896845995893,4.284089464750171
17089852402,10.9924106091718,4.310736654346338
17089852403,10.853646263518138,4.338600739904175
17089852500,11.35902859890486,4.332397124572211
17089852601,11.26388734017796,4.331464118412046
17089852606,11.279403727583847,4.334084303901437
17089852700,11.303021770704997,4.33679024366872
17089852803,11.392190938398357,4.336565439425051
17089852805,11.362202338124572,4.349461316906229
17089852806,11.411243604380561,4.347809399041752
17089852807,11.247122877481177,4.345847460643395
17089852808,11.310722466803559,4.341209907597536
17089852903,11.448354770704997,4.347801266255989
17089852904,11.447084127310062,4.353720564681725
17089852905,11.357964159479808,4.357276354551677
17089852906,11.395481328542094,4.349131676933607
17089852907,11.41077509377139,4.354976069815195
17089853001,11.26646176386037,4.359427720054757
17089853004,11.327112015058179,4.356049507871321
17089853005,11.253519614647502,4.366012606433949
17089853006,11.292614692676249,4.367091642710472
17089853007,11.319395470225873,4.355733891854894
17089853008,11.32152320807666,4.352202175906913
17089853100,11.316971850787132,4.363027219712526
17089853200,11.355142718685832,4.361257966461328
17089853300,11.391632544832307,4.35388217522245
17089853400,11.407128298425736,4.362373559890486
17089853500,11.426903500342231,4.363963647501711
17089853600,11.409163173853525,4.370610574948665
17089853900,11.310914815879535,4.370988100616016
17089854001,11.279606876112252,4.379940524298426
17089854002,11.301149540041068,4.377796446269678
17089854100,11.352971887748118,4.376302039014374
17089854200,11.358711678302532,4.369650036960986
17089854301,11.392953325119781,4.359524689938398
17089854302,11.403562540041068,4.373210151266256
17089854400,11.43118648733744,4.373950742642026
17089854501,11.05144252019165,4.334509561943874
17089854503,11.124270425735797,4.375471206707734
17089854504,11.069594419575633,4.357256812457221
17089854600,11.085811288843258,4.2404452183436
17089854700,11.335503062970568,4.35520239835729
17089854800,11.202668561259411,4.339239074606434
17089854900,11.122975023271732,4.260744872689938
17091010100,11.02361842642026,4.335637286105407
17091010201,10.925542937029432,4.35812839835729
17091010202,11.009773489390828,4.370042683778234
17091010300,10.607640735797399,4.382728141683778
17091010400,10.780065015742642,4.418554883641342
17091010500,10.85622795687885,4.399822188227242
17091010601,10.879257317590691,4.384434735797399
17091010602,10.931387477754962,4.406445863107461
17091010701,10.944703492128679,4.39626914715948
17091010702,10.926345352498289,4.42385509377139
17091010800,10.905975611909651,4.39395061670089
17091010900,10.952151269678302,4.331894098562628
17091011000,10.774960971252567,4.394202052019165
17091011100,10.757495389459274,4.418741551676934
17091011200,10.792500114989733,4.438093815195072
17091011300,10.875776919917864,4.443497902121834
17091011400,10.90813934017796,4.442349263518138
17091011500,10.904555299794661,4.44677907871321
17091011600,10.896388563997262,4.443341978781656
17091011700,10.886448657084189,4.438750130732375
17091011800,10.8886976954141,4.431234763175907
17091011900,10.900999423682409,4.426350774811773
17091012000,10.901258091718001,4.410589433264887
17091012100,10.856818388774812,4.433955183436003
17091012200,10.833215823408624,4.436329559206023
17091012300,10.881395713894593,4.441804187542779
17091012400,10.884827339493498,4.445891212183436
17091012500,10.80928979192334,4.443690681724846
17091012600,10.644381393566051,4.418645852156058
17093890101,11.398254674195756,4.389700045174538
17093890102,11.240198669404518,4.403095414099932
17093890201,11.335734663244353,4.390917303216975
17093890202,11.317606559890486,4.387439130047912
17093890301,11.261434698151951,4.392130478439425
17093890302,11.308857249144422,4.391935023956194
17093890400,11.090753328542094,4.393537518138262
17093890500,10.880579457221082,4.383198163586584
17093890600,10.920041788501027,4.395125848733744
17093890700,10.992210281998631,4.40403834017796
17095000100,10.403261258726899,4.105866892539357
17095000200,10.433795872005476,4.134834236824093
17095000300,10.450862077344285,4.141311704312115
17095000400,10.446990468172485,4.124948894592745
17095000500,10.437870030116359,4.149414952772074
17095000600,10.446430803559206,4.155853737850787
17095000700,10.457238474332649,4.169436290896646
17095000800,10.447906130732375,4.170004077344285
17095000900,10.438567460643395,4.176254811088296
17095001000,10.443580587268994,4.191407330595482
17095001100,10.446198639972622,4.200539958247776
17095001200,10.439224848733744,4.201350967145791
17095001300,10.418947737850787,4.22910107871321
17095001400,10.365497002737851,4.256299386721424
17095001500,10.338789305270363,4.268775694729637
17095001600,10.366939468856947,4.298384160164271
17097860101,10.488940332648871,4.07286934017796
17097860103,10.422389514031485,4.049307553730322
17097860104,10.40050310403833,4.042769116358658
17097860200,10.421429360027378,4.044372526351814
17097860301,10.474971841204654,4.07108316495551
17097860302,10.456819980835044,4.057056115674196
17097860400,10.53813598973306,4.091549726899384
17097860500,10.465155943874059,4.071161681040383
17097860600,10.468419535249829,4.068602793292266
17097860805,10.594576839151266,4.195555803559206
17097860806,10.613866374401095,4.193188255304586
17097860807,10.607832824093087,4.193990098562628
17097860808,10.620619965092402,4.193766904859685
17097860809,10.625894191649555,4.19696390349076
17097860810,10.625018631074606,4.175143793292266
17097860811,10.640508798083504,4.180034667351129
17097860903,10.655058305954826,4.193074552361396
17097860904,10.683547750855578,4.191995848049281
17097860905,10.688182240246407,4.196525973305955
17097860906,10.719979581793292,4.189157198494182
17097861007,10.66553797467488,4.180416668035592
17097861008,10.671189442847365,4.168197042436687
17097861009,10.69474953798768,4.1772544366872
17097861010,10.673489217659138,4.189531425735797
17097861011,10.6892445633128,4.181545798083504
17097861012,10.659079342915811,4.187773928131417
17097861013,10.689381471594798,4.177376925393566
17097861014,10.708634422313484,4.177547303216975
17097861105,10.773735415468857,4.178912245037645
17097861106,10.74439616495551,4.168532186858316
17097861107,10.732860927446954,4.176772688569473
17097861108,10.761236403832991,4.180705844626968
17097861201,10.716216632443532,4.181115407939767
17097861202,10.719788236824093,4.1797184770705
17097861301,10.701545130047912,4.185969368240931
17097861303,10.702754382614648,4.189652575633128
17097861304,10.713505857631759,4.187460954140999
17097861402,10.751025791238878,4.177550772073922
17097861403,10.723602169062286,4.185740551676934
17097861404,10.73578420054757,4.181132034223135
17097861504,10.723956629021218,4.133536388090349
17097861505,10.659425219712526,4.13817456605065
17097861506,10.633479327173169,4.125806853524983
17097861507,10.623266421629021,4.120471479123888
17097861508,10.673810323066393,4.136781569472964
17097861509,10.701234815879535,4.142242697467488
17097861510,10.678708489390828,4.129169265571526
17097861603,10.739015744695414,4.152658698151951
17097861604,10.682922048596852,4.164954479123888
17097861607,10.771163133470226,4.167132505817933
17097861608,10.752990625598905,4.162330019164956
17097861609,10.705545719370294,4.16126826146475
17097861610,10.727808290212183,4.159146574948665
17097861611,10.715232137577002,4.15743082477755
17097861701,10.50154420807666,4.076527268309377
17097861702,10.540917197125257,4.084821989048597
17097861803,10.553539081451061,4.094924554414784
17097861804,10.592278823408624,4.094514495550992
17097861901,10.58546468514716,4.109592490759754
17097861902,10.615027923340178,4.10219956605065
17097862000,10.604657120465435,4.102404216290212
17097862100,10.567540331964408,4.091218545516769
17097862200,10.549178399726215,4.084954386036961
17097862300,10.60568309377139,4.096424019849418
17097862401,10.590444161533196,4.092638388090349
17097862402,10.604648224503764,4.097619557837098
17097862501,10.630415523613963,4.097954100616016
17097862502,10.66528212936345,4.110074762491444
17097862603,10.63656564476386,4.114706664613279
17097862604,10.658646282683094,4.107648769336071
17097862605,10.68008088843258,4.115191076659822
17097862700,10.633281024640657,4.102279729637235
17097862800,10.710955498288843,4.120845804928131
17097862901,10.658695115674196,4.104001329226557
17097862902,10.688568327857632,4.109925836413416
17097863003,10.708578034223135,4.10517598973306
17097863004,10.757249378507871,4.11528357357974
17097863005,10.743624121149897,4.113960915811088
17097863006,10.753934790554415,4.115088265571526
17097863100,10.71273783504449,4.122150624914442
17097863201,10.7339323045859,4.120644088980151
17097863202,10.79049938329911,4.117474610540726
17097863300,10.762544118412046,4.102846156741958
17097863400,10.804421460643395,4.091321782340862
17097863500,10.840654976728268,4.113077958247776
17097863601,10.787063303216975,4.150509646132786
17097863603,10.836436973990418,4.163226259411362
17097863604,10.850727712525667,4.158724155373032
17097863701,10.824737726214921,4.145131631074606
17097863702,10.805768889117043,4.13665102532512
17097863801,10.89226196440794,4.144543917180014
17097863902,10.923594678986995,4.150876712525667
17097863903,10.862715325119781,4.153952518822724
17097863904,10.894530572210814,4.15385658384668
17097864001,10.873465841889117,4.165402945242984
17097864002,10.914558800821355,4.165415330595482
17097864101,10.8307009137577,4.182332819301848
17097864105,10.866337864476386,4.174688752224504
17097864106,10.852938894592745,4.174527450376454
17097864107,10.905939221081451,4.166787584531143
17097864108,10.905945572895277,4.169496360027378
17097864203,10.762959909650924,4.185063052019165
17097864204,10.830574455167693,4.186272212183436
17097864205,10.795139097193703,4.185653780971937
17097864206,10.863687597535934,4.183569321697468
17097864303,10.87279856605065,4.179162351129363
17097864305,10.910443148528405,4.180895485968515
17097864306,10.937731260780288,4.180726616016427
17097864307,10.970404455167693,4.190347347022587
17097864308,11.014356930869268,4.19585087816564
17097864402,10.990149558521561,4.175891338809035
17097864403,11.104150105407255,4.180011777549624
17097864407,10.940175097193703,4.183525828199863
17097864408,10.993357980835044,4.189861863791923
17097864409,11.024994141683778,4.184289239561944
17097864410,11.0613293908282,4.18836224366872
17097864411,11.035075550992471,4.196960002053388
17097864412,11.092145003422314,4.192047352498289
17097864505,11.14090019028063,4.13056538329911
17097864510,10.957980459958932,4.159987802190281
17097864511,10.997545954140999,4.169868835728953
17097864512,11.024280332648871,4.154477234086242
17097864513,10.976834379876797,4.152931227241615
17097864514,11.035528520876112,4.153974141683778
17097864515,11.119460532511978,4.166671136892539
17097864516,11.161117498288843,4.163949951403148
17097864517,11.067889548939083,4.158477956194387
17097864518,11.116340467488022,4.160646916495551
17097864519,11.159281514031485,4.164263262149213
17097864520,11.12763392881588,4.148880680355921
17097864521,11.063925074606434,4.139810258042437
17097864522,11.067997127310062,4.12247832238193
17097864601,10.938307046543463,4.105898578370979
17097864602,10.891186657084189,4.100445531143053
17097864700,10.991543514031485,4.072463920602327
17097864801,11.035949927446954,4.097886024640657
17097864802,11.107414754277892,4.109065728268309
17097864901,11.058074868583162,4.083310850787132
17097864903,11.130022091718001,4.082177891170431
17097864904,11.106873062286105,4.075748108145106
17097865000,10.846317013004791,4.078548942505134
17097865200,10.912169912388775,4.070669475017112
17097865300,10.930723780971937,4.083166097193703
17097865400,10.975893266255989,4.065024112936345
17097865501,10.895573935660506,4.069291639288159
17097865502,10.949175924709103,4.049972060232717
17097865600,11.015813709787817,4.043845557152635
17097865700,11.024446285420945,4.042808222450376
17097865801,11.047110572210814,4.0521032183436
17097865802,11.089902122518823,4.062772557837098
17097866000,10.598461623545517,4.135724212867899
17097866100,10.577289334702259,4.093031441478439
17097866200,10.933442944558522,4.133317564681725
17099961701,10.703464491444216,4.394450553045859
17099961702,10.612525518138262,4.396728616016427
17099961800,10.475465033538672,4.379290967145791
17099961900,10.405071066392882,4.329198528405202
17099962000,10.442034994524298,4.355346528405202
17099962100,10.51171224366872,4.411375063655031
17099962200,10.538517785763176,4.443372566735113
17099962300,10.610447226557153,4.417449236824093
17099962400,10.600872894592745,4.427428023956194
17099962500,10.577048142368241,4.444768495550992
17099962600,10.574102258726899,4.459585801505818
17099962700,10.574170474332649,4.462453112936345
17099962800,10.571133976043806,4.46598319028063
17099962900,10.569757199863108,4.464229986995209
17099963000,10.564705331964408,4.456259489390828
17099963100,10.558661954140999,4.446893447638604
17099963200,10.558238464750171,4.463503169746749
17099963300,10.573155928131417,4.464027917180014
17099963400,10.557324689938398,4.468421100616016
17099963500,10.57266215742642,4.478581793292266
17099963600,10.574592927446954,4.465838584531143
17099963700,10.500623550308008,4.456386582477755
17099963800,10.497384039014374,4.489650477754962
17099963900,10.496150665297741,4.491901898015058
17099964000,10.543759466803559,4.477192439425051
17099964100,10.479534632443532,4.487993944558522
17099964200,10.497057956194387,4.494990735797399
17099964300,10.489050520876112,4.488608324435318
17101880700,10.877243772758385,4.528844210130048
17101880800,10.851214387405886,4.531604019849418
17101880900,10.857327275154004,4.545146135523614
17101881000,10.910476865160849,4.538654018480493
17101881100,10.917223345653662,4.533586282683094
17103000100,10.414287230663929,4.268839862422998
17103000200,10.407094138945927,4.162478413415469
17103000300,10.417945761806982,4.120575320328542
17103000400,10.405109079397673,4.09314532991102
17103000500,10.406538955509925,4.029769184120465
17103000600,10.423893673511294,4.099197953456537
17103000700,10.381827865160849,4.101119855578371
17103000800,10.360056195756331,4.2166530862423
17103000900,10.39350153045859,4.292241883641342
17105960100,10.466190910335387,4.412352728268309
17105960200,10.425585589322382,4.440073902121834
17105960300,10.453152319644079,4.47915280698152
17105960400,10.44268873853525,4.49919306091718
17105960500,10.420857574264203,4.479556689253936
17105960600,10.414304052019165,4.490536624914442
17105960700,10.411668501711157,4.483323063655031
17105960800,10.405626770704997,4.493956443531828
17105960900,10.375667678302532,4.467355815879535
17105961000,10.364874696783025,4.482444095140315
17107952900,10.520226708418891,4.538442638603696
17107953000,10.503495297741273,4.532296874058864
17107953100,10.541086553045859,4.549391305270363
17107953200,10.538881456536619,4.545489216290212
17107953300,10.5480174366872,4.548784207392197
17107953400,10.552377932922656,4.555110051334702
17107953500,10.530873848049281,4.523748456536619
17107953600,10.547174234086242,4.546786557152635
17109010100,10.252436737850787,4.336596957563313
17109010200,10.206129146475017,4.278200481177276
17109010300,10.180310184120465,4.318414513347023
17109010400,10.196411335386721,4.333908694045174
17109010500,10.193755383983573,4.331799344284736
17109010600,10.205691948665298,4.339053131416838
17109010700,10.196614449007529,4.353880034907598
17109010900,10.175947977412731,4.337574948665298
17109011000,10.171541683778234,4.368169709787817
17109011100,10.086955915811088,4.307562673511294
17111870101,10.465036715263518,4.183079091033539
17111870102,10.585139272416153,4.199745178644764
17111870200,10.323079424366872,4.162106889117043
17111870301,10.27561565982204,4.152410796030116
17111870302,10.293375464065708,4.163213177960301
17111870401,10.466449908966461,4.179213141683778
17111870402,10.479430881587954,4.179055397672827
17111870500,10.559483804243669,4.193726195756331
17111870603,10.604633280629706,4.19453777412731
17111870604,10.6291708275154,4.19302755578371
17111870605,10.623288273785079,4.187587349760438
17111870606,10.656991229979466,4.197741082135524
17111870702,10.666498724845996,4.191594392881588
17111870703,10.590680319644079,4.195442028062971
17111870704,10.631878924709103,4.196592376454483
17111870803,10.646900710472279,4.190104089664613
17111870807,10.68737501026694,4.197315980835044
17111870808,10.731221154004107,4.183776011635866
17111870809,10.722866323066393,4.185455049965777
17111870810,10.768052529089665,4.187595830253251
17111870811,10.727697514031485,4.187751039014374
17111870812,10.795633919917864,4.1786291321013
17111870902,10.559471416837782,4.192586475017112
17111870903,10.489768279945243,4.184874588637919
17111870904,10.467995616016427,4.18814822587269
17111870905,10.502793830937714,4.195302131416838
17111871003,10.376772948665298,4.182215673511294
17111871004,10.444610841889117,4.210808783709788
17111871104,10.693968405201916,4.202343305954826
17111871105,10.688021896646133,4.196110889801506
17111871106,10.648528186173854,4.195096997262149
17111871107,10.745016754277892,4.204652229979466
17111871108,10.705912036960986,4.195613362765229
17111871109,10.683711665982204,4.208877188911704
17111871201,10.707963531827515,4.194197087611225
17111871202,10.742920249828884,4.196652644079398
17111871205,10.803513409308693,4.19141366255989
17111871206,10.799026169746749,4.205551800136892
17111871207,10.765467802190281,4.208809230663929
17111871208,10.743340307323751,4.198977899383984
17111871209,10.769109807665982,4.195094145790554
17111871301,10.750598065023956,4.185264930184805
17111871304,10.81312473100616,4.17464780971937
17111871305,10.84480402532512,4.175340646132786
17111871306,10.812144638603696,4.182817917180014
17111871307,10.865435379192334,4.176652524982888
17111871310,10.85905898220397,4.197420028062971
17111871311,10.833744592060233,4.195875742642026
17111871402,10.926287770020534,4.19153443394935
17111871404,10.893348298425736,4.199904468856947
17111871500,10.493063945927447,4.196482214236824
17111871600,10.864990394250513,4.186107260095825
17113000102,10.665308938398357,4.488382026009582
17113000104,10.664849166324435,4.493415185489391
17113000105,10.654249472279261,4.494068319644079
17113000200,10.672025930184805,4.487289234086242
17113000301,10.672601852156058,4.495379033538672
17113000302,10.676078849418207,4.505565881587954
17113000400,10.670886362080767,4.495022625598905
17113000501,10.676535841204654,4.503927370294319
17113000502,10.672153377823409,4.504926356605065
17113000504,10.663844894592745,4.502341993839836
17113000505,10.658112314168378,4.508873548939083
17113001103,10.661649211498973,4.51851415468857
17113001104,10.666832044490075,4.539315039014374
17113001105,10.661378669404518,4.51678400752909
17113001106,10.665496542094456,4.519931191649555
17113001200,10.676316017111567,4.514848778234086
17113001301,10.673163003422314,4.508001008898015
17113001302,10.678096015058179,4.510722442847365
17113001303,10.674851686516085,4.500690848733744
17113001402,10.680337985626283,4.533690739219712
17113001403,10.679051882272416,4.503642612594114
17113001404,10.679843585215606,4.522167030116359
17113001500,10.684040793292266,4.525052401779603
17113001600,10.679627874743326,4.518698676933607
17113001700,10.67788043394935,4.510679510609172
17113001800,10.669675655715264,4.512746690622861
17113002101,10.670748221765914,4.528313162217659
17113002102,10.655368642710472,4.542886551676934
17113005101,10.629414975359343,4.512909564681725
17113005102,10.552046897330596,4.509209891854894
17113005201,10.682141813141684,4.524168421629021
17113005202,10.671493545516769,4.534813052019165
17113005400,10.597619993839836,4.542257752224504
17113005501,10.511894403148528,4.519539404517454
17113005502,10.46259368514716,4.497359783709788
17113005601,10.40026276659822,4.49234074880219
17113005602,10.441542587953456,4.497367010951403
17113005700,10.403395567419576,4.490256005475702
17113005800,10.66971888843258,4.523331850787132
17113005900,10.677501073921971,4.517846678302532
17113006000,10.610175097878166,4.544423147843942
17115000200,10.771950971937029,4.582569019164956
17115000300,10.759163245037645,4.590007823408624
17115000400,10.758679446269678,4.58979427926078
17115000500,10.760873833675565,4.579633848049281
17115000600,10.772237613278576,4.583044596851472
17115000900,10.787844108145106,4.58447076386037
17115001000,10.807037869952088,4.590242817932923
17115001100,10.792798471594798,4.594416063655031
17115001200,10.759338475701574,4.584472997946612
17115001300,10.738492965092402,4.582089752908966
17115001400,10.738458918548939,4.582157085557837
17115001500,10.723344663244353,4.580094205338809
17115001600,10.757508830937714,4.587333255304586
17115001700,10.749749747433265,4.586854610540726
17115001801,10.761623988364134,4.597227711156742
17115001802,10.774127290896646,4.587856097878166
17115001900,10.780199899383984,4.594106366187543
17115002000,10.790449918548939,4.590333084188912
17115002100,10.807976084873374,4.588535214921287
17115002200,10.786393221765914,4.59881288569473
17115002300,10.743184318959617,4.588754495550992
17115002401,10.781856438056126,4.59383447980835
17115002402,10.745049991786448,4.586551684462697
17115002500,10.630493069130732,4.573902770704997
17115002601,10.706933700205339,4.576693345653662
17115002602,10.606553344284736,4.563512271731691
17115002700,10.577360314168378,4.5477403045859
17115002800,10.643617961670089,4.566161452429843
17115002901,10.759302471594798,4.598394459958932
17115002902,10.79272168788501,4.597926297741273
17115002903,10.800898519507187,4.591941978781656
17115002904,10.786418873374401,4.59753681724846
17115003000,10.679499422313484,4.576695605749487
17115003100,10.774870022587269,4.581331727583847
17117956000,10.378716489390828,4.360031869267625
17117956100,10.365209987679672,4.347803800136892
17117956200,10.264931575633128,4.261176429158111
17117956300,10.38621826146475,4.263765228610541
17117956400,10.377060833675565,4.207686262149213
17117956500,10.370711334017796,4.142931235455168
17117956600,10.598445698151951,3.982143593429158
17117956700,10.605615737850787,4.006979219712526
17117956800,10.553287159479808,4.088538387405886
17117956900,10.486797198494182,4.154421106091718
17117957000,10.506622342915811,4.166405742642026
17117957100,10.519333511293634,4.15903279945243
17117957200,10.573410266940452,4.078053989048597
17119400101,11.807051283367556,3.489944368240931
17119400102,11.84350870294319,3.461283731690623
17119400200,11.879571086926762,3.45329185284052
17119400600,11.878966249144422,3.425097281314168
17119400700,11.872909937029432,3.399009655715264
17119400801,11.752383739904175,3.522443834360027
17119400802,11.782253153319644,3.510475363449692
17119400903,11.705286306639288,3.544614570841889
17119400904,11.72435904312115,3.54564403559206
17119400951,11.716548709103354,3.549681866529774
17119400952,11.659628604380561,3.575563495550992
17119401000,11.315483396303901,3.70851220807666
17119401100,11.269053262149213,3.721236819986311
17119401200,11.322616017111567,3.695148971252567
17119401300,11.243636368240931,3.726037005475702
17119401400,11.18923750513347,3.741302201232033
17119401500,11.259982805612594,3.732300364818617
17119401701,11.101239290212183,3.769318242984257
17119401721,11.040691820670773,3.800789716632444
17119401722,11.044517552361396,3.799506377138946
17119401800,11.158171501711157,3.755581249828884
17119401901,11.167578151266256,3.754433118412046
17119401903,11.450948384668036,3.672466951403148
17119401904,11.610835093086927,3.600983049965777
17119402000,11.137126562628337,3.762908323750856
17119402100,11.167820190965092,3.768046893223819
17119402200,11.16965522587269,3.783177197809719
17119402300,11.238228844626968,3.770130701574264
17119402400,11.294250198494182,3.73324101779603
17119402500,11.248856729637235,3.757760566735113
17119402600,11.235550689253936,3.738916415468857
17119402701,10.969285353182752,3.841794416837782
17119402721,10.981799911704312,3.857753203969884
17119402722,11.116965237508556,3.820574533880904
17119402801,10.939974837097878,3.838397361396304
17119402802,10.854646790554415,3.875950637234771
17119402803,11.067824698836413,3.809878646817248
17119402900,11.118191046543463,3.807034848049281
17119403001,11.182017830937714,3.779417479123888
17119403002,11.136800711156742,3.805548382614648
17119403101,11.319907521560575,3.731366947980835
17119403121,11.312599732375086,3.747466284736482
17119403122,11.197106887748118,3.789008970568104
17119403200,11.378522159479808,3.72875107118412
17119403300,11.41828752019165,3.707155180013689
17119403401,11.422371879534565,3.702080241615332
17119403402,11.484998399726215,3.670891612594114
17119403502,11.318473229979466,3.757912875427789
17119403531,11.031559253251198,3.862742647501711
17119403532,11.085115385352498,3.855494323066393
17119403533,11.279319971252567,3.758512453114305
17119403534,11.477118064339494,3.670800735112936
17119403601,10.704527963039014,4.058055613278576
17119403603,10.674715997946612,4.088906868583162
17119403604,10.704512755646817,4.065850741957563
17119403701,10.866301048596852,3.925600429158111
17119403702,10.74367651266256,4.053782419575633
17119403801,10.768002991786448,3.945375922655715
17119403802,10.605103807665982,4.063779005475702
17119404000,11.883575087611225,3.435483511293634
17119404100,11.709773760438056,3.567089242984257
17121951600,10.316960077344285,4.488751106776181
17121951700,10.318802690622861,4.438869206707734
17121951800,10.424116256673511,4.428405362765229
17121951900,10.379311169746749,4.443754918548939
17121952000,10.329193296372348,4.456011980150582
17121952100,10.342081719370294,4.453904811088296
17121952200,10.319353967830253,4.465199492813142
17121952300,10.396511063655031,4.452961485968515
17121952400,10.434401810403833,4.43729556605065
17121952500,10.448838181382615,4.43488360164271
17121952600,10.446783817932923,4.42921467008898
17121952700,10.4411825633128,4.4245845229295
17123961100,10.491317852156058,4.473885789869952
17123961200,10.499351511293634,4.436261100616016
17123961300,10.484201558521561,4.392433989048597
17123961400,10.552509735112936,4.475236696098563
17123961500,10.497715996577686,4.490093427104723
17125956300,10.441850056125941,4.508860898015058
17125956400,10.326768527720739,4.469423588637919
17125956500,10.277813229979466,4.4592492183436
17125956600,10.210533867214237,4.450056184120465
17125956700,10.380810833675565,4.491926855578371
17125956800,10.422310912388775,4.504811720054757
17127970100,10.189542438740589,4.376138150581793
17127970200,10.278276596167009,4.344088658453114
17127970300,10.239258832991102,4.275618696783025
17127970400,10.275681054072553,4.314888636550308
17129010100,10.447578976043806,4.484833128678987
17129010200,10.363478969883641,4.453612098562628
17129010300,10.330321270362765,4.450975805612594
17131040100,10.509657284736482,3.557564492128679
17131040200,10.460791717316906,3.599615585900068
17131040300,10.461136567419576,3.682019994524298
17131040400,10.441166785078713,3.815694665982204
17133600101,11.214754995893224,3.707635112936345
17133600102,11.165181846680356,3.743233544832307
17133600401,10.715414283367556,3.851784388090349
17133600402,10.812527454483231,3.836613563997262
17133600501,10.53347459890486,3.906725481177276
17133600502,10.372922151950719,3.961400637234771
17135957300,10.378705959616701,4.457918281998631
17135957400,10.388940861054073,4.404918950034223
17135957500,10.402780676933607,4.37297620054757
17135957600,10.456625459958932,4.281084351813826
17135957700,10.453163657084189,4.277417788501027
17135957800,10.462631019164956,4.273452880903491
17135957900,10.418195828199863,4.338355696098563
17135958000,10.389880952087611,4.34582784531143
17137951400,10.107228514031485,4.389472134154689
17137951500,10.210497240930869,4.401347349075975
17137951600,10.200516439425051,4.385422918548939
17137951700,10.198947379192334,4.390821265571526
17137951800,10.196697460643395,4.387328359342916
17137951900,10.190913900752909,4.386926223134839
17137952000,10.199052173853525,4.378539625598905
17137952100,10.186129810403833,4.36722147980835
17137952200,10.186341316221766,4.340191154004107
17137952300,10.25941164476386,4.350237071868583
17139976900,10.563130255304586,4.565141797399042
17139977000,10.592466718001369,4.55386735797399
17139977100,10.530092380561259,4.572108336071184
17139977200,10.54428587063655,4.571403874058864
17141960700,10.231475372347707,4.081159524982888
17141960800,10.161462119096509,3.976334443531828
17141960900,10.29493627652293,4.085181934976044
17141961000,10.416463633127994,4.217210009582478
17141961100,10.472439412046544,4.277435392197125
17141961200,10.415106910335387,4.235768008213552
17141961300,10.361056266940452,4.177162413415469
17141961400,10.344036015058179,4.142639055441478
17141961500,10.316274075975359,4.019452724845996
17141961600,10.429619576317591,4.259181976728268
17141961700,10.294959075975359,4.121238524982888
17143000100,11.012186390143737,4.569753113620808
17143000200,11.002594342231348,4.5682565633128
17143000300,11.017976608487337,4.579325213552361
17143000500,11.023289391512663,4.563567269678302
17143000600,11.011827615331964,4.567277175906913
17143000900,11.030931401779603,4.556855413415469
17143001200,11.024618818617385,4.551650878850103
17143001300,11.009010969883641,4.544754509240246
17143001500,10.993792419575633,4.551843971937029
17143001600,11.006969452429843,4.548898923340178
17143001800,11.024492021218344,4.554408783709788
17143001900,11.019386679671458,4.563865176591376
17143002000,11.018347455167693,4.564234062286105
17143002100,11.003470653661875,4.54857978439425
17143002200,10.983499412731006,4.539081151950719
17143002300,10.970596021902806,4.54635370294319
17143002400,10.985983663244353,4.549354821355236
17143002500,10.995280710472279,4.551891146475017
17143002600,10.979951110198494,4.541263635181383
17143002701,10.974771034907598,4.544061077344285
17143002702,10.951811574948665,4.535094484599589
17143002800,10.939785404517454,4.532507326488706
17143002900,10.937674212183436,4.527563803559206
17143003000,10.91838594661191,4.524281832991102
17143003101,10.869976169062286,4.514580309377139
17143003102,10.889646229979466,4.523099637919233
17143003200,10.903155232032854,4.530428088980151
17143003300,10.91506865982204,4.536071246406571
17143003401,10.856555773442847,4.517685570157426
17143003402,10.791932491444216,4.50588540862423
17143003601,10.693077145790554,4.482243310746064
17143003602,10.642791262149213,4.470183081451061
17143003700,10.631660497604381,4.442565690622861
17143003800,10.455628076659822,4.333785904859685
17143003900,10.526626611909651,4.372520887748118
17143004000,10.505519309377139,4.404911156741958
17143004101,10.761058210814511,4.470825785078713
17143004102,10.9248706954141,4.524098368240931
17143004200,10.947549158110883,4.543758850102669
17143004300,10.969915446269678,4.549076364134155
17143004400,11.000737267624914,4.561692999315537
17143004500,10.886748123887748,4.526355201916496
17143004600,10.978351342231348,4.579180211498973
17143004801,10.87594574606434,4.537691952772074
17143004802,10.973285179329227,4.565158073237509
17143004901,10.702620522245038,4.536083081451061
17143004902,10.652415794661191,4.467694105407255
17143005000,11.022371879534565,4.559502878850103
17145030100,10.219294822039699,4.293395217659138
17145030200,10.224302389459274,4.335985637919233
17145030300,10.174931431895962,4.311808579055442
17145030400,10.276947135523614,4.409176741957563
17145030500,10.316989016427105,4.43982602532512
17145030600,10.300201645448323,4.431018658453114
17147954500,10.549903967145791,4.495760952772074
17147954600,10.607378266255989,4.506486105407255
17147954700,10.617958922655715,4.513391486652977
17147954800,10.662539798767967,4.560242489390828
17149952400,9.957054041752224,4.349516972621492
17149952500,9.938978102669404,4.380235334017796
17149952600,9.957726114989733,4.354615194387406
17149952700,9.989704338809035,4.350012622861054
17149952800,10.033708357289528,4.315455699520876
17151971200,10.003851684462697,4.315023519507187
17151971300,10.117749306639288,4.29709858110883
17153971000,10.171876230663929,4.483973052019165
17153971100,10.167970036960986,4.519859618754278
17155954500,10.539164250513347,4.451377427104723
17155954600,10.497338854209446,4.42154038329911
17157950500,10.188169349075975,4.152104356605065
17157950600,10.202788133470226,4.086942269678302
17157950700,10.242349734428474,4.02570599247091
17157950800,10.339390454483231,3.999679151950719
17157950900,10.250536413415469,4.116137310061602
17157951000,10.146904221081451,4.240356034907598
17157951100,10.160588109514032,4.242703731690623
17157951200,10.127638525667351,4.234784420944558
17157951300,10.120527757015743,4.295407622176591
17159977900,10.671961480492813,4.598825559890486
17159978000,10.67881202532512,4.591792635865845
17159978100,10.68866512183436,4.590736816563997
17159978200,10.68531558110883,4.59096554072553
17159978300,10.666527618754278,4.568563349760438
17161020100,10.588781622176591,3.425391340862423
17161020200,10.715063876112252,3.435417715263518
17161020300,10.728417587268994,3.391084592060233
17161020400,10.696158189596167,3.387031444900753
17161020600,10.71954145174538,3.323365881587954
17161020700,10.717387741273101,3.311792729637235
17161020800,10.71751932991102,3.329628083504449
17161020900,10.718708973990418,3.343147672826831
17161021000,10.705288830937714,3.354170465434634
17161021100,10.690157386036961,3.349617081451061
17161021200,10.70405058384668,3.316510563997262
17161021300,10.711172170431212,3.287259004791239
17161021400,10.70709344421629,3.259951897330596
17161021500,10.70328805338809,3.246719156741958
17161021600,10.70361014715948,3.218404976728268
17161021700,10.696296144421629,3.204189100616016
17161021800,10.693711734428474,3.261580788501027
17161021900,10.682626441478439,3.260466295687885
17161022000,10.688678328542094,3.216422102669404
17161022100,10.681986976728268,3.191602818617385
17161022200,10.69281629431896,3.168673177275838
17161022300,10.695228226557153,3.183500874743326
17161022600,10.665913468172485,3.048239449691992
17161022800,10.689934999315537,3.131291082135524
17161022900,10.689126885010267,3.153125590006845
17161023000,10.677424971937029,3.187768287474333
17161023100,10.672825106776181,3.167930987679672
17161023200,10.676015136892539,3.129573191649555
17161023300,10.679428711156742,3.099995741957563
17161023500,10.674687281314168,3.089227347022587
17161023600,10.662111099931554,3.067735648870637
17161023700,10.663195795345654,3.099462967145791
17161024000,10.655754507186858,3.398694736481862
17161024101,10.588428938398357,3.45286009650924
17161024102,10.617114598220397,3.262359081451061
17161024103,10.568385297741273,3.344026219712526
17161024200,10.637106840520192,3.248826343600274
17161024300,10.658771575633128,3.230781051334702
17161024400,10.663415764544832,3.128842010951403
17161024500,10.694671817932923,3.119398646817248
17163500400,11.714460414784394,3.495909880903491
17163500500,11.690995496919918,3.51910302532512
17163500900,11.721641623545517,3.472443056125941
17163501100,11.661222046543463,3.51009031211499
17163501200,11.675025902121834,3.516233902121834
17163501300,11.617115668720055,3.569845909650924
17163501400,11.508509183436003,3.625853372347707
17163501501,11.453469835728953,3.651082513347023
17163501502,11.376064107460643,3.693465926762491
17163501602,11.256323059548255,3.748607565366188
17163501603,11.228446671457906,3.751925202600958
17163501604,11.311791687200548,3.730437430527036
17163501605,11.34664946201232,3.694816493497604
17163501700,11.140798955509925,3.792018173853525
17163501800,11.140485402464066,3.800288516769336
17163501900,11.098399901437372,3.804763180698152
17163502100,11.760024237508556,3.493626453114305
17163502200,11.657390289527721,3.555354979466119
17163502300,11.69058714715948,3.514822034223135
17163502401,11.671074351813826,3.544098839835729
17163502404,11.570642132785763,3.605191494182067
17163502500,11.592116449007529,3.559951162217659
17163502602,11.581473090349076,3.557327594798084
17163502603,11.56913098973306,3.564028138945927
17163502700,11.577520026694045,3.550094925393566
17163502800,11.515550367556468,3.595402309377139
17163502900,11.560694635181383,3.587196967145791
17163503100,11.426954008898015,3.629960562628337
17163503202,11.303239864476386,3.6861169137577
17163503203,10.956807518138262,3.7841661321013
17163503211,11.420955856947296,3.648423284736482
17163503301,11.222457166324435,3.781580579055442
17163503304,11.085849912388775,3.79489390622861
17163503322,11.313625425051335,3.742976722792608
17163503323,11.20425885284052,3.787610097193703
17163503324,11.133651724161533,3.8082093045859
17163503332,11.052221184120465,3.825132658453114
17163503334,11.087025916495551,3.820690150581793
17163503402,11.372325014373717,3.706264340862423
17163503404,11.294815610540726,3.759071744695414
17163503411,11.497471495550992,3.656468740588638
17163503412,11.448023632443532,3.683397088980151
17163503413,11.301004017111567,3.758495576317591
17163503414,11.214277109514032,3.782781917180014
17163503800,10.936863378507871,3.908958924024641
17163503903,10.810703548939083,3.893398715947981
17163503904,10.980878416837782,3.877110142368241
17163503905,10.79871699247091,3.868507714579055
17163503906,10.794783866529774,3.863180542094456
17163504001,10.576441339493498,3.908558366872006
17163504002,10.423218681724846,3.989162362080767
17163504302,10.872039413415469,3.955920340862423
17163504303,10.755003710472279,3.980980613278576
17163504351,11.120109030800821,3.83960577412731
17163504352,11.080331531143053,3.855624305270363
17163504353,11.120651959616701,3.840704795345654
17163504354,11.135365334017796,3.819876923340178
17163504355,11.182398092402464,3.806635828884326
17163504500,11.76965098973306,3.434989760438056
17163504600,11.737732539356605,3.464359566735113
17165955100,10.260292370978782,4.406475220396988
17165955500,10.264956835728953,4.395233397672827
17165955600,10.250816633127994,4.398233078028747
17165955700,10.198524930184805,4.422133822039699
17165955800,10.193527490759754,4.407594524982888
17165955900,10.196610776865161,4.400068470225873
17165956000,10.172444364818617,4.400396402464066
17165956100,10.138377924024641,4.402776100616016
17165956200,10.130059778918549,4.373218932922656
17167000100,10.613794399041752,4.426568371663244
17167000201,10.606037468856947,4.430885367556468
17167000202,10.613889143737166,4.425291968514716
17167000300,10.623643023956194,4.422711570157426
17167000400,10.627515088980151,4.416256801505818
17167000501,10.645065269678302,4.448936021902806
17167000503,10.639909323750856,4.429850059548255
17167000504,10.645484048596852,4.441686757700205
17167000600,10.652977403148528,4.448041836413416
17167000700,10.64640833744011,4.435415549623546
17167000800,10.637682027378508,4.433520008213552
17167000900,10.633871204654346,4.42720017522245
17167001001,10.600642938398357,4.426242171800137
17167001003,10.589610520876112,4.430472922655715
17167001004,10.603931876796715,4.435057926762491
17167001100,10.617029219712526,4.435590341546886
17167001200,10.621930579739904,4.432282631074606
17167001300,10.626268769336071,4.4304264366872
17167001400,10.633857221765914,4.432345995893224
17167001500,10.640281892539357,4.444206586584531
17167001600,10.649600137577002,4.452649915126626
17167001700,10.637530466119096,4.440646199178645
17167001800,10.632417411362081,4.436625167693361
17167001900,10.624739359342916,4.430458201916496
17167002000,10.60160819028063,4.443068138261465
17167002100,10.616464277207392,4.439848710472279
17167002200,10.626659338809035,4.44813209650924
17167002300,10.642464235455168,4.447871190965092
17167002400,10.645921205338809,4.448820441478439
17167002500,10.64446068514716,4.456184312799452
17167002600,10.62895862696783,4.437418240930869
17167002700,10.628980700889802,4.447620057494866
17167002801,10.615969587268994,4.441875589322382
17167002802,10.618628136892539,4.451534922655715
17167002900,10.594562246406571,4.442881006160164
17167003000,10.617037657084189,4.458360455167693
17167003100,10.622251696098563,4.469713327173169
17167003201,10.570018531827515,4.443815691307324
17167003202,10.480551727583847,4.415059186858316
17167003203,10.541752598220397,4.439778349760438
17167003300,10.493210593429158,4.437737643394935
17167003400,10.41597378439425,4.38365884257358
17167003500,10.364312831622177,4.394037101300479
17167003601,10.511423583162218,4.441102989048597
17167003602,10.564470840520192,4.435536735112936
17167003603,10.525767769336071,4.42763373853525
17167003604,10.573404297741273,4.438534759753593
17167003700,10.575282354551677,4.468577445585216
17167003801,10.658686450376454,4.466583655030801
17167003802,10.625715475017112,4.489107429842574
17167003901,10.608543065708419,4.481643926078029
17167003902,10.625775610540726,4.486343830937714
17167004000,10.566665819301848,4.520580973305955
17169970100,9.995528786447639,4.339162911704312
17169970200,10.033099427104723,4.375315962354552
17169970300,10.084200515400411,4.398242156057495
17171970600,10.084556299110198,4.363704221081451
17171970700,10.113944367556468,4.320363939767283
17173959100,10.486696371663244,4.554146137577002
17173959200,10.459954453114305,4.560074900068446
17173959300,10.480017578370979,4.572455559206023
17173959400,10.520283321697468,4.591585908281999
17173959500,10.54900986036961,4.606956438740589
17173959600,10.41431416495551,4.537485144421629
17175951400,10.410520526351814,4.216906947980835
17175951500,10.422640971252567,4.291026273100616
17177000100,10.003901628336756,3.964584718001369
17177000200,9.95085737303217,3.922041494182067
17177000300,9.869778427789186,3.87464782477755
17177000400,9.964341796030116,3.852756308692676
17177000500,10.0347501724846,3.920209606433949
17177000600,10.091579412731006,3.988665606433949
17177000700,10.082016248459959,3.970852858316222
17177000800,10.061152171115674,3.956462238877481
17177000900,10.039805136892539,3.939515177960301
17177001000,10.053750856262834,3.939700197125257
17177001100,10.061249303216975,3.95315340862423
17177001200,10.070954811088296,3.956507790554415
17177001300,10.076298472963724,3.956279622861054
17179020100,11.019175374401095,4.559055951403148
17179020301,11.01273205338809,4.59048941615332
17179020302,11.017528239561944,4.603348145790554
17179020400,11.020349594798084,4.590725557837098
17179020500,11.003009341546886,4.606913137577002
17179020600,10.97544912183436,4.622577837097878
17179020700,11.004629377823409,4.619737725530459
17179020800,10.968759028062971,4.620297225188227
17179020900,10.891491758384668,4.597423942505134
17179021000,10.922668959616701,4.60748226146475
17179021101,10.966012885010267,4.615126277207392
17179021102,10.899686505817933,4.610010259411362
17179021201,10.940607777549624,4.56536623340178
17179021202,11.006288206707734,4.574353065023956
17179021203,10.979003833675565,4.578842210814511
17179021500,10.973566742642026,4.617124325119781
17179021603,10.921985915126626,4.597428165639973
17179021604,10.922802887748118,4.600296971937029
17179021605,10.912941678986995,4.605958671457906
17179021606,10.869598739219712,4.60120194661191
17179021701,10.744470295003422,4.569820107460643
17179021702,10.819986877481177,4.603442281998631
17179021801,10.793170848733744,4.58130665229295
17179021802,10.572784765913758,4.514631686516085
17179021900,10.598167429842574,4.550586399726215
17179022000,10.597065579739904,4.552771873374401
17179022100,10.824411216290212,4.572211136892539
17179022200,10.918834770020534,4.589212097193703
17179022300,10.888508493497604,4.572394991786448
17179022400,10.972853422313484,4.588087468856947
17181950100,10.104041463381246,4.480322313483915
17181950200,10.131403952087611,4.5066811724846
17181950300,10.116541765913758,4.512310271731691
17181950400,10.105920951403148,4.497097655715264
17181950500,10.104423523613963,4.503018267624914
17183000100,10.683717653661875,4.438920737850787
17183000200,10.682153559890486,4.43528388843258
17183000300,10.685067600958248,4.432159545516769
17183000400,10.678850872689938,4.41817544421629
17183000500,10.662192988364134,4.424964930184805
17183000600,10.670894301848049,4.443117713894593
17183000700,10.646172238193018,4.433259873374401
17183000800,10.66788401779603,4.446656263518138
17183000900,10.675800286105407,4.435375535934292
17183001200,10.634235694045174,4.433189889117043
17183001300,10.624243296372348,4.43214024366872
17183010100,10.407263177960301,4.40941580698152
17183010200,10.423649444900753,4.397160801505818
17183010300,10.504202479123888,4.425445040383299
17183010400,10.597459144421629,4.40487601779603
17183010500,10.697521802874743,4.415997290212183
17183010600,10.649246244353183,4.402944794661191
17183010701,10.666161518822724,4.431667555099247
17183010702,10.629497901437372,4.436829039698836
17183010800,10.565241850102669,4.430787772758385
17183010900,10.557631046543463,4.405642544147844
17183011000,10.62269206844627,4.387497090349076
17183011100,10.62444236550308,4.36185357357974
17183011200,10.69882527926078,4.421140874058864
17185957200,10.808599650239562,4.490348802874743
17185957300,10.878191911704312,4.488996960301164
17185957400,10.918349263518138,4.486240357289528
17185957500,10.898192026009582,4.471481037645448
17187870100,10.366289387405886,4.041788561259411
17187870200,10.280723841204654,4.243042943874059
17187870300,10.405984924024641,4.117874125941136
17187870400,10.381287461327858,4.089743978097194
17187870500,10.370321640657084,4.104502064339494
17189950100,10.420828192334018,4.349987011635866
17189950200,10.397341555099247,4.153722899383984
17189950300,10.350572841204654,4.2846347816564
17189950400,10.269724639288159,4.265543826830938
17191954900,10.520224271731691,4.509081318959617
17191955000,10.404148017111567,4.509366725530459
17191955100,10.473079546885695,4.495297917180014
17191955200,10.464320502395619,4.490728910335387
17191955300,10.38664473100616,4.461730300479124
17193958000,10.501602939767283,4.400461394934976
17193958100,10.510533926078029,4.402802917180014
17193958200,10.606047121149897,4.40978859137577
17193958300,10.429395084188912,4.416020428473648
17193958400,10.449755941136208,4.380922545516769
17195000100,10.371811887063655,3.806990559206023
17195000200,10.342609940451745,3.532870123203285
17195000300,10.420931511293634,3.5211347816564
17195000400,10.42455800752909,3.21600472347707
17195000500,10.406452281998631,3.086331338809035
17195000600,10.471433145790554,3.460608097878166
17195000700,10.439927103353867,3.651918319644079
17195000800,10.378695153319644,3.875175589322382
17195000900,10.415340367556468,3.923255678302532
17195001000,10.418821325804244,3.880245082135524
17195001100,10.429206073921971,3.921016620123203
17195001200,10.430523910335387,3.941285523613963
17195001300,10.438965610540726,3.957598414784394
17195001400,10.448286074606434,3.984541980150582
17195001500,10.440897016427105,3.944250930869268
17195001600,10.428991432580424,3.912586445585216
17195001700,10.424343197125257,3.904183255989049
17195001800,10.413781803559206,3.948136329226557
17197880105,11.723671417522245,4.346324040383299
17197880106,11.763409865845311,4.339217724161533
17197880107,11.793554227926078,4.331843514031485
17197880109,11.837151114989733,4.313918278576318
17197880111,11.82896946954141,4.33604870294319
17197880112,11.842320587953456,4.316803480492813
17197880113,11.820003470910335,4.339742700889802
17197880114,11.779456832306639,4.349455415468857
17197880115,11.779537191649555,4.338018084873374
17197880116,11.828549727583847,4.326654995208761
17197880117,11.855141360027378,4.314926700205339
17197880118,11.762697137577002,4.328857024640657
17197880119,11.684385988364134,4.345839403148528
17197880120,11.702953881587954,4.35433192881588
17197880121,11.689848137577002,4.357042847364819
17197880202,11.77504987816564,4.35069434770705
17197880203,11.706033841889117,4.358573056125941
17197880204,11.654861178644764,4.368664453114305
17197880303,11.61026076659822,4.355514518138262
17197880304,11.653579158795346,4.351519159479808
17197880305,11.613715434633812,4.360797972621492
17197880306,11.633250033538672,4.363288479123888
17197880307,11.583703520876112,4.364038292950034
17197880308,11.579158866529774,4.365993354551677
17197880309,11.576998087611225,4.369819316221766
17197880310,11.503694533880904,4.385359334702259
17197880312,11.536268494182067,4.376599405886379
17197880313,11.47826629705681,4.367322138261465
17197880314,11.453979970568104,4.382560428473648
17197880404,11.425025767282683,4.387131171800137
17197880408,11.582904472963724,4.372796539356605
17197880410,11.551524854893908,4.37641309650924
17197880411,11.509306724845996,4.381341559206023
17197880412,11.471725772073922,4.371054793292266
17197880414,11.44500894934976,4.384952165639973
17197880415,11.489884544832307,4.369399631074606
17197880416,11.400888258726899,4.382350391512663
17197880417,11.457587951403148,4.384027062970568
17197880418,11.368191632443532,4.382848273785079
17197880419,11.361013815879535,4.389807076659822
17197880420,11.317104133470226,4.389112248459959
17197880421,11.401499875427789,4.395655970568104
17197880502,11.709083659137577,4.339596647501711
17197880503,11.608073502395619,4.369264617385352
17197880505,11.66167032238193,4.353766953456537
17197880507,11.592313901437372,4.366803916495551
17197880601,11.655395283367556,4.347279290212183
17197880602,11.641801032854209,4.34832307871321
17197880701,11.620438237508556,4.347565447638604
17197880702,11.585018472963724,4.346334928131417
17197880901,11.516285399726215,4.366360632443532
17197880903,11.505197821355236,4.35998359890486
17197880905,11.524232278576318,4.350601019849418
17197881001,11.758177863791923,4.321211110198494
17197881002,11.788917762491444,4.30898648733744
17197881005,11.831168922655715,4.297816058179329
17197881006,11.865453770704997,4.283221092402464
17197881007,11.722726362080767,4.306487933607118
17197881009,11.640711152635181,4.338083780971937
17197881010,11.652419679671458,4.322348707049966
17197881011,11.836729548939083,4.292760163586584
17197881012,11.797350818617385,4.299033097193703
17197881105,11.592231052703628,4.312480039698836
17197881107,11.534122668035592,4.322748321013005
17197881108,11.548113362080767,4.333273613278576
17197881109,11.373824041067762,4.32625178439425
17197881111,11.490154318275154,4.324132084188912
17197881112,11.433197404517454,4.330962342915811
17197881113,11.441707496919918,4.316470299110198
17197881115,11.507045875427789,4.322463809034908
17197881116,11.51402646201232,4.311717173169062
17197881200,11.542370651608487,4.343523176591376
17197881301,11.511095663244353,4.34077404312115
17197881302,11.502049219028063,4.339643574264203
17197881401,11.501273850102669,4.344187242299795
17197881402,11.488251422313484,4.353042770704997
17197881500,11.460769839151266,4.348095266255989
17197881601,11.417355960301164,4.342407317590691
17197881603,11.438516448323066,4.357503549623546
17197881604,11.456470665297741,4.357472280629706
17197881700,11.451110908281999,4.347317976728268
17197881800,11.47544889596167,4.341933986995209
17197881900,11.465106066392882,4.346119590006845
17197882000,11.456301214921287,4.339950722792608
17197882100,11.48619050513347,4.339104033538672
17197882200,11.50843297467488,4.344314620123203
17197882300,11.489109761122519,4.347942199863108
17197882400,11.453385433264887,4.339666109514032
17197882500,11.435633135523614,4.341978178644764
17197882601,11.4107472183436,4.343549221765914
17197882602,11.428405620807666,4.345279496919918
17197882701,11.436257982888433,4.34664323613963
17197882702,11.450791352498289,4.349540617385352
17197882801,11.408352527720739,4.34566325119781
17197882802,11.39314272073922,4.351370823408624
17197882900,11.367096741273101,4.35026425393566
17197883000,11.434148889117043,4.343048575633128
17197883100,11.359731130047912,4.345697381930185
17197883206,11.396005245722108,4.36152384257358
17197883208,11.419604751540041,4.364580523613963
17197883209,11.405594086926762,4.366810980150582
17197883210,11.370042599589322,4.370637249144422
17197883211,11.294997170431212,4.371500808350445
17197883212,11.232172212183436,4.390962713894593
17197883213,11.280767703627652,4.38661988569473
17197883214,11.366685592060233,4.380997997946612
17197883215,11.308587061601643,4.395308414099932
17197883216,11.323675754962355,4.379192737850787
17197883303,11.124649692676249,4.393285314168378
17197883304,10.989765658453114,4.333307219028063
17197883305,11.154865201232033,4.388482251882272
17197883306,11.097610117727584,4.372944551676934
17197883307,11.193658631759069,4.354053920602327
17197883401,10.857539465434634,4.345794033538672
17197883402,10.883621002737851,4.359084836413416
17197883504,11.539189466803559,4.289850413415469
17197883505,11.584234615331964,4.284549607118412
17197883507,11.328391070499658,4.301766193702943
17197883509,11.178691856262834,4.320330412731006
17197883510,11.297317575633128,4.316966362080767
17197883511,11.70599346201232,4.271707143737166
17197883513,11.680370935660506,4.283115900752909
17197883514,11.755737830937714,4.275266410677618
17197883515,11.558310566735113,4.302248708418891
17197883516,11.478991445585216,4.293852017111567
17197883517,11.589519141683778,4.300432965776865
17197883519,11.678510796030116,4.303570549623546
17197883521,11.637154768651608,4.297574676933607
17197883522,11.670713747433265,4.290412082135524
17197883602,11.391125054072553,4.266945399726215
17197883603,11.56629904312115,4.238907143052704
17197883605,11.511986577002053,4.243368919917864
17197883606,11.483212300479124,4.251620620807666
17197883700,11.65100344421629,4.213617079397673
17197883803,11.624014877481177,4.23086013963039
17197883804,11.581843893908282,4.223974579739904
17197883806,11.572890838466804,4.180488021218344
17197883808,11.433446151950719,4.210433831622177
17197883809,11.420297688569473,4.23418599247091
17197883810,11.661575032854209,4.19582712936345
17197883811,11.527589305954826,4.202800371663244
17197883902,11.200799813826146,4.246760283367556
17197883903,11.165927279945243,4.287659863791923
17197883904,11.105615062970568,4.3144692183436
17197884003,10.781981454483231,4.359249223134839
17197884004,10.727859889801506,4.345571958247776
17197884005,10.757518108829569,4.337587237508556
17197884006,10.83401180698152,4.344308503080082
17197884101,11.639789269678302,4.359613826830938
17197884103,11.579598605065024,4.361624971252567
17197980000,11.026491288158795,4.345573301163587
17197980100,11.558226561259411,4.357557265571526
17199020100,10.374058509924709,4.532245703627652
17199020201,10.338684097193703,4.528241422313484
17199020202,10.327302330595482,4.530408279945243
17199020300,10.351347782340862,4.527468257357974
17199020400,10.363317177275838,4.525376722108145
17199020500,10.357794861054073,4.520991315537303
17199020600,10.383611787816564,4.527087947980835
17199020700,10.35274781724846,4.508494449007529
17199020800,10.193580450376454,4.450722521560575
17199020900,10.285935341546886,4.486950717316906
17199021000,10.31339962422998,4.507911478439425
17199021100,10.265479158110883,4.489007485284052
17199021200,10.284658772073922,4.50633019301848
17199021300,10.216668091033539,4.474786639972622
17199021400,10.222971345653662,4.494851203285421
17201000101,10.366929160848734,4.121928674880219
17201000103,10.388987713894593,4.130420491444216
17201000104,10.398679798767967,4.128750904175222
17201000105,10.384754325119781,4.132799039014374
17201000200,10.399646510609172,4.12780812936345
17201000300,10.406444549623546,4.135207221765914
17201000401,10.42577370568104,4.131975198494182
17201000402,10.435382970568104,4.138508394934976
17201000403,10.423141181382615,4.139957260780288
17201000501,10.444983579055442,4.162337103353867
17201000502,10.454224697467488,4.164834143052704
17201000504,10.439931273100616,4.157968999315537
17201000506,10.458529735797399,4.167109759753593
17201000507,10.455059722792608,4.161539013004791
17201000510,10.451233305954826,4.174979531827515
17201000511,10.464431353867214,4.177593093086927
17201000512,10.465088798767967,4.179287927446954
17201000513,10.457482523613963,4.17651037303217
17201000514,10.464568722108145,4.183040414099932
17201000600,10.434434516769336,4.146402065023956
17201000700,10.409889258042437,4.115645878850103
17201000800,10.394273791238878,4.107488623545517
17201001000,10.377948595482546,4.08651513963039
17201001100,10.387132798767967,4.103605893908282
17201001200,10.39334447980835,4.110669941820671
17201001300,10.398061405886379,4.111480135523614
17201001400,10.408443606433949,4.125724969199179
17201001500,10.429089199863108,4.13889443394935
17201001600,10.42860979945243,4.14444607118412
17201001700,10.420214262833676,4.136839757700205
17201001800,10.40098732991102,4.122232578370979
17201001900,10.404521014373717,4.131915532511978
17201002000,10.394437939767283,4.125407297741273
17201002100,10.37544677412731,4.114770567419576
17201002200,10.352256712525667,4.099899852156058
17201002301,10.320969393566051,4.088952333333333
17201002302,10.310496587953456,4.078152047912389
17201002400,10.332682926762491,4.086234371663244
17201002500,10.353615407939767,4.084304993839836
17201002600,10.368839457905544,4.092195589322382
17201002700,10.359292314168378,4.089963464065708
17201002800,10.370730433264887,4.094205955509925
17201002900,10.3768857816564,4.091916618069815
17201003000,10.398372414784394,4.112008606433949
17201003100,10.383308535249829,4.101706177960301
17201003200,10.357846514031485,4.089432893223819
17201003300,10.367028336071184,4.099511083504449
17201003400,10.381607381245722,4.102939590691307
17201003500,10.397928648870637,4.114377300479124
17201003601,10.320559045174538,4.090246489390828
17201003602,10.351877366187543,4.10298739835729
17201003604,10.370423735112936,4.104603969199179
17201003605,10.367931577686516,4.113955523613963
17201003606,10.380019934976044,4.11271262422998
17201003705,10.443128973990418,4.189263837097878
17201003706,10.417155482546201,4.157821977412731
17201003707,10.43751411156742,4.171746853524983
17201003708,10.425213711156742,4.149255431211499
17201003709,10.441750881587954,4.162260414784394
17201003710,10.453095629705681,4.180334739904175
17201003711,10.335831104722793,4.121077852156058
17201003801,10.291715102669404,4.08720312936345
17201003805,10.366926333333333,4.139848678986995
17201003806,10.384006979466119,4.154160392881588
17201003807,10.422080587268994,4.167926703627652
17201003808,10.399742550992471,4.142423544832307
17201003809,10.426321089664613,4.154530813826146
17201003901,10.231734898015058,4.073900987679672
17201003903,10.340081315537303,4.137928733059548
17201003904,10.336850312799452,4.122491771389459
17201004001,10.313285422313484,4.116619542778918
17201004002,10.28267422587269,4.092296213552361
17201004003,10.251263505817933,4.080138008898015
17201004100,10.058241629021218,3.995725699520876
17201004200,10.226598169062286,4.061250789869952
17201004300,10.136979665297741,4.030031273100616
17201980000,10.366244239561944,4.130844247775496
17203030100,10.622922919917864,4.513893335386721
17203030200,10.499477347022587,4.510913849418207
17203030300,10.580256460643395,4.522575347022587
17203030400,10.758597524298426,4.54721635797399
17203030501,10.867334171115674,4.556191568788501
17203030502,10.847494017111567,4.536491963039014
17203030601,10.694284709103354,4.549787224503764
17203030602,10.663142377138946,4.536991301163587
17203030700,10.560101210130048,4.522364736481862
18001030100,11.279831396988364,4.59916699247091
18001030200,11.297494091718001,4.629480777549624
18001030300,11.307470610540726,4.659507916495551
18001030400,11.312269889117043,4.656083937713895
18001030500,11.315678686516085,4.675478587953456
18001030600,11.302402273100616,4.675095627652293
18001030700,11.311193338124572,4.689035194387406
18003000100,11.282676057494866,4.316013806297057
18003000300,11.29158373853525,4.309592260780288
18003000400,11.295786347022587,4.302132350444901
18003000500,11.279679707734428,4.321441293634497
18003000600,11.269799669404518,4.326923361396304
18003000701,11.269448535934292,4.322581336755647
18003000704,11.257853221081451,4.336305929500342
18003000800,11.264480986310746,4.339821258726899
18003000900,11.261421405886379,4.335079369609856
18003001000,11.263335176591376,4.344584300479124
18003001100,11.276018248459959,4.336998802190281
18003001200,11.28526341615332,4.335094452429843
18003001300,11.285071395619439,4.322869726899384
18003001600,11.292009080082136,4.336548202600958
18003001700,11.29109515468857,4.334839796030116
18003002000,11.280652285420945,4.338272090349076
18003002100,11.277399193702943,4.34679479945243
18003002200,11.258799645448323,4.355895988364134
18003002300,11.277764786447639,4.370425204654346
18003002500,11.271784642710472,4.358409391512663
18003002600,11.277199032854209,4.351987435318275
18003002800,11.282007360711841,4.343147998631075
18003002900,11.291354501711157,4.35424972073922
18003003000,11.286505411362081,4.358021037645448
18003003100,11.275716682409309,4.365943783709788
18003003200,11.27308960164271,4.371334585215606
18003003301,11.244898658453114,4.336488582477755
18003003304,11.26508020807666,4.331547251882272
18003003400,11.287645466803559,4.304636193702943
18003003500,11.299421491444216,4.294996643394935
18003003600,11.269756431211499,4.395852372347707
18003003700,11.255294478439425,4.374351242299795
18003003800,11.256661260780288,4.399516023956194
18003003901,11.260782169746749,4.38479307871321
18003003902,11.26375546954141,4.39884721560575
18003004000,11.28144658384668,4.366661392197125
18003004101,11.242590006160164,4.341785901437372
18003004103,11.26057918275154,4.32689116495551
18003004300,11.299382800821355,4.320112301163587
18003004400,11.284663745379877,4.340266288158795
18003010100,11.029783195756331,4.50365232991102
18003010201,11.118617262149213,4.430592683778234
18003010202,11.099953303216975,4.448543494182067
18003010304,11.180555119780972,4.391823925393566
18003010305,11.11976888569473,4.418425177275838
18003010306,11.102084998631075,4.404164185489391
18003010307,11.162618495550992,4.38784468788501
18003010308,11.169749303216975,4.383828528405202
18003010400,11.100916612594114,4.388433009582478
18003010500,11.165616997262149,4.363785798083504
18003010601,11.237600631759069,4.353726234770705
18003010602,11.195116971252567,4.367263082819986
18003010603,11.19798526146475,4.366549308692676
18003010604,11.222890754962355,4.344025082819986
18003010705,11.224167077344285,4.35619837303217
18003010706,11.22598684257358,4.350609182067077
18003010707,11.202266541409993,4.373795206023272
18003010803,11.26217036550308,4.35443358110883
18003010804,11.253950980150582,4.36219612183436
18003010807,11.224096909650924,4.37145618275154
18003010808,11.225992334017796,4.385680468172485
18003010809,11.244985041067762,4.372339366187543
18003010811,11.292160321697468,4.342363505817933
18003010812,11.253490227926078,4.381630440793977
18003010813,11.217122864476386,4.371819317590691
18003010815,11.195669682409309,4.402952743326489
18003010816,11.221586167693361,4.384226074606434
18003010817,11.284233610540726,4.335051419575633
18003010819,11.260060311430527,4.33692324366872
18003010821,11.289070502395619,4.317876525667351
18003010900,11.139046444900753,4.486250722792608
18003011000,11.187929861054073,4.507805735797399
18003011100,11.256375028062971,4.403471092402464
18003011201,11.280602935660506,4.362220399041752
18003011202,11.273122710472279,4.383432535934292
18003011204,11.255583110882957,4.4213352183436
18003011205,11.254610442847365,4.406499889117043
18003011302,11.277985764544832,4.388255170431212
18003011303,11.275554136892539,4.375713611909651
18003011304,11.266921969199179,4.41628065229295
18003011501,11.245851930184805,4.359080639972622
18003011502,11.24318745174538,4.384975393566051
18003011603,11.206627943189596,4.37604106844627
18003011604,11.201350655715264,4.383868611225188
18003011605,11.208468746748802,4.392458112251882
18003011606,11.216367684462697,4.378071092402464
18003011607,11.211793885010267,4.371623716632444
18003011608,11.17112180698152,4.369304347022587
18003011609,11.173331357289528,4.390174125256674
18003011701,11.177193301848049,4.432685670773443
18003011702,11.244039153319644,4.446923400410678
18003011801,11.260698544147844,4.47415131211499
18003011802,11.222756466119096,4.527407042436687
18003011900,11.18556811156742,4.576921783709788
18003980001,11.271041325119781,4.320609793976728
18003980002,11.242969066392882,4.341056661875428
18005010100,11.04144648733744,4.113211590691307
18005010200,11.04964404312115,4.101598875427789
18005010300,11.05085653045859,4.089490742642026
18005010400,11.060752449691992,4.103977550308008
18005010500,11.072821742642026,4.119388134154689
18005010600,11.078078370294319,4.133608586584531
18005010700,11.061798321697468,4.129921138261465
18005010800,11.048702531827515,4.132256260780288
18005010900,10.95871340862423,4.071467409308693
18005011000,10.897213063655031,4.047374417522245
18005011100,11.003674418206708,4.035668523613963
18005011200,11.084699694729637,4.159091563997262
18005011300,11.061911461327858,4.198940307323751
18005011400,11.034742689253936,4.17307780698152
18005011500,10.904554097878166,4.105559100616016
18007100100,10.591761533196441,4.279036534565366
18007100200,10.558952735797399,4.347555032854209
18007100300,10.483015952087611,4.362474672826831
18009975100,11.000015629705681,4.420851231348392
18009975200,10.982205595482546,4.362727711156742
18009975300,10.97241234017796,4.332292908966461
18009975400,10.982053364134155,4.354130672826831
18011810100,11.046010735112936,3.971509457905544
18011810200,10.901054258726899,4.008109114989733
18011810300,11.081564455852156,3.936290778234086
18011810400,11.048514616016427,3.94179035523614
18011810500,11.086822503764545,3.932966607802875
18011810601,11.289387664613279,3.854732918548939
18011810603,11.46428042642026,3.785696461327858
18011810604,11.471260212867899,3.789560170431212
18011810605,11.55701464476386,3.740917385352498
18011810700,11.035918648186174,3.914073108145106
18013974600,10.803513295003422,3.915295789185489
18013974700,10.625875288843258,3.83181706091718
18013974800,10.680540683778234,3.906596919233402
18013974900,10.528156144421629,3.881344930869268
18015959300,11.100666476386037,4.356424758384668
18015959400,11.058470209445585,4.36813041889117
18015959500,11.011713167693361,4.322654607118412
18015959600,11.04441105065024,4.273607253251198
18015959700,11.050953265571526,4.239291997946612
18015959800,11.090132391512663,4.275278856262834
18015959900,11.078631033538672,4.248787952087611
18017950900,10.987972701574264,4.439810023956194
18017951000,11.001741472279261,4.457778623545517
18017951100,11.01562685284052,4.44926612183436
18017951200,11.065952703627652,4.439096119780972
18017951300,11.067847794661191,4.432413983572895
18017951400,11.079563496235455,4.432786220396988
18017951500,11.075069565366188,4.43273894661191
18017951600,11.076445815879535,4.424982867214237
18017951700,11.071397672142368,4.420473282683094
18017951800,11.084720794661191,4.397855183436003
18017951900,11.101770590691307,4.327352407939767
18019050100,11.786892980150582,3.381764049281314
18019050200,11.761143865845311,3.391743186858316
18019050303,11.749328247775496,3.42187138329911
18019050304,11.714480707734428,3.464165151266256
18019050305,11.746762076659822,3.444761134839151
18019050306,11.768858778234086,3.409416718685832
18019050401,11.733763471594798,3.400779769336071
18019050403,11.693078998631075,3.437226080082136
18019050404,11.683227436002738,3.426986291581109
18019050501,11.633750543463381,3.449437663928816
18019050503,11.63398429431896,3.466305739219712
18019050504,11.628610209445585,3.480988786447639
18019050603,11.669684486652977,3.500300303216975
18019050604,11.710103906913073,3.496343898015058
18019050605,11.582076853524983,3.50905084257358
18019050606,11.701345438056126,3.453827241615332
18019050701,11.483504305270363,3.562774047912389
18019050703,11.437237087611225,3.566857626283368
18019050704,11.340957916495551,3.600850523613963
18019050801,11.058757286105407,3.718436175906913
18019050803,11.005760904859685,3.767011941136208
18019050804,10.959493415468857,3.833890081451061
18019050902,11.104815275838467,3.736791412731006
18019050903,11.267196787816564,3.652988052703628
18019050904,11.14995032991102,3.704612618754278
18019051000,10.86736143394935,3.882635029431896
18021040100,10.794476652977413,4.094755459958932
18021040200,10.779418214921287,4.093400900068446
18021040300,10.772395650239562,4.103402438056126
18021040400,10.820817033538672,4.099250765913758
18021040500,10.731615630390144,4.08617824366872
18021040600,10.705699306639288,4.125456249828884
18023950100,11.048098235455168,4.083221364134155
18023950200,11.027350471594798,4.145421470225873
18023950300,10.974991884325804,4.129671988364134
18023950400,10.956676995893224,4.081562216290212
18023950500,10.998558373716632,4.110747256673511
18023950600,11.005162004106776,4.111917734428474
18023950700,11.002750750855578,4.096668639288159
18023950800,10.999142741957563,4.103422455167693
18025951900,10.728776711841205,3.974562780287474
18025952000,10.752079936344969,4.084818546201232
18025952100,10.73537974606434,4.025134570841889
18027954300,10.908001704312115,4.233463960985626
18027954400,11.157761518138262,4.412861333333333
18027954500,11.139388097878166,4.353353877481177
18027954600,11.279896954825462,4.44620600752909
18027954700,11.261895873374401,4.472427229295003
18027954800,11.270065625598905,4.461106809034908
18027954900,11.26179632991102,4.456290484599589
18029080101,11.064700076659822,4.432290075290897
18029080103,11.42170214715948,4.505750382614648
18029080104,11.319749153319644,4.497727206023272
18029080201,11.116144816563997,4.441614403148528
18029080202,11.289377761806982,4.486531769336071
18029080300,11.356742091033539,4.511633260780288
18029080400,11.349591917180014,4.507545834360027
18029080500,11.200430785763176,4.463346380561259
18029080600,11.004997752908966,4.40139147980835
18029080700,11.027601284736482,4.416640995208761
18031969000,10.956725841204654,4.301557453798768
18031969100,11.026170110198494,4.234880093086927
18031969200,11.007420763175907,4.267812826146475
18031969300,10.982351915126626,4.288424700205339
18031969400,10.930225242299795,4.30646960164271
18031969500,10.954368143052704,4.255055197125257
18033020100,10.702995506502396,4.494236899383984
18033020200,10.837413742642026,4.488456282683094
18033020300,10.771902242984257,4.50036778439425
18033020400,10.866055548939083,4.491027260095825
18033020500,10.894183,4.481963991101985
18033020601,10.948380896646133,4.460814745379877
18033020602,10.934204449007529,4.471849990417522
18033020700,11.013442731690623,4.453191087611225
18033020800,10.911015092402464,4.500814622861054
18035000300,10.902289927446954,4.043929031485284
18035000400,10.905040993155373,4.031548947980835
18035000500,10.911752140999316,4.013080941136208
18035000600,10.911678175906913,4.022122524982888
18035000700,10.915389352498289,4.023618438056126
18035000800,10.92131827652293,4.017756967830253
18035000902,10.92371546954141,4.038777405201916
18035000903,10.938874403148528,4.053679334702259
18035000904,10.92804820054757,4.029811303901437
18035001000,10.922871889117043,4.040503290212183
18035001100,10.921075622861054,4.053355587268994
18035001200,10.91502532991102,4.067226510609172
18035001300,10.892845572210814,4.063552785078713
18035001400,10.885512034907598,4.050352691991786
18035001500,10.894367907597536,4.046574725530459
18035001600,10.896375879534565,4.026461616016427
18035001700,10.902648806297057,4.014848481861738
18035002000,10.91618973853525,4.09026794661191
18035002100,10.875438967830253,4.062798351813826
18035002200,10.851149499657769,4.146093692676249
18035002301,10.860967088295688,4.02463353045859
18035002302,10.913437180698152,3.922507449007529
18035002401,10.927532948665298,3.964214238193018
18035002402,10.947896989048597,3.996438724161533
18035002500,10.954425284736482,4.117555690622861
18035002601,10.95022106091718,4.140066271047228
18035002602,10.947708054757016,4.224931252566735
18035002700,10.949318179329227,4.270252128678987
18035002800,10.909175242299795,4.034691292265572
18035002900,10.933921546201232,4.059637689938398
18037953200,11.34252878439425,4.311368203969884
18037953300,11.345164465434634,4.267384082135524
18037953400,11.344356223819302,4.249237011635866
18037953500,11.257168238193018,4.239703406570842
18037953600,11.047925442847365,4.197624295687885
18037953700,11.322905724161533,4.26639325119781
18037953800,11.349176744010951,4.282196310061602
18039000100,11.217330542778918,4.373983118412046
18039000200,11.205864546885695,4.381079
18039000301,11.188577671457906,4.404574440109514
18039000302,11.192142290212183,4.395346596167009
18039000400,11.212666801505818,4.370577108145106
18039000501,11.240620719370294,4.340292846680356
18039000502,11.224555648870637,4.353500958932238
18039000600,11.197171995893224,4.356679876112252
18039000700,11.116927026009582,4.359347650924025
18039000801,11.084550511978097,4.452913725530459
18039000802,11.102670588637919,4.42165328678987
18039000900,11.139908353867214,4.434253527720739
18039001000,11.182182732375086,4.406100088980151
18039001100,11.174887266940452,4.365464874058864
18039001200,11.157151362765229,4.37997509650924
18039001300,11.229955519507187,4.303036273100616
18039001400,11.244402022587269,4.220813146475017
18039001501,11.217789776865161,4.222904796030116
18039001502,11.159999985626283,4.2387929137577
18039001601,11.200913698836413,4.247532277891855
18039001602,11.177575983572895,4.253037636550308
18039001701,11.132924716632444,4.270940001368925
18039001702,11.206862455167693,4.25605742642026
18039001801,11.140291969883641,4.290186422997947
18039001802,11.180904580424367,4.281731229979466
18039001901,11.244922559890486,4.237055674195756
18039001902,11.22112849486653,4.280782672142368
18039002000,11.251798474332649,4.287964943874059
18039002101,11.267933186858316,4.246768047912389
18039002102,11.268276481861738,4.218602492813142
18039002200,11.265496657084189,4.220547650924025
18039002300,11.259628867214237,4.211598521560575
18039002400,11.241511454483231,4.221059968514716
18039002600,11.25692401026694,4.211575024640657
18039002700,11.24867870294319,4.221308972621492
18039002900,11.23710858384668,4.246204279945243
18041954000,10.85025358384668,4.337924787816564
18041954100,10.843434143052704,4.310662483915127
18041954200,10.843098151950719,4.252431078028747
18041954300,10.844988475701574,4.302743686516085
18041954400,10.842308617385352,4.306010307323751
18041954500,10.840153272416153,4.312382454483231
18041954600,10.834653882272416,4.291003395619439
18043070200,11.661875067077344,3.415861635181383
18043070301,11.621632004791239,3.44847067008898
18043070302,11.628974533196441,3.431745366872006
18043070400,11.642703032169747,3.412506822039699
18043070500,11.616043083504449,3.422404459958932
18043070600,11.571305270362765,3.44772944421629
18043070700,11.5869124770705,3.433901500342231
18043070801,11.541574107460643,3.45248247980835
18043070802,11.543647060232717,3.463129520876112
18043070901,11.562238805612594,3.474664596851472
18043070902,11.591420680355921,3.4449471724846
18043071003,11.311401622176591,3.584525209445585
18043071004,11.069255793976728,3.702940739219712
18043071005,11.50000681724846,3.529789071868583
18043071006,11.495421728952772,3.517222389459274
18043071007,11.427423536618754,3.54372023340178
18043071101,11.172097040383299,3.653218457221082
18043071103,11.336899459958932,3.56397424366872
18043071104,11.387946865160849,3.550201371663244
18043071200,11.46406126146475,3.526685805612594
18045957600,10.597184188227242,4.219093457221082
18045957700,10.57076679945243,4.245964023956194
18045957800,10.619485367556468,4.31304981724846
18045957900,10.621898970568104,4.222814253251198
18045958000,10.616335613963039,4.250638281998631
18047960100,10.902923995208761,4.344624470225873
18047969600,11.107247395619439,4.449409120465435
18047969700,10.987234410677618,4.412021955509925
18047969800,10.912387412046544,4.376770309377139
18047969900,10.841914733059548,4.320430001368925
18049953000,10.884496055441478,4.424290280629706
18049953100,10.856510455167693,4.424810615331964
18049953200,10.830731671457906,4.424278650239562
18049953300,10.846085240246407,4.435116725530459
18049953400,10.862562316906229,4.423802984941821
18049953500,10.919742804243669,4.418637115674196
18051050100,10.957418140314853,4.413751569472964
18051050200,11.218474649555099,4.356112388774812
18051050300,11.21529796440794,4.364482611225188
18051050401,11.066609272416153,4.451919072553046
18051050402,11.124126717316906,4.421496687200548
18051050501,11.120055013689254,4.427841419575633
18051050502,11.093694752908966,4.427773324435318
18053000100,10.997275802190281,4.338417673511294
18053000200,11.000370036960986,4.330362290896646
18053000400,10.998145367556468,4.344230110198494
18053000500,10.997382028747433,4.349054321013005
18053000600,10.99712434017796,4.332222691307324
18053000700,11.001725310061602,4.321874439425051
18053000800,11.001843592060233,4.308868816563997
18053000900,11.001150882956879,4.319122374401095
18053010100,11.005453446954141,4.348591176591376
18053010200,11.000545383983573,4.234237310746064
18053010300,10.972877697467488,4.218919802874743
18053010400,10.993615021902806,4.269884149212868
18053010500,10.990869978097194,4.296384310061602
18053010600,10.989923145790554,4.318283580424367
18053010700,10.963305713894593,4.268619984941821
18053010800,10.987367019849418,4.380073360027378
18055954701,10.531939809034908,3.986322572895277
18055954702,10.48853674880219,3.919835323066393
18055954800,10.583374183436003,4.015090333333333
18055954900,10.745680945242984,4.150929608487337
18055955000,10.744951368925394,4.179631106091718
18055955100,10.813861749486653,4.215463309377139
18055955200,10.809770792607803,4.20985234017796
18055955300,10.80504523340178,4.143659027378508
18055955400,10.632968950034223,4.031784258726899
18057110100,11.203634225188227,3.884733284736482
18057110201,11.171400830253251,3.961451234086242
18057110202,11.220388343600274,3.910580381245722
18057110300,11.215088861738535,3.922070568104038
18057110401,11.336639528405202,3.862368656399726
18057110403,11.453048671457906,3.805066559206023
18057110404,11.498665707734428,3.788536158110883
18057110505,11.310114890485968,3.850798518822724
18057110506,11.394886258726899,3.782053087611225
18057110507,11.391413270362765,3.827475739904175
18057110508,11.421942704312115,3.797341079397673
18057110509,11.321961565366188,3.848934643394935
18057110511,11.332695991786448,3.858370256673511
18057110512,11.302137475017112,3.872349010951403
18057110600,11.363885189596167,3.823501027378508
18057110700,11.391854476386037,3.803012379876797
18057110804,11.377205047912389,3.724370540041068
18057110805,11.537614125941136,3.685040708418891
18057110806,11.433709719370294,3.732066471594798
18057110807,11.558514119780972,3.689860580424367
18057110808,11.432566431895962,3.690463191649555
18057110809,11.506593207392197,3.733297097878166
18057110810,11.606479147843942,3.678463262149213
18057110811,11.630716587953456,3.684289301163587
18057110812,11.545706168377823,3.717904715263518
18057110903,11.518232498973306,3.776043596851472
18057110904,11.547814250513347,3.758772745379877
18057110905,11.580491390143737,3.758969872689938
18057110906,11.548469475701574,3.764099845995893
18057110907,11.555650631074606,3.748933569472964
18057110908,11.557086833675565,3.734472985626283
18057111001,11.603563516769336,3.730187158110883
18057111003,11.613207432580424,3.723964832306639
18057111004,11.652755431895962,3.691770678302532
18057111006,11.661744911019849,3.697531019849418
18057111007,11.612827462696783,3.724829910335387
18057111008,11.613496568788501,3.728299538672142
18057111101,11.662030228610541,3.675170726214921
18057111102,11.684383349760438,3.677633772758385
18059410100,11.137596689938398,3.875888117727584
18059410200,11.412739797399042,3.751416518822724
18059410300,11.334011953456537,3.866073275154004
18059410400,11.341372472963724,3.873682130732375
18059410500,11.311577439425051,3.896571323750856
18059410600,11.299702108829569,3.894903299794661
18059410700,11.195155854209446,3.953348271047228
18059410800,11.616373773442847,3.777418704996578
18059410900,11.538409177275838,3.745187549623546
18059411000,11.496650327173169,3.840497861738535
18061060100,10.86710265229295,3.862016231348392
18061060200,10.934683379192334,3.861778981519507
18061060300,10.882682360711841,3.90046306091718
18061060400,11.038172415468857,3.801323837782341
18061060500,11.151083438740589,3.70191027926078
18061060600,10.969141290896646,3.783855794661191
18063210102,11.524872180013689,3.730888969883641
18063210103,11.361719818617385,3.795361858316222
18063210104,11.481970570157426,3.748273481177276
18063210201,11.459850913073238,3.763239164271047
18063210202,11.498702750171116,3.749405472963724
18063210300,11.257731141683778,3.828924022587269
18063210400,10.954472865160849,3.907975449007529
18063210501,11.142944580424367,3.855638748117728
18063210502,11.15329695687885,3.854249789185489
18063210603,11.437487217659138,3.774181008898015
18063210604,11.634025147843942,3.699004325804244
18063210605,11.390241438740589,3.788264574948665
18063210606,11.574620900752909,3.724274350444901
18063210607,11.587507424366872,3.736429749486653
18063210608,11.498009697467488,3.781424621492129
18063210700,11.362963356605065,3.813097275154004
18063210801,11.476541595482546,3.776508216290212
18063210802,11.500421030800821,3.757504490075291
18063210900,11.44242050513347,3.77736837303217
18063211000,11.136049396303901,3.860691626283368
18063211100,10.928498137577002,3.922256871321013
18065975500,10.807073030800821,4.140655824093087
18065975600,10.796650976728268,4.096785106776181
18065975700,10.872596266940452,3.940425739219712
18065975800,10.890352291581109,3.866591000684463
18065975900,10.84201553798768,4.045981853524983
18065976000,10.82913511156742,4.057164789185489
18065976100,10.820402441478439,4.073901866529774
18065976300,10.831024496235455,4.071492069130732
18065976400,10.839096981519507,4.076449318275154
18065976500,10.824718714579055,4.089387120465435
18065976600,10.835168235455168,4.096965392197125
18065976700,10.966740532511978,4.009866857631759
18065976800,10.844122267624914,4.134194498288843
18067000200,11.137504008213552,4.184392654346338
18067000300,11.130315343600274,4.202388228610541
18067000400,11.132706586584531,4.203825387405886
18067000500,11.134088599589322,4.183426541409993
18067000600,11.129916321013005,4.202859971937029
18067000700,11.125730691307324,4.190468700205339
18067000800,11.129517311430527,4.179623358658453
18067000900,11.137133438056126,4.176686456536619
18067001000,11.135689207392197,4.172608402464066
18067001100,11.134373074606434,4.168601312799452
18067001200,11.135743186858316,4.169141611909651
18067001300,11.138405189596167,4.178644720054757
18067001400,11.144549203969884,4.17292805338809
18067001500,11.144215531143053,4.164936791238878
18067010100,11.075940848733744,4.242570678302532
18067010200,11.131059969883641,4.201149231348392
18067010300,11.126140943874059,4.241903192334018
18067010400,11.095305774811773,4.243977251882272
18067010500,11.104372199178645,4.181436924709103
18067010600,11.130281017111567,4.168481965776865
18069961300,11.061988324435318,4.390505960985626
18069961400,11.042791214236824,4.414922901437372
18069961500,11.047017280629706,4.41991772073922
18069961600,11.06213411430527,4.423405177275838
18069961700,11.074782692676249,4.450976073921971
18069961800,11.041972850102669,4.436242989048597
18069961900,11.028021204654346,4.424096402464066
18069962000,11.007479412731006,4.423762976728268
18069962100,10.987340744010951,4.423321894592745
18071967500,10.938499919917864,4.169188968514716
18071967600,10.967529237508556,4.182837656399726
18071967700,10.924592097193703,4.151983334702259
18071967800,10.936894098562628,4.162811635181383
18071967901,10.929768836413416,4.164483911704312
18071967902,10.915702920602327,4.15407165982204
18071968000,10.628061400410678,4.015619660506502
18071968100,10.762779063655031,4.082069103353867
18071968200,10.662347884325804,4.035896239561944
18071968300,10.837628254620123,4.095526718001369
18073100400,11.008132166324435,4.371327932238193
18073100800,10.951389611909651,4.399887466119096
18073100901,11.071518681724846,4.34778305338809
18073100902,11.07494633744011,4.355346073237509
18073101000,10.95338684257358,4.411642563997262
18073101100,10.824952592744695,4.421458526351814
18073101200,10.869609148528405,4.429229830937714
18073101300,10.752549430527036,4.397523570841889
18075962700,11.099705305954826,4.525138963039014
18075962800,11.279816833675565,4.684442804928131
18075962900,11.227060690622861,4.635853996577686
18075963000,11.20274367761807,4.61555421560575
18075963100,11.173204997262149,4.58674159890486
18075963200,11.035251658453114,4.448184850787132
18075963300,11.007258715947981,4.401398508555784
18077966000,10.754495232717317,4.230679902121834
18077966100,10.773525338124572,4.165992661875428
18077966200,10.802682257357974,4.054651986995209
18077966300,10.780265133470226,4.090217527720739
18077966400,10.76261964476386,4.142437201232033
18077966500,10.754955511293634,4.170438338124572
18077966600,10.749835725530459,4.148118883641342
18079960200,10.825977351129363,4.24505970294319
18079960301,10.949713880903491,4.224215173169062
18079960302,10.927802392197125,4.232872176591376
18079960400,10.913695947980835,4.19415423340178
18079960500,10.883664054757016,4.224134248459959
18079960600,10.85152516495551,4.161400313483915
18081610100,11.506137142368241,3.865859625598905
18081610201,11.664013240246407,3.78375084257358
18081610202,11.587524880903491,3.822945146475017
18081610300,11.637466850787132,3.79028040109514
18081610401,11.671831477754962,3.771007746748802
18081610403,11.581139924024641,3.813236554414784
18081610404,11.621242185489391,3.801102171800137
18081610500,11.436657918548939,3.877784770020534
18081610603,11.654058916495551,3.776103607118412
18081610604,11.591283238193018,3.791340132785763
18081610605,11.6241354366872,3.785232836413416
18081610606,11.699553163586584,3.763487229295003
18081610701,11.520486255989049,3.820101382614648
18081610702,11.369387585215606,3.853336055441478
18081610801,11.153177770020534,3.893161647501711
18081610802,11.317085147843942,3.899017288158795
18081610900,11.254680453114305,3.92694657357974
18081611000,11.221616228610541,3.943373624914442
18081611100,11.224966048596852,3.949100765913758
18081611200,11.167660811772758,3.980753980835044
18081611300,11.070187010951403,4.034882375085558
18081611400,10.959468446269678,3.915519254620123
18083955000,11.105503135523614,4.448607555099247
18083955100,11.031247056810404,4.406160546885695
18083955200,11.015019483230664,4.470098872689938
18083955300,11.048743321697468,4.510529550308008
18083955400,11.041640765913758,4.508427794661191
18083955500,11.046703425051335,4.50916425119781
18083955600,11.06268727652293,4.508213641341547
18083955700,11.080858427789186,4.508094550308008
18083955800,11.173678862422998,4.481719047912389
18083955900,11.01423561670089,4.506607369609856
18085960900,11.12036119301848,4.424373299794661
18085961000,11.136173026694045,4.408207934291581
18085961100,11.154046942505134,4.405700196440794
18085961200,11.094119499657769,4.410492286105407
18085961300,11.145348691991786,4.40515987816564
18085961400,11.116051056125941,4.387824488706366
18085961500,11.08819506844627,4.356210663244353
18085961600,11.110331984257358,4.354272260780288
18085961700,11.137404639288159,4.39317362422998
18085961800,11.083383195071869,4.399959809034908
18085961900,11.092561300479124,4.388727881587954
18085962000,11.111740632443532,4.385813144421629
18085962100,11.102005161533196,4.368948036960986
18085962200,11.067680794661191,4.302943623545517
18085962300,11.06928759890486,4.371274077344285
18085962400,11.019392825462012,4.409744105407255
18085962500,10.976806440793977,4.391354841889117
18085962600,11.025027436002738,4.306564915126626
18085962700,11.000949789185489,4.387545303216975
18087970100,10.754037922655715,4.512056845995893
18087970200,10.90485365229295,4.525349921971253
18087970300,11.002508618754278,4.493303430527036
18087970401,11.04948519301848,4.495719549623546
18087970402,11.064444455852156,4.485182379192334
18087970500,10.896001149897331,4.514837977412731
18087970600,10.895370776865161,4.501031750171116
18087970700,10.756608412731006,4.494028800136892
18089010100,11.769889308008214,3.941459082819986
18089010201,11.837052884325804,3.951595323066393
18089010203,12.110848694729637,3.976746367556468
18089010205,12.019738702258727,3.949688935660506
18089010302,12.136048179329227,3.976829700205339
18089010304,12.155414081451061,3.992376279945243
18089010400,12.099269210814511,3.959783785078713
18089010500,12.048266027378508,3.950706782340862
18089010600,12.029695956194387,3.94463352019165
18089010900,12.093591266255989,3.961716188911704
18089011000,12.129785762491444,3.973215577686516
18089011100,12.10938283504449,3.971195151266256
18089011200,12.070177219712526,3.971568485968515
18089011300,12.064595536618754,3.958399460643395
18089011400,11.982279519507187,3.957598930869268
18089011500,11.919018748117728,3.954788029431896
18089011600,12.027933444900753,3.960860262149213
18089011700,12.039395245037645,3.953450750171116
18089011800,12.061021442162902,3.965182473648186
18089011900,12.04073158110883,3.966506171800137
18089012000,12.02789037303217,3.976831415468857
18089012100,12.004809696098563,3.972870750855578
18089012200,12.002550225188227,3.965150711841205
18089012300,11.958679594113621,3.996238284736482
18089012400,11.990643049281314,3.994977130047912
18089012500,11.920336203969884,4.017909123203285
18089012600,11.904820081451061,4.013755993155373
18089012700,11.861694498973306,4.025590909650924
18089012800,12.076307221765914,3.957258773442847
18089020100,12.242225287474333,4.086891177960301
18089020200,12.260799596851472,4.085125327173169
18089020300,12.281018225188227,4.084357082819986
18089020400,12.275718148528405,4.077844186858316
18089020500,12.219617116358658,4.059994145106092
18089020600,12.227060633127994,4.086141273785079
18089020700,12.20901127926078,4.07843367761807
18089020800,12.19258931211499,4.048811579739904
18089020900,12.154858941820671,4.016269652977413
18089021000,12.170238889117043,4.002328209445585
18089021100,12.128528600958248,4.003581602327173
18089021300,12.14955314715948,4.032868363449692
18089021400,12.163879592060233,4.064664965776865
18089021500,12.16015406844627,4.078029683093771
18089021600,12.12637643394935,4.065282709787817
18089021700,12.125944571526352,4.055062858316222
18089021800,12.11301212936345,4.036777753593429
18089021900,12.154330678986995,3.992837184804928
18089022000,12.123083801505818,3.994345362080767
18089030100,12.18234809650924,4.025829318275154
18089030200,12.206898392197125,4.031315363449692
18089030300,12.18392273100616,4.028111872005476
18089030400,12.223920131416838,4.049942859000684
18089030500,12.274559926078029,4.061892052019165
18089030600,12.224499725530459,4.049939060232717
18089030700,12.186066195071869,4.017546600273785
18089030800,12.216250911704312,4.024193339493498
18089030900,12.173131237508556,4.009430116358658
18089031000,12.195322618069815,4.025965971937029
18089040100,12.232871762491444,4.068079629705681
18089040200,12.234975767967146,4.076701043805613
18089040300,12.037441873374401,4.0854776954141
18089040401,12.078770893908282,4.056527160848734
18089040402,11.976717546885695,4.091733318959617
18089040403,12.035815873374401,4.064169649555099
18089040501,12.02548864202601,4.047573655030801
18089040502,11.975020741273101,4.057304957563313
18089040600,12.076240661875428,4.028829311430527
18089040700,12.090524240930869,4.016336249144422
18089040801,12.040554568788501,4.013554555099247
18089040802,12.023189470910335,4.035811000684463
18089040900,11.93446287816564,4.048807058863792
18089041001,12.064188958247776,4.002125117043121
18089041002,11.985086908281999,4.018285204654346
18089041100,12.116525392881588,3.980756492813142
18089041200,12.051162357289528,3.983543245722108
18089041302,11.988602871321013,4.010668342231348
18089041400,11.931836119780972,4.02134605338809
18089041500,11.915069496919918,4.022341100616016
18089041600,11.857874158795346,3.995082942505134
18089041700,11.846830733744011,3.976120544147844
18089041800,11.766229859685147,3.989924616016427
18089041900,11.711024201916496,4.030663423682409
18089042000,11.701649281314168,4.059051810403833
18089042100,11.820191246406571,4.016603298425736
18089042200,11.798638732375086,4.03039170294319
18089042300,11.606208110882957,4.107520972621492
18089042401,11.872856238193018,4.054638619438741
18089042402,11.783701747433265,4.073477546201232
18089042403,11.804664174537988,4.048785433264887
18089042501,11.733152562628337,4.087757934291581
18089042503,11.709607709787817,4.089998151950719
18089042504,11.591418471594798,4.13007566255989
18089042505,11.657947334702259,4.110361822724162
18089042602,11.830584758384668,4.070207664613279
18089042605,11.662948534565366,4.131406424366872
18089042606,11.696162290896646,4.107754703627652
18089042607,11.707547770020534,4.118149455852156
18089042608,11.613965990417522,4.161439724845996
18089042609,11.702793635865845,4.140365780287474
18089042702,11.794322313483915,4.111626312799452
18089042703,11.881624128678987,4.09558606091718
18089042704,11.867024112251882,4.085990156057495
18089042801,11.878667201232033,4.110449151266256
18089042802,11.790283339493498,4.131309595482546
18089042901,11.359791674195756,4.202796755646817
18089042902,11.425883429842574,4.19118093155373
18089043001,11.549395984257358,4.150671216290212
18089043002,11.510592657768652,4.153423899383984
18089043101,11.447564672826831,4.183456148528405
18089043102,11.423306519507187,4.174115569472964
18089043201,11.322458082135524,4.21158045927447
18089043202,11.373698283367556,4.182111639288159
18089043300,11.348918130047912,4.194893412731006
18089043401,11.049030158110883,4.285590412731006
18089043403,11.131237932238193,4.260676082135524
18089043404,11.150385436002738,4.28470626899384
18089043405,11.075177043805613,4.293712052703628
18091040100,10.892689861738535,4.018209127994524
18091040300,10.861271387405886,4.015138999315537
18091040400,10.911651258042437,4.036301234086242
18091040500,10.889129112936345,4.035068694729637
18091040600,10.852341995893224,4.051019230663929
18091040700,10.840631863107461,4.022971104722793
18091040800,10.847232783025325,4.006164524982888
18091040900,10.813685173853525,4.022357299110198
18091041100,10.742819760438056,4.028495449691992
18091041200,10.669183151950719,4.045513260095825
18091041300,10.774072735112936,4.051761735112936
18091041400,10.937697529774127,4.069144914442163
18091041500,11.020617906913073,4.122746405201916
18091041600,10.803962744695414,4.111096726899384
18091041700,10.726968021218344,4.156990290896646
18091041800,10.84956432991102,4.216133926762491
18091041900,10.955120709103354,4.287827475017112
18091042000,10.911789348391513,4.199278579055442
18091042100,10.953784668720055,4.232254858316222
18091042200,10.990254409993155,4.257693013004791
18091042300,10.973328576317591,4.228832460643395
18091042400,11.026134900068446,4.234914357289528
18091042500,10.978860438056126,4.20244241889117
18091042600,11.092015420944558,4.210351934976044
18091042700,11.017947145106092,4.310987882272416
18091042800,11.094139451060917,4.288131338124572
18091042900,11.045210260095825,4.350488438056126
18091043000,10.787362424366872,4.004544533880904
18093950400,10.562581653661875,3.986848495550992
18093950500,10.539183360027378,3.947325980150582
18093950600,10.548490840520192,3.97553429431896
18093950700,10.663825680355921,4.095259072553046
18093950800,10.636416769336071,4.043290970568104
18093950900,10.613796018480493,4.026416897330596
18093951000,10.621579291581109,4.025427266255989
18093951100,10.638123026009582,4.038648628336756
18093951200,10.666024661875428,4.066371754277892
18093951300,10.708216911704312,4.096321161533196
18095000300,11.065297206023272,3.83111045927447
18095000400,11.074056831622177,3.829867858316222
18095000500,11.086132667351129,3.835934754962355
18095000800,11.062735287474333,3.828014615331964
18095000900,11.055532648870637,3.827835659137577
18095001000,11.039930825462012,3.826681443531828
18095001100,11.042124482546201,3.821131358658453
18095001200,11.019634321697468,3.815113216290212
18095001300,11.023298540041068,3.822908664613279
18095001400,11.045913345653662,3.837477639972622
18095001500,11.073945058863792,3.850859498288843
18095001600,11.116218915126626,3.847042611225188
18095001700,11.100981563997262,3.840324848733744
18095001800,11.116826166324435,3.837690240246407
18095001900,11.081616002737851,3.834329882272416
18095002000,11.0374461321013,3.831877661875428
18095010100,10.994378983572895,4.121026136208077
18095010200,11.046721475701574,4.047902741273101
18095010300,11.054729203969884,4.035400922655715
18095010400,11.048300740588638,4.00435727652293
18095010500,11.000763292265572,4.030880158795346
18095010600,11.005768647501711,4.034510258042437
18095010700,10.989530834360027,3.918556943874059
18095010800,11.057573057494866,3.907012430527036
18095010900,11.052574255304586,3.977432780971937
18095011000,11.122191516769336,3.89819248733744
18095011100,11.173020239561944,3.838252746748802
18095011200,10.989676299110198,3.843236046543463
18095011300,10.970090405201916,3.855802240930869
18095011400,11.0106865229295,3.852505363449692
18095011501,11.146386219712526,3.831988893908282
18095011502,11.145534627652293,3.841960457905544
18095011600,11.200177511293634,3.818193815195072
18095011700,11.177093255989049,3.831244447638604
18095011800,11.257700537303217,3.791199247775496
18095011900,11.058831787816564,3.822378709787817
18095012000,11.076083199178645,3.833012364818617
18097310103,11.634073205338809,3.691598679671458
18097310104,11.665694685831622,3.683888907597536
18097310105,11.696559793976728,3.6640004366872
18097310106,11.72713546201232,3.642300004106776
18097310108,11.712280195071869,3.648866036960986
18097310110,11.753901246406571,3.616085324435318
18097310111,11.770734887748118,3.603138382614648
18097310201,11.739341248459959,3.631370067077344
18097310203,11.743998011635866,3.621338886379192
18097310204,11.789671906913073,3.588754303216975
18097310305,11.787065604380561,3.589158504449008
18097310306,11.845366561943874,3.54389734770705
18097310308,11.822966052019165,3.569882763175907
18097310309,11.795905377138946,3.5870563045859
18097310310,11.771028219028063,3.609538518138262
18097310311,11.872884192334018,3.523145080766598
18097310312,11.824723504449008,3.558539882272416
18097320105,11.710864751540041,3.660333856947296
18097320106,11.719312017111567,3.653227100616016
18097320107,11.721047339493498,3.642421859685147
18097320108,11.749596156741958,3.634922095824778
18097320109,11.759910897330596,3.624333442847365
18097320202,11.775585646132786,3.597024685831622
18097320203,11.714122606433949,3.647003995208761
18097320204,11.720953696098563,3.640830725530459
18097320301,11.769796394934976,3.588014431211499
18097320303,11.696434834360027,3.63741976386037
18097320304,11.748021385352498,3.603201385352498
18097320400,11.788667151266256,3.562979236824093
18097320500,11.81293613963039,3.549741212867899
18097320600,11.812048945927447,3.564158234086242
18097320700,11.83033329431896,3.553126800821355
18097320800,11.792182511293634,3.600983494182067
18097320901,11.809137335386721,3.579461319644079
18097320902,11.777339943874059,3.600904698151951
18097320903,11.807383207392197,3.572833594113621
18097321001,11.841525960301164,3.543307266940452
18097321002,11.904540175906913,3.497309864476386
18097321100,11.866007987679672,3.514882826830938
18097321200,11.852371669404518,3.51304314715948
18097321300,11.838642533880904,3.521075919233402
18097321400,11.825576288843258,3.519512264887064
18097321600,11.847696724161533,3.484038450376454
18097321700,11.85198290622861,3.492595607802875
18097321800,11.880428334702259,3.490105440109514
18097321900,11.902780626283368,3.46828464202601
18097322000,11.926877207392197,3.451275879534565
18097322100,11.910097406570842,3.433268391512663
18097322200,11.899692436002738,3.45399361670089
18097322300,11.884125334017796,3.464679802874743
18097322400,11.872466553045859,3.462898221765914
18097322500,11.895229537303217,3.439554564681725
18097322600,11.870708391512663,3.434653328542094
18097322700,11.85075948733744,3.460214049965777
18097330103,11.677252388774812,3.647058686516085
18097330105,11.723628639972622,3.612657389459274
18097330106,11.699503470910335,3.624248338809035
18097330107,11.683550832306639,3.633566101984942
18097330108,11.600995616016427,3.661143871321013
18097330109,11.638668581793292,3.655818608487337
18097330202,11.678165017111567,3.653009800821355
18097330203,11.556607660506502,3.680332666666667
18097330204,11.651570814510609,3.647366618754278
18097330206,11.549876542778918,3.690040503764545
18097330208,11.598479013004791,3.668416657084189
18097330209,11.60772456605065,3.67333659890486
18097330401,11.76900262422998,3.574860568104038
18097330500,11.807574242299795,3.527088356605065
18097330600,11.77332209650924,3.573160059548255
18097330700,11.725036877481177,3.605324984941821
18097330803,11.737008119780972,3.609718503764545
18097330804,11.738089622176591,3.618385682409309
18097330805,11.787119857631759,3.560233103353867
18097330806,11.763742791238878,3.589311457905544
18097330900,11.810143125256674,3.520327188911704
18097331000,11.829615495550992,3.489966054757016
18097340101,11.758116435318275,3.642268637234771
18097340102,11.808987355920602,3.609400329226557
18097340108,11.83280258384668,3.560413240246407
18097340109,11.816064944558522,3.58685459890486
18097340110,11.784624884325804,3.603606678986995
18097340111,11.80650167761807,3.608207801505818
18097340112,11.774713056810404,3.616369878850103
18097340113,11.764176394934976,3.641037604380561
18097340114,11.734197789869952,3.646517650924025
18097340201,11.858965869952088,3.55257458384668
18097340202,11.878841161533196,3.530978315537303
18097340300,11.891174789869952,3.514438089664613
18097340400,11.906832572895277,3.493213286105407
18097340500,11.943443898699521,3.467398041067762
18097340600,11.981638109514032,3.431148073921971
18097340700,11.948491950718686,3.461565367556468
18097340800,11.918171986310746,3.492745158110883
18097340901,11.847789175906913,3.574122227926078
18097340902,11.886262818617385,3.534034403832991
18097341000,11.940498802190281,3.482789030116359
18097341100,11.985873916495551,3.43630390349076
18097341200,12.008145008213552,3.429159843258042
18097341600,12.006614687200548,3.43709984531143
18097341700,11.953558307323751,3.486911925393566
18097341902,11.84458068788501,3.575412360711841
18097341903,11.897887659137577,3.543022488021903
18097341904,11.900197811772758,3.529854268309377
18097342000,11.741293840520192,3.650377575633128
18097342101,11.844910032169747,3.599793954825462
18097342200,11.87565354825462,3.579648936344969
18097342300,11.907243106776181,3.578718192334018
18097342400,11.957360867214237,3.535324910335387
18097342500,11.948215180013689,3.522504617385352
18097342600,11.998742161533196,3.483664811088296
18097350100,11.958180551676934,3.438145637234771
18097350300,11.936386752908966,3.429083150581793
18097350400,11.919016718685832,3.421960240930869
18097350500,11.900437668035592,3.40354688569473
18097350600,11.864874177275838,3.429234984257358
18097350700,11.878470922655715,3.389141969883641
18097350800,11.916170715263518,3.392847163586584
18097350900,11.940962812457221,3.410294896646133
18097351000,11.951477642710472,3.418463321013005
18097351200,11.980903687200548,3.421402032854209
18097351500,11.967429883641342,3.416624019164956
18097351600,11.972212321013005,3.411923483915127
18097351700,11.94871557357974,3.398913323066393
18097351900,11.917118412731006,3.385228828199863
18097352100,11.901881353867214,3.391736151266256
18097352300,11.87612174880219,3.424589349760438
18097352400,11.893911627652293,3.430978787132101
18097352500,11.906985577002053,3.443637388774812
18097352600,11.925312097193703,3.412069177960301
18097352700,11.956339165639973,3.404140542778918
18097352800,11.94681864202601,3.396796744010951
18097353300,12.005850344969199,3.420828900752909
18097353500,12.020223421629021,3.429106457221082
18097353600,12.012970289527721,3.424835818617385
18097354200,12.011335288158795,3.429142600958248
18097354400,11.990692590691307,3.426045830253251
18097354500,11.977890982888433,3.421510660506502
18097354700,11.968113632443532,3.420481509924709
18097354800,11.952414045859001,3.420614733744011
18097354900,11.931301808350445,3.437970941136208
18097355000,11.953954828199863,3.433631858316222
18097355100,11.933203770704997,3.450613116358658
18097355300,11.911811391512663,3.459411856947296
18097355400,11.919926657084189,3.470838793292266
18097355500,11.92567362422998,3.489831603696099
18097355600,11.950439963723477,3.465168707049966
18097355700,11.982015074606434,3.448325173169062
18097355900,11.991782151266256,3.461675134154689
18097356200,12.009971164271047,3.453704839151266
18097356400,12.027559289527721,3.458711693360712
18097356900,12.005081746748802,3.480150364134155
18097357000,11.995028528405202,3.479189075975359
18097357100,11.986145190965092,3.480190566735113
18097357200,11.970444788501027,3.476289490759754
18097357300,11.959578291581109,3.498071036960986
18097357400,11.930438900752909,3.518745819986311
18097357500,11.906196962354552,3.553877134154689
18097357600,11.942032496919918,3.527204232717317
18097357800,11.98737892128679,3.503593427789186
18097357900,11.974828376454483,3.526963275154004
18097358000,11.995213525667351,3.508360039014374
18097358100,12.0017449137577,3.510292079397673
18097360101,11.873068633127994,3.474417833675565
18097360102,11.850342210814511,3.472341887748118
18097360201,11.822137480492813,3.524643639288159
18097360202,11.783723703627652,3.581419126625599
18097360301,11.805119183436003,3.582075302532512
18097360302,11.831826341546886,3.52154665982204
18097360401,11.769576187542779,3.619853339493498
18097360402,11.754381921971253,3.61490729431896
18097360404,11.695362484599589,3.654826362765229
18097360405,11.706054292265572,3.661733690622861
18097360501,11.702361811772758,3.690801381245722
18097360502,11.758233006844627,3.644258910335387
18097360601,11.809465999315537,3.598570511293634
18097360602,11.837260188911704,3.564135780971937
18097360700,11.871259260780288,3.533113690622861
18097360800,11.858197516084873,3.516915532511978
18097360900,11.882850995208761,3.476226674195756
18097361000,11.89477484531143,3.494325874743326
18097361100,11.900444876112252,3.503999319644079
18097361200,11.903248466803559,3.520156078028747
18097361300,11.843935955509925,3.586825248459959
18097361400,11.847214483915127,3.608642926078029
18097361600,11.734077542778918,3.692427832306639
18097370201,11.822924349760438,3.645086222450376
18097370202,11.894406789869952,3.609134647501711
18097370301,11.628758576317591,3.747741019164956
18097370302,11.76085758384668,3.697547429158111
18097380100,11.829167911704312,3.689992527720739
18097380200,11.94876563449692,3.564959527720739
18097380300,11.929078906913073,3.576192102669404
18097380402,11.857952623545517,3.632526165639973
18097380403,11.878826733744011,3.602622201916496
18097380404,11.893533600273785,3.594013176591376
18097380501,11.885300952087611,3.620510508555784
18097380502,11.907219314168378,3.602539950034223
18097380600,11.908953119096509,3.604146004106776
18097380700,11.87825037303217,3.643590048596852
18097380800,11.865358579739904,3.648309047912389
18097380901,11.812312605065024,3.685462088980151
18097380902,11.79439810403833,3.699352928131417
18097381001,11.791987338124572,3.717600167693361
18097381002,11.82423290622861,3.678336830253251
18097381101,11.841726277891855,3.681087212183436
18097381102,11.797594834360027,3.705536665297741
18097381201,11.74561788569473,3.731594857631759
18097381203,11.757767650239562,3.731465206023272
18097381204,11.735138721423682,3.745451638603696
18097381205,11.731316217659138,3.750071351813826
18097390101,11.798282331279945,3.67309803559206
18097390102,11.848062691991786,3.636593650924025
18097390200,11.705773916495551,3.735388073237509
18097390300,11.638076928131417,3.798201832991102
18097390402,11.74353724366872,3.737379377138946
18097390403,11.715577175906913,3.761125413415469
18097390404,11.79660226146475,3.69468082477755
18097390405,11.725810267624914,3.748102758384668
18097390500,11.952885350444901,3.436277704996578
18097390600,11.736176593429158,3.60180084531143
18097390700,11.998266027378508,3.451309535249829
18097390800,11.732812034223135,3.683064633812457
18097390900,11.988350121149897,3.411122192334018
18097391000,12.039608674880219,3.444213709103354
18099020101,11.088832529774127,4.362613492128679
18099020102,11.074644030116359,4.371620310746064
18099020201,11.009780232717317,4.367625321013005
18099020202,10.979732279945243,4.367555566735113
18099020301,10.938584643394935,4.4059724770705
18099020302,10.873271206707734,4.422739300479124
18099020400,10.978525917180014,4.398746479123888
18099020500,10.971121271047228,4.398871531143053
18099020600,10.956665497604381,4.403399971252567
18099020701,10.973272452429843,4.410663725530459
18099020702,11.029098354551677,4.414545036960986
18099020800,10.925728042436687,4.41922631211499
18101950100,10.742041919233402,4.154192941820671
18101950200,11.028998582477755,4.288393533880904
18101950300,10.927421146475017,4.219171926078029
18103952000,10.97514773100616,4.434232252566735
18103952100,11.052909982888433,4.429286791238878
18103952200,11.065357484599589,4.422222572210814
18103952300,11.074847607802875,4.421455989048597
18103952400,11.071834566735113,4.416629584531143
18103952500,11.078152188911704,4.420300212867899
18103952600,11.070528224503764,4.360357887748118
18103952700,11.094101893223819,4.342816435318275
18103952800,11.079876980150582,4.400811325804244
18103952900,11.086742360711841,4.355149326488706
18105000100,10.504288403148528,3.717036156057495
18105000201,10.48352248733744,3.700011546201232
18105000202,10.480540559206023,3.69231429705681
18105000301,10.494962803559206,3.708260099247091
18105000302,10.473940970568104,3.685821475017112
18105000401,10.525423511978097,3.750174013689254
18105000402,10.519216568104038,3.751371663928816
18105000501,10.517092817932923,3.785793406570842
18105000502,10.504948856947296,3.785727217659138
18105000601,10.517661103353867,3.735037561259411
18105000602,10.512533298425736,3.738309184804928
18105000700,10.512440052019165,3.755495180698152
18105000800,10.490077342915811,3.715336919917864
18105000901,10.460789930869268,3.668508251882272
18105000903,10.459666283367556,3.689860528405202
18105000904,10.454216227926078,3.685281163586584
18105001001,10.46412597467488,3.692687656399726
18105001002,10.457599485968515,3.715740064339494
18105001101,10.490234373716632,3.719937726899384
18105001102,10.498353650924025,3.749770262833676
18105001103,10.483886411362081,3.780351199178645
18105001200,10.479863999315537,3.857057039698836
18105001301,10.534417208761122,3.838800824093087
18105001303,10.52072551266256,3.801625004106776
18105001304,10.518752141683778,3.830249648870637
18105001305,10.517690661875428,3.785708672826831
18105001401,10.567908118412046,3.801095250513347
18105001402,10.449136392881588,3.746235952772074
18105001501,10.462879887748118,3.791581832991102
18105001502,10.487448841889117,3.862630181382615
18105001600,10.49571746201232,3.711721711156742
18107956700,10.817975744695414,4.057645401779603
18107956800,10.694439176591376,4.129278507871321
18107956900,10.70171454072553,4.133840310061602
18107957000,10.765859963723477,4.091831210130048
18107957100,10.784979505817933,4.082026533196441
18107957200,10.78239741615332,4.082130526351814
18107957300,10.66089034770705,4.11037251266256
18107957400,10.764271660506502,4.055472099931554
18107957500,10.815448754277892,4.005473654346338
18109510100,11.42213729431896,3.826219796714579
18109510201,11.41014843394935,3.822863820670773
18109510202,11.272061005475702,3.849388144421629
18109510300,11.382905448323066,3.820744822039699
18109510401,10.877878806297057,3.906951665297741
18109510402,11.019958746748802,3.87760079945243
18109510500,11.068983227241615,3.860127221765914
18109510600,10.960798058863792,3.87139568514716
18109510701,10.694414008213552,3.8326891321013
18109510702,10.891091192334018,3.858402924024641
18109510800,10.805601182067077,3.849701811088296
18109510900,10.796002117727584,3.85420214715948
18109511000,10.709975138945927,3.875993158110883
18111100400,10.90749552019165,4.35775555578371
18111100500,10.774031995893224,4.399275606433949
18111100600,10.654847057494866,4.401497219712526
18111100700,10.590370473648186,4.410666420260096
18113971700,10.847011874058864,4.485207206707734
18113971800,10.887388170431212,4.482524542778918
18113971900,10.911838684462697,4.475711532511978
18113972000,10.92076658384668,4.478887046543463
18113972100,11.043384908966461,4.469283375085558
18113972200,11.073168232032854,4.458230771389459
18113972300,11.059515021902806,4.401016675564682
18113972400,10.981530254620123,4.450398392197125
18113972500,10.98719885284052,4.431476915811088
18113972600,11.01759719028063,4.38980400752909
18115965700,11.065623125256674,4.430022396988364
18115965800,10.99871959137577,4.408503909650924
18117951300,10.686205366187543,4.07501985284052
18117951400,10.726384000684463,4.126696412046544
18117951500,10.779708665297741,4.146644477754962
18117951600,10.743556950034223,4.113392544832307
18117951700,10.68424520054757,4.069985818617385
18117951800,10.659987535249829,4.029678650239562
18119955500,10.618530716632444,3.922227522245038
18119955600,10.618320397672827,3.999527292950034
18119955700,10.57592816495551,4.022946772073922
18119955800,10.554976590691307,3.923225333333333
18119955900,10.521597099931554,3.935050997262149
18121030100,10.602697675564682,4.169960891854894
18121030200,10.711669124572211,4.182055180698152
18121030300,10.654323196440794,4.160905709103354
18121030400,10.684088622176591,4.116041983572895
18123952200,10.924948467488022,4.174767857631759
18123952300,11.011519930869268,4.249906984257358
18123952400,11.23935616495551,4.331488661875428
18123952500,11.176368352498289,4.314970023956194
18123952600,11.093819194387406,4.294553653661875
18125953900,11.271368718001369,4.344613368925394
18125954000,11.203842103353867,4.446519092402464
18125954100,11.17713132991102,4.43529994934976
18125954200,11.208889511978097,4.3538632183436
18127050101,11.367199094455852,4.091630558521561
18127050103,11.159406455852156,4.109565212183436
18127050202,11.323491796030116,4.054760490075291
18127050203,11.206724674195756,4.055407281314168
18127050300,11.35245098973306,4.018765554414784
18127050402,11.525162876796715,4.010935377823409
18127050405,11.626333950718686,3.944778217659138
18127050407,11.637617173853525,3.965975733059548
18127050501,11.684380014373717,3.999176130047912
18127050503,11.479382300479124,4.07792709650924
18127050505,11.494526699520876,4.075712895277207
18127050506,11.59675707118412,4.02200319028063
18127050507,11.505809154004107,4.043931571526352
18127050508,11.662541448323066,4.017004892539357
18127050509,11.613188531827515,4.055492886379192
18127050602,11.310583089664613,4.157470147843942
18127050603,11.381310675564682,4.131858504449008
18127050604,11.307941810403833,4.188966869267625
18127050702,11.29147193155373,4.177491499657769
18127050703,11.32182264476386,4.16630574880219
18127050704,11.345254921971253,4.166986316221766
18127050800,11.275467926078029,4.196124309377139
18127050900,11.292345911704312,4.188983798767967
18127051002,11.191941275154004,4.253618049965777
18127051005,11.413431727583847,4.158819658453114
18127051006,11.498069585900068,4.110407537303217
18127051007,11.339782046543463,4.195192429842574
18127051008,11.245425863791923,4.240309869267625
18127051101,11.169970615331964,4.29710145174538
18127051102,11.090409785763176,4.342392869952088
18127980001,11.520459880219028,3.967675980150582
18127980002,11.39673235523614,3.990816940451745
18129040100,10.989869330595482,4.361845313483915
18129040200,10.848539500342231,4.36132674606434
18129040300,11.06178793155373,4.303484432580424
18129040400,11.121297272416153,4.28137248733744
18129040500,10.750403930184805,4.355909646132786
18129040600,10.855585782340862,4.345858249828884
18129040700,10.887706937029432,4.336833937713895
18131958900,10.834619914442163,4.434156016427105
18131959000,10.833129746748802,4.43057677412731
18131959100,10.867698207392197,4.414411329226557
18131959200,10.881138045174538,4.4392593045859
18133956000,10.743705630390144,4.029998440793977
18133956100,10.703324568788501,4.058620753593429
18133956200,10.741439577002053,4.042955957563313
18133956300,10.760096725530459,4.024490815879535
18133956400,10.794337642710472,3.987696670773443
18133956500,10.743587145790554,3.990786162217659
18133956600,10.719392453114305,4.061865098562628
18135951400,11.157402954825462,4.57092388569473
18135951500,10.972822037645448,4.379712957563313
18135951600,11.24523481724846,4.630179568104038
18135951700,11.036169497604381,4.46973913963039
18135951800,10.995511680355921,4.428025199863108
18135951900,10.899690379192334,4.311594694729637
18135952000,11.086796899383984,4.497328279945243
18135952100,10.852275940451745,4.298499778918549
18137968400,10.937407630390144,4.384363442162902
18137968500,10.907584800136892,4.35943531485284
18137968600,10.852892455167693,4.322122082135524
18137968700,10.763721137577002,4.277072336071184
18137968800,10.837496988364134,4.339435454483231
18137968900,10.829438405886379,4.325311563997262
18139974100,10.891632997262149,4.21801068514716
18139974200,10.994923558521561,4.085425899383984
18139974300,10.961163262833676,4.189792448323066
18139974400,10.92809381724846,4.209149822039699
18139974500,11.032962498973306,4.189569857631759
18141000100,10.984933999315537,4.175641693360712
18141000200,10.99279161670089,4.161812547570157
18141000301,11.000521607802875,4.141960674195756
18141000302,10.978666,4.157864347022587
18141000400,11.003297292950034,4.151898501026694
18141000500,11.007760785763176,4.166412822724162
18141000600,11.023982428473648,4.155845587953456
18141000700,11.027959212183436,4.143370179329227
18141000800,11.022087216290212,4.136785026009582
18141000900,11.044122054757016,4.142259062286105
18141001000,11.042597922655715,4.125712637234771
18141001100,11.058084448323066,4.12030935797399
18141001200,11.059198230663929,4.126872960301164
18141001300,11.078190706365503,4.140190112936345
18141001400,11.08149206091718,4.146229224503764
18141001500,11.075669054072553,4.15842319028063
18141001600,11.057288685831622,4.139383559890486
18141001700,11.046750718685832,4.156579199863108
18141001900,11.027636216974675,4.156297764544832
18141002000,11.035330744695414,4.157352804243669
18141002100,11.008595550992471,4.16012950513347
18141002200,11.0262735633128,4.182506602327173
18141002300,11.004335080082136,4.180393676933607
18141002400,11.012793266940452,4.186207565366188
18141002500,10.988686706365503,4.182244822724162
18141002600,11.00557794661191,4.191195976043806
18141002700,11.033140722108145,4.174490086926762
18141002800,11.024276691307324,4.194778045859001
18141002900,11.058627094455852,4.163092496919918
18141003000,11.063321477754962,4.170116328542094
18141003100,11.075833089664613,4.165073622176591
18141003200,11.080545272416153,4.181783182067077
18141003300,11.066345714579055,4.182838169746749
18141003400,11.054752117043121,4.197104861054073
18141003500,11.065974034907598,4.192242310746064
18141010100,11.089061267624914,4.162630564681725
18141010200,11.112456264887064,4.1748776954141
18141010300,11.134252443531828,4.188509523613963
18141010400,11.147166856947296,4.187009988364134
18141010500,11.168381557152635,4.206031570841889
18141010600,11.100340366187543,4.158775392881588
18141010700,11.121310106091718,4.168142039014374
18141010800,10.85792431485284,4.214628899383984
18141010900,10.901395328542094,4.205482984257358
18141011000,10.931300245722108,4.176091694045174
18141011100,10.967093420260096,4.197448984941821
18141011201,11.004234419575633,4.129542653661875
18141011202,11.02066354825462,4.139425497604381
18141011301,11.043410409308693,4.119881703627652
18141011302,10.995131067761807,4.158705815879535
18141011303,10.963551632443532,4.152320848733744
18141011304,10.996124798767967,4.167908592060233
18141011305,11.021758438056126,4.146340031485284
18141011306,11.036492465434634,4.159669584531143
18141011403,11.050664563997262,4.171036595482546
18141011404,11.066686542778918,4.192552944558522
18141011405,11.128200851471595,4.221341325119781
18141011406,11.106702770704997,4.205183541409993
18141011501,11.076387793292266,4.127663425051335
18141011503,11.137750075975359,4.179391327173169
18141011504,11.13578671321013,4.184710187542779
18141011505,11.085870854209446,4.145045020533881
18141011506,11.101999875427789,4.155387777549624
18141011601,11.176388148528405,4.206321150581793
18141011602,11.208209034223135,4.235598835728953
18141011701,11.163435140999316,4.208748017111567
18141011702,11.138346561943874,4.223451036276523
18141011801,11.060353782340862,4.22621531211499
18141011802,11.080416937029432,4.220495266940452
18141011900,11.06901245174538,4.252098098562628
18141012000,10.987548470910335,4.254753598220397
18141012100,10.983917730321698,4.310575303901437
18141012200,10.978260584531143,4.341275871321013
18141012300,11.043992432580424,4.305812714579055
18141012400,11.132376490075291,4.301326873374401
18143966700,10.854465418206708,4.080634197125257
18143966800,10.831017290212183,4.054536966461328
18143966900,10.818744620123203,3.951785338124572
18143967000,10.830876228610541,3.99653128678987
18143967100,10.845248707734428,3.975639399041752
18145710100,11.242552470910335,4.003101934976044
18145710200,11.430286158110883,3.919895089664613
18145710300,11.229541546201232,4.054249615331964
18145710400,11.238428065023956,4.086748537303217
18145710500,11.207356349760438,4.092227331279945
18145710601,11.243701815195072,4.078489358658453
18145710602,11.241767511293634,4.083028823408624
18145710700,11.221000735112936,4.08604136550308
18145710800,11.192055714579055,4.094197242984257
18145710900,11.117606190965092,4.125692169062286
18147952700,11.294901943189596,4.262440688569473
18147952800,11.326415431895962,4.326685527720739
18147952900,11.357915941136208,4.329672404517454
18147953000,11.400584902806297,4.340039862422998
18147953100,11.351941592060233,4.327336683778234
18149953600,10.969585222450376,4.371541339493498
18149953700,10.943967271047228,4.3925769137577
18149953800,10.868424951403148,4.400635456536619
18149953900,10.880604676249144,4.414381492813142
18149954000,10.915187648870637,4.396477239561944
18149954100,10.929499811772758,4.398435684462697
18149954200,10.956689804243669,4.39967105338809
18151970800,10.353831466119096,4.450128468856947
18151970900,10.436646419575633,4.46990165229295
18151971000,10.542318942505134,4.492183533880904
18151971100,10.501216795345654,4.481225697467488
18151971200,10.477761325119781,4.47313009650924
18151971300,10.5237206954141,4.491635446954141
18151971400,10.563191546201232,4.488445993155373
18151971500,10.649214055441478,4.486152362080767
18151971600,10.620947482546201,4.494415167008898
18153050100,10.811990127310062,4.247872657084189
18153050200,10.832117678302532,4.381574191649555
18153050300,10.843414273100616,4.329926848733744
18153050400,10.81236064476386,4.279056733744011
18153050500,10.897218611909651,4.360811825462012
18155965700,10.85916997467488,4.369617108145106
18155965800,10.867482706365503,4.32167771321013
18155965900,10.765119266940452,4.256898524298426
18157000100,10.821378275154004,4.033744334017796
18157000200,10.823935311430527,4.012251772758385
18157000300,10.8243166954141,4.001187623545517
18157000400,10.812905874743326,4.018364793976728
18157000700,10.823782018480493,4.011941672142368
18157000800,10.824257661190965,4.013029832991102
18157001000,10.811407656399726,4.030723546201232
18157001100,10.815416237508556,4.022544022587269
18157001200,10.819538887748118,4.016740061601643
18157001300,10.819888639972622,4.030267405201916
18157001400,10.819724301848049,4.03534187816564
18157001501,10.808185516769336,4.061163648870637
18157001502,10.805747700889802,4.040824219028063
18157001600,10.799636522245038,4.060591607802875
18157001700,10.838960800821355,4.025190258042437
18157001800,10.837500823408624,4.000008119780972
18157001900,10.835843572210814,3.991654187542779
18157005101,10.810509106091718,4.087896520876112
18157005102,10.823864046543463,4.071582952087611
18157005200,10.813655874743326,4.056443791238878
18157005300,10.807934561943874,4.041329923340178
18157005400,10.804355251882272,4.044033900752909
18157005500,10.803754554414784,4.053214843942505
18157010100,10.94742406844627,4.160180320328542
18157010201,10.751027710472279,4.178048881587954
18157010203,10.823892255304586,4.120485777549624
18157010204,10.779360091033539,4.101522178644764
18157010300,10.800000298425736,4.066949715263518
18157010400,10.802434728268309,4.06788694661191
18157010500,10.800810986995209,4.064963763175907
18157010600,10.705877011635866,4.120636386721424
18157010700,10.803800280629706,4.055163818617385
18157010800,10.85002334770705,4.01377558110883
18157010901,10.926900207392197,4.088254364134155
18157010902,10.892941651608487,4.076931982888433
18157011000,10.743341973990418,4.082422002053388
18157011100,10.808681555099247,4.0408834366872
18159020100,11.077360354551677,4.091625582477755
18159020200,11.121847224503764,4.132020284736482
18159020300,11.105227718001369,4.047902392197125
18159020400,11.10940860164271,4.079111289527721
18161960700,10.940077951403148,4.385963884325804
18161960800,10.954884184120465,4.403063501711157
18163000100,11.481627605749487,4.131108882272416
18163000201,11.493731472963724,4.166687507186858
18163000202,11.49355315742642,4.150950301848049
18163000300,11.485714620807666,4.136973089664613
18163000400,11.487017995208761,4.14916035797399
18163000500,11.486699787816564,4.155864679671458
18163000600,11.476016282683094,4.141551141683778
18163000800,11.467657899383984,4.149433170431212
18163000900,11.47493397467488,4.164595332648871
18163001000,11.46741507118412,4.167669186858316
18163001100,11.447720908966461,4.165044800821355
18163001200,11.452801454483231,4.136917627652293
18163001300,11.458345553730322,4.139372876112252
18163001400,11.467765346338125,4.128761598220397
18163001500,11.465416311430527,4.134015052019165
18163001700,11.451081223819302,4.129724504449008
18163001800,11.450295509924709,4.128134308008214
18163001900,11.439298240930869,4.122715080082136
18163002000,11.452059676249144,4.115249242299795
18163002100,11.468991585215606,4.117773618754278
18163002300,11.475731839151266,4.123099674880219
18163002400,11.472113167693361,4.114908289527721
18163002500,11.457960482546201,4.10639820807666
18163002600,11.436392604380561,4.113844709787817
18163002800,11.414203323066393,4.129326238193018
18163002900,11.400219473648186,4.146674097193703
18163003000,11.388155010951403,4.140932943874059
18163003100,11.381366498288843,4.161662704996578
18163003200,11.361134115674196,4.174262638603696
18163003300,11.450153496919918,4.098971598220397
18163003400,11.448848958247776,4.120057628336756
18163003500,11.470510330595482,4.132211941136208
18163003600,11.470323851471595,4.178141911704312
18163003701,11.485380729637235,4.163980446954141
18163003702,11.481610173169062,4.169377405886379
18163003801,11.492715392881588,4.190539137577002
18163003803,11.496267509924709,4.208057121149897
18163003804,11.480782031485284,4.202630923340178
18163003900,11.429156979466119,4.121308489390828
18163010100,11.499764362080767,4.205827854209446
18163010201,11.453221036276523,4.2057626954141
18163010202,11.48767510403833,4.168813306639288
18163010203,11.42872734770705,4.156097503080082
18163010403,11.252427774811773,4.230568306639288
18163010404,11.305904032169747,4.199363028062971
18163010500,11.316759563997262,4.198929572895277
18163010600,11.239414796714579,4.278946036276523
18163010700,11.367377453798768,4.275133167693361
18163980100,11.454996392197125,4.190509223819302
18165020100,10.669479475701574,4.362263099931554
18165020200,10.642848907597536,4.265643273785079
18165020300,10.739128618754278,4.216003674195756
18165020400,10.803151715263518,4.18832534770705
18165020500,10.783152145790554,4.163632240930869
18167000300,10.95217937303217,4.021713546885695
18167000400,10.954423498973306,4.017941942505134
18167000500,10.963186409308693,4.030322067761807
18167000600,10.964570839151266,4.037734300479124
18167000700,10.971324346338125,4.057533780971937
18167000900,10.941715735797399,4.024544364818617
18167001000,10.937957476386037,4.038160823408624
18167001100,10.951035516084873,4.017646902806297
18167001200,10.957859510609172,4.023512531143053
18167001300,10.949404861738535,4.039330967145791
18167001400,10.967012715263518,4.050424108145106
18167001500,10.974127837782341,4.062503905544148
18167001600,10.982769061601643,4.070347820670773
18167001700,10.968852175906913,4.071737673511294
18167001800,10.961039546201232,4.071549057494866
18167001900,10.939097900068446,4.0866266954141
18167010100,10.870498471594798,4.090269483230664
18167010201,10.875941901437372,4.105389331279945
18167010202,10.921820326488706,4.081166504449008
18167010300,10.877596596851472,4.127403761806982
18167010400,10.892011936344969,4.135740839151266
18167010500,10.941713423682409,4.079233706365503
18167010600,10.926656706365503,4.083579905544148
18167010701,10.947809406570842,4.117503960301164
18167010702,10.850149572210814,4.148145344284736
18167011000,10.83437759890486,4.225802848733744
18167011100,10.961653741957563,4.052257737166324
18167011200,10.896109214236824,4.151846577002053
18169102200,11.027455736481862,4.381365700889802
18169102300,11.027587023271732,4.397262285420945
18169102400,11.07020997467488,4.444161837097878
18169102500,11.028522271731691,4.426019334702259
18169102600,11.057792501711157,4.431322334702259
18169102700,11.073542242299795,4.438187509240246
18169102800,11.059486617385352,4.435971499657769
18169102900,11.044820856262834,4.401642150581793
18171951000,10.548718238877481,4.247258692676249
18171951100,10.531691197809719,4.338909064339494
18173030100,11.278751424366872,4.293419342231348
18173030200,11.29012809377139,4.322853613963039
18173030300,11.438316527036276,4.280158688569473
18173030400,11.457074544832307,4.295905940451745
18173030500,11.441414488706366,4.325249678302532
18173030600,11.39424898220397,4.313386633127994
18173030702,11.501307519507187,4.24596734017796
18173030703,11.493315388090349,4.271331535249829
18173030704,11.486219131416838,4.29755975633128
18173030705,11.487749596851472,4.281584017111567
18173030800,11.496561235455168,4.261271106776181
18175967200,10.739589216974675,3.940952947980835
18175967300,10.628216856262834,4.00652203559206
18175967400,10.694721003422314,3.970313258726899
18175967500,10.702805323066393,3.958835430527036
18175967600,10.721508547570157,3.937509950034223
18175967700,10.823634524982888,3.853649874058864
18177000200,11.011320751540041,4.394200879534565
18177000400,11.044481416837782,4.413129816563997
18177000500,11.012796794661191,4.394662104722793
18177000600,10.981119848049281,4.383384930869268
18177000700,10.951314635181383,4.37236373100616
18177000800,10.988087034907598,4.38656412183436
18177000900,10.987336183436003,4.382427457221082
18177001000,11.005117686516085,4.395609972621492
18177001100,11.031649716632444,4.401047140999316
18177010100,11.016664272416153,4.404361201232033
18177010200,11.035260832991102,4.434882088295688
18177010300,10.863300151950719,4.305366648186174
18177010400,10.828005680355921,4.2465159137577
18177010500,10.866051527720739,4.305275350444901
18177010600,10.835782713894593,4.252271351813826
18177010700,10.898795229979466,4.347323909650924
18177010800,10.909574473648186,4.348940151266256
18179040100,11.229743474332649,4.510102310746064
18179040200,11.126656535934292,4.489663706365503
18179040300,11.198566522245038,4.565913227926078
18179040400,11.182623066392882,4.542486849418207
18179040500,11.179958526351814,4.559317143052704
18179040600,11.156642576317591,4.538177628336756
18179040700,11.05319352019165,4.489701965092402
18181958100,10.947846030116359,4.437330169746749
18181958200,10.888843021218344,4.423380329226557
18181958300,10.808013453114305,4.347698657768652
18181958400,10.941364957563313,4.36163214715948
18181958500,10.974443082135524,4.406044112251882
18181958600,10.9980731321013,4.399566344969199
18181958700,11.012975483230664,4.416585535249829
18181958800,10.895488413415469,4.251363848733744
18183050100,11.074621595482546,4.374698618754278
18183050200,11.040689820670773,4.30661267761807
18183050300,11.023413204654346,4.264751945242984
18183050400,11.058943919917864,4.313802480492813
18183050500,11.067374034223135,4.303612765229295
18183050600,11.109067980150582,4.355470093086927
18183050700,11.082957236824093,4.363243721423682
19001960100,8.751457765229295,3.701190510609172
19001960200,8.752386497604381,3.721609238877481
19001960300,8.748753952087611,3.717821027378508
19003950100,8.76352901026694,3.756909308008214
19003950200,8.808794739904175,3.756403678986995
19005960100,8.932056924709103,3.854391544147844
19005960200,8.89240237577002,3.849396546201232
19005960300,8.974892253251198,3.881995566735113
19005960400,9.04330753798768,3.873429174537988
19005960500,9.031598364818617,3.889649564681725
19007950100,9.147565927446954,3.986505222450376
19007950200,9.014009153319644,3.946164758384668
19007950300,9.071954043805613,3.982630403832991
19007950400,9.063804082819986,3.990740800136892
19007950500,9.047148375085558,4.01436507118412
19009070100,8.806623845995893,3.86830611430527
19009070200,8.80731466255989,3.870961182067077
19009070300,8.783843455167693,3.814236840520192
19011960100,9.736485570841889,3.611651499657769
19011960200,9.62432893908282,3.667860015058179
19011960300,9.712802120465435,3.598444275154004
19011960400,9.798288748117728,3.516684264202601
19011960500,9.857492048596852,3.444277115674196
19011960600,9.678559581793292,3.619331490075291
19011960700,9.613034136892539,3.70274401779603
19013000100,9.703860988364134,3.746152309377139
19013000200,9.706734759069131,3.750282544147844
19013000300,9.703104284052019,3.759490364134155
19013000400,9.701510924709103,3.771478370294319
19013000500,9.694156900068446,3.761042151950719
19013000700,9.707529331964408,3.746186654346338
19013000800,9.700680943189596,3.7407966954141
19013000900,9.711158902121834,3.749612205338809
19013001000,9.707744314168378,3.740519268309377
19013001100,9.71098096440794,3.754596439425051
19013001200,9.713732690622861,3.761941598220397
19013001301,9.717980301848049,3.769871415468857
19013001302,9.718374828199863,3.781257097878166
19013001400,9.710302837097878,3.770692045174538
19013001501,9.6972592183436,3.795016682409309
19013001502,9.692792739904175,3.792013661190965
19013001503,9.68474866255989,3.798597314168378
19013001600,9.668372500342231,3.819942592060233
19013001701,9.690095585215606,3.755346971937029
19013001702,9.673786570841889,3.775508987679672
19013001800,9.692916518822724,3.736527742642026
19013001900,9.691649822724162,3.744388893223819
19013002000,9.70243087063655,3.74999001779603
19013002200,9.644164132785763,3.844746273785079
19013002301,9.654549873374401,3.834172902806297
19013002303,9.644212043805613,3.839274364134155
19013002304,9.643221701574264,3.84127573100616
19013002400,9.668620448323066,3.815012811088296
19013002500,9.670511403832991,3.818606564681725
19013002601,9.665265908966461,3.822948467488022
19013002603,9.603673518822724,3.883044181382615
19013002604,9.628374514715948,3.85869759890486
19013002700,9.668505529089665,3.764572796030116
19013002800,9.676791737166324,3.766101387405886
19013002901,9.698192895277207,3.7465875633128
19013002902,9.645076509240246,3.734500142368241
19013003001,9.690560066392882,3.77494998973306
19013003002,9.589099789185489,3.791657880219028
19015020100,9.233306076659822,3.84077907871321
19015020200,9.219826019849418,3.79872357357974
19015020300,9.21148796440794,3.78361945174538
19015020400,9.181977186173854,3.778377071868583
19015020500,9.219341928131417,3.651657453114305
19015020600,9.07518734017796,3.692729886379192
19015020700,9.078213524982888,3.837036718001369
19017004000,9.470714134154689,3.962242396303901
19017004100,9.467274362765229,3.949581594113621
19017004200,9.504449179329227,3.950645232032854
19017004300,9.505181400410678,3.863176690622861
19017004400,9.429392212183436,3.936122290896646
19017004500,9.348004229295003,3.94067782477755
19017004600,9.559053067077344,3.923251356605065
19017004700,9.326215887748118,3.913451030800821
19019950100,9.587156858316222,3.721650318275154
19019950200,9.589944364134155,3.787437590006845
19019950300,9.645898380561259,3.773301187542779
19019950400,9.683502314168378,3.746342177275838
19019950500,9.66940100752909,3.738513405201916
19019950600,9.709477535249829,3.681559708418891
19021960100,8.790168983572895,3.938220813141684
19021960200,8.779721739904175,3.959351947296372
19021960300,8.862186093086927,3.996800882272416
19021960400,8.866424479123888,4.007455207392197
19021960500,8.848942019849418,4.004566664613279
19021960600,8.830903563997262,3.992376466119096
19023070100,9.367886693360712,4.011673154004107
19023070200,9.315357457905544,4.042321140999316
19023070300,9.294533687200548,4.038876045174538
19023070400,9.431313143052704,3.998291496235455
19023070500,9.498958932238193,3.958412161533196
19025950100,8.893435898015058,3.986930734428474
19025950200,8.88216316495551,4.002012364134155
19025950300,8.919533412731006,3.979548502395619
19025950400,8.912668386036961,3.995958610540726
19027960100,8.924649682409309,3.977434704996578
19027960200,8.885363727583847,3.982390500342231
19027960300,8.927668392197125,3.982407342231348
19027960400,8.920755763175907,3.982654731690623
19027960500,8.862519287474333,3.901960310746064
19027960600,8.851189967145791,3.936809948665298
19029190100,8.777137017111567,3.790937899383984
19029190200,8.786236769336071,3.751292256673511
19029190300,8.752135843942505,3.747041681724846
19029190400,8.786362649555099,3.797739741273101
19029190500,8.795513032854209,3.796292381930185
19031450100,10.190442876796715,3.543814986310746
19031450200,10.127678872005476,3.441014088980151
19031450300,10.241573411362081,3.471939592744695
19031450400,10.406532645448323,3.428397678302532
19031450500,10.305756782340862,3.387826516084873
19033950102,9.101545303216975,4.102939375085558
19033950200,9.113425625598905,4.106184858316222
19033950300,9.131182340862423,4.106550773442847
19033950402,9.130976420944558,4.102957334702259
19033950600,9.105208500342231,4.097031849418207
19033950700,9.079301833675565,4.09720180698152
19033950800,9.007649947296372,4.083108142368241
19033950900,9.080149544832307,4.093165117043121
19033951000,9.137852673511294,4.088963039014374
19033951400,9.107330332648871,4.086910878850103
19033951600,9.113134478439425,4.101793003422314
19035080100,8.792549431211499,3.963177194387406
19035080200,8.784139570157426,3.963149088295688
19035080300,8.799091182067077,3.945474550992471
19035080400,8.786930818617385,3.967036049965777
19037070100,9.098042084873374,3.97546292128679
19037070200,9.243257629021218,3.97798450513347
19037070300,9.203111873374401,3.949728026009582
19037070400,9.148774725530459,3.972021667351129
19039960100,8.811617976043806,3.726277119096509
19039960200,8.810634930184805,3.726165242299795
19039960300,8.773394901437372,3.727484077344285
19041080100,8.67537399247091,3.859704238877481
19041080200,8.678338428473648,3.878844174537988
19041080300,8.689644861054073,3.903703269678302
19041080400,8.702035546885695,3.916040386721424
19043070100,9.234175244353183,3.869555492813142
19043070200,9.189783475701574,3.877308062970568
19043070300,9.293215719370294,3.83084741615332
19043070400,9.400956684462697,3.817412511293634
19043070500,9.482059793976728,3.80478664476386
19043070600,9.392665724161533,3.765255155373032
19045000100,10.467529941136208,3.073057187542779
19045000200,10.546725404517454,3.097902316906229
19045000300,10.505952069815195,3.069206043805613
19045000400,10.515102136892539,3.176377476386037
19045000500,10.473047669404518,3.088758014373717
19045000600,10.422851269678302,3.064750476386037
19045000700,10.362293401779603,3.113382700889802
19045000800,10.531014059548255,3.264139577686516
19045000900,10.447012360711841,3.375662143052704
19045001000,10.304096517453799,3.4907695229295
19045001100,10.13784923613963,3.581643774811773
19045001200,10.268565005475702,3.364204462696783
19047070100,8.842165127994524,3.979180240930869
19047070200,8.794005603011636,3.949814976728268
19047070300,8.812875568104038,3.933891638603696
19047070400,8.84307177412731,3.965113518822724
19047070500,8.82606778439425,3.936588850787132
19049050100,9.169094407255305,3.420638037645448
19049050200,9.068472030800821,3.498011790554415
19049050300,9.021579275154004,3.626905410677618
19049050400,9.006537884325804,3.643271506502396
19049050500,8.937662885010267,3.599865850102669
19049050600,8.903041671457906,3.530492902806297
19049050700,9.010792481861738,3.45765219028063
19049050803,9.208645198494182,3.272685272416153
19049050805,9.229964073921971,3.230752542094456
19049050807,9.19156225119781,3.264841577002053
19049050809,9.175158461327858,3.254108342915811
19049050811,9.207454132785763,3.215544321697468
19049050812,9.12380773100616,3.272900098562628
19049050901,9.157189755646817,3.29489164476386
19049050902,9.046052706365503,3.372503288843258
19051080100,9.376631220396988,3.942906797399042
19051080200,9.271569947980835,3.993309247091034
19053960100,8.808179268309377,3.91331211430527
19053960200,8.784753529089665,3.89075348733744
19053960300,8.809439443531828,3.90388986036961
19055950100,9.628290670773443,3.762477715263518
19055950200,9.592730596167009,3.663546465434634
19055950300,9.667830874058864,3.687886859000684
19055950400,9.741511292265572,3.695968351813826
19057000200,10.338752204654346,4.105880932238193
19057000300,10.333144529774127,4.104771744695414
19057000400,10.339632585900068,4.1174388678987
19057000500,10.33999672073922,4.125671727583847
19057000600,10.339930308008214,4.131703488021903
19057000700,10.339030501711157,4.137132843942505
19057000800,10.331097673511294,4.100118506502396
19057000900,10.330390608487337,4.0835854366872
19057001000,10.327035097878166,3.944637279945243
19057001100,10.267623626283368,3.950708654346338
19057001200,10.30355186036961,4.105623550308008
19059450200,8.591516759069131,3.893445120465435
19059450500,8.586151437371663,3.882790537303217
19059450800,8.621887434633812,3.862304950034223
19059451000,8.591356704996578,3.879115954825462
19059451100,8.599410793292266,3.8874597816564
19061000100,9.991085127994524,3.874507942505134
19061000300,9.973878798083504,3.865009965776865
19061000400,9.964573390143737,3.863733973990418
19061000500,9.973218837782341,3.871621238193018
19061000600,9.97787898973306,3.866935500342231
19061000701,9.985097140314853,3.868737848049281
19061000702,9.99389141615332,3.873028962354552
19061000801,9.998220620807666,3.871745944558522
19061000802,9.984871877481177,3.868227955509925
19061000900,9.986081955509925,3.87534937577002
19061001101,9.956822639288159,3.861205498973306
19061001102,9.94576358110883,3.855870986310746
19061001201,9.970069479123888,3.860347299110198
19061001202,9.974350716632444,3.864997597535934
19061001204,9.96426340862423,3.863749675564682
19061001205,9.96962079945243,3.861780740588638
19061010101,9.987075882956879,3.857781496919918
19061010103,9.923195700889802,3.849420933607118
19061010104,9.959175563997262,3.86597096440794
19061010105,9.975438360711841,3.850396640657084
19061010201,9.883380925393566,3.841136290896646
19061010202,9.795581384668036,3.813153049965777
19061010300,9.878719344284736,3.799644901437372
19061010400,9.754359688569473,3.797101501026694
19061010500,9.737926982888433,3.791226791238878
19061010600,9.747652019849418,3.80153825393566
19063070100,8.702320195756331,3.889839036276523
19063070200,8.653086613278576,3.870606324435318
19063070300,8.643025830253251,3.868412106776181
19063070400,8.640631675564682,3.87027468788501
19065080100,9.222098331279945,3.888027967830253
19065080200,9.356308508555784,3.809673728268309
19065080300,9.444612737166324,3.850690266255989
19065080400,9.487462240246407,3.825750722792608
19065080500,9.51839127652293,3.814466917864476
19065080600,9.18717678439425,3.893901565366188
19065080700,9.225043103353867,3.905574258042437
19067480100,9.100875255304586,4.021731332648871
19067480200,9.080806869267625,4.048069904175222
19067480300,9.169658249144422,4.040346721423682
19067480400,9.116659802874743,4.020712065023956
19067480500,9.134639729637235,4.025081194387406
19069360100,9.282896917864476,4.071906299794661
19069360200,9.270315932238193,4.081884956194387
19069360300,9.228687585215606,4.095414672826831
19071970100,9.058512492813142,3.936456435318275
19071970200,9.117778520876112,3.925164571526352
19071970300,9.151085003422314,3.975527299110198
19073080100,8.995884497604381,3.819617166324435
19073080200,8.956964698836413,3.844336613963039
19073080300,8.922803449007529,3.851867008898015
19073080500,8.913977550308008,3.907796527036276
19075960100,9.504787456536619,3.871432124572211
19075960200,9.428365238193018,3.95713280971937
19075960300,9.405210633127994,3.90758310403833
19075960400,9.380115599589322,3.916927987679672
19077950100,8.853353371663244,3.720079455167693
19077950200,8.77680413963039,3.784615015058179
19077950300,8.807419510609172,3.679751990417522
19079960100,9.219032804928131,4.047033786447639
19079960200,9.294396714579055,3.99135134017796
19079960300,9.215924094455852,4.040337306639288
19079960400,9.201470980835044,4.03738946201232
19079960500,9.211365918548939,3.958976103353867
19081270100,8.978532925393566,4.080519858316222
19081270200,9.011877976728268,4.086963622176591
19081270300,8.911680336755647,4.050588999315537
19081270400,8.948448620123203,4.051425577002053
19083480100,9.386937655715264,4.021040020533881
19083480200,9.373410900068446,4.051423401779603
19083480300,9.35178757357974,4.049047839835729
19083480400,9.326350826830938,4.017652174537988
19083480500,9.342441600273785,3.943739374401095
19083480600,9.380783216290212,3.972825706365503
19085290100,8.895014542778918,3.87998465982204
19085290200,8.941402719370294,3.86096607871321
19085290300,9.048344938398357,3.844869771389459
19085290400,9.170118939767283,3.830163792607803
19085290500,9.073559908281999,3.824837206707734
19087970100,10.143358264202601,3.867539445585216
19087970200,10.018520876796715,3.969098029431896
19087970300,10.084359643394935,3.951413882272416
19087970400,10.113798338124572,3.961046837782341
19087970500,10.181650798083504,3.971759606433949
19089960100,8.904287744010951,3.907067613278576
19089960200,8.926492876112252,3.92181170568104
19089960300,8.937683861738535,3.942404125941136
19091970100,8.99621780698152,4.028130925393566
19091970200,8.903062994524298,3.97941882477755
19091970300,8.987059084873374,4.020810841204654
19091970400,8.97504265982204,4.013939630390144
19093090100,8.779462725530459,3.956897242984257
19093090200,8.797950013689254,3.972012140999316
19093090300,8.793920647501711,3.965718292265572
19095960100,9.836421640657084,3.519231128678987
19095960200,9.677420332648871,3.677859069130732
19095960300,9.675334993839836,3.754346299110198
19095960400,9.85982133744011,3.638187234086242
19097950100,9.910577438056126,3.700059008213552
19097950200,9.919948062970568,3.721147789869952
19097950300,10.052217,3.536952696098563
19097950400,9.935191691307324,3.685253314168378
19097950500,10.052094698151951,3.625342464750171
19097950600,10.046926737166324,3.622726378507871
19099040100,9.379987793976728,3.77052519301848
19099040200,9.300334802190281,3.616530645448323
19099040300,9.34218811430527,3.689374461327858
19099040400,9.370039013004791,3.727134679671458
19099040500,9.362933130732375,3.71443590622861
19099040600,9.349105830253251,3.701082416837782
19099040700,9.266660848733744,3.520816108829569
19099040800,9.2984509137577,3.66758916495551
19099040900,9.393300271731691,3.797341627652293
19101090100,9.868797286105407,3.91534009650924
19101090200,9.705371185489391,3.941124313483915
19101090300,9.737983919233402,3.927510467488022
19101090400,9.770378663928816,3.927690329226557
19103000100,10.185785856262834,3.184189557152635
19103000200,10.194283625598905,3.246302499657769
19103000301,10.166469064339494,3.281952030800821
19103000302,10.175163972621492,3.274619885010267
19103000400,10.173110765913758,3.300979360711841
19103000500,10.190757002737851,3.240095456536619
19103000600,10.192259301163587,3.212455849418207
19103001100,10.189686016427105,3.177863225188227
19103001200,10.180126281998631,3.14838078439425
19103001300,10.177810762491444,3.147250197125257
19103001400,10.181405558521561,3.155028563997262
19103001500,10.176381599589322,3.145236174537988
19103001600,10.186874977412731,3.173767990417522
19103001700,10.184474967830253,3.169390115674196
19103001801,10.188555298425736,3.222375455167693
19103001802,10.185904791238878,3.201263991101985
19103002100,10.196860331964408,3.194674622176591
19103002300,10.198613371663244,3.210001971252567
19103010100,10.15812854825462,3.287442507186858
19103010200,10.084292334702259,3.311020594113621
19103010301,10.06116829431896,3.374515684462697
19103010302,10.158472298425736,3.276288245037645
19103010400,10.103801144421629,3.44356390622861
19103010500,10.225955399041752,3.327939846680356
19105070100,9.847061122518823,3.676807613278576
19105070300,9.896058372347707,3.571205373716632
19105070400,9.97121607871321,3.541606023956194
19105070500,9.987169697467488,3.625941103353867
19105070600,9.829061587953456,3.674750993839836
19107080100,9.805283518138262,3.847896823408624
19107080200,9.66789532238193,3.866226038329911
19107080300,9.663006073921971,3.921854965092402
19107080400,9.702854056810404,3.935287584531143
19109950100,8.781595328542094,3.983953841889117
19109950200,8.886662748117728,4.004639196440794
19109950300,8.774673620123203,3.925675502395619
19109950400,8.850276242299795,3.954142021218344
19109950500,8.85814020807666,3.965922843258042
19109950600,8.83222946954141,3.928929947980835
19111490100,10.241846138261465,4.144008151950719
19111490200,10.25662746954141,4.156375210130048
19111490300,10.284457893223819,4.149300312799452
19111490400,10.077377747433265,4.047127882956879
19111490500,10.015130040383299,4.061349883641342
19111490600,10.145639109514032,4.112707854209446
19111490700,10.224001221765914,4.1091713908282
19111490800,10.204024890485968,4.095924278576318
19111490900,10.233111973305955,4.108287087611225
19111491000,10.216020735797399,4.080198706365503
19111491100,10.266213411362081,4.154346838466804
19113000100,10.05597720054757,3.318270105407255
19113000201,10.054096659137577,3.262260751540041
19113000203,10.020444227241615,3.33258873853525
19113000205,10.012048895277207,3.291142648870637
19113000206,10.015973565366188,3.324809498288843
19113000207,10.070048980150582,3.257524782340862
19113000300,10.066633672826831,3.287566459958932
19113000400,10.046909889801506,3.309081937713895
19113000500,10.087038561943874,3.27606967008898
19113000600,10.0865549137577,3.259983417522245
19113000700,10.090344788501027,3.241961475701574
19113000800,10.092545409308693,3.225455411362081
19113000901,10.076804248459959,3.225162037645448
19113000902,10.062252479123888,3.207661654346338
19113001001,10.051501991101985,3.206528942505134
19113001002,10.044906952772074,3.205662052019165
19113001003,10.068998982888433,3.175590471594798
19113001101,10.088915505817933,3.128522228610541
19113001102,10.097722052703628,3.167340160164271
19113001200,10.111618008213552,3.129500464750171
19113001300,10.123357925393566,3.173278801505818
19113001400,10.108424180013689,3.210002535934292
19113001500,10.108369285420945,3.2331584770705
19113001600,10.110868436002738,3.227677108829569
19113001700,10.120075734428474,3.184987625598905
19113001800,10.120062405201916,3.193996701574264
19113001900,10.122077265571526,3.158329147843942
19113002200,10.108339004791239,3.120780947980835
19113002300,10.089693262833676,3.120943476386037
19113002400,10.087440347022587,3.130628908281999
19113002500,10.107419622861054,3.134159631759069
19113002600,10.117956140314853,3.160940963723477
19113002700,10.116686286105407,3.153494258042437
19113002800,10.124878911019849,3.20597156605065
19113002900,10.112164353867214,3.16093344421629
19113003001,10.059250184804928,3.21047407871321
19113003002,10.126455266255989,3.214975759069131
19113010100,9.782462327857632,3.568055925393566
19113010200,9.804766049281314,3.535781500342231
19113010300,9.868486877481177,3.488493935660506
19113010400,9.997406125256674,3.433733881587954
19113010500,10.043890262833676,3.356850649555099
19113010600,9.951058077344285,3.351097316221766
19113010700,10.125930496919918,3.243714584531143
19113010800,10.096077501711157,3.372185540041068
19115450100,10.423206086926762,3.538641567419576
19115450200,10.276737844626968,3.64775484531143
19115450300,10.349974728268309,3.727816179329227
19117950100,8.930801801505818,3.812275228610541
19117950200,8.845636697467488,3.740402112251882
19117950300,8.885892327857632,3.756515168377823
19117950400,8.897408612594114,3.789475037645448
19119950100,8.731517635865845,3.88733773100616
19119950200,8.752641847364819,3.845899967145791
19119950300,8.707101843942505,3.740417550992471
19121060100,8.903348542778918,3.428889396303901
19121060200,8.833106198494182,3.526216438056126
19121060300,8.795230598220397,3.585819541409993
19123950100,9.601851226557153,3.940982685831622
19123950200,9.474092508555784,3.887495124572211
19123950300,9.469803424366872,3.948212971252567
19123950400,9.564231438740589,3.954936611909651
19123950500,9.571297191649555,3.964482329226557
19123950600,9.542916773442847,3.949207980835044
19123950700,9.549117635865845,3.957611466119096
19125030100,9.20216153045859,3.679018920602327
19125030200,9.34925737577002,3.809215066392882
19125030300,9.336230802190281,3.815563550992471
19125030401,9.099203698836413,3.682492798767967
19125030402,9.180514146475017,3.740509002737851
19125030500,9.134742914442163,3.717897511978097
19125030600,8.996215615331964,3.670883305954826
19125030700,9.191934839835729,3.825846579055442
19127950100,9.381924622861054,3.861607342915811
19127950200,9.317212572210814,3.838476498973306
19127950300,9.321339798767967,3.766005866529774
19127950400,9.39095602532512,3.806858627652293
19127950500,9.399447541409993,3.839134116358658
19127950600,9.387958907597536,3.835996420944558
19127950700,9.376517740588638,3.84153460164271
19127950800,9.381648062286105,3.829944694729637
19127950900,9.411887625598905,3.839271954825462
19127951000,9.401383273785079,3.832636986995209
19129040100,9.018094919233402,3.797736247091034
19129040201,9.31346911156742,3.868288201916496
19129040202,9.31424687063655,3.818746073921971
19129040301,9.382085217659138,3.850720396303901
19129040302,9.356297299794661,3.846528789869952
19131560100,8.979327533880904,3.991670856947296
19131560200,8.985050049281314,4.019686404517454
19131560300,9.023144029431896,4.025846126625599
19133960100,8.794020305954826,3.916822345653662
19133960200,8.88101892881588,3.930713891854894
19133960300,8.880334248459959,3.922856678302532
19133960400,8.82180790349076,3.908103308692676
19135070100,9.352236345653662,3.950960750855578
19135070200,9.236620978097194,3.957437687200548
19135070300,9.05251953045859,3.869046144421629
19137960100,8.852442366872006,3.714770455852156
19137960200,8.91216436550308,3.738194579055442
19137960300,8.923056342231348,3.751164667351129
19137960400,8.920854361396304,3.742482384668036
19139050100,10.569251666666667,3.283093815879535
19139050200,10.467370866529774,3.28295631485284
19139050300,10.323195091718001,3.33731758384668
19139050400,10.4545814770705,3.325916952772074
19139050500,10.598489802190281,3.124240880219028
19139050600,10.580932171800137,3.177749984941821
19139050700,10.613316372347707,3.191660131416838
19139050800,10.613767599589322,3.138784364818617
19139050900,10.629648037645448,3.125943699520876
19139051000,10.63110844421629,3.090164691991786
19141490100,8.732152952087611,3.940120444900753
19141490200,8.794878522245038,3.957274607118412
19141490300,8.813285084873374,3.949648617385352
19141490400,8.784271271731691,3.955614454483231
19143460100,8.655070171800137,3.903735127994524
19143460200,8.645502833675565,3.916059684462697
19145490100,8.992785957563313,3.828441493497604
19145490200,9.050231104722793,3.90583968514716
19145490300,9.051137932238193,3.924879944558522
19145490400,8.98922272073922,3.872966540041068
19145490500,9.001116815879535,3.890773733744011
19145490600,9.043757039014374,3.943716739904175
19147960100,8.743587016427105,3.812214849418207
19147960200,8.709158778918549,3.762630087611225
19147960300,8.698518329226557,3.720978457905544
19147960400,8.683288310061602,3.790862177960301
19149970100,8.950502996577686,3.901005130047912
19149970200,8.967514681040383,3.895450538672142
19149970300,8.891982513347023,3.802070891170431
19149970400,8.906104926078029,3.928174587268994
19149970500,8.883635253251198,3.899873270362765
19149970600,8.988411178644764,3.797968386036961
19151780100,8.768140323066393,3.887572320328542
19151780200,8.804413674880219,3.926935480492813
19151780300,8.843145869267625,3.970357028062971
19153000101,9.406528021902806,3.206831351129363
19153000102,9.391829393566051,3.210947086926762
19153000103,9.394636948665298,3.18456501026694
19153000201,9.416393645448323,3.170442486652977
19153000202,9.404273638603696,3.153304266255989
19153000300,9.416142834360027,3.129052028747433
19153000400,9.413551345653662,3.103967130047912
19153000500,9.403618416837782,3.086581839151266
19153000600,9.389530110882957,3.063365604380561
19153000701,9.374413436002738,3.037700095140315
19153000702,9.385124091033539,3.088844822724162
19153000703,9.3695756091718,3.052845212183436
19153000704,9.377135893223819,3.088984127994524
19153000801,9.370220495550992,3.099841230663929
19153000802,9.363610245722108,3.066393115674196
19153000803,9.351132116358658,3.080089886379192
19153000901,9.342223265571526,3.066934203285421
19153000902,9.34914071321013,3.048813162902122
19153001000,9.360871620123203,3.025296338124572
19153001100,9.359136425051335,3.005058461327858
19153001200,9.366677298425736,3.012332388774812
19153001500,9.389407793292266,3.071521001368925
19153001700,9.382992165639973,3.100715926078029
19153001800,9.386028277891855,3.148886466119096
19153001900,9.382910767967146,3.192579969199179
19153002100,9.376156663244353,3.142958033538672
19153002600,9.350379004106776,3.004646227241615
19153002700,9.341013065023956,3.015666319644079
19153002800,9.340470518822724,3.025759832306639
19153002900,9.333672392881588,3.029399686516085
19153003001,9.334387021902806,3.053153812457221
19153003002,9.323896092402464,3.060767134839151
19153003100,9.317242901437372,3.061787199863108
19153003200,9.325290399726215,3.04633315468857
19153003901,9.337703933607118,3.134551724845996
19153003902,9.325531787132101,3.177130547570157
19153004001,9.310054564681725,3.075938932922656
19153004004,9.289081420944558,3.112682099931554
19153004100,9.32069947980835,3.085662663928816
19153004200,9.344228219028063,3.085663318959617
19153004300,9.32061068514716,3.108510734428474
19153004400,9.334631620807666,3.123535368925394
19153004501,9.309826924709103,3.14392058110883
19153004502,9.297100184120465,3.122587245722108
19153004602,9.298521504449008,3.162921769336071
19153004603,9.284807825462012,3.144776526351814
19153004701,9.262958652977413,3.168815433264887
19153004702,9.27631433744011,3.18651687063655
19153004800,9.375160993155373,3.066505759069131
19153004900,9.374033666666667,3.046042297741273
19153005000,9.362168240246407,3.017625813141684
19153005100,9.351156084188912,3.051215668720055
19153005200,9.362474665297741,3.107317858316222
19153005300,9.350104196440794,3.184319351129363
19153010101,9.321746960985626,3.47040398973306
19153010102,9.346107571526352,3.388210500342231
19153010203,9.361898510609172,3.312706054072553
19153010205,9.384110520876112,3.280109318959617
19153010207,9.368142275838467,3.294006529774127
19153010208,9.375297382614648,3.326369006844627
19153010209,9.382018258726899,3.33993700752909
19153010211,9.387174371663244,3.317139288158795
19153010212,9.396238852156058,3.289461057494866
19153010404,9.360263691307324,3.151184941820671
19153010405,9.347803333333333,3.11858009377139
19153010406,9.314904362080767,3.156482
19153010407,9.341789184804928,3.162947619438741
19153010408,9.349334865160849,3.095128803559206
19153010409,9.366163196440794,3.132780061601643
19153010500,9.406055757700205,3.160953278576318
19153010600,9.407045176591376,3.243374724845996
19153010702,9.280098177960301,3.393686724161533
19153010703,9.360385220396988,3.333844225188227
19153010705,9.35258520054757,3.334744099247091
19153010706,9.356567372347707,3.292001201232033
19153010802,9.276735320328542,3.249769201916496
19153010803,9.349671962354552,3.231848708418891
19153010804,9.304121620807666,3.289422407939767
19153011001,9.296437474332649,3.09792383504449
19153011021,9.279395286105407,3.124320277891855
19153011025,9.263658279945243,3.144202674880219
19153011026,9.218567728952772,3.181724778918549
19153011027,9.237036643394935,3.165556401779603
19153011028,9.247556848049281,3.167093008898015
19153011111,9.305560381245722,3.087552189596167
19153011112,9.298605214921287,3.096737768651608
19153011113,9.262422797399042,3.16266635523614
19153011114,9.287420198494182,3.12393092128679
19153011201,9.329776707049966,3.082833180013689
19153011203,9.259314073921971,3.179839999315537
19153011205,9.32210167761807,3.099357425051335
19153011206,9.296669535249829,3.133804185489391
19153011300,9.28008655578371,3.256920008898015
19153011404,9.327691071868583,3.26799068514716
19153011500,9.256557706365503,3.435485006160164
19153011600,9.279370752224504,3.135986349760438
19153011701,9.341584492128679,3.194023709787817
19153011702,9.375314091718001,3.160224326488706
19155021200,9.741856826146475,3.772224145790554
19155021400,9.37116301779603,3.818136703627652
19155021501,9.003926078028747,3.801767960985626
19155021502,8.84965880971937,3.812996273100616
19155021602,9.164765801505818,3.780350305270363
19155021603,9.092286592060233,3.78825629431896
19155021701,8.871001907597536,3.78575987816564
19155021702,8.871783561943874,3.761677969883641
19155030100,9.62017501026694,3.780414893908282
19155030200,9.670379638603696,3.773661150581793
19155030300,9.718137344969199,3.761435884325804
19155030401,9.767217818617385,3.765974730321698
19155030402,9.78838610403833,3.764757278576318
19155030501,9.752296663244353,3.767847351129363
19155030502,9.755008905544148,3.762795045174538
19155030601,9.720922442847365,3.769865608487337
19155030602,9.725314166324435,3.769691574264203
19155030700,9.700167058863792,3.773557658453114
19155030800,9.706751891854894,3.779049722108145
19155030900,9.682704802190281,3.775848329226557
19155031000,9.67865809377139,3.78118645927447
19155031100,9.631652490759754,3.783019726214921
19155031200,9.647852802874743,3.786458740588638
19155031300,9.73246366255989,3.779881846680356
19155031400,9.765992312799452,3.79055609650924
19155031601,9.527864712525667,3.798602255989049
19155031602,9.5817156954141,3.797108473648186
19155031700,9.461911022587269,3.79447195687885
19155031800,9.574928740588638,3.795341284052019
19155031900,9.557426541409993,3.799241909650924
19157370100,9.532412024640657,3.774219410677618
19157370200,9.469144814510609,3.825747281998631
19157370300,9.440037012320328,3.809433690622861
19157370400,9.445254675564682,3.817788661190965
19157370500,9.553676620807666,3.82879884257358
19159950100,8.769087369609856,3.872589881587954
19159950200,8.807215650239562,3.939943519507187
19161080100,8.874430140999316,4.016389957563313
19161080200,8.861659484599589,4.007600302532512
19161080300,8.903101892539357,4.011763040383299
19161080400,8.903733438740589,4.022211504449008
19163010101,10.610991123887748,3.325180192334018
19163010102,10.680550819986311,3.348095672142368
19163010201,10.600502060232717,3.242666708418891
19163010202,10.556759112936345,3.314006203969884
19163010300,10.471157568788501,3.367805653661875
19163010401,10.605896623545517,3.212183720054757
19163010402,10.640241978097194,3.149992708418891
19163010600,10.666621915126626,3.05520701026694
19163010700,10.648491201916496,3.012689792607803
19163010800,10.634898097878166,2.99314667761807
19163010900,10.654862004791239,3.0199130862423
19163011000,10.656041041067762,3.032525504449008
19163011100,10.636643188227242,3.002284740588638
19163011200,10.638728563997262,3.006502081451061
19163011300,10.642106112936345,3.013348184804928
19163011400,10.657902621492129,3.047254431895962
19163011500,10.680473156741958,3.093524351813826
19163011600,10.662306128678987,3.062530625598905
19163011700,10.656199934976044,3.06688848733744
19163011800,10.645225143737166,3.04196436550308
19163011900,10.639162410677618,3.031351275838467
19163012000,10.634956686516085,3.041217118412046
19163012100,10.637531557837098,3.020854678302532
19163012200,10.653736188227242,3.008796802190281
19163012300,10.655413032854209,3.031747219712526
19163012400,10.649429711841205,3.094096336755647
19163012501,10.631091597535934,3.106164991101985
19163012502,10.639940765913758,3.055086999315537
19163012601,10.619101464065708,3.144308019164956
19163012602,10.628389934291581,3.095413739219712
19163012701,10.62993495687885,3.087200670773443
19163012702,10.636214062286105,3.075387399726215
19163012801,10.639718521560575,3.131868047912389
19163012802,10.652825159479808,3.095323125256674
19163012901,10.664963114989733,3.181445117043121
19163012902,10.670413075975359,3.147871394934976
19163013000,10.678675464065708,3.121101442847365
19163013100,10.679219324435318,3.123804542778918
19163013200,10.68934240862423,3.150994945242984
19163013300,10.695334262149213,3.183342747433265
19163013400,10.702081180013689,3.229025302532512
19163013500,10.684046041752224,3.170621281998631
19163013600,10.685930391512663,3.18086138329911
19163013702,10.705082575633128,3.277727771389459
19163013703,10.685278442162902,3.192250790554415
19163013705,10.688988783709788,3.215141242984257
19163013706,10.681879945242984,3.243759725530459
19165960100,8.796958383983573,3.867410421629021
19165960200,8.825348453798768,3.860414773442847
19165960300,8.833566430527036,3.863227691991786
19165960400,8.811017698836413,3.863075316906229
19167070100,8.880963769336071,3.96189962696783
19167070200,8.910814698151951,3.922753889117043
19167070300,8.903469054757016,3.891508120465435
19167070400,8.810240622861054,3.822546791238878
19167070500,8.91676189596167,3.952915727583847
19167070600,8.927865531143053,3.948897056810404
19167070700,8.930534245722108,3.927711640657084
19169000100,9.370248940451745,3.807994163586584
19169000200,9.348347260780288,3.777945419575633
19169000300,9.343935274469541,3.784432235455168
19169000400,9.338756650924025,3.766972544147844
19169000500,9.332975338124572,3.761921324435318
19169000600,9.314256631074606,3.755049733744011
19169000700,9.317611351813826,3.746744143052704
19169000800,9.328236353182752,3.754113996577686
19169000900,9.34341009377139,3.761136930184805
19169001000,9.339870713894593,3.739075106776181
19169001100,9.323361339493498,3.737022272416153
19169001200,9.320883933607118,3.737343244353183
19169001301,9.311424328542094,3.735160169746749
19169001302,9.318158323750856,3.690179775496236
19169010100,9.304166604380561,3.596932739904175
19169010200,9.27926662422998,3.677312650924025
19169010300,9.317668342231348,3.723285613278576
19169010400,9.330105160848734,3.76529083504449
19169010500,9.311277001368925,3.841364083504449
19169010600,9.331890534565366,3.88635859890486
19171290100,9.47146477412731,3.745157874058864
19171290200,9.416617431895962,3.802759643394935
19171290300,9.399758958932238,3.804041533196441
19171290400,9.434855026694045,3.783772381930185
19171290500,9.437989063655031,3.784123607802875
19171290600,9.473568039014374,3.77712224366872
19173180100,8.7888088678987,3.847679976043806
19173180200,8.843036823408624,3.92320139835729
19173180300,8.880831286105407,3.867446039014374
19175190100,8.765260893223819,3.729112568788501
19175190200,8.781620920602327,3.775595386036961
19175190300,8.772474368925394,3.790926115674196
19175190400,8.78264337303217,3.768839173169062
19177950100,9.67250336550308,3.890881080082136
19177950200,9.484075856947296,3.789847113620808
19179960100,9.615744289527721,4.000462383983573
19179960200,9.566181222450376,4.004443618069815
19179960300,9.583064004106776,3.99967150513347
19179960400,9.559068708418891,3.995733232717317
19179960500,9.534333819301848,3.989558902121834
19179960600,9.542769559206023,4.005880143737166
19179960700,9.443516845995893,3.991898349760438
19179960800,9.49462565229295,3.996117142368241
19179960900,9.524803368925394,3.991366088295688
19179961000,9.513263864476386,3.983941036276523
19179961100,9.548576495550992,3.953619278576318
19181020100,9.248024206023272,3.208640747433265
19181020200,9.177105745379877,3.236129862422998
19181020300,9.148036988364134,3.260273770704997
19181020400,9.204888978781656,3.305339890485968
19181020500,9.091408841204654,3.44865586036961
19181020600,9.049553794661191,3.400418333333333
19181020700,9.03357248733744,3.40764120807666
19181020800,9.035182149897331,3.40046166255989
19181020900,9.011314847364819,3.431924686516085
19181021000,9.012049932922656,3.430522764544832
19181021100,8.917147886379192,3.554530284052019
19181021200,8.910866528405202,3.477823962354552
19183960100,10.159244913073238,3.561693258042437
19183960200,9.978942826146475,3.789421823408624
19183960300,10.116474092402464,3.747910869267625
19183960400,10.101784094455852,3.773825216290212
19183960500,10.16081177412731,3.735959228610541
19185070100,8.898505498288843,3.91001612183436
19185070200,8.833335920602327,3.911863715263518
19185070300,8.898710343600274,3.983719283367556
19187000100,9.127514492813142,4.051032518822724
19187000200,9.082302279945243,4.038212353867214
19187000300,9.059130806297057,4.033041815195072
19187000400,9.086499065023956,4.03999268788501
19187000500,9.107405446269678,4.032805685831622
19187000600,9.094872772758385,4.038080718685832
19187000700,9.081718850787132,4.03455302532512
19187000900,9.060119788501027,4.015615856262834
19187010100,9.139362318959617,4.05515331485284
19187010200,8.974104038329911,4.004621281998631
19187010300,8.992361638603696,3.967984417522245
19187010400,9.0804269137577,3.953279287474333
19189680100,8.846479839151266,4.03540998220397
19189680200,8.817578143737166,4.024327955509925
19189680300,8.910274856262834,4.061257269678302
19191950100,8.895614711841205,3.886199564681725
19191950200,8.935270168377823,3.897775909650924
19191950300,8.954960511293634,3.902165267624914
19191950400,8.996725789185489,3.897674097193703
19191950500,9.038324090349076,3.923296919233402
19193000100,9.092159312799452,3.793224582477755
19193000200,9.08149472073922,3.780766761122519
19193000300,9.073269319644079,3.761564156057495
19193000400,9.05270055578371,3.757944244353183
19193000500,9.024822417522245,3.7548685229295
19193000600,8.998353582477755,3.771143450376454
19193000700,9.020698918548939,3.765379031485284
19193000800,9.052297075975359,3.762814980835044
19193000900,9.06099900752909,3.750823355920602
19193001000,9.073758851471595,3.75590049486653
19193001100,9.081429244353183,3.762947943189596
19193001200,9.078230266940452,3.769792237508556
19193001300,9.064402010951403,3.75753389596167
19193001400,9.052659693360712,3.77022901026694
19193001500,9.05807567008898,3.774129947296372
19193001800,9.093562553045859,3.813376184120465
19193001900,9.098139565366188,3.830355223134839
19193002000,9.093360865160849,3.819545599589322
19193002101,9.104834084188912,3.851559646817248
19193002102,9.101244271731691,3.848501522245038
19193003100,8.764493419575633,3.914269795345654
19193003200,8.917492015058179,3.888655082819986
19193003300,9.083769769336071,3.843265327173169
19193003500,8.90049094934976,3.904765869267625
19193003600,9.058637514031485,3.849583130047912
19193940200,8.907977895277207,3.90968227652293
19195690100,8.935965212183436,4.029335568104038
19195690200,8.902371002737851,4.052295867214237
19195690300,8.967180793976728,4.047672967145791
19197680100,9.064458331964408,4.069251753593429
19197680200,9.128599673511294,4.07238312183436
19197680300,9.134270629705681,4.07782480971937
19197680400,9.191293605065024,4.080010391512663
19197680500,9.126887481177276,4.066389458590007
20001952600,9.18867609650924,4.088666757700205
20001952700,9.157449439425051,4.112252880219028
20001952800,9.175833719370294,4.123568815195072
20001952900,9.20811947980835,4.12523770294319
20001953000,9.226267923340178,4.135511817932923
20003953600,9.102207973305955,4.030121247091034
20003953700,9.06283198220397,4.048552592060233
20005081600,9.207655668720055,4.063869192334018
20005081700,9.428061986310746,4.091028523613963
20005081800,9.396363767282683,4.08083037577002
20005081900,9.442759671457906,4.087023841204654
20007968100,7.825341603696099,3.814109321697468
20007968200,7.818456496235455,3.801312164271047
20009971100,7.913104031485284,3.936518960301164
20009971200,7.760178549623546,3.89444603559206
20009971300,7.845635980150582,3.924441452429843
20009971400,7.894660859685147,3.940846137577002
20009971500,7.8771505633128,3.925092184120465
20009971600,7.883839560574949,3.93264595687885
20009971700,7.892501264202601,3.939262016427105
20009971800,7.888023034907598,3.931750383983573
20011955600,9.203908305270363,4.01462314715948
20011955700,9.240134144421629,4.080515335386721
20011955800,9.289483449007529,4.064246422313484
20011955900,9.30883842642026,4.060204422313484
20011956000,9.301923863107461,4.056298392881588
20013480600,9.047523876796715,4.123013569472964
20013480700,9.078956333333333,4.116564934976044
20013480800,9.100156196440794,4.089041165639973
20015020100,8.685077773442847,3.945423839835729
20015020201,8.957786971252567,3.987484711841205
20015020202,9.357889686516085,4.035859140999316
20015020203,9.273710509924709,4.030716156741958
20015020300,8.815324027378508,3.982577494182067
20015020400,8.844353075290897,3.980548789869952
20015020500,8.87966785284052,3.992408339493498
20015020600,9.024000373716632,4.025959229979466
20015020700,9.053624636550308,4.000850136208077
20015020800,9.056529622176591,3.992012375085558
20015020901,8.938205358658453,3.947795468172485
20015020902,9.288624610540726,3.995887317590691
20015020903,8.865603676249144,3.910370744695414
20017960600,8.564916917180014,4.006990136208077
20019964600,8.922837793292266,3.931894490075291
20021958100,9.637799592744695,4.299396724161533
20021958200,9.58371782477755,4.281801991786448
20021958300,9.641226310746064,4.308707654346338
20021958400,9.75806016495551,4.354885773442847
20021958500,9.786171852156058,4.36516654825462
20021958600,9.726855329226557,4.329341846680356
20023950200,6.51083567761807,3.355263681040383
20025967100,7.231099822039699,3.669554945242984
20027458100,8.438306471594798,4.099744187542779
20027458200,8.468974627652293,4.117199990417522
20029977100,8.249153757015743,4.043612961670089
20029977200,8.223522866529774,4.040300087611225
20029977300,8.19769743394935,4.034327223134839
20029977400,8.14622061670089,4.0098651724846
20031966100,8.991401820670773,4.08294146954141
20031966200,8.910361758384668,4.074297835728953
20031966300,8.951230177960301,4.083442504449008
20033967600,7.346583271731691,3.671457694729637
20035493100,8.65376832238193,3.823189525667351
20035493200,8.86595915742642,3.890000849418207
20035493300,8.882614991786448,3.882891095824778
20035493400,8.883288636550308,3.891787686516085
20035493500,8.834389208761122,3.872816340862423
20035493600,8.844693051334702,3.871893947296372
20035493700,8.875611890485968,3.875414718685832
20035493800,8.89868194934976,3.886681652977413
20035493900,8.873884393566051,3.862272434633812
20035494000,8.8803213045859,3.86898940862423
20035494100,8.861162568104038,3.862679275154004
20037956600,9.39656251266256,4.152780721423682
20037956700,9.388187177960301,4.186966260780288
20037956800,9.43267710403833,4.192523858316222
20037956900,9.504606414099932,4.213195466803559
20037957000,9.541860810403833,4.233671396988364
20037957100,9.542694411362081,4.243612988364134
20037957200,9.54798048733744,4.248316958247776
20037957300,9.577857895277207,4.266385944558522
20037957400,9.562676244353183,4.249292822724162
20037957500,9.563306283367556,4.256330626283368
20037957600,9.581901855578371,4.2564831724846
20039951100,6.893437404517454,3.540525290212183
20039951200,6.862265750171116,3.526980312799452
20041084100,8.588272271731691,4.1631874770705
20041084200,8.567570793292266,4.13459482477755
20041084300,8.613709580424367,4.169735735797399
20041084400,8.627894516084873,4.177880175906913
20041084500,8.587273553730322,4.121606930184805
20041084600,8.567356923340178,4.091048018480493
20043020100,9.219500409308693,4.088046969883641
20043020200,9.400026281314168,4.084290986995209
20043020300,9.507628523613963,4.065064339493498
20045000100,9.581840741957563,4.113352722792608
20045000200,9.589829168377823,4.117892594798084
20045000300,9.590140761122519,4.126645893223819
20045000400,9.581383325804244,4.132473498973306
20045000501,9.583274489390828,4.12209462696783
20045000502,9.594747040383299,4.131785977412731
20045000603,9.528963923340178,4.110673319644079
20045000604,9.567463787132101,4.121231101300479
20045000702,9.565673409993155,4.120083590691307
20045000797,9.540521722108145,4.124223258726899
20045000801,9.498202255304586,4.106117809034908
20045000802,9.528883765229295,4.107078411362081
20045000901,9.571135917180014,4.118292065708419
20045000902,9.535974561943874,4.110576176591376
20045001001,9.564696925393566,4.114992632443532
20045001002,9.562303945242984,4.10334915468857
20045001201,9.502354069815195,4.083176822724162
20045001202,9.584150893223819,4.074393952087611
20045001203,9.424020739219712,4.059120728952772
20045001400,9.3241185633128,4.063554520876112
20045001500,9.487363500342231,4.10559773853525
20045001600,9.507505647501711,4.109503908281999
20047969600,7.532491866529774,3.793219101300479
20047969700,7.49380670294319,3.786043028747433
20049965100,8.780017106776181,3.953434473648186
20051072600,7.564200930869268,3.83208246954141
20051072701,7.552236828199863,3.834380844626968
20051072702,7.561153542094456,3.833874872689938
20051072800,7.497098956194387,3.809708197125257
20051072900,7.523899854209446,3.817780809034908
20051073000,7.392526193702943,3.758297773442847
20053086600,8.007048744010951,3.946488505817933
20053086700,7.876185242984257,3.916352240246407
20055960100,7.450537913073238,3.834180628336756
20055960200,7.521926859000684,3.870003940451745
20055960300,7.533451596851472,3.875276323750856
20055960401,7.530682361396304,3.869392152635181
20055960403,7.527596917180014,3.865956996577686
20055960404,7.507054052019165,3.856478393566051
20055960501,7.524544202600958,3.872567203969884
20055960503,7.535026366872006,3.875702921971253
20055960505,7.533551302532512,3.870623529774127
20055960507,7.532251334702259,3.872562820670773
20055960508,7.531505284052019,3.869259967145791
20055960600,7.541970185489391,3.873954277207392
20057961600,7.473688813826146,3.799769142368241
20057961700,7.405114503764545,3.76608679945243
20057961800,7.524872872005476,3.828971314168378
20057961900,7.492302291581109,3.819773825462012
20057962000,7.495360900752909,3.826427318959617
20057962101,7.526949785763176,3.835726921971253
20057962102,7.529386449007529,3.827810711156742
20059954100,9.207544928131417,4.059677295003422
20059954200,9.276150880219028,4.072323135523614
20059954300,9.222079356605065,4.068978323750856
20059954400,9.250685841889117,4.062815284052019
20059954500,9.184917503080082,4.05713965982204
20061000100,8.701886663928816,4.160819516084873
20061000200,8.687567987679672,4.15121399247091
20061000300,8.690312435318275,4.162551246406571
20061000400,8.67654517522245,4.151879305954826
20061000500,8.687826940451745,4.155096912388775
20061000600,8.716502520876112,4.162561902806297
20061000700,8.636236950718686,4.097273351129363
20061000800,8.673135031485284,4.157209065023956
20063955100,7.015941872689938,3.617698947980835
20063955200,6.950340733059548,3.596951431211499
20065952100,7.050504326488706,3.607488744010951
20065952200,7.060098484599589,3.612215410677618
20067963600,7.281404333333333,3.756357458590007
20067963700,7.243918967830253,3.740143418206708
20069962600,7.418144909650924,3.802132796714579
20069962700,7.437239598220397,3.816157383983573
20071958100,6.696292170431212,3.466942901437372
20073965600,8.62811994661191,3.970654536618754
20073965700,8.633167240930869,3.95345526146475
20073965800,8.690817262149213,3.960839966461328
20075958600,6.72803319301848,3.502987700889802
20077961600,8.542345352498289,3.941385286105407
20077961700,8.361027356605065,3.927854751540041
20077961800,8.482465375085558,3.944394117043121
20079030100,9.005277036276523,4.125288574264203
20079030200,9.01228825393566,4.128318652977413
20079030300,9.042697826146475,4.119774787132101
20079030400,9.039109890485968,4.120518209445585
20079030500,8.94947632238193,4.126241969199179
20079030600,9.100973255989049,4.115993097193703
20081463100,7.50910976659822,3.855116036960986
20083461100,7.331302690622861,3.745295841889117
20085082600,9.065327015058179,4.085650750855578
20085082700,9.033355375085558,4.09018860164271
20085082800,8.969022548939083,4.077008818617385
20087020101,9.408096574264203,4.100762451060917
20087020102,9.387429329226557,4.094275790554415
20087020200,9.235545585900068,4.058490959616701
20087020300,9.447369919917864,4.086330135523614
20089576100,7.877911278576318,3.888761051334702
20089576200,7.908359397672827,3.918917160164271
20091050000,10.336684505817933,4.005714804928131
20091050100,10.323157778918549,4.011385981519507
20091050200,10.303814247775496,4.006625895277207
20091050301,10.285382109514032,4.00746957357974
20091050302,10.285338574948665,4.010011439425051
20091050400,10.256080664613279,4.007987800821355
20091050500,10.231694400410678,4.001773484599589
20091050600,10.26129341615332,4.012284567419576
20091050700,10.294337922655715,4.013518259411362
20091050800,10.310869527036276,4.01068656605065
20091050900,10.28775141889117,4.009158367556468
20091051000,10.263040232717317,4.005155887063655
20091051100,10.216005277891855,4.002934279945243
20091051200,10.191123757015743,3.996834075975359
20091051300,10.233915978097194,4.007408919233402
20091051400,10.250804843258042,4.015579607118412
20091051500,10.267406087611225,4.012970737850787
20091051600,10.244226062970568,4.02331652019165
20091051700,10.199561563997262,4.020606932238193
20091051801,10.222630857631759,4.0100933045859
20091051802,10.197957485968515,4.006638788501027
20091051803,10.177929302532512,4.000842496919918
20091051804,10.153355559206023,4.012064256673511
20091051805,10.166599951403148,4.008597364818617
20091051806,10.181978085557837,4.015257445585216
20091051902,10.156173318275154,3.998364859000684
20091051903,10.129636219028063,4.004277466803559
20091051904,10.099288893223819,4.003381318959617
20091051906,10.183760005475702,3.997392106776181
20091051907,10.16587218275154,4.001161545516769
20091051908,10.117845146475017,4.016172622176591
20091051909,10.131322841889117,4.005504926078029
20091052001,10.214643548939083,4.00778301026694
20091052003,10.185288190965092,4.007117115674196
20091052004,10.201410848049281,4.00910257357974
20091052101,10.23183027652293,4.009252908281999
20091052102,10.200112864476386,4.012437148528405
20091052201,10.258190587268994,4.010743062286105
20091052202,10.217620778234086,4.010496676249144
20091052303,10.111642173169062,4.026359526351814
20091052304,10.16104560164271,4.013047761122519
20091052305,10.175789698836413,4.021439245037645
20091052306,10.117960904859685,4.030653620123203
20091052405,10.076756776180698,4.011661036960986
20091052410,10.076571514031485,4.020405970568104
20091052411,10.109089950034223,4.017785155373032
20091052414,10.103362709103354,4.021161581793292
20091052415,10.046255655715264,4.019369055441478
20091052416,10.071013301163587,4.011201436002738
20091052417,10.097477453114305,4.01278076659822
20091052418,10.166188145106092,4.005335732375086
20091052419,10.141897169062286,4.008308602327173
20091052421,10.125240232032854,4.01074905338809
20091052502,10.056589383983573,4.036294117043121
20091052504,10.00847479192334,4.027703450376454
20091052601,9.908282117727584,4.045075227926078
20091052603,9.992231405886379,4.045166334017796
20091052604,9.929398590006845,4.049203561943874
20091052606,9.946386437371663,4.050545136892539
20091052607,9.915741250513347,4.060004652977413
20091052700,9.722241112936345,4.062086635181383
20091052801,9.828738684462697,4.035265339493498
20091052802,9.899772694045174,4.021143649555099
20091052803,9.859434397672827,4.008093063655031
20091052904,9.914366752224504,4.005350090349076
20091052905,9.924047632443532,4.00637240109514
20091052906,9.881245878850103,4.008091173169062
20091052907,9.954533613963039,4.005087026694045
20091052908,9.913699726214921,3.991679256673511
20091052910,9.945375016427105,4.018287895277207
20091053002,10.056026056810404,4.000016930869268
20091053004,10.035631908966461,3.996011403148528
20091053005,10.020862935660506,4.002030099931554
20091053006,9.9997258678987,3.99822968788501
20091053007,9.969700188911704,3.995173098562628
20091053008,10.001864774811773,3.997034414099932
20091053009,10.011312997946612,3.994244736481862
20091053010,9.97499479945243,3.989417386721424
20091053011,9.938013133470226,3.988326441478439
20091053101,10.085250056810404,4.003853605749487
20091053102,10.105556490075291,4.005342292950034
20091053105,10.059993097878166,3.997781874743326
20091053108,10.033462660506502,3.990670610540726
20091053109,10.027714324435318,3.995594973305955
20091053110,10.011054819301848,3.984099034907598
20091053201,10.116875318275154,4.012177939767283
20091053202,10.093995633812457,4.005942051334702
20091053203,10.048714155373032,3.994840140314853
20091053301,10.15166527926078,4.019143030800821
20091053302,10.081596526351814,4.002368471594798
20091053403,9.912308832991102,3.98244336550308
20091053406,9.846543968514716,3.955714824093087
20091053409,10.040875898699521,3.999170728268309
20091053410,9.96619054825462,3.98423452019165
20091053411,9.926393485968515,3.973538908966461
20091053413,9.981604606433949,3.987501391512663
20091053414,10.016920356605065,3.992704678302532
20091053415,9.996441229979466,3.987176758384668
20091053417,9.957187013689254,3.982114895277207
20091053418,9.911196389459274,3.971862700889802
20091053419,9.977465979466119,3.983172995208761
20091053421,9.932053737850787,3.971751841204654
20091053422,9.95517592128679,3.975061001368925
20091053423,9.932650993155373,3.975522743326489
20091053424,9.867801506502396,3.968808138945927
20091053502,9.872247858316222,3.986531932922656
20091053505,9.780548989048597,3.968040367556468
20091053506,9.889312238877481,3.978700803559206
20091053507,9.850277188227242,3.969266299794661
20091053508,9.837912089664613,3.987923522245038
20091053509,9.814081788501027,3.979950275154004
20091053510,9.820104401779603,3.968410297741273
20091053555,9.860357650239562,4.002253874058864
20091053556,9.865314952772074,3.99706334770705
20091053557,9.842330018480493,3.994564546885695
20091053601,9.836147699520876,4.000277776180698
20091053602,9.778874703627652,4.006163757700205
20091053701,9.551243831622177,4.041519519507187
20091053703,9.631446678986995,4.01683029705681
20091053705,9.654949407939767,4.016571856262834
20091053707,9.656009310746064,4.017316146475017
20091053709,9.617213499657769,4.02369564202601
20091053711,9.683633768651608,4.01920513963039
20091053712,9.587648779603012,4.010133924024641
20091053801,9.657055354551677,3.973904136892539
20091053803,9.79578192128679,3.947402907597536
20091053804,9.741882262149213,3.951445271731691
20091980001,10.013875216290212,4.009516600958248
20091980002,10.144890288843258,3.997476959616701
20091980003,10.027192188227242,4.035727142368241
20093959100,7.169575877481177,3.708108162902122
20095961100,8.477318548939083,3.921670158795346
20095961200,8.317040271047228,3.92255286036961
20095961300,8.1680997816564,3.896876432580424
20097969100,7.432846812457221,3.731706064339494
20099950100,9.468780258726899,4.245805630390144
20099950200,9.479700099931554,4.237962531827515
20099950300,9.476222802190281,4.240542845995893
20099950400,9.504335262149213,4.253829232717317
20099950500,9.503078472279261,4.244120966461328
20099950600,9.492579032169747,4.209434006844627
20099950700,9.515511990417522,4.2533960862423
20099950800,9.513979862422998,4.231639891854894
20101956600,7.163157137577002,3.697709954140999
20103070100,9.758200386036961,4.090497660506502
20103070200,9.747502941820671,4.102065794661191
20103070300,9.733209518822724,4.100956780971937
20103070400,9.76845422587269,4.09596471321013
20103070500,9.803214857631759,4.097990471594798
20103070700,9.760871058179329,4.095073442847365
20103070900,9.524676083504449,4.081614396988364
20103071000,9.573825882956879,4.078853637234771
20103071101,9.799239,4.086232687200548
20103071102,9.896316091718001,4.083848071868583
20103071202,9.783795857631759,4.076689169746749
20103071203,9.771284511293634,4.084348945927447
20103071400,9.681826908281999,4.083951117043121
20103071600,9.572854130047912,4.084357919917864
20103071800,9.649618305270363,4.08302558110883
20103981900,9.719361338124572,4.096332342915811
20105086100,7.931010020533881,3.941542269678302
20107955100,9.193805732375086,3.957722644079398
20107955200,9.185542318959617,3.953313542778918
20109954600,6.788313145106092,3.522470336071184
20111000100,8.833859168377823,4.074836703627652
20111000200,8.81823871321013,4.083036813826146
20111000300,8.800927192334018,4.072019030800821
20111000400,8.825230295003422,4.085928572895277
20111000500,8.823650064339494,4.080019801505818
20111000600,8.765532323750856,4.032900492128679
20111000700,8.754309663244353,4.065364755646817
20111000800,8.797211232717317,4.061590260095825
20113788100,8.619984174537988,4.123926088980151
20113788200,8.526468412731006,4.120117347022587
20113788300,8.474980359342916,4.087866715263518
20113788400,8.653071759753593,4.14050381724846
20113788500,8.666275825462012,4.14335721560575
20113788600,8.67355635797399,4.141688919917864
20113788700,8.792782381930185,4.150128431895962
20115489500,8.583852088980151,4.088633229979466
20115489600,8.693786998631075,4.106147442162902
20115489700,8.63039384531143,4.076354961670089
20115489800,8.727916279945243,4.066004602327173
20117040701,8.722692951403148,4.117951070499658
20117060510,8.673736084873374,4.121480003422314
20117070182,8.607124934291581,4.106130865160849
20117090186,8.679781575633128,4.103171087611225
20119966600,7.213027579739904,3.696203753593429
20119966700,7.262781764544832,3.716955655030801
20121100100,9.442375023271732,4.00410640862423
20121100200,9.537904561259411,3.961157596167009
20121100300,9.573586557152635,3.945608872005476
20121100400,9.357947205338809,3.97302487816564
20121100500,9.297719531143053,3.978586407255305
20121100601,9.380548715263518,3.993654312799452
20121100602,9.332491637919233,4.01486127926078
20121100700,9.246051234770705,4.010722902121834
20123176600,8.065309431895962,3.996763409993155
20123176700,7.913177863791923,3.938665240246407
20125950100,9.420500090349076,4.198459976728268
20125950200,9.536347973305955,4.250640701574264
20125950300,9.500023034907598,4.223670383983573
20125950400,9.546471349075975,4.239645031485284
20125950500,9.506918504449008,4.21131009377139
20125950600,9.546962049965777,4.22914845174538
20125950700,9.516402065023956,4.187263676933607
20125950800,9.591699492128679,4.209550683778234
20125950900,9.611451829568788,4.217909869952088
20125951000,9.611849171800137,4.20940431485284
20125951100,9.606012807665982,4.209247635181383
20125951200,9.61133870568104,4.200867600958248
20125951300,9.390168587268994,4.083320494182067
20127963600,8.537369750171116,4.045980904859685
20127963700,8.574990334017796,4.02665001026694
20129964600,6.628436510609172,3.443875830253251
20131480100,8.968567191649555,4.133531442162902
20131480200,8.876733451060917,4.133890603011636
20131480300,8.888598800136892,4.121997178644764
20133951600,9.304934080082136,4.149916856947296
20133951700,9.293101984941821,4.14164904312115
20133951800,9.323137679671458,4.155284249144422
20133951900,9.339869229295003,4.162977755646817
20133952000,9.398289296372348,4.202705358658453
20135956100,7.204878518138262,3.690771227241615
20135956200,7.240369845995893,3.703682306639288
20137951700,7.060548319644079,3.606888650239562
20139010100,9.149494101300479,4.033042637234771
20139010200,8.969691422313484,4.003927348391513
20139010300,8.942871614647502,4.046045030116359
20139010400,8.934466257357974,4.0396529137577
20139010500,9.045226643394935,4.043308385352498
20141474100,7.588302963723477,3.824184333333333
20143085600,8.38050499247091,4.092763622861054
20143085700,8.247625183436003,4.05651439835729
20145970200,7.698216428473648,3.873470260095825
20145970300,7.589823785078713,3.831350229295003
20147475100,7.387071475017112,3.735085346338125
20147475200,7.228612805612594,3.671865929500342
20147475300,7.32521509377139,3.714621661875428
20149000100,8.838091509240246,4.134393744010951
20149000200,8.867021368240931,4.132202724161533
20149000300,8.91629888843258,4.097283352498289
20149000400,8.752978801505818,4.118086859685147
20151968600,7.900339545516769,3.878512066392882
20151968700,7.893094136208077,3.871897088980151
20151968800,7.884157413415469,3.866233295003422
20153950600,6.6854028678987,3.456141529774127
20155000100,8.679110721423682,4.103793990417522
20155000200,8.651267937029432,4.093175864476386
20155000300,8.622843751540041,4.082858742642026
20155000400,8.601251619438741,4.077750344284736
20155000500,8.626050985626283,4.086492239561944
20155000600,8.616859422313484,4.080839639972622
20155000700,8.649058697467488,4.091396455167693
20155000800,8.617309130732375,4.0739209137577
20155001000,8.665402811772758,4.087040648870637
20155001100,8.686917685831622,4.107807981519507
20155001200,8.543210698836413,4.071484721423682
20155001300,8.566944896646133,4.052222500342231
20155001400,8.623714255989049,4.034408698836413
20155001500,8.724006727583847,4.109405587953456
20155001600,8.299711918548939,3.995988633812457
20155001700,8.120212091033539,3.926436347022587
20155001800,8.455288850102669,3.961044088295688
20157978100,8.256451944558522,4.027615316221766
20157978200,8.142640551676934,3.989523725530459
20157978300,8.229829803559206,4.022037160164271
20159967100,8.130152570841889,3.984425563997262
20159967200,8.197932575633128,4.004680353182752
20159967300,8.232213836413416,3.997116138945927
20161000200,8.828991850787132,4.177450941820671
20161000303,8.829829435318275,4.176687175906913
20161000304,8.8233235633128,4.180391865845311
20161000500,8.835360998631075,4.178610348391513
20161000600,8.816069380561259,4.18368280971937
20161000700,8.832035822724162,4.186414028062971
20161000801,8.830878868583162,4.175748904175222
20161000802,8.824680951403148,4.172996843942505
20161000900,8.787835344969199,4.142349987679672
20161001002,8.734294816563997,4.172918083504449
20161001100,8.822215301848049,4.175701585215606
20161001301,8.813436906913073,4.18416950513347
20161001302,8.602704747433265,4.1261481724846
20161980000,8.687160635865845,4.159182550992471
20163974600,7.33219802532512,3.729183668720055
20163974700,7.338374212183436,3.737588006844627
20165972100,7.488859631074606,3.797134034907598
20165972200,7.578924687200548,3.83525009377139
20167973800,7.651803064339494,3.853301769336071
20167973900,7.652723744010951,3.843044654346338
20169000100,8.60543104312115,4.184474582477755
20169000200,8.60497939835729,4.183955986995209
20169000300,8.588882084188912,4.169439488706366
20169000400,8.58929611156742,4.172774626283368
20169000500,8.584463437371663,4.173025712525667
20169000600,8.557519232032854,4.160573192334018
20169000700,8.591751287474333,4.170312553730322
20169000800,8.599667350444901,4.176214792607803
20169000900,8.602898154004107,4.187145702258727
20169001000,8.603963967830253,4.175125547570157
20169001100,8.537820912388775,4.164875657084189
20169001200,8.543981862422998,4.14119335523614
20171957100,7.194075302532512,3.709011206707734
20173000100,9.573072287474333,4.047778610540726
20173000200,9.582990574264203,4.043114450376454
20173000300,9.59360842642026,4.032106829568788
20173000400,9.599923563997262,4.030497924024641
20173000600,9.589963454483231,4.028554424366872
20173000700,9.586363414099932,4.037286384668036
20173000800,9.59647386036961,4.031730611225188
20173000900,9.570068454483231,4.03097954072553
20173001000,9.590238707049966,4.037756173853525
20173001100,9.603987561943874,4.030188559206023
20173001400,9.608938123887748,4.045029572895277
20173001500,9.609038152635181,4.042349960301164
20173001800,9.619653227926078,4.028544536618754
20173001900,9.61281710403833,4.036175559890486
20173002000,9.594233159479808,4.025789525667351
20173002100,9.585812862422998,4.031050583162218
20173002200,9.605332196440794,4.038428349760438
20173002300,9.6199491321013,4.036774969199179
20173002400,9.63454388569473,4.036550610540726
20173002600,9.644824911019849,4.042549973990418
20173002700,9.646931759753593,4.043527597535934
20173002800,9.623585198494182,4.039862307323751
20173002900,9.602904608487337,4.040597344969199
20173003000,9.635463825462012,4.046461645448323
20173003100,9.648523384668036,4.0480965229295
20173003200,9.653738255304586,4.045078127310062
20173003400,9.650414457221082,4.040273575633128
20173003500,9.628727633127994,4.033087958247776
20173003600,9.601247264887064,4.031417489390828
20173003700,9.604487765913758,4.027264734428474
20173003800,9.629183009582478,4.028902366187543
20173003900,9.645204789869952,4.040933761806982
20173004000,9.64597555578371,4.033920239561944
20173004300,9.63178272347707,4.037976320328542
20173005100,9.621817618754278,4.023488735797399
20173005200,9.630688239561944,4.031845947980835
20173005300,9.606325628336756,4.027435768651608
20173005400,9.547892199863108,4.020657672142368
20173005501,9.49535170294319,4.005437312799452
20173005502,9.460911272416153,3.99981985284052
20173005600,9.522025483230664,4.014358310746064
20173005700,9.56425073853525,4.017880171115674
20173005800,9.538038518138262,4.019210123203285
20173005900,9.588951993155373,4.02677384257358
20173006000,9.61167051266256,4.030827733059548
20173006100,9.608336000684463,4.034595859685147
20173006200,9.621024666666667,4.035017032169747
20173006300,9.612538762491444,4.033606982888433
20173006400,9.608012516769336,4.032685771389459
20173006500,9.603622429158111,4.034485957563313
20173006600,9.55480976386037,4.019855272416153
20173006700,9.588021837097878,4.026404166324435
20173006800,9.59485722587269,4.039515650924025
20173006900,9.584211288843258,4.036099900752909
20173007000,9.574643497604381,4.041178539356605
20173007101,9.556133069130732,4.040600954140999
20173007102,9.547877307323751,4.039680607118412
20173007201,9.496523986310746,4.045356878850103
20173007203,9.552916544832307,4.037857560574949
20173007204,9.512687668035592,4.050318376454483
20173007301,9.538252747433265,4.0425496091718
20173007302,9.551917718001369,4.050866309377139
20173007400,9.57189290622861,4.040149689253936
20173007500,9.567455289527721,4.028605886379192
20173007600,9.55731598973306,4.034422797399042
20173007700,9.536136185489391,4.035973386721424
20173007800,9.559686825462012,4.03763112936345
20173008000,9.448791223819302,4.070659798767967
20173008100,9.508346736481862,4.07341101026694
20173008200,9.553146821355236,4.048645370294319
20173008300,9.534176288158795,4.05767668514716
20173008400,9.56193815742642,4.052598674880219
20173008500,9.573116899383984,4.040678735797399
20173008600,9.546985481861738,4.047632008898015
20173008700,9.578904678302532,4.046773334702259
20173008800,9.555850819301848,4.051275518138262
20173008900,9.565558490759754,4.046246832991102
20173009000,9.599830245037645,4.049890618069815
20173009100,9.590384296372348,4.033153321697468
20173009200,9.516194277207392,4.037441844626968
20173009301,9.511116327857632,4.054826731690623
20173009302,9.511413880219028,4.052098026009582
20173009401,9.460287898699521,4.054726166324435
20173009402,9.467452590691307,4.057960026694045
20173009503,9.476650901437372,4.058926475017112
20173009504,9.437358986310746,4.050295595482546
20173009505,9.41692326146475,4.052273195071869
20173009506,9.40364846954141,4.059530195756331
20173009507,9.255051645448323,4.040332832991102
20173009508,9.181201320328542,4.014836913073238
20173009509,9.29336015468857,4.033390038329911
20173009510,9.390673379876797,4.04306719028063
20173009511,9.454909341546886,4.050770945927447
20173009512,9.425851993155373,4.047406727583847
20173009513,9.479711399041752,4.054339667351129
20173009603,9.507913510609172,4.024858541409993
20173009604,9.16933000752909,3.951606134839151
20173009605,9.243787036960986,3.993737742642026
20173009700,9.33863698220397,3.945498700205339
20173009801,9.418576749486653,3.993429194387406
20173009802,9.424129400410678,3.999704679671458
20173009900,9.305856403832991,3.978178782340862
20173010001,9.421492106091718,4.045023481861738
20173010002,9.458252629021218,4.052169219712526
20173010003,9.540920275838467,4.036300493497604
20173010004,9.450352032854209,4.022162349760438
20173010005,9.485038483230664,4.009152793292266
20173010106,9.449584806297057,4.050733847364819
20173010107,9.514233458590007,4.046588744695414
20173010108,9.493458488706366,4.044974500342231
20173010109,9.521280143737166,4.042617945242984
20173010110,9.530163184804928,4.03987254825462
20173010111,9.460628404517454,4.047498066392882
20173010113,9.459332027378508,4.075525446954141
20173010115,9.450597228610541,4.050348633812457
20173010116,9.2903708678987,4.059423709103354
20173010200,9.282605932238193,4.084422733744011
20173010300,9.405937229295003,4.0750427816564
20173010400,9.001375654346338,4.056176198494182
20173010500,9.075747719370294,4.026687817932923
20173010600,8.918643612594114,3.98115761670089
20173010700,8.802852641341547,3.945785678302532
20173010801,9.50514998973306,4.043425429158111
20173010802,9.483547804243669,4.044338468172485
20175965600,7.280167773442847,3.744292924024641
20175965700,7.256203095824778,3.728743144421629
20175965800,7.238459262149213,3.726612774811773
20175965900,7.235801630390144,3.72478312936345
20175966000,7.253133722108145,3.73261919301848
20177000400,9.426321349760438,4.026071852156058
20177000500,9.442320598220397,4.041400422997947
20177000600,9.458283484599589,4.057943248459959
20177000700,9.441151420260096,4.063727082819986
20177000800,9.476377589322382,4.081003681724846
20177000900,9.483233602327173,4.079422479123888
20177001000,9.480034034223135,4.072810643394935
20177001100,9.474016300479124,4.062584273785079
20177001200,9.457957012320328,4.049028010951403
20177001300,9.432553121149897,4.036683016427105
20177001500,9.418729396988364,4.020460728952772
20177001601,9.384843521560575,3.992736733744011
20177001603,9.355485850787132,3.998131656399726
20177001604,9.367970607118412,3.999528920602327
20177001800,9.412784310746064,4.017387302532512
20177001900,9.392009442162902,4.012793506502396
20177002100,9.429454966461328,4.040760973990418
20177002200,9.445132518822724,4.053228522245038
20177002400,9.35055627652293,4.029087742642026
20177002500,9.365848369609856,4.003976372347707
20177002601,9.337561042436687,4.011463313483915
20177002602,9.311168558521561,4.005612210130048
20177002701,9.351596321697468,4.00084573100616
20177002702,9.312605636550308,4.005049030800821
20177002800,9.385459892539357,4.012252404517454
20177002900,9.401551227926078,4.030408034223135
20177003001,9.41512667008898,4.032799564681725
20177003002,9.41120962696783,4.0395511321013
20177003100,9.4606855229295,4.063508320328542
20177003301,9.468934651608487,4.095339444900753
20177003302,9.410379836413416,4.100335734428474
20177003400,9.376852023271732,4.091723362080767
20177003500,9.14884673853525,4.056295118412046
20177003601,9.061642736481862,3.993190415468857
20177003604,9.19119385284052,4.007336043805613
20177003605,9.266668252566735,4.00400510403833
20177003606,9.293448856947296,4.007410446269678
20177003607,9.24555972073922,4.01214406091718
20177003700,9.337221043805613,4.02446576659822
20177003901,9.454234254620123,4.082365142368241
20177003902,9.300259900752909,4.040294898699521
20177004000,9.464631793976728,4.053935655030801
20177004100,9.413580274469541,4.037541749486653
20179952600,6.951784071868583,3.579079552361396
20179952700,6.948864136892539,3.579574071868583
20181453600,6.578572323066393,3.396715347022587
20181453700,6.588074288843258,3.402248097193703
20183475800,7.61059861670089,3.813019496235455
20183475900,7.612660288843258,3.813677765913758
20185470600,7.909300441478439,3.904780991786448
20185470700,7.79378458384668,3.871919899383984
20187964100,6.72028145927447,3.484603095140315
20189965100,7.096254149212868,3.669189785078713
20189965200,7.070235803559206,3.653297853524983
20191962100,9.131811559890486,3.931280076659822
20191962200,8.881482062286105,3.922826106776181
20191962300,8.792249564681725,3.931130441478439
20191962400,8.958628,3.924005363449692
20191962500,8.999255587953456,3.925582375085558
20191962600,8.957230577686516,3.921966516769336
20193953100,6.876734249144422,3.537424478439425
20193953400,6.891373244353183,3.549271572210814
20195955800,7.123326080082136,3.649196156741958
20197483100,8.739626197125257,4.046374199178645
20197483200,8.707827093086927,3.98551966255989
20199954100,6.552796313483915,3.395804529089665
20201978600,8.501639241615332,4.084028542094456
20201978700,8.43414884531143,4.083558410677618
20203957600,6.949341876796715,3.595509313483915
20205097100,9.302129729637235,4.174236813826146
20205097200,9.209375280629706,4.146589936344969
20205097300,9.218184545516769,4.144815942505134
20205097400,9.423129835728953,4.218210721423682
20207096600,9.052029498973306,4.1090174366872
20207096700,9.062380126625599,4.112004136208077
20209040001,10.372320829568788,4.002398430527036
20209040002,10.389606819301848,3.97951054825462
20209040200,10.334995101300479,4.008913790554415
20209040300,10.322616219028063,4.019956444900753
20209040400,10.31457304312115,4.014019683778234
20209040500,10.291469335386721,4.018113542094456
20209040600,10.33018920807666,4.01132428678987
20209040700,10.358098127994524,4.000887277207392
20209040800,10.371405180698152,3.997396593429158
20209040900,10.371088005475702,4.003757880903491
20209041000,10.389679334017796,3.998366715263518
20209041100,10.384628713894593,3.987748216974675
20209041200,10.363130101300479,3.991852643394935
20209041300,10.318454722792608,4.009473342915811
20209041500,10.319245986310746,4.006939123887748
20209041600,10.347563839835729,4.00028393908282
20209041700,10.365056719370294,3.986798136208077
20209041800,10.384278765229295,3.992904880219028
20209041900,10.381853754277892,3.987302597535934
20209042001,10.373378425735797,3.982999402464066
20209042002,10.375281866529774,3.98648971321013
20209042100,10.361950002053388,3.991736134839151
20209042200,10.339403752224504,4.000068145790554
20209042300,10.364336792607803,3.995055993839836
20209042400,10.378775074606434,3.99074474880219
20209042501,10.382707908281999,3.989732429842574
20209042502,10.354618919233402,4.000940264202601
20209042600,10.36739207871321,3.991109900068446
20209042700,10.311297943189596,4.014297850102669
20209042800,10.323829734428474,4.007847471594798
20209043000,10.389181610540726,3.995127893223819
20209043301,10.345522772758385,4.006323665982204
20209043400,10.316422893223819,4.008599338809035
20209043500,10.303474919917864,4.013999117043121
20209043600,10.259285786447639,4.012766815195072
20209043700,10.285584968514716,4.014333321697468
20209043802,10.184398524982888,4.027146391512663
20209043803,10.257045260780288,4.017747633812457
20209043804,10.303940312799452,4.013194772073922
20209043903,10.287212846680356,4.023187901437372
20209043904,10.224205793292266,4.031424318959617
20209043905,10.255599633127994,4.027247887063655
20209044001,10.157022852156058,4.048024160848734
20209044003,10.136168843258042,4.049062856947296
20209044004,10.173746052703628,4.035466545516769
20209044101,10.175943672142368,4.039356589322382
20209044102,10.140088499657769,4.045067554414784
20209044103,10.13434748733744,4.052704631759069
20209044104,10.177642587953456,4.035124490759754
20209044201,10.130463965776865,4.048598824093087
20209044202,10.188581047227926,4.050279095824778
20209044301,10.217538802190281,4.040668259411362
20209044302,10.222199833675565,4.037048696783025
20209044303,10.232204080766598,4.035871635865845
20209044400,10.270788165639973,4.029912669404518
20209044500,10.283294160848734,4.035986765913758
20209044601,10.145574264887064,4.053180095824778
20209044602,10.071797352498289,4.064961113620808
20209044603,10.261254778918549,4.044729904175222
20209044702,10.051540228610541,4.055632811772758
20209044703,10.01825457357974,4.061285687200548
20209044704,10.07238235797399,4.054738431211499
20209044803,9.911046004106776,4.072374733059548
20209044804,10.01601678439425,4.069052831622177
20209044805,9.89513516495551,4.062712592060233
20209044806,9.96231893155373,4.064062084188912
20209044900,9.914077394250513,4.066997815195072
20209045000,10.354715041067762,4.001209370294319
20209045100,10.366961118412046,4.002593149212868
20209045200,10.369103872005476,4.005127461327858
21001970100,9.698861054757016,4.082505910335387
21001970200,9.770800014373717,4.108505957563313
21001970300,9.670952386721424,4.081514603696099
21001970401,9.694964082819986,4.092142403148528
21001970402,9.712433540041068,4.100029136208077
21001970500,9.703276348391513,4.087244477754962
21001970600,9.598421088295688,4.055202892539357
21003920100,10.029762440793977,3.982621201232033
21003920200,10.116999331279945,3.95972622587269
21003920300,9.993283533196441,3.961765509924709
21003920400,9.889706667351129,3.955465856947296
21003920500,9.792348902806297,3.943962213552361
21003920600,9.983885395619439,3.90784365229295
21005950100,10.298268028747433,4.11181123340178
21005950201,10.23608984531143,4.091587178644764
21005950202,10.235917451060917,4.118288988364134
21005950300,10.212201557152635,4.032940433264887
21005950400,10.117750819986311,4.027667258042437
21007950100,10.230173481177276,4.434299000684463
21007950200,10.233218301848049,4.498096481861738
21007950300,10.199912657768652,4.444824036960986
21009950100,10.083291097193703,4.112688187542779
21009950200,10.144265216290212,4.077142192334018
21009950300,10.144580235455168,4.057613963039014
21009950400,10.094502658453114,4.081975142368241
21009950500,10.121887547570157,4.085537564681725
21009950600,10.034606242299795,4.118628080766598
21009950700,10.031249292265572,4.066327919917864
21009950800,9.890709486652977,4.067302028747433
21009950900,9.892684688569473,4.019346637919233
21009951000,10.097755882272416,4.005247250513347
21011970100,9.671651262833676,4.214613032854209
21011970200,9.551351323750856,4.173922673511294
21011970300,9.370763267624914,4.116256449007529
21013960100,9.122843299794661,3.828176173169062
21013960200,9.258627941820671,3.798723496919918
21013960300,9.239050060232717,3.777291158110883
21013960400,9.183897449691992,3.789616380561259
21013960500,9.322375524298426,3.743330548939083
21013960600,9.384369704312115,3.683488834360027
21013960700,9.365502527720739,3.69639068788501
21013960800,9.336305608487337,3.713150195071869
21013961100,9.317893528405202,3.730469175906913
21015070100,11.376820336071184,4.490190210814511
21015070200,11.333787704996578,4.48977045927447
21015070301,11.185386560574949,4.459736302532512
21015070305,11.339745954140999,4.494129586584531
21015070307,11.178520427104723,4.452355666666667
21015070308,11.192366338124572,4.46232667761807
21015070309,11.110588311430527,4.446520604380561
21015070311,11.486140668720055,4.508248543463381
21015070312,11.310287049281314,4.481347819986311
21015070313,11.263657613278576,4.475257433264887
21015070314,11.312933392881588,4.484071093086927
21015070401,11.557950549623546,4.531008893223819
21015070402,11.411520586584531,4.516626208761122
21015070502,11.149693763175907,4.454589900068446
21015070503,11.381676412731006,4.505630804243669
21015070504,11.337606219712526,4.494677533880904
21015070601,10.908594685831622,4.393148850787132
21015070604,10.709819713894593,4.349027774811773
21015070605,11.01664617522245,4.420590642710472
21015070606,10.888633519507187,4.395901666666667
21015070607,10.915069391512663,4.407222828199863
21015980100,11.53369977412731,4.529300574948665
21017030100,10.062199244353183,4.242228640657084
21017030200,10.122883915811088,4.248816635865845
21017030300,10.157003110882957,4.241511335386721
21017030400,10.17792340109514,4.248450151950719
21017030500,9.968443771389459,4.243855173169062
21017030600,9.886251078028747,4.228490407939767
21019030200,10.445080059548255,4.234425023271732
21019030300,10.435285958247776,4.232808332648871
21019030400,10.428069182067077,4.240523329226557
21019030500,10.40922529431896,4.231586280629706
21019030600,10.377590699520876,4.221155875427789
21019030700,10.416416342231348,4.221535794661191
21019030800,10.404384149212868,4.230872311430527
21019030900,10.403642593429158,4.229553162217659
21019031001,10.064037764544832,4.179681907597536
21019031002,10.289988841204654,4.227039219712526
21019031100,9.927234902121834,4.139159201232033
21019031200,10.101011664613279,4.187147366187543
21019031300,10.372877569472964,4.239996556468172
21021930100,9.954379492128679,4.129834295003422
21021930200,9.892655650239562,4.121376757015743
21021930300,9.899260492128679,4.115038650924025
21021930400,9.86103920807666,4.109246580424367
21021930500,9.898057712525667,4.109820146475017
21021930600,9.823633542778918,4.072709637234771
21021930700,9.776982092402464,4.085103936344969
21023950100,10.113663718685832,4.368094254620123
21023950200,10.133133960301164,4.323066746748802
21023950300,9.959163182067077,4.301605216290212
21025920100,9.117072770704997,3.996816117727584
21025920200,9.127512724161533,3.995185214236824
21025920300,9.122808839151266,3.989933095140315
21025920400,9.123176631759069,3.96881538329911
21025920500,9.116354121149897,3.978668427789186
21025920600,9.131522740588638,3.979269437371663
21025920700,9.142166433264887,3.971018064339494
21027960100,10.599877376454483,4.071025260780288
21027960200,10.506884455167693,4.113619894592745
21027960300,10.62735820054757,4.172723156741958
21027960400,10.408019646817248,4.143683574948665
21027960501,10.472815353867214,4.046690202600958
21027960502,10.37542935797399,4.098658652977413
21029020101,11.022633628336756,3.776187668720055
21029020102,11.093621874058864,3.760567943874059
21029020103,10.961200282683094,3.792568282683094
21029020201,11.022146417522245,3.774896626283368
21029020202,10.908598596851472,3.805847564681725
21029020300,11.104387349075975,3.751659658453114
21029020400,11.219985965092402,3.722880418206708
21029020500,11.35959875633128,3.686780735112936
21029020601,11.344170462696783,3.683460334702259
21029020602,11.262586548939083,3.707450993839836
21029020701,11.151970085557837,3.731636550992471
21029020702,11.0966150862423,3.740203242299795
21029020800,11.25918316495551,3.699948647501711
21029020900,11.236848948665298,3.676006150581793
21029021101,10.989980956194387,3.768970929500342
21029021102,10.828894,3.816075195071869
21029021200,10.734332287474333,3.831618140999316
21029980100,10.95260825119781,3.779640180698152
21031930100,10.254045547570157,4.122968521560575
21031930200,10.233461298425736,4.09302994934976
21031930300,10.285071226557153,4.123113752908966
21031930400,10.260902210814511,4.061460112936345
21031930500,10.278703595482546,4.087343144421629
21033920100,10.063475454483231,4.181364483915127
21033920200,10.011490041752224,4.126508281314168
21033920300,9.961719991101985,4.056352044490075
21035010100,9.726654746748802,4.056337913073238
21035010200,9.919729532511978,4.205548741273101
21035010301,9.822410757700205,4.163143720054757
21035010302,9.848438660506502,4.177273151266256
21035010400,9.819507898015058,4.139795335386721
21035010500,9.790119450376454,4.139251160848734
21035010600,9.809356362765229,4.166895761806982
21035010700,9.820021664613279,4.196855877481177
21035010800,9.612545183436003,4.017162180013689
21037050100,11.769773564681725,4.552384976043806
21037050400,11.786202071868583,4.567342517453799
21037050500,11.747750927446954,4.547038683093771
21037050600,11.730217021218344,4.543177826146475
21037051101,11.875008675564682,4.589560681724846
21037051102,11.826805163586584,4.580614069815195
21037051200,11.856425551676934,4.60354915742642
21037051300,11.782294396988364,4.591822156741958
21037051901,11.038085293634497,4.469517060232717
21037051903,11.055459349760438,4.443411544832307
21037051904,10.896053889801506,4.415291691307324
21037052001,10.622265907597536,4.366415770020534
21037052002,10.67796047980835,4.414665561259411
21037052100,11.834601569472964,4.572383236824093
21037052200,11.798973599589322,4.575372533196441
21037052301,11.722929089664613,4.568024011635866
21037052302,11.67204336550308,4.555326815195072
21037052400,11.715635869952088,4.549985158795346
21037052500,11.667082604380561,4.538446778234086
21037052800,11.584076869952088,4.535223698836413
21037052900,11.411677254620123,4.514078188227242
21037053100,11.282947179329227,4.486610119096509
21037053200,11.805299019164956,4.563135379192334
21037053301,11.360474284052019,4.463301567419576
21037053302,11.524364856262834,4.500473959616701
21039960100,10.147110621492129,4.381156583162218
21039960200,10.185140524982888,4.48183768788501
21039960300,10.12518835523614,4.413084472963724
21041950100,10.61758287816564,4.235847119780972
21041950200,10.66146071321013,4.201607933607118
21041950300,10.641504912388775,4.151884034223135
21043960100,9.317785227241615,4.035666425735797
21043960200,9.36566062422998,4.029815238877481
21043960300,9.367649844626968,3.978509607118412
21043960400,9.495156001368925,4.080859013689254
21043960500,9.541185232032854,4.04072854825462
21043960600,9.714216880903491,4.081855339493498
21043960700,9.456029420944558,3.977875082135524
21045950100,9.679288201916496,4.063836489390828
21045950200,9.667886358658453,4.070878199178645
21045950300,9.63573820807666,4.057693983572895
21045950400,9.641076407255305,4.04824709650924
21045950500,9.631151582477755,4.043145221081451
21047200100,10.099713004106776,3.781540238877481
21047200200,10.087966466803559,3.796013739904175
21047200300,10.13412102532512,3.742788015058179
21047200400,10.113265046543463,3.763207423682409
21047200500,10.097912947296372,3.745712382614648
21047200600,10.080841780287474,3.756318145106092
21047200700,10.073812675564682,3.790823041067762
21047200800,10.068795376454483,3.799750085557837
21047200900,10.017686405886379,3.845091277891855
21047201000,9.999757869267625,3.961875278576318
21047201100,10.092763700205339,3.892561696098563
21047201200,10.129329907597536,3.73164352019165
21047201301,10.162794600273785,3.645814729637235
21047201302,10.087808871321013,3.530159724161533
21047201400,9.930078407255305,3.710532450376454
21047201501,10.03081964476386,3.56372124366872
21047201502,10.030043414784394,3.531627349075975
21047201503,9.99706379192334,3.55273046954141
21047980100,9.859826275838467,3.61722267761807
21049020101,10.035339177960301,4.193250618754278
21049020103,10.032619170431212,4.184800994524298
21049020105,9.985413623545517,4.178262972621492
21049020106,9.922139902121834,4.179585113620808
21049020201,10.029730229979466,4.214415962354552
21049020202,9.951382325804244,4.194527697467488
21049020300,9.860727933607118,4.1959718275154
21049020400,9.742010896646133,4.133356909650924
21049020500,10.077245462696783,4.170593140314853
21049020600,10.132532670773443,4.218222755646817
21051950100,9.159558348391513,3.974530638603696
21051950200,9.320440134839151,4.013116991786448
21051950300,9.24667754072553,3.976861617385352
21051950400,9.126859818617385,3.944985911019849
21051950500,9.297542237508556,3.978467820670773
21051950600,9.100812108829569,3.892201326488706
21053970100,9.409273414099932,3.969819088295688
21053970201,9.354572285420945,3.927758042436687
21053970202,9.273858700205339,3.890296905544148
21055930100,10.15071073100616,4.24363609377139
21055930200,10.105926663244353,4.253601277207392
21055930300,10.099464,4.2824125229295
21055930400,10.107869468172485,4.252138605065024
21057950100,9.537259122518823,4.013142323750856
21057950200,9.424173972621492,3.958436941820671
21059000100,11.264716808350445,4.298317787132101
21059000200,11.299306208761122,4.302330689938398
21059000300,11.250841249828884,4.27597059137577
21059000400,11.222422348391513,4.254060919233402
21059000500,11.238684663244353,4.281800951403148
21059000600,11.229423359342916,4.29462177412731
21059000700,11.218984876112252,4.278712032169747
21059000800,11.201530715947981,4.277854292950034
21059000900,11.166826994524298,4.267931099931554
21059001000,11.166762137577002,4.282860140999316
21059001100,11.183450961670089,4.281489924024641
21059001200,11.200009214236824,4.28212921560575
21059001300,11.33914680698152,4.320915832991102
21059001401,11.210038438740589,4.252196511978097
21059001402,11.198319154004107,4.277576557837098
21059001501,11.224375778234086,4.305813152635181
21059001502,10.975038281998631,4.261788881587954
21059001601,11.097458091718001,4.265214570841889
21059001602,10.86716994934976,4.247965193702943
21059001701,11.156155039698836,4.292168352498289
21059001702,11.114211528405202,4.279045137577002
21059001703,10.96474295687885,4.294528214921287
21059001800,11.115969317590691,4.314044470910335
21061920200,10.191949274469541,4.060144656399726
21061920300,10.12188994934976,4.048730969199179
21061920400,10.195953749486653,3.988447872005476
21061980100,10.132975995208761,4.027223095140315
21063920100,9.216224568788501,3.97214199247091
21063920200,9.215311465434634,3.951174522245038
21065920100,9.251502296372348,4.013648719370294
21065920200,9.443785075290897,4.04404146201232
21065920300,9.425171970568104,4.011279940451745
21065920400,9.282132167693361,4.000192
21067000101,10.535289715947981,4.197071611225188
21067000102,10.536945850102669,4.183442837782341
21067000200,10.548695529774127,4.194645668720055
21067000300,10.53250190622861,4.193669272416153
21067000400,10.514274316221766,4.192837924709103
21067000500,10.515706252566735,4.197123900752909
21067000600,10.514940383983573,4.203330306639288
21067000700,10.515810333333333,4.194032788501027
21067000801,10.521947524298426,4.196637830937714
21067000802,10.52862949486653,4.194917694729637
21067000900,10.526697748117728,4.190554976043806
21067001000,10.531617485968515,4.185951559206023
21067001100,10.544447694729637,4.191247343600274
21067001300,10.547827260095825,4.192395247775496
21067001400,10.525212649555099,4.199828206023272
21067001500,10.504595384668036,4.203314249144422
21067001600,10.49169318275154,4.199043668035592
21067001700,10.487028213552361,4.199563031485284
21067001800,10.525305541409993,4.194735040383299
21067001900,10.525461683778234,4.188835305954826
21067002001,10.527130603011636,4.196215069130732
21067002002,10.518162288158795,4.194875192334018
21067002200,10.539940921971253,4.190192244353183
21067002302,10.49095815468857,4.209711914442163
21067002303,10.487041414099932,4.214609747433265
21067002304,10.495521071868583,4.208922338809035
21067002400,10.508452785078713,4.202203492128679
21067002500,10.516613555099247,4.193555579055442
21067002600,10.521953969883641,4.200530671457906
21067002700,10.495992360027378,4.210740303901437
21067002800,10.50414215468857,4.207696447638604
21067002900,10.505111290212183,4.195665559206023
21067003000,10.503998653661875,4.195421121149897
21067003101,10.49776555578371,4.218423557152635
21067003102,10.52134932238193,4.208362767967146
21067003201,10.513015902806297,4.212057919917864
21067003202,10.491677376454483,4.209782235455168
21067003300,10.466607767282683,4.212112986995209
21067003402,10.453987897330596,4.208026798767967
21067003404,10.466629155373032,4.215896323750856
21067003405,10.453613130047912,4.215339570157426
21067003406,10.419463868583162,4.212865462696783
21067003407,10.418186221081451,4.210500151266256
21067003501,10.48409907871321,4.210973651608487
21067003503,10.481606937029432,4.214426466119096
21067003504,10.483239955509925,4.217352412731006
21067003600,10.48582527926078,4.198987624914442
21067003701,10.4860628275154,4.196706635181383
21067003702,10.520945167008898,4.192596151266256
21067003703,10.517715950034223,4.191457704312115
21067003704,10.535041981519507,4.205029455167693
21067003802,10.417583920602327,4.228565567419576
21067003803,10.534117600958248,4.204867648186174
21067003804,10.54235975633128,4.209918145790554
21067003906,10.393220925393566,4.207576837097878
21067003908,10.448957118412046,4.223224710472279
21067003909,10.459677317590691,4.215178509924709
21067003910,10.464708032854209,4.210978968514716
21067003911,10.449332140999316,4.211984541409993
21067003912,10.411335075975359,4.209563500342231
21067003913,10.354082047912389,4.208527533880904
21067003914,10.386654083504449,4.21385821560575
21067003915,10.377462745379877,4.21766546954141
21067003916,10.38595611430527,4.219753785078713
21067003917,10.448437333333333,4.207917296372348
21067003918,10.318880481177276,4.215523930184805
21067004001,10.457648403148528,4.214962737850787
21067004003,10.438260839835729,4.215675349760438
21067004005,10.399242850102669,4.213043801505818
21067004006,10.392998579055442,4.210575963039014
21067004007,10.241343927446954,4.182598576317591
21067004103,10.47546981724846,4.219003848733744
21067004104,10.476861431211499,4.217815465434634
21067004105,10.462226321697468,4.212160084188912
21067004106,10.442117749486653,4.210918713894593
21067004107,10.433901544832307,4.214520117043121
21067004204,10.481092912388775,4.213355851471595
21067004205,10.451686432580424,4.199458140999316
21067004207,10.453024253251198,4.193426859685147
21067004208,10.489025465434634,4.194951413415469
21067004209,10.454364854209446,4.206679410677618
21067004210,10.453967106776181,4.207364353182752
21069920100,9.622508882272416,4.231425483915127
21069920200,9.709821824093087,4.265058746748802
21069920300,9.724651058179329,4.248501902121834
21069920400,9.52119481724846,4.177765123887748
21071920100,9.383528631759069,3.982608327857632
21071920200,9.400204669404518,3.94482486036961
21071920300,9.350286484599589,3.874506471594798
21071920400,9.25574722587269,3.797235282683094
21071920500,9.105560565366188,3.804834292950034
21071920600,9.212286155373032,3.839859919917864
21071920700,9.218310908281999,3.894958648870637
21071920800,9.300063444900753,3.901016851471595
21071920900,9.295772706365503,3.933118654346338
21071921000,9.308689146475017,3.969579217659138
21073070100,10.338987066392882,4.125079820670773
21073070401,10.34112441615332,4.099905697467488
21073070402,10.340303331964408,4.108339820670773
21073070500,10.349119446954141,4.114024911704312
21073070600,10.354458271047228,4.122934490075291
21073070701,10.357563627652293,4.138517335386721
21073070702,10.350813728268309,4.147625859000684
21073070800,10.2739086091718,4.128008608487337
21073071000,10.328135683778234,4.107099762491444
21073071100,10.307126245037645,4.077480741273101
21073071200,10.345619531143053,4.11840462422998
21075960100,10.090394127310062,4.416771733744011
21075960200,10.119917162217659,4.47319259137577
21077960101,10.630084993839836,4.287879696783025
21077960102,10.66610076386037,4.33102736550308
21079970100,9.995633960985626,4.13784373100616
21079970200,9.86740850513347,4.093011579739904
21079970300,9.796260584531143,4.093554529774127
21079970400,9.68332735797399,4.055066690622861
21081920100,10.468591033538672,4.303245887748118
21081920200,10.340473797399042,4.256288439425051
21081920300,10.185730349075975,4.229805326488706
21081920400,10.10057587063655,4.205644259411362
21083020100,10.094779173169062,4.324077655715264
21083020200,10.07016951266256,4.330713270362765
21083020300,10.043929237508556,4.310412331964408
21083020400,9.899643800136892,4.264871392197125
21083020500,10.010198767967146,4.346132464750171
21083020600,10.097737284052019,4.365753212867899
21083020700,10.145092657768652,4.32608970294319
21083020800,10.144380400410678,4.281361403832991
21083020900,9.997759965092402,4.271832402464066
21085950100,10.184684300479124,4.066594920602327
21085950200,10.292087151266256,4.062736405886379
21085950300,10.315447479123888,4.094750383983573
21085950400,10.288040918548939,4.106150939767283
21085950500,10.197061963039014,4.077867358658453
21085950600,10.232029020533881,4.107728722792608
21085950700,10.310400862422998,4.137512217659138
21087930100,9.991011247091034,4.086868212183436
21087930200,9.904212242984257,4.117287318275154
21087930300,9.912969976728268,4.100786553730322
21087930400,9.822794216974675,4.104023178644764
21089040100,10.458689396988364,4.265183683093771
21089040201,10.516020031485284,4.305863735797399
21089040202,10.464234815879535,4.282353018480493
21089040300,10.475880162902122,4.307478359342916
21089040400,10.145289881587954,4.207038422997947
21089040501,10.156562034907598,4.241522185489391
21089040502,9.913282986995209,4.169074422997947
21089040600,10.083299840520192,4.220717026009582
21089040700,9.853428955509925,4.177409191649555
21091960100,11.004430795345654,4.284763789185489
21091960200,11.222586757700205,4.331568815879535
21091960300,10.744280198494182,4.225238534565366
21093000100,11.002676353182752,3.756584353182752
21093000201,10.85434293908282,3.830574503764545
21093000202,10.808959473648186,3.865191438740589
21093000300,10.751328125941136,3.893836615331964
21093000400,10.771149719370294,3.882305886379192
21093000500,10.769894887063655,3.877746475701574
21093000600,10.737505325119781,3.8870793908282
21093000700,10.737666991786448,3.892476957563313
21093000800,10.696685414784394,3.907389782340862
21093000901,10.617765876112252,3.933770176591376
21093000902,10.709101943189596,3.901512991101985
21093001001,10.671603616016427,3.87724412183436
21093001002,10.531530023271732,3.908225626283368
21093001100,10.594097425051335,3.875967633812457
21093001200,10.614818318959617,3.876479232032854
21093001300,10.579885814510609,3.91110661670089
21093001401,10.579218420260096,3.881593393566051
21093001402,10.573820054757016,3.87356225393566
21093001500,10.547246205338809,3.906355199178645
21093001600,10.348644508555784,4.022443217659138
21093001700,10.437802937029432,4.005875786447639
21093980100,10.854390663244353,3.83058559890486
21095970100,8.845901681040383,3.788042935660506
21095970200,8.862961187542779,3.79273914715948
21095970300,8.912317117727584,3.813982809034908
21095970400,8.9279970862423,3.816870504449008
21095970500,8.953644543463381,3.828368038329911
21095970600,9.086567350444901,3.822250464065708
21095970700,9.025046101300479,3.829313646132786
21095970800,9.015943922655715,3.829519869952088
21095970900,9.083628557837098,3.823770334702259
21095971000,8.979819725530459,3.820813934291581
21095971300,9.11963847980835,3.825442786447639
21097950100,9.969156636550308,4.251214208761122
21097950200,10.062486417522245,4.22909240862423
21097950300,10.109976648186174,4.244744142368241
21097950400,9.943680125256674,4.251636402464066
21097950500,10.002851786447639,4.252877577002053
21099970100,10.103171151266256,4.075374996577686
21099970200,10.157624026694045,4.057674688569473
21099970300,10.10615382477755,4.059509070499658
21099970400,10.127590075290897,4.089081552361396
21099970500,10.048937620807666,4.105165158795346
21101020100,11.257111084873374,4.240651747433265
21101020200,11.244785604380561,4.250872073921971
21101020300,11.223146724845996,4.259150577686516
21101020400,11.21695342642026,4.258148507871321
21101020500,11.193894212183436,4.256865514031485
21101020601,11.298450254620123,4.227938880219028
21101020602,11.183625008898015,4.256812097878166
21101020701,11.422429352498289,4.209380490759754
21101020702,11.273010936344969,4.247383364818617
21101020800,11.118288934976044,4.299106127994524
21101020900,10.916222761122519,4.289988225188227
21103090100,10.449810970568104,4.083409880903491
21103090200,10.460029932922656,4.037418323750856
21103090301,10.611512115674196,3.955494119096509
21103090302,10.516832241615332,3.984463945242984
21103090400,10.278801203285421,4.059336718001369
21105970100,10.118762803559206,4.443495374401095
21107970100,10.691986257357974,4.292263805612594
21107970200,10.395128611225188,4.24013712936345
21107970300,10.445650976043806,4.231058471594798
21107970400,10.411781305954826,4.208676441478439
21107970500,10.29525354072553,4.181025296372348
21107970600,10.403540648870637,4.202122246406571
21107970700,10.440245173169062,4.195613704312115
21107970800,10.347606665982204,4.171792585900068
21107970900,10.250618966461328,4.135009385352498
21107971000,10.141842336071184,4.149898030116359
21107971100,10.061598986310746,4.072220952772074
21107971300,10.155699861054073,4.043177127994524
21109960100,9.264539267624914,4.000751943189596
21109960200,9.364247302532512,4.006120515400411
21109960300,9.345437886379192,4.01958735797399
21111000200,11.71680038329911,3.395249312799452
21111000300,11.688625995208761,3.39660992881588
21111000400,11.64961937303217,3.413365789185489
21111000600,11.698904351813826,3.388399661190965
21111000700,11.679640039014374,3.398346700205339
21111000800,11.638644001368925,3.411822143052704
21111000900,11.654521162217659,3.39711118275154
21111001000,11.704355567419576,3.388946551676934
21111001100,11.6567061724846,3.398660232717317
21111001200,11.660442158795346,3.396964255989049
21111001400,11.668549533196441,3.389448708418891
21111001500,11.695730386721424,3.387370391512663
21111001600,11.720041499657769,3.389400929500342
21111001700,11.723182557152635,3.391689163586584
21111001800,11.720360666666667,3.381782763175907
21111002100,11.70836967761807,3.389875967145791
21111002300,11.727920664613279,3.385213031485284
21111002400,11.726975424366872,3.386090585900068
21111002700,11.757999289527721,3.391013633127994
21111002800,11.729523184120465,3.391724887063655
21111003000,11.752321482546201,3.384820049965777
21111003500,11.756536547570157,3.409949203969884
21111003600,11.737012162902122,3.415027032169747
21111003700,11.756927094455852,3.42223688843258
21111003800,11.72426184257358,3.420715325804244
21111003900,11.708762460643395,3.425031664613279
21111004000,11.736169105407255,3.43657745174538
21111004100,11.748094674195756,3.4380345229295
21111004301,11.689713289527721,3.437247680355921
21111004302,11.693271914442163,3.447594973305955
21111004400,11.707771084188912,3.44522787816564
21111004500,11.645753101984942,3.488174092402464
21111004600,11.69487766255989,3.46570805065024
21111004900,11.770971639288159,3.389343534565366
21111005000,11.77975485284052,3.398447996577686
21111005100,11.780377386036961,3.40554993155373
21111005200,11.770423389459274,3.405713725530459
21111005300,11.775865826830938,3.419815064339494
21111005600,11.716288876796715,3.472182367556468
21111005900,11.792164257357974,3.404076676933607
21111006200,11.788958706365503,3.408769889117043
21111006300,11.788609036276523,3.420227234770705
21111006400,11.798752826830938,3.427824358658453
21111006500,11.783277430527036,3.412536489390828
21111006600,11.781394000684463,3.414065254620123
21111006800,11.789902926078029,3.428946659137577
21111006900,11.783492523613963,3.428711609856263
21111007000,11.797516199178645,3.440826315537303
21111007100,11.771693821355236,3.446184229979466
21111007400,11.783132616016427,3.41440764476386
21111007501,11.698319229979466,3.496771567419576
21111007502,11.55064137303217,3.580797257357974
21111007601,11.756430112251882,3.454631089664613
21111007602,11.766598117043121,3.437284148528405
21111007603,11.758898488021903,3.45276480971937
21111007700,11.72240347980835,3.467401577002053
21111007800,11.707490880219028,3.477213792607803
21111007900,11.757480109514032,3.451127707734428
21111008100,11.789698633812457,3.429220079397673
21111008200,11.791817336071184,3.435660213552361
21111008300,11.794178518138262,3.44065810403833
21111008400,11.789637919917864,3.458484264887064
21111008500,11.779062011635866,3.455157889117043
21111008700,11.731106188911704,3.469771639288159
21111008800,11.750327120465435,3.467190830253251
21111008900,11.76661034770705,3.468556991786448
21111009000,11.650401744010951,3.495335403832991
21111009103,11.647715491444216,3.529867091033539
21111009105,11.596067631074606,3.567615733059548
21111009106,11.620157675564682,3.542800546201232
21111009300,11.79851326899384,3.459764615331964
21111009400,11.787387283367556,3.488090875427789
21111009600,11.735904594113621,3.48709587063655
21111009700,11.69683098973306,3.488704841889117
21111009800,11.690467389459274,3.499775073237509
21111009900,11.633860878850103,3.531996771389459
21111010001,11.642883991101985,3.527951753593429
21111010004,11.588933678302532,3.579074878850103
21111010005,11.499413038329911,3.618250744695414
21111010006,11.504415366187543,3.626387959616701
21111010007,11.589187362080767,3.567972060232717
21111010008,11.521381988364134,3.612774338809035
21111010102,11.48941720054757,3.633959308692676
21111010103,11.526056199178645,3.601483412731006
21111010104,11.586902119780972,3.570971292265572
21111010307,11.037238009582478,3.789142535934292
21111010309,11.459236237508556,3.66071759137577
21111010311,11.320007283367556,3.712768801505818
21111010312,11.419806125256674,3.633571956194387
21111010313,11.425501026009582,3.64953605065024
21111010314,11.263929549623546,3.726805351813826
21111010315,11.169731128678987,3.758857091718001
21111010316,11.202028360027378,3.744974452429843
21111010317,11.531159737850787,3.6015373045859
21111010318,11.536634067077344,3.610507592744695
21111010319,11.401737478439425,3.675881670773443
21111010320,11.350046590006845,3.696549079397673
21111010402,11.312627197125257,3.706348499657769
21111010403,11.380569110198494,3.688696546885695
21111010405,11.409212847364819,3.667383761122519
21111010406,11.327067312799452,3.706942951403148
21111010500,11.664329644079398,3.492853538672142
21111010601,11.642599486652977,3.512299986310746
21111010602,11.625343993155373,3.537299123203285
21111010701,11.545673052019165,3.598254587953456
21111010702,11.562480872689938,3.585288360027378
21111010705,11.466212919917864,3.647280274469541
21111010706,11.417446247775496,3.677033887748118
21111010800,11.627203069815195,3.542426310746064
21111010901,11.677503460643395,3.512286950034223
21111010902,11.642201981519507,3.519808516769336
21111011002,11.630546851471595,3.563070826830938
21111011003,11.636806136208077,3.549219660506502
21111011004,11.613030668720055,3.559561678986995
21111011005,11.606731418206708,3.575593672142368
21111011102,11.361798051334702,3.689421133470226
21111011106,11.490859752224504,3.650100250513347
21111011109,11.511162984257358,3.631082044490075
21111011110,11.464178120465435,3.65842146954141
21111011111,11.566491800821355,3.586183704996578
21111011112,11.53455396440794,3.618945718001369
21111011113,11.533296346338125,3.63121325119781
21111011114,11.563569915126626,3.604420972621492
21111011200,11.721447975359343,3.507942302532512
21111011301,11.712020716632444,3.522613937713895
21111011302,11.655020869952088,3.557642533196441
21111011403,11.747550769336071,3.506817590691307
21111011404,11.702423267624914,3.529734877481177
21111011405,11.664759140314853,3.558428208761122
21111011406,11.623710975359343,3.581361737166324
21111011505,11.529525013689254,3.61927526899384
21111011506,11.414959349075975,3.677716555099247
21111011508,11.54026226146475,3.62021525119781
21111011509,11.495295290896646,3.642823615331964
21111011513,11.484422078028747,3.645483104722793
21111011514,11.44762329705681,3.664607996577686
21111011515,11.437068453798768,3.66641467761807
21111011516,11.401650032169747,3.678773531827515
21111011517,11.386447546201232,3.692715329226557
21111011518,11.328177336071184,3.704919837097878
21111011519,11.335997550308008,3.701177403148528
21111011520,11.259518207392197,3.720795358658453
21111011601,11.074618646817248,3.769945600958248
21111011603,11.15711488843258,3.747317747433265
21111011604,11.033065849418207,3.776749177960301
21111011706,11.489355783709788,3.645024396303901
21111011707,11.420469758384668,3.663461104722793
21111011708,11.344450171115674,3.693303203969884
21111011709,11.26357617522245,3.72038901779603
21111011710,11.381540753593429,3.677778160848734
21111011711,11.379616816563997,3.681609898699521
21111011712,11.43359602532512,3.657147434633812
21111011713,11.458388072553046,3.64657732991102
21111011800,11.675691290212183,3.540666319644079
21111011901,11.57567621560575,3.599854349760438
21111011904,11.613297898699521,3.581006656399726
21111011905,11.549522823408624,3.614828746748802
21111011906,11.576554505817933,3.601906729637235
21111011907,11.535927371663244,3.621453483230664
21111012001,11.479998745379877,3.629960446269678
21111012002,11.544800493497604,3.587715950034223
21111012003,11.423171605749487,3.619021917180014
21111012103,11.35272524366872,3.593415481177276
21111012104,11.194314395619439,3.642927438740589
21111012105,11.451180259411362,3.575867524982888
21111012106,11.41176971321013,3.589987507186858
21111012107,11.288387977412731,3.609511875427789
21111012202,11.591747442847365,3.542688962354552
21111012203,11.517325298425736,3.552854997946612
21111012204,11.578485502395619,3.537902626283368
21111012301,11.655905026009582,3.467110244353183
21111012302,11.610746727583847,3.496545046543463
21111012406,11.495126549623546,3.553037555099247
21111012407,11.437086690622861,3.57363202532512
21111012408,11.469849250513347,3.565943887748118
21111012409,11.419333049965777,3.585860212867899
21111012410,11.508195468856947,3.540922174537988
21111012411,11.518629764544832,3.533227318275154
21111012501,11.635999037645448,3.477180427789186
21111012502,11.564722623545517,3.519176267624914
21111012503,11.573343002737851,3.510360924024641
21111012601,11.660921189596167,3.437819295687885
21111012603,11.654144600273785,3.45322105338809
21111012604,11.607042813826146,3.482648273100616
21111012701,11.639464366187543,3.448253703627652
21111012702,11.555081520876112,3.505370368240931
21111012703,11.452916577686516,3.56743042642026
21111012801,11.697595736481862,3.405432813826146
21111012802,11.713887197809719,3.411090382614648
21111013100,11.724816635865845,3.479698462696783
21111980100,11.680640102669404,3.525912404517454
21113060101,10.308642020533881,4.18098194934976
21113060102,10.265601609856263,4.182346226557153
21113060200,10.291858941820671,4.190475581793292
21113060300,10.090642440793977,4.14145344421629
21113060400,10.191259862422998,4.164014643394935
21113060502,10.215957037645448,4.176641843942505
21113060503,10.244493145790554,4.18243019028063
21113060504,10.233109349760438,4.173989392197125
21113060600,10.357204581793292,4.186861566735113
21115960100,9.335740607802875,4.007541335386721
21115960200,9.230539387405886,3.983691533880904
21115960300,9.271585180698152,3.988088546201232
21115960400,9.31223154825462,4.005393590006845
21115960500,9.397955313483915,4.019564492128679
21115960600,9.405340910335387,4.006039329226557
21117060300,11.748100168377823,4.546875806297057
21117060700,11.719539892539357,4.537088277891855
21117060900,11.678689578370979,4.529063498973306
21117061000,11.678760646817248,4.537827863107461
21117061100,11.635179919233402,4.524527843258042
21117061200,11.524875158795346,4.502716793976728
21117061300,11.534694067077344,4.502184244353183
21117061400,11.584617822039699,4.505513271731691
21117061600,11.721986702258727,4.543482188911704
21117063603,11.295990908281999,4.47457746954141
21117063604,11.202320709787817,4.457686578370979
21117063605,11.014117258042437,4.424209451060917
21117063606,11.089200220396988,4.433661813141684
21117063701,10.664938107460643,4.352904351129363
21117063702,10.69315679192334,4.357502900752909
21117063800,11.764856081451061,4.543567185489391
21117064000,11.677895973990418,4.543025450376454
21117064100,11.608984637234771,4.533817831622177
21117064200,11.548405550992471,4.522578935660506
21117064300,11.441037549623546,4.499518913073238
21117064400,11.501099915811088,4.512901075975359
21117064500,11.452425770704997,4.499682140999316
21117064600,11.530857379876797,4.522656402464066
21117064700,11.559485203285421,4.51340434017796
21117064800,11.683972045859001,4.539388906913073
21117064900,11.691360859685147,4.536231575633128
21117065000,11.67916068788501,4.529361008898015
21117065100,11.639015503764545,4.520331471594798
21117065200,11.606325339493498,4.518005117727584
21117065300,11.353630126625599,4.461960488706366
21117065400,11.449084368925394,4.495589900752909
21117065501,11.374419701574264,4.483707590691307
21117065502,11.379542671457906,4.489966876796715
21117065600,11.3910234366872,4.493267209445585
21117065700,11.402454446954141,4.494958493497604
21117065800,11.069850683778234,4.418692463381246
21117065900,11.123228108145106,4.434560978781656
21117066800,11.170330950718686,4.44201123613963
21117066900,11.740415301848049,4.544994080082136
21117067000,11.76209726899384,4.545486454483231
21117067100,11.711410453114305,4.539646536618754
21119960100,9.162204403148528,3.906419877481177
21119960200,9.15764063449692,3.933594960985626
21119960300,9.125275836413416,3.888594349075975
21119960400,9.104496971937029,3.844752101300479
21119960500,9.070575028062971,3.878076984941821
21121930100,9.185706900752909,3.873945234086242
21121930200,9.343751316221766,3.949402899383984
21121930300,9.48025363449692,3.96985587063655
21121930400,9.545080859685147,3.988313255304586
21121930500,9.431755628336756,3.913476381930185
21121930601,9.298828380561259,3.874780843942505
21121930602,9.3074982183436,3.862735231348392
21121930700,9.321897733059548,3.816375381930185
21123960101,10.325286351129363,3.965381188227242
21123960102,10.321987867214237,4.002885531143053
21123960200,10.105259613963039,4.040865649555099
21123960300,10.224130417522245,4.048297146475017
21125970100,9.46653614715948,4.04016448733744
21125970200,9.4922751321013,4.035381374401095
21125970300,9.536484104722793,4.026923934976044
21125970400,9.579320783025325,4.05072667761807
21125970500,9.557711823408624,4.055749013004791
21125970600,9.579860188227242,4.056956809034908
21125970700,9.57457985284052,4.046604045859001
21125970800,9.489031924024641,4.029154136892539
21125970900,9.484955268309377,4.013458631074606
21125971001,9.578933912388775,4.030796948665298
21125971002,9.574961800136892,4.015824480492813
21125971101,9.533386479123888,3.993192123203285
21125971102,9.586672031485284,4.019237529089665
21127930100,9.603073497604381,4.07515557357974
21127930200,9.429263168377823,4.006152696098563
21127930300,9.259511878850103,3.97461629705681
21127930400,9.393250666666667,4.020906292265572
21127930500,9.456800994524298,4.045315260780288
21129950100,9.180732867214237,4.008559737166324
21129950200,9.19599903559206,3.998215152635181
21129950300,9.150935302532512,4.008836094455852
21131920100,9.047111193702943,3.917458026694045
21131920200,8.974768229979466,3.850742209445585
21131920300,8.972636561943874,3.864379003422314
21133950100,8.930159912388775,3.779815668035592
21133950200,8.9260453908282,3.794967542094456
21133950300,9.000502933607118,3.828366880903491
21133950401,8.8640546954141,3.794537770704997
21133950402,8.925742588637919,3.809920211498973
21133950500,8.827152150581793,3.776407420944558
21133950600,8.896843663928816,3.82155406091718
21135930100,9.672425785763176,4.174776590006845
21135930200,9.609354727583847,4.19111496440794
21135930300,9.72742318275154,4.2636903045859
21135930400,9.445667668720055,4.127997733744011
21137920101,9.726794123887748,4.083982015742642
21137920102,9.79921192881588,4.104145735797399
21137920103,9.7780025229295,4.093928639972622
21137920200,9.707132196440794,4.076871587268994
21137920300,9.656795815879535,4.057634434633812
21137920400,9.648188076659822,4.065385493497604
21139040100,10.101594546201232,4.269845355920602
21139040200,10.248716739904175,4.276389427789186
21141960100,10.303067943189596,3.996235067077344
21141960200,10.234610725530459,3.977175165639973
21141960300,10.293122658453114,3.952836970568104
21141960400,10.219951853524983,3.828936336755647
21141960500,10.252964437371663,3.850048278576318
21141960600,10.213772896646133,3.754293059548255
21143960100,10.106317075290897,4.209587546201232
21143960200,9.931007193702943,4.092340788501027
21143980100,9.966752850102669,4.13681719301848
21145030100,10.307187735112936,4.2291954770705
21145030200,10.306782561259411,4.235362281998631
21145030300,10.30096376386037,4.245034069815195
21145030400,10.30340489596167,4.250993894592745
21145030500,10.30777307871321,4.24266422587269
21145030600,10.316324683093771,4.239597241615332
21145030700,10.307020021218344,4.230365075975359
21145030800,10.308826935660506,4.258217396988364
21145030900,10.323498836413416,4.242887689938398
21145031000,10.30743859890486,4.243774857631759
21145031100,10.298696097193703,4.258999226557153
21145031200,10.266622592744695,4.264357649555099
21145031301,10.303395779603012,4.265886020533881
21145031302,10.287627336071184,4.28174862422998
21145031400,10.296605224503764,4.28738389596167
21145031500,10.274818932238193,4.373057143052704
21145031600,10.226639320328542,4.324831062286105
21147960100,9.359660676249144,3.878602611225188
21147960200,9.14834427652293,3.774081553730322
21147960300,9.241651342915811,3.803701148528405
21147960400,9.188096802874743,3.741354535934292
21149970100,10.834211022587269,4.297955650239562
21149970200,10.928541117727584,4.317066259411362
21149970500,10.709722985626283,4.279174298425736
21151010101,9.834558293634497,4.083870885010267
21151010102,9.999760334017796,4.110353696098563
21151010200,9.874982667351129,4.048286654346338
21151010300,9.823384669404518,4.020358344284736
21151010400,9.833875171115674,4.021464210130048
21151010500,9.819897376454483,4.009062503080082
21151010600,9.842346740588638,4.026100332648871
21151010701,9.909766604380561,4.059433807665982
21151010702,9.851157602327173,4.038854193702943
21151010800,9.896078789185489,4.064071874743326
21151010901,9.704844657084189,4.025989225188227
21151010902,9.789564069815195,4.014195759753593
21151010903,9.821842451060917,4.022889671457906
21151011000,9.66344032991102,4.035813463381246
21151011100,9.519802874743326,4.015953706365503
21151011200,9.660310755646817,4.037082271731691
21151011301,9.586698779603012,4.033194353182752
21151011302,9.593578028062971,4.030901711156742
21151011400,9.69315298220397,4.04267479192334
21153970100,9.125853652977413,3.988097528405202
21153970200,9.169258077344285,3.976080114989733
21153970300,9.153032999315537,3.970552430527036
21153970400,9.192890741957563,3.950975177275838
21155970200,10.017590847364819,4.081065609856263
21155970300,10.040127239561944,4.067606214236824
21155970400,10.134244057494866,4.032425839835729
21155970500,9.999959954825462,4.063444333333333
21155970700,9.898022216974675,4.075444690622861
21155970800,9.778368739219712,4.069508982888433
21157950100,10.319842971937029,4.288883694729637
21157950200,10.247658443531828,4.270907588637919
21157950300,10.184551688569473,4.24710987816564
21157950400,10.092110327857632,4.234413736481862
21157950500,10.058987853524983,4.230379030116359
21157950600,9.926828567419576,4.145399099931554
21159950100,9.433481470910335,4.024865675564682
21159950200,9.436609637234771,4.00743380971937
21159950300,9.398733014373717,3.971190689253936
21161960100,9.823091168377823,4.300604306639288
21161960200,9.936812136208077,4.351924302532512
21161960300,10.00732362696783,4.380481336071184
21161960400,9.99761460164271,4.363023498973306
21161960500,9.822607021218344,4.296741373716632
21163970100,10.871586929500342,3.821393540041068
21163970200,10.820700894592745,3.85009293908282
21163970301,10.737200828884326,3.901880819986311
21163970302,10.653360816563997,3.940246650924025
21163970401,10.690951526351814,3.954969498973306
21163970402,10.782062036960986,3.892456654346338
21163970500,10.70888851266256,4.013967
21163980100,10.840435095140315,3.846046841204654
21165960100,9.21484390622861,4.049462940451745
21165960200,9.281554551676934,4.066949034907598
21167960100,10.107848684462697,4.101060757015743
21167960200,9.99267365982204,4.083693127310062
21167960300,9.936000570157426,4.08476020807666
21167960400,10.043399372347707,4.138355623545517
21167960500,10.082952941820671,4.143374954140999
21169960100,9.916432937713895,4.113082160164271
21169960200,9.817952216290212,4.082679639972622
21169960300,9.738488952087611,4.076649970568104
21171930100,9.764368811088296,4.033541886379192
21171930200,9.744815703627652,3.98124240109514
21171930300,9.71954235523614,4.012453286105407
21171930400,9.604927034907598,4.000697061601643
21173920100,9.749470492128679,4.201154561943874
21173920200,9.605163594113621,4.1708151321013
21173920301,9.754301529774127,4.198631866529774
21173920302,9.696765360027378,4.170960266940452
21173920400,9.460618758384668,4.117107537303217
21173920500,9.600037292950034,4.143105580424367
21175950100,9.147911969883641,3.972587711841205
21175950200,9.176559872689938,4.009662880903491
21175950300,9.155171212867899,4.021289524298426
21175950400,9.135902358658453,3.996840702258727
21175950500,9.127091539356605,3.999504809034908
21177960100,10.489194920602327,4.193432164271047
21177960200,10.540014185489391,4.209713653661875
21177960300,10.505774256673511,4.199202167693361
21177960400,10.300553750855578,4.096489052703628
21177960500,10.350233843942505,4.110500689253936
21177960600,10.269828362765229,4.055025798767967
21177960700,10.37514426146475,4.127015197809719
21177960800,10.255947996577686,4.044894489390828
21177960900,10.186070072553046,3.975928783709788
21179930100,10.250997913073238,3.975941702258727
21179930200,10.560532916495551,3.906320136208077
21179930301,10.504798665982204,3.930098898699521
21179930302,10.38910974606434,3.968383167008898
21179930303,10.383598916495551,3.964185326488706
21179930400,10.415280770704997,3.954557338809035
21179930500,10.298460242299795,3.986868966461328
21179930600,10.469473522245038,3.917302728952772
21179930700,10.19044359137577,4.00541401026694
21181960100,9.818443241615332,4.249315648870637
21181960200,9.751982369609856,4.23036765229295
21183920100,10.534678161533196,4.195777060232717
21183920200,10.700655997946612,4.257277232032854
21183920300,10.52628171321013,4.221310409308693
21183920400,10.356016627652293,4.163777947296372
21183920500,10.422795725530459,4.18902382477755
21183920600,10.468502718685832,4.194356832306639
21183920700,10.668714874058864,4.262869851471595
21185030100,10.780721841889117,3.904701825462012
21185030200,10.896019087611225,3.843324202600958
21185030301,10.826229405886379,3.869487658453114
21185030302,10.735894164271047,3.909913414099932
21185030401,10.819213073921971,3.867551285420945
21185030402,10.709925275154004,3.902259431211499
21185030501,11.115055793976728,3.772551682409309
21185030502,10.950960599589322,3.820879108829569
21185030601,11.210502468172485,3.741599277207392
21185030602,11.014828417522245,3.802850856947296
21185030701,11.202273600273785,3.712226262149213
21185030702,11.0984591724846,3.770132470910335
21185030801,11.303516730321698,3.656313319644079
21185030802,11.094551431211499,3.746544383983573
21187970100,10.37124937577002,4.194816062970568
21187970200,10.209224535934292,4.150045911704312
21187970300,10.129631700205339,4.142373902806297
21189930100,9.157488927446954,3.997766244353183
21189930200,9.167113859685147,3.993271997946612
21191930100,10.339633905544148,4.32270107871321
21191930200,10.142164840520192,4.263019991786448
21191930300,10.058057552361396,4.277801082135524
21193970300,9.161381186173854,3.953983144421629
21193970400,9.14995434017796,3.939208440109514
21193970500,9.099411941136208,3.923784630390144
21193970600,9.116777724845996,3.918426409308693
21193970700,9.06041214715948,3.892030678986995
21193970800,9.014252207392197,3.876697612594114
21193970900,8.918685821355236,3.837402072553046
21193971000,9.118275730321698,3.959555334702259
21195930100,9.370449525667351,3.883637526351814
21195930200,9.339916091718001,3.806282207392197
21195930300,9.267926480492813,3.705285483230664
21195930400,9.25240823340178,3.742583130047912
21195930500,9.23632121560575,3.740958141683778
21195930600,9.14132935523614,3.76583532991102
21195930700,9.065666531143053,3.79770662696783
21195930800,9.027476998631075,3.784519225188227
21195930900,9.029039176591376,3.792925345653662
21195931000,9.097788027378508,3.786389434633812
21195931100,9.185867015058179,3.776041207392197
21195931200,9.275595417522245,3.829308699520876
21195931300,9.339125759753593,3.913929994524298
21195931400,9.315000436002738,3.92243842642026
21195931500,9.261286320328542,3.897362836413416
21195931600,9.21701376659822,3.90378434017796
21195931700,9.117122780287474,3.883927162902122
21195931800,9.15187310403833,3.844863722792608
21195931900,9.094634428473648,3.805300080766598
21197970100,9.268561354551677,4.043590014373717
21197970200,9.44207932238193,4.071893875427789
21199930100,9.65075645927447,4.029757995208761
21199930200,9.689910041067762,4.015969526351814
21199930300,9.634518559206023,4.005446906913073
21199930401,9.720507065708419,3.988246973305955
21199930402,9.696518854209446,3.993708998631075
21199930501,9.632583063655031,3.972092750171116
21199930502,9.694131985626283,3.972202590691307
21199930600,9.679469498973306,3.958793313483915
21199930700,9.699473991786448,3.963544489390828
21199930800,9.628719364818617,3.966981121149897
21199930900,9.5754536954141,4.000831116358658
21199931000,9.5463474366872,3.966579412731006
21199931101,9.538294759753593,3.946952613963039
21199931102,9.495117176591376,3.926663364134155
21201970100,9.84294437577002,4.272509017111567
21203950100,9.520063533880904,4.03056731211499
21203950200,9.569266635181383,4.034164562628337
21203950300,9.543125410677618,4.024860620123203
21203950400,9.448568513347023,4.012042612594114
21205950100,9.392453863791923,4.116715354551677
21205950200,9.37151493908282,4.100304394934976
21205950300,9.277844538672142,4.056752399041752
21205950400,9.274304470225873,4.040810036276523
21207960101,9.651479929500342,4.074362967830253
21207960102,9.630311047912389,4.065474539356605
21207960200,9.532557678302532,4.031066114989733
21207960300,9.510995028747433,4.012193247775496
21207960400,9.577730410677618,4.02774840862423
21209040100,10.383197098562628,4.226540377138946
21209040203,10.43623904312115,4.217326221765914
21209040204,10.402364080082136,4.220260392197125
21209040205,10.434424659137577,4.227419969883641
21209040206,10.410927954825462,4.222067696783025
21209040301,10.384612230663929,4.235555455852156
21209040302,10.306366635865845,4.23629137303217
21209040303,10.323603002737851,4.233253325804244
21209040400,10.169454193702943,4.218505580424367
21209040501,10.235855069130732,4.164391335386721
21209040502,10.165796362080767,4.186497106776181
21209040601,10.428496563997262,4.201425935660506
21209040602,10.360302145106092,4.192566674880219
21209040603,10.320494687200548,4.21129493155373
21211040101,10.320351746748802,3.996196789185489
21211040102,10.344931310061602,4.025391680355921
21211040200,10.531651977412731,3.952957110882957
21211040301,10.547210982888433,3.935332808350445
21211040302,10.518861685831622,3.948183693360712
21211040401,10.519372195756331,3.944185893223819
21211040402,10.489282145790554,3.935836277207392
21211040501,10.738336188227242,3.866593869952088
21211040502,10.810251647501711,3.85852858110883
21213970100,10.209180151950719,3.932787010951403
21213970200,10.29407779945243,3.970408348391513
21213970300,10.314554492128679,3.961143008898015
21213970400,10.253640849418207,3.86440951266256
21215080101,10.606318302532512,3.884299212183436
21215080102,10.7028498678987,3.850308805612594
21215080103,10.625171963039014,3.874541590006845
21215080200,10.344068227241615,3.943569714579055
21217920100,9.775267186173854,4.077019027378508
21217920200,9.962977750171116,4.092494594113621
21217920300,9.880995225188227,4.107110844626968
21217920400,9.896608567419576,4.113177521560575
21217920500,9.81850582477755,4.111796187542779
21219950100,10.14250493155373,3.835603939767283
21219950200,10.187591611225188,3.721173303216975
21219950300,10.182810107460643,3.610908994524298
21219950400,10.191668534565366,3.583426420260096
21221970100,9.87135164202601,3.978233663928816
21221970200,9.823246296372348,3.871693048596852
21221970300,9.664378314168378,3.883515293634497
21221980100,9.695249389459274,3.991683832991102
21221980200,9.666247485968515,3.74773457357974
21223100100,10.728416755646817,4.107608208761122
21223100200,10.638138214921287,4.029011305270363
21225950100,10.6475099137577,4.328769697467488
21225950201,10.624259047912389,4.314634817932923
21225950202,10.402394049281314,4.334805667351129
21225950300,10.368460815195072,4.306452289527721
21227010100,10.469959523613963,4.091236281998631
21227010200,10.455566879534565,4.086075783709788
21227010300,10.474982999315537,4.091475471594798
21227010400,10.48798448733744,4.099972724161533
21227010500,10.471645812457221,4.087777132785763
21227010600,10.481179912388775,4.086708446954141
21227010701,10.468353359342916,4.082006331964408
21227010702,10.450782854893908,4.075337848733744
21227010801,10.403845334017796,4.054993990417522
21227010802,10.43399265229295,4.062026926762491
21227010803,10.482139011635866,4.086519854209446
21227010900,10.495679238877481,4.09676459137577
21227011001,10.477237134839151,4.094453484599589
21227011002,10.476623965776865,4.090519022587269
21227011100,10.429731291581109,4.071737880219028
21227011200,10.432892605749487,4.088904033538672
21227011300,10.430368838466804,4.081323079397673
21227011401,10.450208675564682,4.071539806297057
21227011402,10.406069023956194,4.052492993155373
21227011500,10.268232320328542,4.012354205338809
21227011600,10.243320918548939,3.965933961670089
21227011700,10.355098935660506,4.049401587268994
21227011800,10.34126272347707,4.078189874058864
21227011900,10.374208093086927,4.034785980150582
21229930100,10.060320271047228,4.026649947296372
21229930200,10.117628392197125,4.048902360027378
21229930300,9.952161091033539,4.057581097193703
21231920100,9.465071901437372,3.958296360027378
21231920200,9.38919488569473,3.926650379192334
21231920300,9.334827366872006,3.911517522245038
21231920400,9.283486011635866,3.898713130732375
21231920700,9.207677805612594,3.83867468788501
21233960100,10.760946800136892,4.308987877481177
21233960200,10.555858862422998,4.291133939767283
21233960300,10.341170246406571,4.275705392881588
21233960400,10.348552488706366,4.259644932922656
21235920100,9.583376610540726,3.997695577002053
21235920200,9.563730710472279,3.986669564681725
21235920300,9.53321611430527,3.963039466803559
21235920400,9.414526331964408,3.895321746748802
21235920500,9.413840950034223,3.86370194661191
21235920600,9.293890914442163,3.788892194387406
21235920700,9.313137323750856,3.73201059137577
21235920800,9.33602348733744,3.772629167008898
21237930100,9.123928060232717,4.004540433264887
21237930200,9.160102864476386,4.021217676933607
21239050103,10.366587481177276,4.162662696098563
21239050104,10.407690228610541,4.174431315537303
21239050105,10.375851275154004,4.170293368240931
21239050106,10.405863987679672,4.176676856262834
21239050107,10.414962802190281,4.181112927446954
21239050200,10.294093095824778,4.161866199178645
21239050300,10.382698934976044,4.162202145106092
21239050400,10.414252,4.179712932238193
22001960100,8.964485323066393,3.821708024640657
22001960200,8.793496238193018,3.853819286105407
22001960300,8.695704279945243,3.867987633127994
22001960400,8.748131726214921,3.854955507186858
22001960500,8.995197357289528,3.831130674195756
22001960600,9.057076270362765,3.850086150581793
22001960700,8.943796682409309,3.858745227926078
22001960800,8.851019221081451,3.851769036960986
22001960900,8.752941091033539,3.84891959890486
22001961000,8.781353238193018,3.84915655578371
22001961100,8.576279289527721,3.82943702532512
22001961200,8.731862181382615,3.832353210814511
22003950100,8.748492811772758,3.949163646817248
22003950200,8.745350980150582,3.899552862422998
22003950300,8.741867224503764,3.906642571526352
22003950400,8.710285605065024,3.898496675564682
22003950500,8.731122441478439,3.910534895277207
22005030101,9.582870298425736,3.334178118412046
22005030102,9.672619336071184,3.383178110198494
22005030103,9.470573467488022,3.344524124572211
22005030203,9.888526734428474,3.345707412046544
22005030204,9.796594472963724,3.353732522245038
22005030205,9.948857091718001,3.396401776865161
22005030206,9.813365460643395,3.384005620807666
22005030300,9.968508856262834,3.472876194387406
22005030401,9.880546377138946,3.415154341546886
22005030402,9.877493396303901,3.433839776180698
22005030500,9.356947072553046,3.366727040383299
22005030600,9.812556154004107,3.471107984257358
22005030900,9.944578826830938,3.513846428473648
22005031000,9.866838406570842,3.562197622861054
22007050100,9.648633449691992,3.564247657084189
22007050200,9.037801496235455,3.526613609856263
22007050300,9.44745305065024,3.574235125256674
22007050400,9.219221268309377,3.567346600958248
22007050500,9.041733660506502,3.548031519507187
22007050600,8.667412468856947,3.518593288158795
22009030100,8.521134196440794,3.713512491444216
22009030200,8.71093841615332,3.815180846680356
22009030300,8.740202003422314,3.792925878850103
22009030400,8.702776409993155,3.785525890485968
22009030500,8.728692399726215,3.781126605065024
22009030600,8.765201561943874,3.796840618069815
22009030700,8.698806585900068,3.747728585900068
22009030800,8.665140283367556,3.711010062970568
22009030900,8.610276448323066,3.660276546885695
22011960100,8.862380013004791,4.012054934976044
22011960200,8.988708461327858,4.104025785078713
22011960300,8.949428439425051,4.09141435523614
22011960400,8.958167252566735,4.084781721423682
22011960500,8.970016841889117,4.098760876796715
22011960600,8.98696317522245,4.04604970568104
22011960700,9.166715383983573,4.082254301848049
22013970100,9.582293567419576,4.333496079397673
22013970200,9.528009091718001,4.320604960985626
22013970300,9.591516663244353,4.334586542094456
22013970400,9.429325440109514,4.296774171800137
22013970500,9.362175887063655,4.287879980150582
22015010400,10.439602874058864,4.440355360027378
22015010500,10.409042633127994,4.438861960985626
22015010601,10.356964937029432,4.440354014373717
22015010602,10.419065780971937,4.44633754072553
22015010701,10.383938170431212,4.429346140314853
22015010702,10.367528001368925,4.421526444900753
22015010801,10.396084327857632,4.425703681724846
22015010804,10.26709278439425,4.42252637303217
22015010805,10.333920585215606,4.425054970568104
22015010806,10.32000484257358,4.424191073921971
22015010900,10.169087780971937,4.412033617385352
22015011001,10.009641579739904,4.395701969883641
22015011002,9.855210293634497,4.386213967830253
22015011103,9.90203556605065,4.36656635523614
22015011105,10.10490189596167,4.404631531827515
22015011106,9.935482961670089,4.385009052019165
22015011107,10.12069379945243,4.408934914442163
22015011108,10.208717618069815,4.421653448323066
22015011109,10.270847980150582,4.433599977412731
22015011110,10.34752984257358,4.433286943189596
22015011200,9.806806054757016,4.348877852156058
22015011300,10.43157904312115,4.431670731690623
22017020500,10.419620134839151,4.419249134839151
22017020600,10.412561560574949,4.401564764544832
22017020700,10.40280152019165,4.386483210130048
22017021000,10.412495405201916,4.403713800136892
22017021100,10.424537516769336,4.420539618069815
22017021200,10.415211751540041,4.413061554414784
22017021300,10.406121273100616,4.425791754962355
22017021400,10.389712793976728,4.424158708418891
22017021500,10.39142826146475,4.40545455578371
22017021600,10.396832704312115,4.388929943189596
22017021700,10.388544577686516,4.371884420260096
22017021800,10.396511473648186,4.378211932922656
22017021900,10.400055209445585,4.385906544147844
22017022000,10.380201060232717,4.376090210814511
22017022100,10.358188479123888,4.356061889801506
22017022200,10.307466669404518,4.338748889801506
22017022300,10.360723612594114,4.349714478439425
22017022400,10.355868657768652,4.355468336071184
22017022500,10.372910911019849,4.372829117727584
22017022600,10.37884515468857,4.390443890485968
22017022700,10.381179592744695,4.408771876112252
22017022800,10.370771625598905,4.415099209445585
22017022900,10.353546565366188,4.417897206707734
22017023000,10.354964542094456,4.408681832306639
22017023100,10.358268227241615,4.392974732375086
22017023200,10.361012920602327,4.39014750513347
22017023300,10.355856993839836,4.376287116358658
22017023400,10.317448435318275,4.36206463449692
22017023500,10.318048667351129,4.341575815879535
22017023600,10.296672785078713,4.340997428473648
22017023700,10.329941333333333,4.387688481177276
22017023800,10.340780816563997,4.405874773442847
22017023901,10.297353551676934,4.416665412731006
22017023903,10.266648600273785,4.395932623545517
22017023904,10.338193783025325,4.41640235523614
22017023905,10.285733915126626,4.409474818617385
22017024000,9.97129820054757,4.391553381245722
22017024102,10.050597878850103,4.364831817932923
22017024104,10.269230940451745,4.37634615468857
22017024106,10.152610556468172,4.344235563997262
22017024107,10.252208682409309,4.360176404517454
22017024108,10.161742697467488,4.361990941820671
22017024109,10.207832545516769,4.36981105065024
22017024201,10.169842234770705,4.33985058384668
22017024202,9.94099166255989,4.32361226899384
22017024203,9.671386186858316,4.305655222450376
22017024301,9.993800151950719,4.312908388090349
22017024303,10.126514265571526,4.341806592744695
22017024304,9.874764808350445,4.30416879945243
22017024400,10.248055317590691,4.337655360711841
22017024503,10.170140309377139,4.369894286105407
22017024504,9.938343020533881,4.309983296372348
22017024601,10.290829338124572,4.387195161533196
22017024602,10.354123535249829,4.384877516769336
22017024700,10.310976206707734,4.399607780971937
22017024800,10.063481498288843,4.386269299110198
22017024900,9.830280572895277,4.324627484599589
22017025000,9.803845789869952,4.329599820670773
22017025100,9.783302510609172,4.334322886379192
22017025200,10.402780150581793,4.393575636550308
22017025300,10.430588202600958,4.416410529774127
22017025405,10.168421962354552,4.361557838466804
22017025406,10.09461671321013,4.326844980835044
22017980000,10.263912709103354,4.346231470910335
22019000100,9.551102760438056,4.06364364202601
22019000200,9.6015652183436,4.087833911019849
22019000300,9.541691227241615,4.0738848678987
22019000400,9.504189212183436,4.053445345653662
22019000500,9.569651667351129,4.067691831622177
22019000600,9.430986300479124,4.027669428473648
22019000700,9.550498798083504,4.042881274469541
22019000800,9.480228793292266,4.017137597535934
22019000900,9.419602681724846,4.002026521560575
22019001000,9.479237622861054,4.017472837782341
22019001100,9.429720234770705,3.980243187542779
22019001201,9.391095463381246,3.986484661875428
22019001202,9.34156517522245,3.973944420260096
22019001300,9.370400551676934,3.983177395619439
22019001400,9.384929861054073,4.03470123613963
22019001500,9.439644865845311,4.035310473648186
22019001600,9.311741720054757,3.994422446269678
22019001700,9.061442941136208,3.910777557837098
22019001801,9.268621283367556,3.986811339493498
22019001901,9.586997570157426,4.063593500342231
22019001903,9.418628232032854,4.008764040383299
22019001904,9.534520054072553,4.046309726214921
22019002000,8.866022592060233,3.887370780971937
22019002100,8.884307209445585,3.904719794661191
22019002201,9.404861314168378,4.07635993908282
22019002203,9.545123978781656,4.112508805612594
22019002204,9.494434027378508,4.083383871321013
22019002300,9.552746962354552,4.117646364134155
22019002400,9.330736600273785,4.087810582477755
22019002500,9.654279120465435,4.124021848733744
22019002600,9.70357448733744,4.125896402464066
22019002700,9.677625796714579,4.124112470910335
22019002800,9.756683681040383,4.159214629021218
22019002900,9.719865569472964,4.132260861054073
22019003000,9.761217728952772,4.156553660506502
22019003101,9.78443029705681,4.155277542094456
22019003102,9.780361057494866,4.154441203285421
22019003200,9.424424049281314,4.047770561943874
22019003300,9.635078490075291,4.108619588637919
22019003400,9.26309729705681,3.985213002737851
22019003500,9.310583754277892,3.963289832306639
22019003600,9.243381880903491,3.980714143052704
22019980000,9.250163498288843,3.974895300479124
22019980100,9.223596865160849,3.958593441478439
22021000100,8.957864527036276,4.079230409993155
22021000200,8.988066374401095,4.108981700889802
22021000300,8.854755289527721,4.055868648186174
22023970100,8.107470429842574,3.731536285420945
22023970201,8.605672249828884,3.861976930184805
22025000100,8.708519801505818,3.988756056125941
22025000200,8.633594879534565,3.923057028062971
22025000300,8.579433556468172,3.864521874058864
22027950100,9.598231794661191,4.272361894592745
22027950200,9.580752934291581,4.290438529089665
22027950300,9.614583834360027,4.296053184804928
22027950400,9.55784561670089,4.296987506502396
22027950500,9.556758354551677,4.304042321697468
22029000100,8.638804049965777,3.946183978097194
22029000200,8.605867098562628,3.918983150581793
22029000300,8.563953453798768,3.885389302532512
22029000400,8.5608848678987,3.887831752908966
22029000500,8.460758266940452,3.764730145790554
22031950100,9.80932205065024,4.355453293634497
22031950200,9.441073544832307,4.311856694729637
22031950300,9.604739334702259,4.372716331279945
22031950400,9.523949030800821,4.35251433744011
22031950500,9.42237047980835,4.338798021902806
22031950600,9.518930850787132,4.366082507871321
22031950700,9.338063314168378,4.321534991786448
22033000100,9.83913006091718,2.98958388569473
22033000200,9.84433015468857,3.023914919917864
22033000300,9.869758091718001,2.979968292265572
22033000400,9.868507188911704,3.002020457905544
22033000500,9.901429105407255,2.967177381245722
22033000601,9.886910414784394,2.995563219712526
22033000602,9.902970741273101,2.996336982888433
22033000701,9.874446203285421,3.03314136550308
22033000702,9.890587969883641,3.044127605065024
22033000900,9.907871672142368,2.972484358658453
22033001000,9.91916900752909,3.004389221081451
22033001102,9.911438473648186,3.084833988364134
22033001103,9.915758119780972,3.033771881587954
22033001104,9.924752019849418,3.063244354551677
22033001600,9.943217163586584,3.002477720054757
22033001700,9.956240783709788,3.032366819986311
22033001800,9.951347492128679,3.069731893908282
22033001900,9.977270650239562,3.080765442847365
22033002000,9.95135760164271,3.123301698151951
22033002200,9.937452177960301,3.008605633127994
22033002300,9.964837672826831,3.0341357816564
22033002400,9.927469880903491,3.028779058179329
22033002500,9.958687023956194,3.035816412046544
22033002601,9.979892907597536,3.07992393908282
22033002602,10.019250540041068,3.142748564681725
22033002700,9.979078052019165,3.071852568788501
22033002801,9.941765556468172,3.062531576317591
22033002802,9.98247899247091,3.07619609377139
22033003000,9.763301516084873,2.969019893223819
22033003101,9.743207380561259,3.01006449486653
22033003103,9.737093911704312,3.027307186858316
22033003201,9.683781061601643,3.073451557152635
22033003202,9.555275847364819,3.11665760164271
22033003300,9.806851383983573,2.998765494182067
22033003400,9.769861023956194,3.039407470910335
22033003501,9.7471493045859,3.114024168377823
22033003504,9.777604162217659,3.072311769336071
22033003505,9.825081213552361,3.076244776180698
22033003506,9.840882282683094,3.133694005475702
22033003507,9.755522761122519,3.169676230663929
22033003601,9.900607611909651,3.123211622861054
22033003603,9.853310253251198,3.158447368925394
22033003604,9.816831069815195,3.18148865982204
22033003701,9.924348394934976,3.152574202600958
22033003702,9.887993045174538,3.171674155373032
22033003703,9.856939136892539,3.187610085557837
22033003801,9.99292959890486,3.122467058863792
22033003802,9.977217299110198,3.171799087611225
22033003804,10.013457956194387,3.185247996577686
22033003805,10.011964794661191,3.222093460643395
22033003904,9.877076822039699,3.205993588637919
22033003906,9.932560240930869,3.244814438740589
22033003907,9.91597353045859,3.214550293634497
22033003908,9.879794925393566,3.232292905544148
22033003909,9.947389067077344,3.193438529089665
22033003910,9.955555909650924,3.210070800821355
22033004005,10.051908969883641,3.214300785078713
22033004006,10.063236902121834,3.252543404517454
22033004009,10.011508550992471,3.287916594798084
22033004010,10.058189935660506,3.278060047227926
22033004011,10.038977351129363,3.202821542778918
22033004013,9.945870431895962,3.105951882272416
22033004014,9.933598290896646,3.169057587953456
22033004015,10.063485552361396,3.241436684462697
22033004016,10.093090138945927,3.30039520807666
22033004201,9.641173871321013,3.074883741957563
22033004203,9.601850143737166,3.101122138261465
22033004204,9.487032335386721,3.139608190965092
22033004205,9.568567640657084,3.106786893908282
22033004301,9.401783102669404,3.157535950034223
22033004302,9.320277296372348,3.188578407255305
22033004401,9.62390255578371,3.149315055441478
22033004402,9.448096328542094,3.197680783709788
22033004403,9.600707968514716,3.201382498973306
22033004503,9.72361946201232,3.2148125633128
22033004504,9.745732796030116,3.224802428473648
22033004505,9.786367409993155,3.251209724845996
22033004507,9.866002744695414,3.261307258726899
22033004508,9.812990260095825,3.272402899383984
22033004509,9.954409036960986,3.284940446269678
22033004510,9.78441788569473,3.310580247091034
22033004602,9.216087643394935,3.208023491444216
22033004603,9.398821238877481,3.187426263518138
22033004604,9.263410875427789,3.211425556468172
22033004700,8.958738323066393,3.232624796030116
22033004800,9.991664106776181,3.10880594661191
22033004900,10.029947431211499,3.156834521560575
22033005000,10.032357069130732,3.189510815879535
22033005100,9.912579146475017,2.935961454483231
22033005200,9.925108245722108,2.997384336755647
22033005300,9.926478039014374,2.973731859000684
22033980000,9.731119211498973,3.034220232717317
22035000100,9.496637812457221,4.35927735797399
22035000200,9.399841993839836,4.31986315468857
22035000300,9.445487444900753,4.341803659137577
22037951300,8.459326623545517,3.428506232032854
22037951400,8.607530413415469,3.363379758384668
22037951501,9.1476730862423,3.278650971937029
22037951502,8.838954971252567,3.300055590006845
22037951600,8.616232314168378,3.320629572895277
22039950100,8.762051181382615,3.828936620807666
22039950200,8.747522018480493,3.870174289527721
22039950300,8.750143731690623,3.875014052019165
22039950400,8.788329026694045,3.857409013004791
22039950500,8.786229700889802,3.828909636550308
22039950600,8.793621576317591,3.822075410677618
22039950700,8.78067313963039,3.798352275154004
22039950800,8.819338058863792,3.839240873374401
22041950100,9.106954075975359,4.150344883641342
22041950200,9.000607984257358,4.110632553045859
22041950300,9.015659223134839,4.115564085557837
22041950400,8.879183896646133,4.081149446269678
22041950500,8.873273192334018,4.059692002737851
22041950600,8.810480013689254,4.041829257357974
22043020100,8.98443577412731,4.104711996577686
22043020200,9.043871094455852,4.154533709787817
22043020300,9.061502510609172,4.088474041752224
22043020401,9.020997498288843,4.060375780971937
22043020402,9.057436789185489,4.042243750855578
22045030100,8.682725331964408,3.473930391512663
22045030200,9.021918303216975,3.669539858316222
22045030301,9.309686206023272,3.864730255304586
22045030302,9.071405611909651,3.884868579055442
22045030400,9.048971597535934,3.866393161533196
22045030500,9.250438057494866,3.830013034223135
22045030600,9.185404230663929,3.794516777549624
22045030700,9.223069033538672,3.826418466803559
22045030800,9.247190220396988,3.84922626899384
22045030900,9.248191854893908,3.851180869267625
22045031000,9.21498329431896,3.833047018480493
22045031100,9.192450752908966,3.830564170431212
22045031200,9.228155561259411,3.85302515468857
22045031300,9.017379905544148,3.830113409308693
22045031600,7.98507161670089,3.652816127994524
22047952600,8.912167832991102,3.313694407255305
22047952700,9.017074620807666,3.235464455167693
22047952900,9.190148745379877,3.292788266255989
22047953000,9.561188424366872,3.457387244353183
22047953101,9.737101985626283,3.287741726899384
22047953102,9.963081776180698,3.332374316221766
22047953200,10.086840746748802,3.361507456536619
22049970100,9.276713985626283,4.208825813826146
22049970200,9.471782033538672,4.307624258042437
22049970300,9.25137272347707,4.2313299137577
22049970400,9.300038865845311,4.271210898699521
22049970500,9.344217501711157,4.274382602327173
22051020101,8.761802628336756,3.057282585215606
22051020102,8.767445123887748,3.034409134839151
22051020201,8.776259924024641,3.02403803559206
22051020202,8.774276750171116,3.019890212867899
22051020203,8.756496420260096,3.004303011635866
22051020301,8.728068130732375,2.937123331964408
22051020302,8.74288674880219,2.967230058179329
22051020303,8.74283092128679,2.961541199178645
22051020400,8.720128190965092,2.918766627652293
22051020502,8.706553687200548,2.8846521321013
22051020505,8.755748618069815,2.909006380561259
22051020506,8.757984493497604,2.924105076659822
22051020507,8.735056527720739,2.889214159479808
22051020508,8.671489879534565,2.830517855578371
22051020511,8.672493927446954,2.845950800821355
22051020512,8.693837026694045,2.861632353867214
22051020513,8.707569412731006,2.890563270362765
22051020514,8.709743377823409,2.902058080082136
22051020515,8.71793918275154,2.876591829568788
22051020516,8.736990514715948,2.889190915126626
22051020517,8.632640740588638,2.819971488706366
22051020600,8.7695623908282,2.916904147843942
22051020700,8.787491052019165,2.967077310746064
22051021000,8.806855991786448,2.974737484599589
22051021100,8.79691584531143,2.963960724845996
22051021200,8.791417151950719,2.945864123887748
22051021300,8.773330492128679,2.950843599589322
22051021400,8.752953611225188,2.937410223134839
22051021500,8.762349814510609,2.953385790554415
22051021600,8.782384209445585,2.975242442162902
22051021700,8.770444865845311,2.976251163586584
22051021801,8.770612856947296,2.990030882956879
22051021803,8.799156004791239,3.015023618754278
22051021804,8.786183171115674,3.002834155373032
22051021900,8.797340621492129,3.019473600958248
22051022001,8.809600952772074,3.034420563997262
22051022002,8.820072436002738,3.040517288158795
22051022101,8.784449064339494,3.040019562628337
22051022102,8.809803899383984,3.048988456536619
22051022200,8.799410277891855,3.058688423682409
22051022301,8.799147788501027,3.064849881587954
22051022302,8.826907367556468,3.077870481861738
22051022303,8.803129275154004,3.076760683093771
22051022400,8.827322012320328,3.074688855578371
22051022500,8.827657991101985,3.062260015742642
22051022600,8.836411120465435,3.07054098220397
22051022700,8.833466344284736,3.059185673511294
22051022800,8.822321128678987,3.050336056125941
22051022900,8.823003133470226,3.043270502395619
22051023001,8.812273989048597,3.028640902121834
22051023002,8.802706890485968,3.013757531143053
22051023003,8.796035834360027,3.001692453798768
22051023100,8.808617135523614,3.023251597535934
22051023200,8.801969271731691,3.003870105407255
22051023300,8.797505386721424,2.992812084873374
22051023400,8.801618258042437,2.987049467488022
22051023500,8.798724023271732,2.973165765229295
22051023600,8.801377674195756,2.986944269678302
22051023700,8.799959930869268,2.995050636550308
22051023800,8.795149127310062,2.999448698836413
22051023901,8.788542930184805,3.033125616016427
22051023902,8.800557957563313,3.02211139835729
22051023903,8.805331229295003,3.011413767967146
22051023904,8.786336177960301,3.027056160848734
22051024001,8.763130234086242,3.041650132785763
22051024002,8.743961244353183,3.050988987679672
22051024100,8.7828331321013,3.041726227241615
22051024201,8.805526683093771,3.028702967830253
22051024202,8.791768463381246,3.046065051334702
22051024300,8.816395859000684,3.057753429158111
22051024400,8.821618377138946,3.054562466803559
22051024500,8.824710336755647,3.065522649555099
22051024600,8.825675328542094,3.062502145790554
22051024700,8.823919668720055,3.07481463449692
22051024800,8.838229819301848,3.083017264202601
22051024900,8.820268924709103,3.081793651608487
22051025001,8.551649004106776,3.148808284736482
22051025002,8.610987996577686,3.140886137577002
22051025003,8.568936728268309,3.144403495550992
22051025102,8.552163817932923,3.135139073237509
22051025103,8.537636455852156,3.146532127994524
22051025104,8.50454126899384,3.143725790554415
22051025201,8.647535730321698,3.13830603559206
22051025202,8.604525234086242,3.134836370294319
22051025300,8.649762005475702,3.132877552361396
22051025400,8.604049155373032,3.127636097878166
22051025500,8.630823698836413,3.121902049281314
22051025600,8.660138559206023,3.120857739904175
22051025700,8.675326392197125,3.137550401779603
22051025800,8.701763159479808,3.127476607802875
22051025900,8.682452300479124,3.127383041752224
22051026000,8.671602310746064,3.109727033538672
22051026100,8.621354698151951,3.112080242984257
22051026200,8.593325083504449,3.104681290212183
22051026300,8.634672643394935,3.097739767282683
22051026400,8.616789803559206,3.097129178644764
22051026500,8.623203442847365,3.093970793976728
22051026600,8.673486468172485,3.100050363449692
22051026700,8.637376464750171,3.0980313045859
22051026800,8.641709470225873,3.098636217659138
22051026900,8.685041839151266,3.096772696098563
22051027000,8.673440027378508,3.098677872689938
22051027100,8.664751434633812,3.097623327857632
22051027200,8.701624002053388,3.092203975359343
22051027501,8.772270153319644,3.022977511293634
22051027502,8.716146939767283,3.046106822039699
22051027601,8.623443067077344,3.068049366187543
22051027602,8.576568174537988,3.08989772073922
22051027701,8.574552117043121,3.102093185489391
22051027703,8.515905734428474,3.104221668720055
22051027803,8.571428690622861,3.116905561259411
22051027804,8.469064409308693,3.135232228610541
22051027805,8.480416180013689,3.128262058863792
22051027806,8.559452107460643,3.101672932922656
22051027807,8.535848112251882,3.107006447638604
22051027809,8.29769432991102,3.12281544421629
22051027810,8.502980976728268,3.107805231348392
22051027811,8.516801356605065,3.109742248459959
22051027812,8.36415925393566,3.124667926762491
22051027901,7.958463279945243,3.14472898973306
22051027902,7.494360179329227,3.210694540041068
22051028000,8.22471303559206,3.116411595482546
22051028100,8.795916383983573,2.985371620807666
22051028200,8.767214831622177,3.077349089664613
22051980000,8.796365889801506,2.949023617385352
22051990000,8.379341458590007,2.927276084873374
22053000100,8.703123647501711,3.888542826830938
22053000200,8.760556666666667,3.881315605065024
22053000300,8.662509594113621,3.866191106776181
22053000400,8.51109032991102,3.824567867214237
22053000500,8.630949576317591,3.860051737166324
22053000600,8.608078154004107,3.847279639972622
22053000700,8.614616850102669,3.850795382614648
22055000100,9.406438015058179,3.78801657357974
22055000200,9.418853310061602,3.793201737166324
22055000500,9.407452564681725,3.793988067077344
22055000602,9.390202026009582,3.785177185489391
22055000603,9.376994760438056,3.801213820670773
22055000604,9.386932629021218,3.803624255989049
22055000700,9.377304698836413,3.788629301848049
22055000800,9.389065222450376,3.783124808350445
22055000900,9.376170229979466,3.784901432580424
22055001001,9.340638010951403,3.78740552019165
22055001002,9.338042366187543,3.772066045859001
22055001003,9.333116700205339,3.766493245037645
22055001100,9.383113779603012,3.780123449007529
22055001200,9.384074174537988,3.775930285420945
22055001300,9.42127737577002,3.793209899383984
22055001401,9.29851954072553,3.846998127310062
22055001402,9.295658062970568,3.869005190965092
22055001403,9.355227419575633,3.848837815879535
22055001404,9.389128438056126,3.861077399041752
22055001405,9.421400407939767,3.842853509924709
22055001406,9.406552826146475,3.825813897330596
22055001407,9.395444320328542,3.8313044366872
22055001409,9.41654639835729,3.840059977412731
22055001410,9.343073765913758,3.881294026009582
22055001411,9.450620419575633,3.826975180698152
22055001500,9.417780560574949,3.805997717316906
22055001600,9.404473741957563,3.819964223819302
22055001700,9.380603685831622,3.833375721423682
22055001801,9.37496868788501,3.820808234770705
22055001802,9.400232879534565,3.80659880698152
22055001901,9.113305084188912,3.854703908966461
22055001902,9.321904422997947,3.831599392197125
22055001903,9.301579714579055,3.841970534565366
22055001904,9.369115847364819,3.832058480492813
22055001905,9.26096473853525,3.860760562628337
22055002001,9.219322536618754,3.822965858316222
22055002002,9.311835369609856,3.802778815195072
22055002101,9.245571099247091,3.800429352498289
22055002102,9.201764559890486,3.77602927926078
22055002103,9.283719791238878,3.779593943874059
22055002104,9.233026488706366,3.750514414784394
22055002200,9.419599837782341,3.80134354825462
22055980000,9.443335400410678,3.81237953798768
22057020100,8.915708640657084,3.462476160164271
22057020202,8.83156809377139,3.428957264887064
22057020400,8.87246358384668,3.448512224503764
22057020500,8.869981380561259,3.461685867214237
22057020600,8.938062395619439,3.479142192334018
22057020702,8.820160088980151,3.491186140999316
22057020703,8.947331547570157,3.457848245722108
22057020704,9.095376731690623,3.494643655030801
22057020800,8.870382752224504,3.397680206707734
22057020900,8.665774770704997,3.367733030116359
22057021000,8.376564615331964,3.281720364134155
22057021100,7.414168717316906,3.275523201232033
22057021200,7.477049142368241,3.346017186858316
22057021300,7.4691459137577,3.315954088295688
22057021400,7.749348962354552,3.294497382614648
22057021500,7.89495545174538,3.286840831622177
22057021601,8.454894496919918,3.387514351813826
22057021602,8.002533182067077,3.353116226557153
22057021700,8.313801184804928,3.357233519507187
22057021800,8.534864023271732,3.354221106776181
22057021901,8.653262641341547,3.387180670773443
22057021902,8.665616780287474,3.388977495550992
22057022000,8.909497249828884,3.454756432580424
22059970100,8.798552456536619,4.04248158384668
22059970200,8.739099659137577,3.996112017111567
22059970300,8.726355577686516,3.95881165982204
22061960100,9.665585789869952,4.321295169746749
22061960200,9.651814224503764,4.349917598220397
22061960300,9.692102494182067,4.360038135523614
22061960400,9.664428937029432,4.345282041067762
22061960500,9.652716091718001,4.335168366187543
22061960600,9.61601558110883,4.317475967145791
22061960700,9.589111212183436,4.286889909650924
22061960800,9.624405413415469,4.340281360027378
22061960900,9.649283905544148,4.345615982888433
22061961000,9.660606797399042,4.36285435797399
22063040100,8.715696136208077,3.27519840109514
22063040201,8.941550943189596,3.251381724161533
22063040202,8.764827535249829,3.259608508555784
22063040301,9.006362945242984,3.238054077344285
22063040303,9.193470446954141,3.231175507186858
22063040304,9.073538958247776,3.241603395619439
22063040401,9.235999047227926,3.245116483915127
22063040402,9.099156676933607,3.248274659137577
22063040500,9.372365457905544,3.239909752224504
22063040600,9.478627752908966,3.246972207392197
22063040700,9.602820019164956,3.239464015058179
22063040802,9.122241813141684,3.268377720054757
22063040804,9.252610221765914,3.259944532511978
22063040805,9.542244681040383,3.26536910403833
22063040806,9.566199387405886,3.29305403559206
22063040901,8.742238465434634,3.213372880903491
22063040902,8.695837875427789,3.177662033538672
22065960100,9.305063315537303,4.301874924024641
22065960200,9.149206849418207,4.215303475017112
22065960300,9.289032947980835,4.286857415468857
22065960400,9.29435880971937,4.285844993839836
22065960500,9.265845558521561,4.271313661190965
22067950100,9.527690726214921,4.239185597535934
22067950200,9.583142750171116,4.192747522245038
22067950300,9.671401912388775,4.22209111430527
22067950400,9.620085405886379,4.220158208761122
22067950500,9.593616757700205,4.216687891854894
22067950600,9.469524069815195,4.223913088980151
22067950700,9.549185540041068,4.198308831622177
22067950800,9.622531729637235,4.223756954140999
22069000100,9.236687404517454,4.26451852019165
22069000200,9.334537704312115,4.300573554414784
22069000300,9.284980449691992,4.30243733744011
22069000400,9.292278689253936,4.293286717316906
22069000500,9.261206097193703,4.277921244353183
22069000600,9.236168277891855,4.270183872005476
22069000700,9.272273175906913,4.284447798083504
22069000800,9.031752293634497,4.205343031485284
22069000900,8.980076047227926,4.136939830937714
22071000100,8.733602919233402,3.136387158795346
22071000200,8.724236649555099,3.134789030116359
22071000300,8.711774446269678,3.134634309377139
22071000400,8.716724733744011,3.139370996577686
22071000601,8.683820819986311,3.136650271731691
22071000602,8.68558209650924,3.148139051334702
22071000603,8.650481811088296,3.142967341546886
22071000604,8.647253314168378,3.148934990417522
22071000605,8.67795883504449,3.146623310061602
22071000606,8.629641933607118,3.151161704312115
22071000607,8.587049016427105,3.156708245722108
22071000611,8.512513052703628,3.158328165639973
22071000612,8.319901594798084,3.167991468856947
22071000613,8.630617037645448,3.142401977412731
22071000615,8.602234273100616,3.16062465229295
22071000616,8.557350230663929,3.155748438740589
22071000617,8.507158008213552,3.163004470225873
22071000618,8.569134479123888,3.155795872689938
22071000701,8.695684324435318,3.155314580424367
22071000702,8.673551702258727,3.156528932238193
22071000800,8.683508777549624,3.153215287474333
22071000901,8.671116607118412,3.164961266255989
22071000902,8.685205741273101,3.167967533880904
22071000903,8.679668137577002,3.159087791238878
22071000904,8.683529704312115,3.161671381930185
22071001100,8.702892985626283,3.150401273785079
22071001200,8.728027733059548,3.143238258042437
22071001301,8.725243151266256,3.145927374401095
22071001302,8.707280017111567,3.147135373716632
22071001401,8.719449800821355,3.144508885010267
22071001402,8.72195288569473,3.148083262149213
22071001500,8.737150281998631,3.138537625598905
22071001600,8.715774887748118,3.151214807665982
22071001701,8.652425837782341,3.125539371663244
22071001702,8.681700281998631,3.132612823408624
22071001720,8.623765166324435,3.138854737166324
22071001722,8.599441475017112,3.153405809034908
22071001723,8.540889045174538,3.165489963723477
22071001724,8.564407283367556,3.127189639972622
22071001725,8.517358269678302,3.140417094455852
22071001730,8.24146877412731,3.184052097193703
22071001734,8.001507255304586,3.253792249828884
22071001735,8.578213087611225,3.149885331964408
22071001736,8.523796600958248,3.15409735797399
22071001737,8.461305240246407,3.147918734428474
22071001739,8.471901189596167,3.157270754277892
22071001740,8.391746877481177,3.161933913073238
22071001741,8.368910833675565,3.170932785763176
22071001743,8.567102934976044,3.144978477754962
22071001744,8.519666694045174,3.151721800821355
22071001745,8.40867346201232,3.151582325119781
22071001746,8.368570291581109,3.157790244353183
22071001747,8.417468572210814,3.163317887748118
22071001748,8.442685825462012,3.162486489390828
22071001749,8.337180368925394,3.169365195756331
22071001750,8.323533195071869,3.176820998631075
22071001751,8.316838848049281,3.181572700889802
22071001800,8.74759792128679,3.133518542094456
22071001900,8.744988503080082,3.132743262833676
22071002000,8.749082825462012,3.138822727583847
22071002100,8.746139783025325,3.13448394661191
22071002200,8.739564703627652,3.132381415468857
22071002300,8.741574409993155,3.131325445585216
22071002401,8.731998900068446,3.127708612594114
22071002402,8.724413386036961,3.136204537303217
22071002501,8.681144719370294,3.116292028062971
22071002502,8.673918936344969,3.123010836413416
22071002503,8.707556008213552,3.123601576317591
22071002504,8.694742850787132,3.129297837782341
22071002600,8.754555586584531,3.132709510609172
22071002700,8.754030708418891,3.131624266940452
22071002800,8.761673065708419,3.12566337303217
22071002900,8.755220608487337,3.126561618069815
22071003000,8.753879725530459,3.131674859000684
22071003100,8.756647352498289,3.127710901437372
22071003301,8.722109862422998,3.101689059548255
22071003302,8.733988260780288,3.107260935660506
22071003303,8.6881407816564,3.111550002737851
22071003304,8.714202117727584,3.1129049137577
22071003307,8.74921041889117,3.116825173853525
22071003308,8.739781873374401,3.123159693360712
22071003400,8.763192742642026,3.126876878850103
22071003500,8.769025497604381,3.125114745379877
22071003600,8.770844497604381,3.122383862422998
22071003701,8.781054080082136,3.118685719370294
22071003702,8.776284960985626,3.117927301848049
22071003800,8.750646041752224,3.132740334702259
22071003900,8.766961722108145,3.127965896646133
22071004000,8.773362970568104,3.121028986995209
22071004100,8.789301709787817,3.113068063655031
22071004401,8.772408041067762,3.123012451060917
22071004402,8.769421716632444,3.120535898699521
22071004500,8.788897691991786,3.115243391512663
22071004600,8.808410800136892,3.116188079397673
22071004800,8.755998318959617,3.118336649555099
22071004900,8.77285816495551,3.117611095824778
22071005000,8.803951183436003,3.120095342231348
22071005400,8.820562765229295,3.112916882272416
22071005500,8.821594770704997,3.0982909137577
22071005601,8.770914368925394,3.082702439425051
22071005602,8.765641584531143,3.090379460643395
22071005603,8.812124618069815,3.090815989048597
22071005604,8.796431929500342,3.095232230663929
22071006000,8.781398011635866,3.119628062286105
22071006300,8.794552030800821,3.111283324435318
22071006400,8.806490065023956,3.110215775496236
22071006500,8.828731852156058,3.109436907597536
22071006900,8.791687262833676,3.113580761806982
22071007000,8.805981542094456,3.111181184120465
22071007101,8.814894453798768,3.111489392197125
22071007200,8.818287950034223,3.10707558384668
22071007501,8.842506559206023,3.097719671457906
22071007502,8.832945832306639,3.100148026009582
22071007604,8.841271830937714,3.098615409308693
22071007605,8.837119664613279,3.103558653661875
22071007606,8.766226449007529,3.068325155373032
22071007700,8.717330752224504,3.122781062286105
22071007800,8.724504116358658,3.121027238877481
22071008200,8.722043209445585,3.115431002053388
22071008300,8.716982028747433,3.1146459137577
22071008400,8.735317278576318,3.118709178644764
22071008500,8.746924221081451,3.114075180698152
22071008600,8.773037234770705,3.114471392881588
22071008800,8.709117247775496,3.10764293155373
22071009000,8.725476011635866,3.113599999315537
22071009100,8.735460796714579,3.113997133470226
22071009200,8.742736498288843,3.1103895229295
22071009400,8.788349441478439,3.113964928131417
22071009600,8.717000896646133,3.109207932238193
22071009700,8.72237087063655,3.107918575633128
22071009900,8.733431369609856,3.109271034907598
22071010000,8.735893648186174,3.109804848049281
22071010100,8.756535087611225,3.110487916495551
22071010200,8.774604145106092,3.109409535249829
22071010300,8.78726244421629,3.11320198973306
22071010600,8.738788482546201,3.103880815195072
22071010700,8.740536242984257,3.104327553730322
22071010800,8.757770518138262,3.102591559890486
22071010900,8.766139798083504,3.102284264887064
22071011100,8.784416811088296,3.109873613963039
22071011200,8.788947164271047,3.10688309650924
22071011400,8.752298944558522,3.102123648186174
22071011500,8.762799968514716,3.100884299794661
22071011600,8.76207634770705,3.101689859685147
22071011700,8.776719072553046,3.098386052703628
22071011900,8.793891518822724,3.102513196440794
22071012000,8.766887351813826,3.091616747433265
22071012101,8.810885264887064,3.105246260095825
22071012102,8.793786236824093,3.099575238877481
22071012200,8.81269648733744,3.108534496235455
22071012300,8.802366615331964,3.107011079397673
22071012400,8.808722853524983,3.111419106091718
22071012500,8.785440363449692,3.095308546201232
22071012600,8.806090967830253,3.094840386036961
22071012700,8.811930054757016,3.100021403148528
22071012800,8.821036396303901,3.102545944558522
22071012900,8.810996120465435,3.092373919917864
22071013000,8.82572472073922,3.097879825462012
22071013100,8.818544857631759,3.093044413415469
22071013200,8.829201277891855,3.097795425735797
22071013301,8.716773730321698,3.080494475017112
22071013302,8.651097999315537,3.105138841889117
22071013400,8.751986976728268,3.128719940451745
22071013500,8.733176153319644,3.124448485968515
22071013600,8.707086864476386,3.150654793976728
22071013700,8.692204911704312,3.142121206707734
22071013800,8.767153585215606,3.113177089664613
22071013900,8.740437973990418,3.122588454483231
22071014000,8.765209309377139,3.119400075975359
22071014100,8.69902096440794,3.118104635865845
22071014200,8.708540284052019,3.109444648186174
22071014300,8.764270520876112,3.109192804243669
22071014400,8.727094377138946,3.099680790554415
22071014500,8.801528080766598,3.111641481861738
22071980000,8.777081041067762,3.104305149212868
22071980100,8.354163495550992,3.174019352498289
22071990000,8.299524650924025,3.144517049965777
22073000100,9.691439099247091,4.200738287474333
22073000200,9.713332291581109,4.206334932238193
22073000401,9.657711846680356,4.162782611909651
22073000402,9.671510778234086,4.168698787816564
22073000500,9.643687064339494,4.152191023271732
22073000600,9.646553431211499,4.146780644079398
22073000700,9.671349678302532,4.177679441478439
22073000900,9.664153883641342,4.182840971252567
22073001100,9.640256281998631,4.177202993155373
22073001400,9.654454052703628,4.202256535249829
22073001500,9.623336647501711,4.188451350444901
22073001700,9.690879384668036,4.188988599589322
22073005100,9.742481478439425,4.236490425735797
22073005201,9.701226958932238,4.253467611225188
22073005203,9.723189700205339,4.235176392197125
22073005204,9.728260137577002,4.235308629021218
22073005301,9.691478175906913,4.250708850102669
22073005302,9.702834041067762,4.227483439425051
22073005400,9.703913481861738,4.213823513347023
22073005500,9.693371556468172,4.211123671457906
22073005800,9.685655832306639,4.233753843258042
22073005900,9.648028492813142,4.224208897330596
22073010101,9.611507279945243,4.196726927446954
22073010102,9.547976490759754,4.157118449007529
22073010201,9.682290658453114,4.187386671457906
22073010202,9.684022206707734,4.210135897330596
22073010301,9.706875513347023,4.198309212183436
22073010302,9.741564270362765,4.23741573853525
22073010400,9.561079680355921,4.254210683778234
22073010502,9.320194318959617,4.162566987679672
22073010503,9.381252178644764,4.208019087611225
22073010504,9.594440786447639,4.2301895229295
22073010603,9.524213432580424,4.146588581793292
22073010604,9.313501811088296,4.144269971937029
22073010700,9.640913542778918,4.182057775496236
22073010800,9.676957468856947,4.184681234770705
22073010900,9.641577815879535,4.160262620807666
22073011000,9.56106220807666,4.176346734428474
22073011100,9.627440403832991,4.204623692676249
22073980000,9.609852646132786,4.132134703627652
22075050100,7.275693509924709,3.31822487816564
22075050200,8.408483676933607,3.159615123887748
22075050300,8.275146767282683,3.142750857631759
22075050400,7.299587012320328,3.243706107460643
22075050500,7.242380073921971,3.296855498973306
22075050600,7.133434828199863,3.344694278576318
22075050700,7.153933936344969,3.384025909650924
22075050800,7.094633633812457,3.42106728678987
22075990000,6.892692772073922,3.429594585215606
22077951900,8.946913036276523,3.378215693360712
22077952000,8.664850442847365,3.539183632443532
22077952100,8.969018741273101,3.371381194387406
22077952200,9.157357217659138,3.309452617385352
22077952300,9.007165063655031,3.370903017111567
22077952400,8.912508444900753,3.373255141683778
22079010100,8.769982958247776,3.882604318959617
22079010300,9.094845857631759,4.026609220396988
22079010400,9.109633970568104,4.045200515400411
22079010500,9.062925340862423,4.031187511978097
22079010600,8.905549678986995,4.035750217659138
22079010700,8.97741331485284,3.979109251882272
22079011000,9.107398342231348,3.98526925393566
22079011300,9.103681553045859,4.010317058179329
22079011500,9.078195993155373,3.978355264887064
22079011600,9.103520438056126,3.992550321013005
22079011700,9.113704137577002,3.987703587268994
22079012000,9.095614062286105,3.951427229295003
22079012100,9.093723302532512,3.960134923340178
22079012200,9.099371393566051,3.967221449691992
22079012301,9.053490101300479,3.942681008213552
22079012302,9.091772349760438,3.963274148528405
22079012400,9.042164743326489,3.931731620807666
22079012500,9.030152078028747,3.898620432580424
22079012600,9.072412533880904,3.939466011635866
22079012700,9.017398986995209,3.889780169062286
22079012800,9.070386136892539,3.932367424366872
22079012900,9.096674191649555,3.945670041067762
22079013000,9.018402346338125,3.889007021902806
22079013100,9.094154004106776,3.960159709787817
22079013200,8.902521679671458,3.865071963039014
22079013300,8.807872022587269,3.799790865845311
22079013400,8.877430616016427,3.876965610540726
22079013500,8.761027320328542,3.859879822724162
22079013600,8.739076580424367,3.932848059548255
22079013700,8.966696151950719,3.97439834017796
22079013800,9.10783229431896,3.994939199863108
22079013900,9.105424916495551,3.969333316221766
22079980000,9.095115216290212,4.010067997262149
22081960100,9.494812934976044,4.338861565366188
22081960300,9.45929960164271,4.346995861738535
22083970100,9.255393789185489,4.218421015058179
22083970200,9.312326671457906,4.228224832306639
22083970300,9.345360411362081,4.200039761122519
22083970400,9.384844629705681,4.154183583162218
22083970500,9.349437891854894,4.188336678986995
22083970600,9.156996972621492,4.126580314168378
22085000100,9.179553780287474,4.283554130047912
22085000200,9.015528553045859,4.246021774811773
22085000300,9.042447368240931,4.249436839151266
22085000400,9.030060051334702,4.229274726214921
22085000500,8.958252893908282,4.198476210814511
22085000600,8.883133711156742,4.161408094455852
22085000700,8.790622290896646,4.140530498288843
22087030103,8.108498383983573,3.179168069130732
22087030104,7.893471587953456,3.186940221081451
22087030105,7.492776013689254,3.287101919917864
22087030203,8.446598189596167,3.162392985626283
22087030204,8.270006015058179,3.178480373716632
22087030206,8.411114913073238,3.169714125941136
22087030207,8.4553281724846,3.163984353867214
22087030208,8.312916089664613,3.179774951403148
22087030209,8.334579779603012,3.176019734428474
22087030300,8.656776309377139,3.16080188569473
22087030400,8.592196553730322,3.162132734428474
22087030500,8.628068804243669,3.166725324435318
22087030601,8.578948604380561,3.166018694729637
22087030602,8.581724155373032,3.16529446954141
22087030603,8.549098603011636,3.166338442162902
22087030700,8.512936317590691,3.163093737850787
22087030800,8.505164121149897,3.158466707734428
22089060100,8.538401214921287,2.926601805612594
22089062100,8.756902392881588,2.983043986310746
22089062200,8.762981167693361,3.057153943189596
22089062301,8.800522694045174,3.04363126146475
22089062302,8.811007138945927,3.092097362080767
22089062400,8.764055177275838,2.967913466803559
22089062500,8.850106496919918,3.098930171800137
22089062700,8.890210502395619,3.175469476386037
22089062800,8.701911751540041,3.140481405201916
22089062900,8.707602843258042,3.090240932922656
22089063000,8.736413594113621,3.03054961670089
22089063100,8.588089014373717,3.10632131485284
22089063200,8.443636246406571,3.149460255304586
22091951100,8.483224985626283,3.479785550992471
22091951200,8.573472470225873,3.34272932991102
22093040100,9.264984726899384,3.375386849418207
22093040200,9.398590821355236,3.44611768788501
22093040300,9.46790784531143,3.469409789185489
22093040400,9.609472876112252,3.509456645448323
22093040500,9.541823839835729,3.568505366187543
22093040600,9.342779067761807,3.470001650239562
22093040700,9.103194706365503,3.419851382614648
22095070100,8.508494310061602,3.057137720054757
22095070200,8.805034682409309,3.121765598220397
22095070300,8.841385600958248,3.143796878850103
22095070400,8.850425646817248,3.155995403148528
22095070500,8.93691964202601,3.211758099931554
22095070600,9.199544911019849,3.346207159479808
22095070700,9.08824572073922,3.287845384668036
22095070800,9.00779484531143,3.243266731690623
22095070900,8.949812937029432,3.198814820670773
22095071000,8.901832892539357,3.158885334017796
22095071100,9.112097638603696,3.352934684462697
22097960100,8.657520535249829,3.625847189596167
22097960200,8.745781146475017,3.73562803559206
22097960300,8.727842409993155,3.622142947980835
22097960400,8.762243872005476,3.526908510609172
22097960500,8.913014474332649,3.640533549623546
22097960600,8.855388173169062,3.748304948665298
22097960700,8.90507704312115,3.804057471594798
22097960800,8.817798387405886,3.848005878850103
22097960900,8.793764849418207,3.858617108145106
22097961000,8.787042206023272,3.867879997946612
22097961100,8.7839506091718,3.86320587063655
22097961200,8.975046905544148,3.779799977412731
22097961300,8.910217910335387,3.759187727583847
22097961400,8.91029576386037,3.753351861738535
22097961500,8.948473982888433,3.754588098562628
22097961600,8.933881669404518,3.762647288843258
22097961700,8.971060579055442,3.731540801505818
22097961800,9.127850770020534,3.77956855578371
22097961900,9.07033783504449,3.752215880903491
22099020100,8.787223026009582,3.42355200752909
22099020200,9.07496056605065,3.651054343600274
22099020301,9.229387761806982,3.705274823408624
22099020302,9.132013678986995,3.639471735797399
22099020400,9.232465250513347,3.704833741957563
22099020501,9.384561280629706,3.773388663928816
22099020502,9.250135309377139,3.70645819301848
22099020600,9.376377744695414,3.827250282683094
22099020800,9.175105229295003,3.707306618754278
22099020900,9.294769210814511,3.823695420944558
22099021000,8.70599656605065,3.526820316221766
22101040100,8.38944301026694,3.544700349760438
22101040200,8.564805621492129,3.562458255989049
22101040300,8.480659991786448,3.554215637919233
22101040400,8.519495585215606,3.558671042436687
22101040500,8.469997995208761,3.565881319644079
22101040600,8.385599046543463,3.567713419575633
22101040700,8.415175718685832,3.572974555099247
22101040800,8.195157410677618,3.561414963723477
22101040900,8.177574750855578,3.598188889117043
22101041000,8.661048133470226,3.601016162217659
22101041100,8.584668609856263,3.72719261670089
22101041200,8.637423600958248,3.648188954825462
22101041300,8.584581438056126,3.634626490075291
22101041400,8.58116080971937,3.605115826830938
22101041500,8.5249548275154,3.617442366187543
22101041600,8.521890988364134,3.623049711156742
22103040102,8.53877841889117,3.524511571526352
22103040103,8.45321913963039,3.455130552361396
22103040104,8.500139119096509,3.50633989596167
22103040201,8.421874523613963,3.345042381245722
22103040202,8.431579442162902,3.392507958932238
22103040303,8.33870375633128,3.223185285420945
22103040304,8.3866825229295,3.26558728678987
22103040305,8.392640930869268,3.226570534565366
22103040400,8.405296962354552,3.283610383983573
22103040501,8.436546761806982,3.337104772073922
22103040502,8.454319815195072,3.377880593429158
22103040601,8.390409886379192,3.260670020533881
22103040602,8.422616837097878,3.313424722792608
22103040604,8.432666342231348,3.331638201232033
22103040605,8.43039106091718,3.324941036276523
22103040701,8.420395145790554,3.38786137303217
22103040704,8.494542076659822,3.478667073921971
22103040705,8.478562273100616,3.479324184120465
22103040706,8.518367275154004,3.521228065023956
22103040708,8.229076709787817,3.411942097878166
22103040709,8.453312833675565,3.460145310746064
22103040710,8.410506205338809,3.440746939767283
22103040801,8.324054779603012,3.379030442162902
22103040802,8.272097837782341,3.339325976728268
22103040803,8.253374663928816,3.370376334017796
22103040900,8.366466080766598,3.400001492813142
22103041002,8.403988929500342,3.421015374401095
22103041003,8.433899889117043,3.442998275838467
22103041004,8.434855997262149,3.442281092402464
22103041101,8.362565963039014,3.365851509924709
22103041102,8.355901002737851,3.372246149212868
22103041103,8.408534242984257,3.415930069815195
22103041104,8.295931173169062,3.333342334017796
22103041202,8.298651518822724,3.274328465434634
22103041204,8.353596585215606,3.327213539356605
22103041207,8.405098369609856,3.303601090349076
22103041208,8.374911613963039,3.277903140999316
22103041209,8.354596982888433,3.263637405886379
22103041210,8.378390301163587,3.303531503764545
22103041211,8.334763186858316,3.26322420807666
22103041212,8.323245505817933,3.268948066392882
22103041300,8.319321744695414,3.226619382614648
22103990000,8.205033112936345,3.120405159479808
22105953200,8.50480526146475,3.585215529774127
22105953300,8.515305209445585,3.54589928678987
22105953400,8.538692802190281,3.428055709787817
22105953500,8.461451743326489,3.449694685831622
22105953600,8.572562945927447,3.350841177960301
22105953700,8.498718518822724,3.308329298425736
22105953800,8.623961943874059,3.298869776865161
22105953900,8.669473480492813,3.264809313483915
22105954001,8.641647548939083,3.252769409993155
22105954002,8.582102154004107,3.225120900068446
22105954101,8.676158140999316,3.236347882272416
22105954102,8.656377052703628,3.211499303901437
22105954200,8.64138226899384,3.229643481177276
22105954300,8.641081679671458,3.212508483915127
22105954400,8.626303396988364,3.21328143394935
22105954501,8.620835977412731,3.194563525667351
22105954502,8.585454428473648,3.183097536618754
22105954600,8.410674546885695,3.159535718685832
22105954700,8.501275023956194,3.13741064476386
22105954800,8.301075801505818,3.076668835728953
22107000100,8.832609901437372,4.096230598220397
22107000200,8.777819557837098,4.054768673511294
22107000300,8.643450587268994,3.98251732991102
22109000101,8.746968464750171,3.430672620807666
22109000102,8.677100284736482,3.389426416837782
22109000201,8.581552240930869,3.397170691307324
22109000202,8.588384911704312,3.392407506502396
22109000300,8.500933254620123,3.42012867761807
22109000401,8.503487069815195,3.422544900752909
22109000402,8.543839998631075,3.413817632443532
22109000500,8.540323334017796,3.412579099247091
22109000600,8.46669740109514,3.415822269678302
22109000700,8.395134379192334,3.427575839835729
22109000800,8.390316898015058,3.430088346338125
22109000900,8.410146629705681,3.433814264202601
22109001000,8.240764977412731,3.405283666666667
22109001100,7.594800095824778,3.367071518822724
22109001201,8.09762059137577,3.411646794661191
22109001202,7.464064178644764,3.396497559890486
22109001300,7.443620047912389,3.397861837782341
22109001400,7.585803148528405,3.430641373716632
22109001500,8.022591438056126,3.460065110198494
22109001600,8.379405062970568,3.468102527036276
22109001700,8.547821674195756,3.410608813141684
22111960100,9.671716189596167,4.231521405201916
22111960200,9.662331228610541,4.250459089664613
22111960300,9.634350299110198,4.278861698836413
22111960400,9.635680672826831,4.259550168377823
22111960500,9.711736353182752,4.25905546201232
22111960600,9.632646205338809,4.270727162902122
22113950100,8.916176437371663,3.850883724161533
22113950200,8.365668170431212,3.77843257357974
22113950400,8.658851973990418,3.836444302532512
22113950500,8.654331023956194,3.832979316906229
22113950600,9.004729919233402,3.875936019164956
22113950700,8.829377326488706,3.856590841889117
22113950800,8.876017293634497,3.863668599589322
22113950901,8.815872199178645,3.853953773442847
22113950902,9.118253071868583,3.880111330595482
22113951001,8.989739596167009,3.872894112936345
22113951002,8.63089774606434,3.821280483915127
22113951100,8.001179693360712,3.720235585215606
22115950100,8.776534824093087,4.044814613278576
22115950200,8.797318686516085,4.103467970568104
22115950300,8.863450292950034,4.121762292265572
22115950400,8.823796917864476,4.092065002053388
22115950500,8.851593965092402,4.099173795345654
22115950600,8.85225506844627,4.100192574948665
22115950701,8.770964783709788,4.027003669404518
22115950702,8.853864394934976,4.076924368240931
22115950703,8.829865162217659,4.075987451060917
22115950704,8.84491040109514,4.078202108145106
22115950800,8.773033437371663,4.006987030800821
22115950900,8.921637882956879,4.105431345653662
22117950101,8.682178694045174,3.787815368240931
22117950102,8.605125217659138,3.730628684462697
22117950200,8.540873081451061,3.685181776180698
22117950300,8.503541033538672,3.63946225393566
22117950400,8.487912328542094,3.597704934291581
22117950500,8.440953543463381,3.513882978097194
22117950600,8.526463173169062,3.599708058179329
22117950700,8.611357960301164,3.687272775496236
22117950800,8.656596687200548,3.721272048596852
22117950900,8.628897192334018,3.693165718001369
22117951000,8.60891709650924,3.661545204654346
22119031100,9.633682820670773,4.316892989048597
22119031200,9.702063529774127,4.331194122518823
22119031300,9.699825004791239,4.338918900068446
22119031400,9.687030953456537,4.320706207392197
22119031500,9.780824976728268,4.358754780287474
22119031600,9.656119696783025,4.328753221081451
22119031700,9.691386865160849,4.343861853524983
22119031800,9.676595743326489,4.337013289527721
22119031900,9.662367340862423,4.333997915126626
22119032000,9.654899515400411,4.333417161533196
22119032100,9.61714489596167,4.329258431211499
22121020100,9.900497457221082,2.974221088295688
22121020200,9.840351776180698,2.961031380561259
22121020300,9.474517024640657,3.136705893223819
22121020401,9.899280629705681,3.180674678986995
22121020402,9.680915325119781,3.138117683093771
22123000100,9.559557546885695,4.327471040383299
22123000200,9.512572433264887,4.30432759137577
22123000300,9.436302463381246,4.27712239835729
22125951701,8.564314568104038,3.429125161533196
22125951702,8.524375412731006,3.545214263518138
22125951800,8.816506590006845,3.364216651608487
22127960100,9.087585850102669,4.184146028062971
22127960200,9.11715441889117,4.206314178644764
22127960300,9.148365947296372,4.218565577686516
22127960400,9.131792543463381,4.205485431211499
23001010100,7.650314715263518,3.108091640657084
23001010200,7.488706188227242,3.122508829568788
23001010300,7.632651098562628,3.113792739219712
23001010400,7.648458876112252,3.121194247775496
23001010500,7.6725323908282,3.113364970568104
23001010600,7.756238073237509,3.183945279945243
23001010700,7.632477470225873,3.13992582477755
23001010800,7.563365527720739,3.117764308008214
23001020100,7.648338496235455,3.108508456536619
23001020200,7.632493136208077,3.115440639972622
23001020300,7.654525595482546,3.121477164271047
23001020400,7.672370203285421,3.11251445174538
23001020500,7.693802245037645,3.129916693360712
23001020600,7.768146298425736,3.187604668035592
23001020700,7.661785689938398,3.136781370294319
23001020800,7.672938944558522,3.165056783025325
23001020900,7.57879758384668,3.144315548939083
23001030100,7.772713770020534,3.229022839151266
23001030200,7.755775361396304,3.253458772758385
23001040000,7.808408130732375,3.247735524298426
23001041000,7.488209832306639,3.142064519507187
23001041500,7.373779668720055,3.108595115674196
23001042000,7.265307236824093,3.13816129431896
23001043000,7.096961893908282,3.152295616016427
23001044000,7.142484791238878,3.187946564681725
23001045000,7.340033463381246,3.18383509377139
23001046000,7.508888015058179,3.175687582477755
23001046500,7.631910013689254,3.212896783709788
23003950100,6.299666481177276,2.989589156741958
23003950200,6.496310229295003,3.033928400410678
23003950300,6.70110840862423,3.010507751540041
23003950400,6.64905883504449,3.01689892881588
23003950600,6.536407328542094,3.04546468788501
23003950700,6.062587922655715,3.075182737850787
23003950900,5.999812800821355,2.936797138945927
23003951000,6.260050234770705,2.972191433264887
23003951100,6.163644523613963,2.926379457905544
23003951200,6.375710299110198,3.027932448323066
23003951300,6.410791116358658,3.045017290896646
23003951400,6.397209006844627,3.018487845995893
23003951600,6.415804434633812,3.071629167693361
23003951700,6.37174072347707,3.020112724161533
23003951800,6.3499997816564,2.972596517453799
23003951900,6.296652362080767,2.960557460643395
23003952000,6.233223718685832,2.934359366872006
23003952100,6.175432075290897,2.985912629021218
23003952300,5.952666650239562,2.956414240930869
23003952400,6.10255954072553,3.082294484599589
23003952500,6.068390146475017,3.074297776180698
23003952600,5.974071086926762,3.025092114989733
23003952700,5.896669371663244,2.996796804928131
23003952900,5.8596875633128,2.990475824093087
23005000100,7.953051313483915,3.163456549623546
23005000200,7.942384289527721,3.169363013689254
23005000300,7.956057148528405,3.162528430527036
23005000500,7.958424439425051,3.158016744010951
23005000600,7.962788083504449,3.159904467488022
23005001000,7.975961407939767,3.15976798973306
23005001100,7.954070796714579,3.161772585900068
23005001200,7.951496396988364,3.162221657084189
23005001300,7.967498863791923,3.163304120465435
23005001500,7.990337798083504,3.164596326488706
23005001700,7.99612685284052,3.185718031485284
23005001800,7.990943136208077,3.178997127994524
23005001900,8.004293680355921,3.192038342231348
23005002001,8.009560403832991,3.203083254620123
23005002002,8.001064118412046,3.199741189596167
23005002101,8.007942596851472,3.217760080766598
23005002102,8.016622150581793,3.211477280629706
23005002200,8.000304164271047,3.19573254825462
23005002300,7.986484117043121,3.184664242299795
23005002400,7.820785847364819,3.183915329226557
23005002501,7.976427725530459,3.223034598220397
23005002502,7.983378498288843,3.241672316906229
23005002600,8.00048041889117,3.237361943874059
23005002700,7.990910780287474,3.23645087816564
23005002800,8.003139269678302,3.217320603696099
23005002900,8.007594485968515,3.240077843942505
23005003000,7.986610229295003,3.207453908281999
23005003100,7.942463497604381,3.17782375633128
23005003200,7.911747323750856,3.166980874743326
23005003300,7.940015787132101,3.191330281314168
23005003400,7.917164869267625,3.18033400752909
23005003500,7.909237239561944,3.16801070568104
23005003701,7.83821405065024,3.175699339493498
23005003702,7.770863206707734,3.170673002053388
23005004001,7.975215343600274,3.251460232717317
23005004002,7.914356971937029,3.246880145790554
23005004100,7.796243971937029,3.236951501711157
23005004200,7.947563117043121,3.252082887063655
23005004401,7.917600936344969,3.265407214921287
23005004402,7.896166679671458,3.25375737303217
23005004501,7.847470864476386,3.269148292265572
23005004502,7.82584082477755,3.269684737850787
23005004600,7.900799404517454,3.25911543394935
23005004701,7.688400724161533,3.216142484599589
23005004702,7.79790192128679,3.235882904859685
23005004801,7.70101917522245,3.217629070499658
23005004802,7.852912041067762,3.248032839835729
23005004803,7.899527457221082,3.24409803559206
23005011100,7.626685038329911,3.28708305338809
23005011201,7.738080774811773,3.294579561259411
23005011202,7.709112362765229,3.289391412046544
23005011300,7.79096898973306,3.280691554414784
23005011500,7.784310004791239,3.223687930869268
23005012000,7.542168282683094,3.18422949486653
23005013000,7.388578814510609,3.15171660164271
23005014000,7.216940609856263,3.125597991101985
23005015000,6.994556262149213,3.071054081451061
23005016000,6.919622027378508,3.05937062422998
23005016500,7.215091564681725,3.129705244353183
23005017001,7.518294245037645,3.186041140999316
23005017002,7.581714620807666,3.200245614647502
23005017101,7.65481501026694,3.253759332648871
23005017102,7.559061534565366,3.245644724845996
23005017301,7.94884579192334,3.241744830253251
23005017303,7.863914099931554,3.187544620807666
23005017304,7.832217700889802,3.200070013689254
23007970101,6.143470122518823,2.982339980150582
23007970102,6.108318290896646,3.048404412731006
23007970601,6.133545171115674,2.976268801505818
23007970602,6.271137863107461,2.966004449691992
23007971000,6.471694453114305,3.052868859000684
23007971100,6.917613877481177,3.180636195071869
23007971200,6.701195893908282,3.111504791238878
23007971300,6.733054485968515,3.094508346338125
23007971400,6.947132748117728,3.146359954825462
23009965100,5.915166863107461,2.849694567419576
23009965200,6.367783144421629,2.901233110198494
23009965300,6.645311554414784,2.983093318275154
23009965400,6.529166433264887,2.969119168377823
23009965503,6.23531684257358,2.872250661875428
23009965504,6.303983033538672,2.894874377138946
23009965700,6.023407840520192,2.828857707734428
23009965800,6.027551470225873,2.836724648186174
23009965900,6.145004706365503,2.787909840520192
23009966000,6.226117745379877,2.838206302532512
23009966100,6.271364485968515,2.881124960985626
23009966200,6.424512080082136,2.969383345653662
23009966300,6.422919419575633,2.947964544832307
23009966400,6.555112858316222,3.003663117727584
23009966500,6.619531156057495,3.046641043805613
23009966600,6.736504584531143,3.108579923340178
23009966700,6.171853995208761,2.843503731690623
23011010100,7.356357914442163,3.293471065023956
23011010200,7.424532374401095,3.301575999315537
23011010300,7.470969843942505,3.29764593155373
23011010400,7.487715880219028,3.303842084188912
23011010500,7.394558701574264,3.295478719370294
23011010600,7.396116467488022,3.285591958932238
23011010700,7.498845270362765,3.2987035229295
23011010801,7.456015211498973,3.287433188227242
23011010802,7.517832481177276,3.291501008898015
23011010900,7.486540826830938,3.296011195756331
23011011000,7.486869511978097,3.295582396988364
23011012000,7.563445817932923,3.259341613278576
23011013000,7.48758807871321,3.230526685831622
23011014000,7.41856229431896,3.248653311430527
23011014500,7.250652288158795,3.217012136208077
23011015000,7.343569856262834,3.25841589596167
23011015500,7.130147368925394,3.238626247775496
23011016000,7.242098308008214,3.27929059137577
23011017000,7.333972136208077,3.307489064339494
23011018000,7.276520496919918,3.297186336755647
23011019000,7.195904018480493,3.25739973853525
23011020000,7.120656829568788,3.24599654072553
23011020500,7.000554153319644,3.22500702532512
23011021000,7.072128342915811,3.272488472279261
23011022000,7.106753915126626,3.276042138261465
23011023001,7.2096699137577,3.309351748117728
23011023002,7.184679291581109,3.294426632443532
23011024101,7.2302377816564,3.315205887748118
23011024102,7.238888810403833,3.312652454483231
23011024200,7.274944019164956,3.321419768651608
23011025000,7.233320546885695,3.307953929500342
23013970200,6.869207034223135,3.179051813141684
23013970300,6.872275010951403,3.173694364818617
23013970400,6.925777793292266,3.211243226557153
23013970500,6.898159673511294,3.20521616495551
23013970600,6.89836145174538,3.215975789869952
23013970700,6.906844633812457,3.206294720054757
23013970800,6.871887808350445,3.204470639972622
23013970900,6.832213071868583,3.18570417522245
23013971000,6.923133863107461,3.207819830253251
23013971100,6.730601877481177,3.153964145790554
23015975100,7.157119198494182,3.25260435523614
23015975200,6.997791659137577,3.221683085557837
23015975300,7.101912908966461,3.244713572210814
23015975400,7.244734473648186,3.262465302532512
23015975500,7.380157636550308,3.275001009582478
23015975600,7.048896900752909,3.231532907597536
23015975700,7.127023829568788,3.237283060232717
23015975800,7.189346929500342,3.231679275154004
23015976200,7.175964248459959,3.223027292265572
23017965100,6.132946849418207,2.956804277207392
23017965400,6.343515296372348,2.948946158110883
23017965500,6.518292420260096,2.960569687200548
23017965600,6.480259440793977,2.952673757015743
23017965700,6.808710584531143,3.077956064339494
23017965800,6.843241229295003,3.053752407255305
23017965900,6.430865259411362,2.94696905065024
23017966000,6.456668900752909,2.944782303216975
23017966100,6.793261195071869,3.02569628678987
23017966200,6.970911344969199,3.059751198494182
23017966300,7.109945110198494,3.08728106844627
23017966400,7.165657511978097,3.096823144421629
23017966500,6.829173252566735,3.031133462696783
23017966600,6.601741152635181,2.976731056125941
23017966700,6.622715911019849,2.990392790554415
23017966800,6.854882076659822,3.042759715947981
23017966900,6.947579526351814,3.061926297741273
23019000200,6.818783183436003,2.949438229295003
23019000300,6.788058524982888,2.958441358658453
23019000400,6.826022232032854,2.958270227241615
23019000500,6.834783358658453,2.958844457905544
23019000600,6.833515039014374,2.956469481861738
23019000700,6.847731711156742,2.981991635865845
23019000900,6.827363556468172,2.994160055441478
23019002000,6.802460919917864,3.021321618069815
23019003000,6.761140442162902,2.982254106091718
23019004100,6.824403392881588,2.955949377823409
23019004200,6.785278145790554,2.963018495550992
23019004300,6.750922611225188,2.952154013689254
23019005000,6.741270793292266,2.967578310061602
23019006100,6.646252183436003,2.974992463381246
23019006200,6.736481577686516,3.000476238877481
23019006300,6.617937859000684,2.980884655715264
23019007100,6.580659750171116,2.990019866529774
23019007200,6.647464404517454,3.011735664613279
23019008001,6.416556666666667,2.9527031724846
23019009000,6.500772107460643,2.928331925393566
23019010000,6.81330534770705,3.025967048596852
23019011000,6.763761704996578,3.062889960985626
23019012000,6.744165049965777,3.049615023956194
23019012500,6.751874544832307,3.099482360027378
23019013000,6.75277844421629,3.127960364134155
23019013500,6.74360806844627,3.090461249828884
23019014000,6.642072393566051,3.108314032169747
23019015000,6.511684210814511,3.084494813826146
23019015500,6.568720480492813,3.075053264202601
23019018000,6.735477055441478,3.055532664613279
23019020500,6.522427522245038,3.037951963039014
23019021500,6.356917996577686,3.005852893908282
23019022500,6.258101483915127,2.981026832991102
23019024500,6.02872221560575,2.965570453114305
23019025500,5.875806622861054,2.968617119096509
23019026500,6.031526585900068,3.019404229295003
23019027000,6.084819195071869,3.000591028062971
23019028000,6.163533455167693,3.003605465434634
23019028500,6.132204046543463,2.997247234086242
23019029000,5.834741253251198,2.965520301848049
23019030000,5.96313214715948,2.995515908966461
23019031000,5.985098572210814,3.015662442847365
23019031100,6.813328189596167,2.989924258726899
23019031200,6.558315726214921,3.056834388774812
23019031300,6.734548641341547,3.027302163586584
23019940000,6.225283057494866,2.991655831622177
23021960301,6.013465475017112,2.971909092402464
23021960302,5.904794416837782,3.013717535934292
23021960400,6.084416396988364,2.98326629431896
23021960500,6.280584492128679,3.041685898699521
23021960600,6.3155141321013,3.042103904859685
23021960700,6.324621891854894,3.0405594770705
23021960800,6.248163251882272,3.006689551676934
23021960900,6.063260821355236,2.9759198678987
23023970100,7.513342263518138,3.282878746748802
23023970200,7.619241346338125,3.279043596167009
23023970301,7.714845904175222,3.279677758384668
23023970302,7.660930332648871,3.29060875633128
23023970400,7.420762657084189,3.26752406844627
23023970500,7.541837280629706,3.282920671457906
23023970600,7.49414258384668,3.268685006160164
23023970700,7.428338650239562,3.23897712183436
23025965301,6.184771850787132,3.128846032169747
23025965302,6.131363135523614,3.113133468856947
23025965600,6.449013924709103,3.094672245722108
23025965700,6.580329829568788,3.120028577002053
23025965800,6.800825125941136,3.165832293634497
23025965900,6.710779796714579,3.165395564681725
23025966000,6.892033029431896,3.207180107460643
23025966100,6.811938392881588,3.205791260780288
23025966200,6.401684587268994,3.079985638603696
23025966300,6.33792535797399,3.057796385352498
23025966400,6.586953032854209,3.128302
23025966500,6.711472397672827,3.179261278576318
23025966600,6.868250566735113,3.226085195071869
23025966700,6.993200464065708,3.259032656399726
23025966800,7.160611324435318,3.308790835728953
23025966900,6.906078275154004,3.229101763175907
23025967000,6.893810130732375,3.205615442847365
23027041000,6.741106594798084,3.029853525667351
23027042000,6.689073861738535,3.054725476386037
23027043000,6.730526295687885,3.102111954825462
23027044000,6.801989967830253,3.147182388774812
23027045000,6.76867822587269,3.132916446954141
23027046001,6.91665473853525,3.188222084188912
23027046002,6.848248301163587,3.162275444900753
23027047000,6.699000976728268,3.077737864476386
23029955100,5.75463145174538,2.921445750171116
23029955300,5.818151493497604,2.963162045859001
23029955400,5.885169895277207,3.015420196440794
23029955500,6.01582765982204,3.080684013689254
23029955600,6.051799535249829,3.099411065708419
23029955700,6.107788744695414,3.124419776180698
23029955800,6.002989510609172,3.057413657084189
23029955900,5.88870966255989,3.002004600958248
23029956100,5.9394460862423,2.99389394661191
23029956200,5.922088491444216,2.974177170431212
23029956300,5.958171674880219,2.963642638603696
23029956400,5.930956715947981,2.912282084188912
23029956500,5.947945028062971,2.87041077412731
23031005100,7.83284552019165,3.244518496235455
23031005200,7.833213015742642,3.23368746201232
23031005300,7.765960850787132,3.223451548939083
23031005400,7.700493465434634,3.197608399041752
23031006101,7.802679693360712,3.214936514031485
23031006102,7.747797031485284,3.206397231348392
23031020000,7.756732773442847,3.231151560574949
23031021000,7.5999832183436,3.206525630390144
23031022000,7.358004468172485,3.156174947980835
23031022500,7.081057106776181,3.089929207392197
23031023000,7.27414173100616,3.133479851471595
23031023500,7.309016822724162,3.128074184120465
23031024000,7.454119274469541,3.172102819301848
23031024500,7.648401626283368,3.2082985633128
23031025100,7.735957611225188,3.222656550308008
23031025201,7.746059620123203,3.223510004106776
23031025202,7.73185764202601,3.213309567419576
23031025300,7.64966193908282,3.184070979466119
23031025400,7.552670248459959,3.155604836413416
23031026000,7.681746750171116,3.201970412046544
23031027000,7.567175670773443,3.169083698836413
23031028001,7.653334436002738,3.195928443531828
23031028002,7.597321461327858,3.166368240246407
23031029000,7.570041780287474,3.185594303216975
23031030100,7.521663999315537,3.167142441478439
23031030201,7.569542148528405,3.175894915811088
23031030202,7.596304216974675,3.188041491444216
23031030203,7.615664651608487,3.187131052703628
23031030300,7.664700188911704,3.191129843942505
23031031000,7.570073387405886,3.161818963039014
23031032000,7.78739734770705,3.185897618754278
23031033000,7.710138736481862,3.189208082819986
23031034001,7.599234108829569,3.149093544832307
23031034002,7.664023926762491,3.168811176591376
23031035000,7.797227607118412,3.152432210814511
23031036001,7.630590947296372,3.051800195756331
23031036002,7.686258075290897,3.1056348678987
23031037000,7.900367977412731,3.117015762491444
23031038001,7.714755430527036,3.024415911704312
23031038002,7.807808255304586,3.063081745379877
24001000100,8.90518058384668,3.561413834360027
24001000200,8.910435680355921,3.562557775496236
24001000300,8.930942,3.55431090622861
24001000400,8.935517726899384,3.558662045174538
24001000500,8.933470560574949,3.564956198494182
24001000600,8.939404720054757,3.563699804928131
24001000700,8.940693130732375,3.565888056125941
24001000800,8.945348636550308,3.566532689253936
24001001000,8.932790523613963,3.551163326488706
24001001100,8.933856623545517,3.554257719370294
24001001200,8.922170749486653,3.548468028062971
24001001300,8.895742655715264,3.539109901437372
24001001401,8.87605250513347,3.515940391512663
24001001402,8.904562034223135,3.534573364818617
24001001502,8.915675737166324,3.532097490075291
24001001503,8.854967403148528,3.483461743326489
24001001600,8.805965959616701,3.442277714579055
24001001700,8.838431270362765,3.483546981519507
24001001800,8.779290914442163,3.449425085557837
24001001900,8.766165631759069,3.468060307323751
24001002000,8.76662572347707,3.506343450376454
24001002100,8.695409238877481,3.472627442162902
24001002200,8.664531516769336,3.493086258726899
24003701101,9.135999942505134,3.078158840520192
24003701102,9.084814318959617,3.089569326488706
24003701200,8.937012361396304,3.087557639288159
24003701300,9.061858969199179,3.018571533196441
24003701400,8.908842138945927,3.0514713045859
24003702100,9.552966464750171,3.12364481724846
24003702204,9.506237666666667,3.056156273100616
24003702205,9.537323965776865,3.060229782340862
24003702206,9.502444924024641,3.069973967830253
24003702208,9.586110422997947,3.091248206023272
24003702209,9.56749385284052,3.080096482546201
24003702300,9.337478069815195,3.0588016954141
24003702402,9.245087544832307,3.107345762491444
24003702500,9.13386876386037,3.11223279192334
24003702601,9.042004607118412,3.115368620807666
24003702602,8.984564305954826,3.129866636550308
24003702701,9.22639745174538,3.125105021902806
24003702702,9.346255935660506,3.128643288158795
24003706101,9.143028544832307,3.134452802190281
24003706301,9.048499724845996,3.128421277207392
24003706302,9.100995481177276,3.133656660506502
24003706401,9.099742517453799,3.121905729637235
24003706402,9.11133682477755,3.129498654346338
24003706500,9.156907292950034,3.121562768651608
24003706600,9.189829037645448,3.128608727583847
24003706700,9.155924496919918,3.137332759069131
24003707001,8.751511071868583,3.058363943189596
24003707002,8.688480996577686,3.051202321013005
24003708001,8.649186158795346,3.027154991786448
24003708004,8.821608521560575,2.979911655030801
24003730100,9.980701463381246,3.156666953456537
24003730203,9.943476585215606,3.150138191649555
24003730204,9.905732210814511,3.151885380561259
24003730300,9.981515446954141,3.142254424366872
24003730401,10.023536604380561,3.132855785078713
24003730402,9.969094472963724,3.137217480492813
24003730502,9.901927336755647,3.140130987679672
24003730504,9.85964961670089,3.137329832991102
24003730505,9.908015973305955,3.133777238193018
24003730506,9.931869811088296,3.135754078028747
24003730601,9.769440034907598,3.130854874058864
24003730603,9.761702026694045,3.142362235455168
24003730604,9.664887431211499,3.144016932238193
24003730700,9.569020973305955,3.146001481861738
24003730800,9.363417881587954,3.146765205338809
24003730901,9.182344024640657,3.150364295003422
24003730902,9.189228909650924,3.1658945229295
24003731002,9.191875057494866,3.179550155373032
24003731003,9.274395584531143,3.170328711841205
24003731004,9.302781861054073,3.167555163586584
24003731102,9.357330366187543,3.16435480698152
24003731103,9.332780229979466,3.155348725530459
24003731104,9.405393315537303,3.156224703627652
24003731105,9.454814154004107,3.156017063655031
24003731201,9.538077328542094,3.149789828884326
24003731202,9.556408689253936,3.161943202600958
24003731203,9.673568293634497,3.152037133470226
24003731204,9.777229792607803,3.150193806297057
24003731303,9.495825117043121,3.179752748117728
24003731306,9.693169305270363,3.172347203969884
24003731307,9.69162356605065,3.1687324366872
24003731308,9.843287996577686,3.169116301848049
24003731309,9.822332013004791,3.163245585215606
24003731310,9.824252148528405,3.162837907597536
24003731311,9.821270126625599,3.158406836413416
24003740102,10.071068528405202,3.147738207392197
24003740103,10.046271980150582,3.144298109514032
24003740104,9.99725322587269,3.134015819301848
24003740105,9.949173391512663,3.130314569472964
24003740201,9.98780284257358,3.13613889596167
24003740203,9.925669232717317,3.127580514031485
24003740303,9.934214299110198,3.128400970568104
24003740304,9.831788673511294,3.10944587816564
24003740305,9.903538240246407,3.115232674195756
24003740400,10.028226098562628,3.127918420260096
24003740500,9.972613122518823,3.095755386036961
24003740601,9.983961428473648,3.121868930869268
24003740602,9.967903934291581,3.127270099247091
24003740603,9.823838683093771,3.077548084188912
24003740701,9.775083672826831,3.091665743326489
24003740702,9.657672934291581,3.067026168377823
24003740800,9.68007427652293,3.107683015058179
24003740900,9.770603363449692,3.105025134154689
24003741000,9.817039951403148,3.12404537303217
24003750101,10.216432145106092,3.137456019849418
24003750102,10.242741431211499,3.135936788501027
24003750201,10.213171112251882,3.139463192334018
24003750202,10.208559210130048,3.137742258726899
24003750203,10.177551049965777,3.140796340862423
24003750300,10.23010779192334,3.145251132785763
24003750400,10.195112647501711,3.146082764544832
24003750801,10.132736945242984,3.133833385352498
24003750803,10.156912519507187,3.137650097878166
24003750804,10.116228008213552,3.137472095824778
24003750900,10.070549848733744,3.130130336071184
24003751000,10.053295468172485,3.136641443531828
24003751102,10.116644621492129,3.142353910335387
24003751103,10.034168242984257,3.143198678986995
24003751200,10.179133156741958,3.153633144421629
24003751400,10.040932934976044,3.136635277891855
24003751500,9.922687118412046,3.07712921560575
24003751600,9.336229507186858,3.102179318275154
24003751700,9.489732744695414,3.091473665297741
24003980000,10.127651832306639,3.148466508555784
24005400100,10.284891338124572,3.176215073921971
24005400200,10.28723490622861,3.184228775496236
24005400400,10.259961536618754,3.194164480492813
24005400500,10.235139485284052,3.202677602327173
24005400600,10.279372665982204,3.185331495550992
24005400701,10.268052466803559,3.18660889596167
24005400702,10.275697457905544,3.184097108145106
24005400800,10.25778260164271,3.197349622861054
24005400900,10.239183630390144,3.204421833675565
24005401000,10.250520749486653,3.197965342231348
24005401101,10.255987829568788,3.195704767967146
24005401102,10.247094685831622,3.193344236824093
24005401200,10.251910876796715,3.177451970568104
24005401301,10.272116535249829,3.187162352498289
24005401302,10.276567252566735,3.184912093086927
24005401400,10.219129295687885,3.213961691307324
24005401503,10.205981255304586,3.219725868583162
24005401504,10.213459006160164,3.221861229295003
24005401505,10.24199054825462,3.206519776865161
24005401506,10.19281032238193,3.228139254620123
24005401507,10.218617917180014,3.213935970568104
24005402201,10.022386397672827,3.311793906913073
24005402202,10.116177739219712,3.266450578370979
24005402302,10.154485835728953,3.241657538672142
24005402303,10.188910694729637,3.223094667351129
24005402304,10.207771028747433,3.209216399041752
24005402305,10.194259687200548,3.221153466119096
24005402306,10.159991525667351,3.24877326899384
24005402307,10.179130356605065,3.229666138945927
24005402403,10.240805086926762,3.187262105407255
24005402404,10.2305885633128,3.196902165639973
24005402405,10.233460710472279,3.202985338809035
24005402406,10.187032904859685,3.226918445585216
24005402407,10.177337996577686,3.232934558521561
24005402503,10.114466214236824,3.26678423340178
24005402504,10.084779914442163,3.276018950718686
24005402505,10.089826707049966,3.282050368925394
24005402506,10.110403167008898,3.271830953456537
24005402509,10.093855055441478,3.2822116954141
24005402602,10.140766414784394,3.253813465434634
24005402603,10.117734356605065,3.261359934976044
24005402604,10.153822958247776,3.249809293634497
24005403100,10.208651316906229,3.206969455852156
24005403201,10.213956132785763,3.19621879945243
24005403202,10.23290317522245,3.186759032854209
24005403300,10.191336654346338,3.215328184120465
24005403401,10.188141448323066,3.223080430527036
24005403402,10.19479780698152,3.208198299110198
24005403500,10.214407645448323,3.195590301848049
24005403601,10.229891496919918,3.19619026146475
24005403602,10.238505787132101,3.177472125256674
24005403701,10.132431420260096,3.253394541409993
24005403702,10.132600925393566,3.248409606433949
24005403801,10.134204912388775,3.240932676249144
24005403802,10.174991715263518,3.22025532238193
24005403803,10.208817977412731,3.208459959616701
24005404101,10.039580887063655,3.310282170431212
24005404102,10.065159392881588,3.297434264887064
24005404201,10.027917275154004,3.301643911704312
24005404202,10.06668270294319,3.282487474332649
24005404402,9.999302660506502,3.31835772073922
24005404403,10.011195342231348,3.316405287474333
24005404404,9.982228851471595,3.330590694045174
24005404501,10.00299031485284,3.316689164271047
24005404502,10.013550101984942,3.311592163586584
24005404600,9.956774617385352,3.346285993839836
24005404800,9.962679780971937,3.346308773442847
24005404900,10.053144396303901,3.287561899383984
24005405000,9.977526327857632,3.369322776865161
24005406000,10.140077962354552,3.420320611225188
24005407001,10.020568707049966,3.356090278576318
24005407002,10.159229503080082,3.407850772758385
24005408100,10.024473036276523,3.2991714366872
24005408200,10.016997113620808,3.305045022587269
24005408302,10.123317922655715,3.237043715263518
24005408303,10.063496678986995,3.273566396303901
24005408304,10.06772807118412,3.254592518138262
24005408400,10.074665563997262,3.240957823408624
24005408502,10.124180097878166,3.226714074606434
24005408503,10.097123155373032,3.214146732375086
24005408505,10.125329260095825,3.212234354551677
24005408506,10.100149449007529,3.223458196440794
24005408507,10.097642342915811,3.213640419575633
24005408601,10.15113873853525,3.214789718001369
24005408602,10.171005879534565,3.204294473648186
24005408702,10.187806413415469,3.204389804928131
24005408703,10.123543232032854,3.214037656399726
24005408704,10.152755704312115,3.211811968514716
24005408800,10.171535438740589,3.206482813141684
24005408900,10.071008032854209,3.243118411362081
24005410100,10.037738846680356,3.317070396988364
24005410200,10.066639323750856,3.273682265571526
24005411101,10.063280498288843,3.258169856262834
24005411102,10.010858724845996,3.245610954140999
24005411201,10.059243668720055,3.284533239561944
24005411202,10.111410902121834,3.252163467488022
24005411302,10.013974544832307,3.228648203969884
24005411303,10.130402917864476,3.223059729637235
24005411306,10.163497428473648,3.204606553730322
24005411307,10.127027566735113,3.214314309377139
24005411308,10.109096937713895,3.222787730321698
24005411309,10.079435813141684,3.233039198494182
24005411404,10.178179898699521,3.2204753908282
24005411406,10.104445572895277,3.236881092402464
24005411407,10.202668638603696,3.205856052019165
24005411408,10.175035877481177,3.213113629705681
24005411409,10.149996234086242,3.231566263518138
24005411410,10.154406825462012,3.219201986995209
24005420100,10.162901810403833,3.14393658110883
24005420200,10.125042592060233,3.150961998631075
24005420301,10.123344843258042,3.15394728678987
24005420302,10.110969943874059,3.152847958247776
24005420303,10.116935503764545,3.153971108145106
24005420401,10.103338941820671,3.154717087611225
24005420402,10.100566529774127,3.156618433264887
24005420500,10.23006756605065,3.124528249144422
24005420600,10.205222635865845,3.133971820670773
24005420701,10.189507432580424,3.136799195756331
24005420702,10.213053088980151,3.13258520807666
24005420800,10.173742691307324,3.136434899383984
24005420900,10.179075879534565,3.139971009582478
24005421000,10.188809824093087,3.135339355920602
24005421101,10.149454995893224,3.14229431485284
24005421102,10.148791815195072,3.144244873374401
24005421200,10.116693893223819,3.152165649555099
24005421300,10.092312385352498,3.151520366872006
24005430101,10.267073549623546,3.141403372347707
24005430104,10.263013146475017,3.136893894592745
24005430200,10.289507247091034,3.14237300752909
24005430300,10.265707514031485,3.14702865229295
24005430400,10.285271288843258,3.16001362422998
24005430600,10.241550351129363,3.174413323066393
24005430700,10.262296924709103,3.172636412731006
24005430800,10.269094585215606,3.168324901437372
24005430900,10.288463922655715,3.167883277207392
24005440100,10.237866313483915,3.194350527720739
24005440200,10.237337531827515,3.184547039698836
24005440300,10.215749047912389,3.19685101026694
24005440400,10.247032220396988,3.168303462696783
24005440500,10.224699165639973,3.181367894592745
24005440600,10.170911084188912,3.198255316221766
24005440701,10.169864841889117,3.174393911704312
24005440702,10.137454791238878,3.197264960301164
24005440800,10.205782618754278,3.18777788569473
24005440900,10.212485806297057,3.169982357289528
24005441000,10.245548412731006,3.150251813826146
24005441101,10.221732028747433,3.156453091033539
24005441102,10.243172774811773,3.141559357289528
24005450100,10.214014709103354,3.146543767282683
24005450200,10.160021213552361,3.150579186173854
24005450300,10.131087220396988,3.15988294934976
24005450400,10.13359178439425,3.14971529431896
24005450501,10.102282915811088,3.158206571526352
24005450503,10.069676466803559,3.162018460643395
24005450504,10.048612210814511,3.169248281314168
24005450800,10.066763590691307,3.172183403832991
24005450900,9.977624364818617,3.179428754277892
24005451000,9.920925411362081,3.183471308008214
24005451100,10.02515990349076,3.165966345653662
24005451200,10.143920259411362,3.173374314168378
24005451300,10.121535594113621,3.184073675564682
24005451401,10.090872683778234,3.186881180013689
24005451402,10.0603640862423,3.189505898015058
24005451500,10.049266574264203,3.179729576317591
24005451600,10.011598926078029,3.190574393566051
24005451701,10.024461899383984,3.202813569472964
24005451702,9.97251294661191,3.213250399726215
24005451801,9.868405861738535,3.208532182067077
24005451802,9.878065593429158,3.196648943189596
24005451803,9.900998850787132,3.200994863107461
24005451900,9.791758167008898,3.196065141683778
24005452000,9.95388867008898,3.185631865160849
24005452100,9.925896737166324,3.183248731690623
24005452300,10.208903492128679,3.132041509924709
24005452400,10.090262667351129,3.159018075290897
24005452500,10.069715395619439,3.161763468856947
24005490100,10.188907959616701,3.215432308008214
24005490200,10.188741920602327,3.203906475017112
24005490301,10.20309259890486,3.196416941136208
24005490302,10.214970258042437,3.201243815879535
24005490400,10.215707253251198,3.198222663244353
24005490500,10.242397584531143,3.187724119096509
24005490601,10.264954698151951,3.169804024640657
24005490602,10.256929075975359,3.173557410677618
24005490603,10.25544998973306,3.17160842642026
24005490605,10.24391184257358,3.188854529774127
24005490701,10.21497743394935,3.194389543463381
24005490703,10.230294072553046,3.192459296372348
24005490800,10.250493021218344,3.188084945242984
24005490900,10.239843498973306,3.193365354551677
24005491000,10.261819804928131,3.175318012320328
24005491100,10.270386140314853,3.16894234770705
24005491201,10.235528754277892,3.192220711841205
24005491202,10.243594141683778,3.187948333333333
24005491300,10.264198911704312,3.184201455167693
24005491401,10.267380869267625,3.180293767967146
24005491402,10.268276032169747,3.187762864476386
24005491500,10.254501265571526,3.190754676249144
24005491600,10.233019757015743,3.199502409308693
24005491701,10.204670240246407,3.211246401779603
24005491900,10.219729004106776,3.204362306639288
24005492001,10.237641174537988,3.199099754277892
24005492002,10.244988914442163,3.20016943394935
24005492101,10.243483915126626,3.20141564202601
24005492102,10.274173499657769,3.184790368240931
24005492200,10.182276073237509,3.218322575633128
24005492300,10.100354626283368,3.174910861054073
24005492401,10.074374134839151,3.293760923340178
24005492402,10.070614549623546,3.295697686516085
24005492500,10.268326968514716,3.177410667351129
24005492600,10.167639754277892,3.221643786447639
24005980000,9.980061674880219,3.170304782340862
24005980100,10.252218229295003,3.13319071321013
24005980200,10.243524843942505,3.160236902806297
24009860101,8.682793828884326,2.987047344284736
24009860102,8.686308319644079,2.995749665982204
24009860200,8.584518221081451,3.023691263518138
24009860300,8.496516657084189,3.062580977412731
24009860401,8.532362908281999,3.055742648870637
24009860402,8.468668959616701,3.065254092402464
24009860501,8.398509971252567,3.090940318275154
24009860502,8.352947655715264,3.105504258042437
24009860600,8.468265058179329,3.060899227241615
24009860701,8.377066970568104,3.106293890485968
24009860702,8.358649674195756,3.105019757700205
24009860703,8.31926134770705,3.134232392197125
24009860801,8.274647202600958,3.173563252566735
24009860802,8.286513214921287,3.149679318275154
24009860900,8.2411964770705,3.231375030116359
24009861001,8.246748919917864,3.220643813141684
24009861003,8.234044656399726,3.261158084873374
24009861004,8.234566891170431,3.250618151266256
24011955000,8.873060749486653,3.204314953456537
24011955100,8.839835668035592,3.230730492813142
24011955201,8.86156721560575,3.25671512936345
24011955202,8.834007907597536,3.275324331279945
24011955301,8.809560300479124,3.260519099247091
24011955302,8.827025912388775,3.268919409993155
24011955400,8.809514305954826,3.290166597535934
24011955500,8.764285360711841,3.290169768651608
24011955600,8.800467162902122,3.290018061601643
24013501001,10.043375830253251,3.544848650924025
24013501002,10.001935108145106,3.547703131416838
24013502000,9.970965911704312,3.518656245037645
24013503000,10.112263763175907,3.520126040383299
24013504100,9.927404904859685,3.396750464750171
24013504201,9.912043045174538,3.402413299110198
24013504202,9.896093412046544,3.397855636550308
24013505101,9.909276902806297,3.373055397672827
24013505102,9.937399608487337,3.353035133470226
24013505203,9.916262574948665,3.343118872689938
24013505205,9.93478512936345,3.34065710403833
24013505206,9.964572835728953,3.329728197125257
24013505207,9.909531910335387,3.364289608487337
24013505208,9.902198140999316,3.354710120465435
24013506101,10.122934976728268,3.485216579739904
24013506102,10.017076696098563,3.453416163586584
24013506200,10.160342374401095,3.458398855578371
24013507500,9.989013782340862,3.494795813826146
24013507601,9.999635250513347,3.473289875427789
24013507602,9.947057278576318,3.453522804243669
24013507702,9.916175154004107,3.465840166324435
24013507703,9.938346240246407,3.480363716632444
24013507704,9.950855242984257,3.481074021218344
24013507801,9.919939523613963,3.455869443531828
24013507802,9.900317987679672,3.445303077344285
24013508101,10.042954196440794,3.427627568788501
24013508102,9.982069078028747,3.403602280629706
24013508200,9.960984219712526,3.420929907597536
24013509001,9.861859912388775,3.445231113620808
24013509002,9.85911788843258,3.443270106776181
24013510000,9.920559869267625,3.544690383983573
24013511000,9.890830566735113,3.486194161533196
24013512000,9.912086271731691,3.518027052703628
24013513001,9.870267980835044,3.447974872689938
24013513002,9.870213993839836,3.430107014373717
24013514100,9.872655692676249,3.400076882956879
24013514201,9.864342737850787,3.40158406844627
24013514202,9.891307987679672,3.380167396303901
24015030100,9.220654550992471,3.158787845995893
24015030200,9.385968928131417,3.124639252566735
24015030400,9.69352871321013,3.120243521560575
24015030501,9.838727077344285,3.15249735523614
24015030503,9.736294984941821,3.137811386036961
24015030505,9.613189863107461,3.109672651608487
24015030506,9.720934214921287,3.103232704996578
24015030601,9.930204123203285,3.131418639288159
24015030602,9.915805796714579,3.087402754962355
24015030700,10.008580415468857,3.264069797399042
24015030903,9.675826828199863,3.179353328542094
24015030904,9.510695886379192,3.189545654346338
24015030905,9.881255048596852,3.266158277207392
24015030906,9.735985056810404,3.24116461670089
24015031201,9.922323061601643,3.330334362765229
24015031202,9.743077418206708,3.28189929431896
24015031301,10.00916058110883,3.337280239561944
24015031302,10.146689924024641,3.367092155373032
24015031400,10.225631331279945,3.417501279945243
24017850101,8.937456125256674,2.938150840520192
24017850102,8.721086497604381,3.002780708418891
24017850201,8.699753547570157,3.082117382614648
24017850202,8.762184400410678,3.023034095140315
24017850300,8.631602203285421,3.066242963723477
24017850400,8.459525654346338,3.153253380561259
24017850500,8.449940704312115,3.095367221765914
24017850600,8.573839394934976,3.033077360027378
24017850706,8.825319033538672,2.970562504449008
24017850708,8.836559480492813,2.963798815195072
24017850709,8.80377646954141,2.978476451060917
24017850710,8.7685441321013,2.972543056810404
24017850711,8.756800150581793,2.974865108145106
24017850712,8.719683288158795,2.992981534565366
24017850713,8.763625832306639,2.968674535934292
24017850801,8.755870156057495,2.980027653661875
24017850802,8.66773133744011,3.001357835728953
24017850901,8.696123856947296,2.999221703627652
24017850902,8.660352316906229,3.00888798973306
24017850904,8.559396210130048,3.033382434633812
24017850905,8.654609132785763,3.007990113620808
24017850906,8.654165649555099,3.010098308692676
24017851001,8.535883986995209,3.047424132785763
24017851002,8.530516857631759,3.044186422313484
24017851100,8.384991890485968,3.09529509650924
24017851200,8.236731075975359,3.164928893223819
24017851301,8.340238229979466,3.113279062286105
24017851302,8.453564219712526,3.077022529774127
24017851400,8.485796152635181,3.055984862422998
24017851500,8.705273049281314,2.99795222587269
24019970100,8.702946476386037,3.341687800821355
24019970200,8.757330058863792,3.30717843394935
24019970300,8.632734382614648,3.301988257357974
24019970400,8.517475681724846,3.227935391512663
24019970500,8.498585217659138,3.200620156741958
24019970600,8.469406518822724,3.200593804243669
24019970702,8.411508325119781,3.154236392197125
24019970804,8.278351464750171,3.219775002737851
24019970900,8.337662103353867,3.315453162902122
24021740200,9.902695140999316,3.564692115674196
24021750100,9.948834483230664,3.580643454483231
24021750200,9.948028217659138,3.578081818617385
24021750300,9.945831216290212,3.579933082135524
24021750503,9.890788049281314,3.571108570841889
24021750504,9.912764407939767,3.574525438056126
24021750505,9.910599970568104,3.571504472963724
24021750506,9.883630882272416,3.568221221081451
24021750600,9.931803181382615,3.5781986091718
24021750701,9.917703943189596,3.575015155373032
24021750702,9.930985323750856,3.577274516084873
24021750801,9.937382382614648,3.574180401779603
24021750802,9.926263184804928,3.572487527720739
24021750803,9.942207386721424,3.576020159479808
24021751001,9.906826961670089,3.561551244353183
24021751002,9.920015815879535,3.567451293634497
24021751003,9.95336835523614,3.569890957563313
24021751004,9.868511900752909,3.557063805612594
24021751201,9.905075407255305,3.570368436002738
24021751202,9.887061110198494,3.570123389459274
24021751203,9.867696558521561,3.564365967145791
24021751301,9.843331404517454,3.560882313483915
24021751302,9.82611320054757,3.559491005475702
24021751600,9.888245167693361,3.53054851266256
24021751701,9.919104763175907,3.554139924709103
24021751702,9.87957598973306,3.508312644079398
24021751801,9.911591195071869,3.514725811772758
24021751802,9.884990800136892,3.48753152019165
24021751901,9.93443029431896,3.53078054825462
24021751902,9.953841648870637,3.553992653661875
24021751903,9.913500245722108,3.483406390143737
24021751904,9.94441901779603,3.54464359890486
24021752001,9.890628877481177,3.45549494934976
24021752101,9.895727626283368,3.46783931485284
24021752102,9.910854416837782,3.490459947980835
24021752201,9.847125225188227,3.492734205338809
24021752202,9.908807318959617,3.512464258042437
24021752204,9.912566245722108,3.520005374401095
24021752301,9.9006038678987,3.55188466255989
24021752302,9.792666428473648,3.509039006844627
24021752303,9.767051844626968,3.517594861738535
24021752501,9.774841826830938,3.54322036550308
24021752502,9.7397036954141,3.523104670773443
24021752601,9.827569895277207,3.561464198494182
24021752602,9.828463242984257,3.558221402464066
24021752603,9.844745746748802,3.561153761806982
24021752801,9.818633168377823,3.568062463381246
24021752802,9.830336358658453,3.559935684462697
24021752900,9.80221393155373,3.560196502395619
24021753001,9.809422151950719,3.557299369609856
24021753002,9.821764403148528,3.553542706365503
24021765100,9.933687574264203,3.573439188911704
24021766800,9.878870783025325,3.553076688569473
24021767500,9.870568704996578,3.555052464750171
24021767600,9.876197916495551,3.556042436002738
24021770700,9.8217001321013,3.559412507186858
24021772200,9.965718550992471,3.578450423682409
24021773500,9.917860869267625,3.56386016495551
24021775302,9.676797091718001,3.518800928131417
24021775400,9.658707828884326,3.511370745379877
24021775600,9.941642388090349,3.557840307323751
24023000100,8.832875285420945,3.455648360027378
24023000200,8.744276817932923,3.427338835728953
24023000300,8.696081986995209,3.436350715263518
24023000400,8.534693646817248,3.46671780971937
24023000500,8.637046633127994,3.457922507871321
24023000600,8.579054414784394,3.46591505338809
24023000700,8.364092814510609,3.455826017111567
24025301102,9.852284585215606,3.291315513347023
24025301105,9.887314919233402,3.281279443531828
24025301106,9.933666076659822,3.304167094455852
24025301107,9.866880800821355,3.264639440793977
24025301108,9.873276011635866,3.280233747433265
24025301201,9.94412726146475,3.265602201916496
24025301202,9.935830510609172,3.295430997262149
24025301204,9.903012519507187,3.266939176591376
24025301205,9.895684978781656,3.273588350444901
24025301301,9.892373321697468,3.237232971252567
24025301302,9.854926251882272,3.229896438056126
24025301401,9.924619088980151,3.227969486652977
24025301402,9.868310973305955,3.214321430527036
24025301601,9.825861674195756,3.214727501711157
24025301602,9.768662467488022,3.225184657768652
24025301702,9.759629908966461,3.259073937713895
24025301703,9.814230587268994,3.25334822587269
24025301704,9.775238419575633,3.267868523613963
24025302100,9.922322919917864,3.346580577002053
24025302200,9.85471648733744,3.325883995208761
24025302400,9.704779793976728,3.266829819986311
24025302801,9.773123697467488,3.305756245037645
24025302802,9.759206056125941,3.297316088295688
24025302901,9.696125135523614,3.281543388090349
24025302902,9.716755430527036,3.285670656399726
24025303101,10.031704726899384,3.367734183436003
24025303102,9.972675368240931,3.355403828199863
24025303201,10.074445292950034,3.382008327173169
24025303203,10.050706559890486,3.358411850787132
24025303204,10.052027589322382,3.356005389459274
24025303205,10.049571040383299,3.344767240930869
24025303206,10.033744249828884,3.341790618754278
24025303300,10.029572098562628,3.311257357289528
24025303400,9.985344409308693,3.290681221081451
24025303501,9.969331197809719,3.312856338809035
24025303502,10.015972018480493,3.329093754277892
24025303602,9.963502861054073,3.323726550992471
24025303603,10.03185516495551,3.359158030116359
24025303605,9.978568687200548,3.338001874058864
24025303606,9.946136146475017,3.320741726899384
24025303700,9.897733623545517,3.32290462696783
24025303801,10.000181019849418,3.330685726899384
24025303802,10.023781381930185,3.339179869267625
24025303803,10.008838115674196,3.3443553045859
24025303900,9.988478012320328,3.335036675564682
24025304101,10.120573863791923,3.389939542778918
24025304102,10.230902179329227,3.42411207118412
24025304201,10.048145074606434,3.332434698836413
24025304202,10.066446519507187,3.359263917180014
24025305100,10.23112484531143,3.428034151950719
24025305200,10.159178447638604,3.413247525667351
24025305300,10.058949785763176,3.38514847980835
24025306100,9.724805299794661,3.28702868514716
24025306200,9.690768813826146,3.285079137577002
24025306300,9.705961564681725,3.286548804243669
24025306400,9.779110394934976,3.303422043805613
24025306500,9.575814557152635,3.223552043805613
24027601103,10.179727572895277,3.186258553730322
24027601104,10.211388765229295,3.197659600958248
24027601105,10.171246863791923,3.202090396988364
24027601107,10.148335360711841,3.181278267624914
24027601108,10.161973290896646,3.186449494182067
24027601201,10.20891725119781,3.175261838466804
24027601203,10.133819750855578,3.169716744695414
24027601204,10.184081865160849,3.181295293634497
24027602100,10.113115765229295,3.259490753593429
24027602201,10.064824871321013,3.263546800136892
24027602202,10.114636134154689,3.256092633812457
24027602302,10.148253464750171,3.216292125941136
24027602303,10.071807527036276,3.252469440793977
24027602304,10.097451856947296,3.238246180013689
24027602305,10.11653826146475,3.241857709787817
24027602306,10.137941956194387,3.237935918548939
24027602600,10.161817661190965,3.246105162217659
24027602700,10.188198285420945,3.209425307323751
24027602800,10.170194958247776,3.230903340862423
24027602900,10.177377014373717,3.230831808350445
24027603001,10.009589840520192,3.296056468172485
24027603003,9.941223547570157,3.316590805612594
24027603004,10.00300953045859,3.273590572895277
24027604001,9.883691470910335,3.387802143737166
24027604002,9.894821509924709,3.328633790554415
24027605102,10.025712715947981,3.171819932922656
24027605103,9.987322002737851,3.21775048733744
24027605104,9.971055708418891,3.256403830937714
24027605401,10.099393620123203,3.223699401779603
24027605402,10.089622062970568,3.217829982888433
24027605502,10.058323735112936,3.224703249144422
24027605503,10.07735792128679,3.226312606433949
24027605504,10.026907467488022,3.207248402464066
24027605505,10.039145768651608,3.217522177960301
24027605601,10.065473961670089,3.20900154072553
24027605602,10.086132436002738,3.206953800136892
24027606601,10.125158314168378,3.214610783709788
24027606603,10.107554812457221,3.202313763175907
24027606604,10.128289876112252,3.194452173853525
24027606606,10.148387696098563,3.19644431211499
24027606607,10.144790420944558,3.21167523613963
24027606701,10.090400894592745,3.184927196440794
24027606704,10.10948254072553,3.187615437371663
24027606705,10.100101858316222,3.1749821724846
24027606706,10.14543378439425,3.185511561943874
24027606707,10.108503934291581,3.1699651724846
24027606803,10.082028319644079,3.169303379192334
24027606804,10.085700225188227,3.151340934291581
24027606805,10.01692035797399,3.117083856262834
24027606806,10.048306967145791,3.137472550308008
24027606901,10.073621711841205,3.145563351129363
24027606904,10.007761326488706,3.103347064339494
24027606905,10.041778073921971,3.123756867214237
24027606906,9.99356046201232,3.091986988364134
24027606907,9.996536862422998,3.098334935660506
24029950100,9.036285963723477,3.123902363449692
24029950200,9.16639889596167,3.198650343600274
24029950300,9.128212210130048,3.217885288158795
24029950400,9.164607618069815,3.218244872689938
24029950500,9.140051637234771,3.220527904175222
24031700101,9.922646468172485,3.333633335386721
24031700103,9.92838132991102,3.308919315537303
24031700104,9.95966588843258,3.319164125256674
24031700105,9.977717130047912,3.29750507118412
24031700204,9.889854165639973,3.430798240246407
24031700205,9.920773263518138,3.379489008213552
24031700206,9.896498317590691,3.374592533880904
24031700207,9.897021253251198,3.405252800136892
24031700208,9.8855931724846,3.401248399041752
24031700304,9.917801887748118,3.375839750171116
24031700306,9.911537169062286,3.370121419575633
24031700308,9.899374519507187,3.376862256673511
24031700309,9.921922728268309,3.36645113963039
24031700310,9.906844826830938,3.37370536550308
24031700311,9.898007898015058,3.400827278576318
24031700312,9.881568472963724,3.421736665982204
24031700400,9.813670566735113,3.421195088980151
24031700500,9.700840308008214,3.37162286036961
24031700604,9.892859702258727,3.3099980862423
24031700606,9.963538097878166,3.274852533196441
24031700607,9.994119912388775,3.26404428678987
24031700608,9.949694031485284,3.257223707734428
24031700610,9.943499012320328,3.322347359342916
24031700611,9.871028444900753,3.363761255304586
24031700613,9.896290446269678,3.345244416837782
24031700614,9.933743048596852,3.343546441478439
24031700615,9.945479143737166,3.289896011635866
24031700616,9.956355514715948,3.290678300479124
24031700704,10.035418694729637,3.26631729705681
24031700706,9.967904521560575,3.325827399726215
24031700710,10.020089224503764,3.258715531143053
24031700711,10.033213739904175,3.253647980150582
24031700713,9.994853484599589,3.30917424366872
24031700715,9.986989085557837,3.310690302532512
24031700716,10.007367954825462,3.293299955509925
24031700717,10.024050856262834,3.282061100616016
24031700718,10.028547495550992,3.255971522245038
24031700719,10.027300289527721,3.292621031485284
24031700720,10.02603195687885,3.285066148528405
24031700721,9.983551173169062,3.313547234770705
24031700722,9.980627593429158,3.322541092402464
24031700723,10.000702995208761,3.302572874058864
24031700724,10.003133080082136,3.295743857631759
24031700810,9.950765963723477,3.337184370294319
24031700811,9.960625108829569,3.321638221765914
24031700812,9.9792808275154,3.313949950718686
24031700813,9.964109394250513,3.329118763175907
24031700815,9.927859941820671,3.34639227926078
24031700816,10.009519743326489,3.274786332648871
24031700817,10.018613845995893,3.26017968788501
24031700818,9.934286709787817,3.354484641341547
24031700819,9.941717579739904,3.342602273100616
24031700820,9.967753550992471,3.313061936344969
24031700822,9.986234106091718,3.305354968514716
24031700823,9.976363465434634,3.312569878850103
24031700824,9.970250901437372,3.301379691991786
24031700826,9.982060368240931,3.293228794661191
24031700828,9.99279559890486,3.287111688569473
24031700829,9.996583754962355,3.297406700205339
24031700830,9.934069876112252,3.355084796030116
24031700832,9.954376403832991,3.339012140314853
24031700833,9.949651935660506,3.339310010951403
24031700834,9.939708767282683,3.3526355229295
24031700835,9.93091507118412,3.351427971252567
24031700901,10.051198062286105,3.197582740588638
24031700902,10.051331943189596,3.191771442847365
24031700903,10.051254119096509,3.17745671321013
24031700904,10.063668029431896,3.163455728268309
24031700905,10.076248107460643,3.160985676249144
24031701001,10.062850830937714,3.181572593429158
24031701002,10.053850603696099,3.19315590349076
24031701004,10.030665715263518,3.219312117043121
24031701005,10.05408173100616,3.208873686516085
24031701006,10.02595787816564,3.224396399726215
24031701007,10.024319947296372,3.239484097193703
24031701101,10.05783657357974,3.162551090349076
24031701102,10.060379488021903,3.161088848733744
24031701201,10.093056134839151,3.128777039698836
24031701202,10.096305285420945,3.114073033538672
24031701205,10.084293993839836,3.150527368925394
24031701206,10.062476216974675,3.183380816563997
24031701210,10.032543772758385,3.205813867214237
24031701211,10.041258347022587,3.215055138945927
24031701212,10.022337134154689,3.204394472279261
24031701213,10.095401857631759,3.129371704312115
24031701214,10.1020654366872,3.108830393566051
24031701215,10.102119370978782,3.119030414099932
24031701216,10.09058210403833,3.135883427104723
24031701218,10.079771205338809,3.147100274469541
24031701219,10.077233914442163,3.140314822724162
24031701220,10.008895011635866,3.233709581793292
24031701221,10.008999733744011,3.245593788501027
24031701303,10.038192332648871,3.16198878439425
24031701304,9.977818637919233,3.232116353867214
24031701306,10.012907095140315,3.201455724161533
24031701307,10.011439979466119,3.233575801505818
24031701308,10.013387648186174,3.172127537303217
24031701312,9.997379771389459,3.212376481177276
24031701313,10.008093659137577,3.190270209445585
24031701314,9.996019809034908,3.187691960985626
24031701315,9.986562820670773,3.206793098562628
24031701316,9.991184736481862,3.182792622861054
24031701317,9.960910674880219,3.2469710862423
24031701407,10.027876725530459,3.12436513963039
24031701408,10.018955486652977,3.135854556468172
24031701409,10.005177425735797,3.089800377138946
24031701410,10.002150123203285,3.092795968514716
24031701414,10.007604067761807,3.061834105407255
24031701415,10.026756889801506,3.088759253251198
24031701417,9.980451670773443,3.048762782340862
24031701418,9.986522164271047,3.048858635181383
24031701420,9.98280311430527,3.033232232032854
24031701421,10.0081260862423,3.031543585215606
24031701422,9.988639023956194,3.061204504449008
24031701423,9.983991907597536,3.069135349075975
24031701503,10.02594219301848,3.060898819301848
24031701505,10.0337844770705,3.020463098562628
24031701506,10.042618204654346,3.063063439425051
24031701507,10.047696105407255,3.104226760438056
24031701508,10.014149801505818,3.033565731690623
24031701509,10.020281258042437,3.018707789185489
24031701601,10.018584678302532,2.988205937029432
24031701602,10.02497526899384,2.98963846201232
24031701701,10.019092117043121,2.930765325804244
24031701702,10.028034586584531,2.961968405886379
24031701703,10.015309194387406,2.942500132785763
24031701704,10.009981960985626,2.925762420260096
24031701800,10.030734636550308,2.94941084531143
24031701900,10.026953146475017,2.960062014373717
24031702000,10.023816474332649,2.967730961670089
24031702101,10.029317804928131,2.986060924709103
24031702102,10.045990177960301,3.01285511430527
24031702200,10.048170236824093,3.000021220396988
24031702301,10.039474639288159,2.978419950034223
24031702302,10.060492783709788,3.006739262149213
24031702401,10.039388234770705,2.96898184531143
24031702402,10.048689701574264,2.977556750855578
24031702500,10.05486926146475,2.98036100752909
24031702601,10.064203194387406,2.988080792607803
24031702602,10.070488630390144,3.000781871321013
24031702700,10.088902891854894,3.022454983572895
24031702800,10.078779545516769,3.020484484599589
24031702900,10.069842080766598,3.007369451060917
24031703000,10.064623168377823,3.023218895277207
24031703100,10.064760444900753,3.03791741889117
24031703201,10.058953069815195,3.145244255989049
24031703202,10.047614612594114,3.152420511293634
24031703206,10.05597205338809,3.110376475017112
24031703207,10.060121105407255,3.08520526899384
24031703208,10.0499471724846,3.06124581724846
24031703209,10.069460613963039,3.070029906913073
24031703210,10.057782239561944,3.0388365633128
24031703212,10.051429366187543,3.110056019849418
24031703213,10.046839806297057,3.13648868788501
24031703214,10.057229467488022,3.135699505817933
24031703215,10.046981667351129,3.121818651608487
24031703216,10.03852529705681,3.148120925393566
24031703218,10.037878359342916,3.15554909377139
24031703219,10.031066884325804,3.149209064339494
24031703220,10.037786669404518,3.136606967145791
24031703221,10.040437347022587,3.145777020533881
24031703301,10.070066615331964,3.134572895277207
24031703302,10.06389725393566,3.12912222587269
24031703401,10.073216657084189,3.120269769336071
24031703402,10.062755752224504,3.122525106776181
24031703403,10.068872556468172,3.107195485284052
24031703404,10.075458272416153,3.109172039698836
24031703501,10.079456461327858,3.121581421629021
24031703502,10.096519518138262,3.100438336755647
24031703601,10.093351212867899,3.09722760164271
24031703602,10.09368094661191,3.075960380561259
24031703701,10.074599938398357,3.102527317590691
24031703702,10.075760663928816,3.090313582477755
24031703800,10.082208361396304,3.075263481861738
24031703901,10.076292741957563,3.04361484531143
24031703902,10.076653212183436,3.057350510609172
24031704000,10.089953884325804,3.057637711841205
24031704100,10.110652846680356,3.069534819986311
24031704200,10.10214861670089,3.080634586584531
24031704300,10.11108249486653,3.09366315468857
24031704401,10.099630321013005,3.113317546885695
24031704403,10.100485937029432,3.097064266255989
24031704404,10.10443146201232,3.08739174606434
24031704501,10.087425494182067,3.123931524982888
24031704502,10.081123545516769,3.114926138261465
24031704503,10.096821311430527,3.096575270362765
24031704600,10.090894410677618,3.083051567419576
24031704700,10.087679211498973,3.053809403148528
24031704803,10.090709850787132,3.031158497604381
24031704804,10.098261825462012,3.038712753593429
24031704805,10.100980160164271,3.042575629705681
24031704806,10.087774388774812,3.049987173169062
24031705000,10.098856689938398,3.055050852156058
24031705100,10.098272744695414,3.036664384668036
24031705200,10.077112134839151,3.00411559890486
24031705300,10.079393684462697,2.995612765229295
24031705400,10.090325675564682,3.014659429842574
24031705501,10.080256259411362,3.006873324435318
24031705502,10.079904789869952,3.024805698836413
24031705601,10.067325409308693,3.001981930184805
24031705602,10.070848854893908,2.991913110882957
24031705701,10.072221579055442,3.034801485284052
24031705702,10.059857672826831,3.014459158110883
24031705800,10.056017898015058,3.068828151950719
24031705901,10.086028700889802,3.106924266255989
24031705902,10.069470057494866,3.085057778234086
24031705903,10.088122440109514,3.067475883641342
24031706005,10.043074363449692,3.170284158795346
24031706007,10.002956005475702,3.220238171800137
24031706008,10.00294104312115,3.186598323066393
24031706009,10.040357839835729,3.155618223134839
24031706010,10.06572758384668,3.163118488021903
24031706011,10.053873464065708,3.181888419575633
24031706012,10.074069544832307,3.146815088295688
24031706013,10.065575704312115,3.136189023956194
24033800102,9.967595894592745,3.073316163586584
24033800103,9.943890767967146,3.060806507186858
24033800105,9.977300893223819,3.076100273100616
24033800106,9.957505816563997,3.057918021902806
24033800108,9.949844521560575,3.056669045174538
24033800109,9.959864954140999,3.061465719370294
24033800203,9.974213238877481,3.073502519507187
24033800206,9.822374345653662,3.005014834360027
24033800208,9.867621287474333,2.995851023271732
24033800209,9.925246712525667,3.045396994524298
24033800210,9.904222177275838,3.028050490075291
24033800211,9.90141100752909,3.039810778918549
24033800212,9.931339626283368,3.025228861738535
24033800213,9.929021939767283,3.04090476659822
24033800214,9.881839037645448,3.016892578370979
24033800215,9.894518182067077,3.008167880903491
24033800401,9.553858229295003,3.034368758384668
24033800402,9.54783498220397,3.020543740588638
24033800403,9.601522027378508,3.025350960985626
24033800408,9.659038500342231,2.978234073237509
24033800409,9.60206836550308,3.002093140999316
24033800410,9.676396299794661,3.02339705065024
24033800411,9.746236929500342,2.998018849418207
24033800412,9.744918052019165,2.961467498973306
24033800413,9.71713353798768,2.971905339493498
24033800504,9.468848303216975,3.028205984257358
24033800505,9.451065991101985,3.008146268309377
24033800507,9.204196988364134,2.98117101779603
24033800509,9.324318909650924,2.940628392881588
24033800511,9.298125555099247,2.97754609377139
24033800513,9.500784372347707,2.995600236824093
24033800514,9.552334429842574,2.981720975359343
24033800515,9.419513047227926,2.991312214236824
24033800516,9.412261357289528,3.002108865845311
24033800517,9.387303021902806,2.951399600273785
24033800518,9.455593780971937,2.969518533880904
24033800519,9.34123698220397,2.991729592744695
24033800520,9.381815538672142,3.003147128678987
24033800601,9.001283009582478,2.927040038329911
24033800604,9.07780901779603,2.943966062286105
24033800605,8.985848815195072,2.904505458590007
24033800606,9.110727290212183,2.904762021902806
24033800607,9.218667998631075,2.911185950718686
24033800608,9.15079331211499,2.923917385352498
24033800701,9.270240060232717,2.895949711156742
24033800704,9.002836596851472,2.910174929500342
24033800705,8.931591088980151,2.919727349760438
24033800706,9.101070431211499,2.899507211498973
24033800707,9.106956559206023,2.893181106091718
24033800800,8.735377300479124,2.96869892128679
24033800900,8.524530904859685,3.03486072347707
24033801003,8.848452811772758,2.958508255989049
24033801004,8.958628209445585,2.9270169137577
24033801005,9.022425169062286,2.905919138945927
24033801006,9.002315740588638,2.90807906091718
24033801104,9.290004240246407,2.873768653661875
24033801207,9.086060648870637,2.904593736481862
24033801208,9.093070575633128,2.90081098220397
24033801209,9.082911792607803,2.899814853524983
24033801210,9.243856121149897,2.87228741615332
24033801211,9.269551116358658,2.869207107460643
24033801212,9.331711141683778,2.861711941136208
24033801213,9.291817611225188,2.860467650239562
24033801214,9.193285503764545,2.886537856262834
24033801215,9.111880681724846,2.901285270362765
24033801216,9.165182562628337,2.888951454483231
24033801217,9.179688013004791,2.887366036276523
24033801302,8.981586451060917,2.911011621492129
24033801305,9.278526097878166,2.854418045174538
24033801307,9.205098378507871,2.848653687200548
24033801308,9.120728358658453,2.87275227652293
24033801309,9.1050286954141,2.878732567419576
24033801310,8.896204197809719,2.937324843258042
24033801311,9.055273656399726,2.902168179329227
24033801312,9.109767206023272,2.881485603011636
24033801313,9.211525642710472,2.862629521560575
24033801404,9.429552326488706,2.816756287474333
24033801405,9.458106442847365,2.823626803559206
24033801406,9.352011332648871,2.83809807871321
24033801407,9.364400943874059,2.846666238877481
24033801408,9.434155937029432,2.833902419575633
24033801409,9.401910442162902,2.828502211498973
24033801410,9.30362123613963,2.828392954825462
24033801411,9.34815704312115,2.833149984257358
24033801500,9.512915646817248,2.807550678986995
24033801600,9.576360216974675,2.813547680355921
24033801701,9.440102381245722,2.843241889117043
24033801702,9.4797863045859,2.830586664613279
24033801704,9.570654361396304,2.817246040383299
24033801706,9.546884367556468,2.825232686516085
24033801707,9.540084482546201,2.822928869952088
24033801708,9.510577164271047,2.825052199863108
24033801801,9.542468151266256,2.833131718685832
24033801802,9.572931278576318,2.824580258726899
24033801804,9.618606986310746,2.817558263518138
24033801805,9.630582997946612,2.819156179329227
24033801807,9.620264788501027,2.815962830253251
24033801808,9.59033841615332,2.819202893908282
24033801901,9.413583488021903,2.850227305270363
24033801904,9.395793255304586,2.860865786447639
24033801905,9.44727613963039,2.848349674195756
24033801906,9.427292793976728,2.864197618754278
24033801907,9.510268312799452,2.833608448323066
24033801908,9.603782136892539,2.824891470225873
24033802001,9.528567199178645,2.841970717316906
24033802002,9.557580206023272,2.842641275154004
24033802103,9.497264369609856,2.85789192881588
24033802104,9.425177553730322,2.864598968514716
24033802106,9.476400527036276,2.855081244353183
24033802107,9.504364377823409,2.851973282683094
24033802201,9.384149155373032,2.880052477754962
24033802203,9.458936343600274,2.871457674880219
24033802204,9.508484754277892,2.882249559206023
24033802301,9.535796813826146,2.855542898015058
24033802404,9.558405134839151,2.856543122518823
24033802405,9.629974800821355,2.825797813826146
24033802406,9.592914549623546,2.832348308008214
24033802407,9.582061173169062,2.842926811088296
24033802408,9.628393029431896,2.831620031485284
24033802501,9.676251922655715,2.813258936344969
24033802502,9.666556287474333,2.820058711156742
24033802600,9.675183907597536,2.825539542778918
24033802700,9.675244321013005,2.830402471594798
24033802803,9.622987524298426,2.841972871321013
24033802804,9.581894150581793,2.867267416837782
24033802805,9.639847145790554,2.859410149897331
24033802901,9.67737087063655,2.846767412046544
24033803001,9.723684373716632,2.842440603011636
24033803002,9.690328696098563,2.857297671457906
24033803100,9.759317038329911,2.843704511978097
24033803200,9.734399985626283,2.867713664613279
24033803300,9.70681182477755,2.870109644079398
24033803401,9.676185835728953,2.894070880903491
24033803402,9.665892843258042,2.887259971937029
24033803508,9.661296438740589,2.904453899383984
24033803509,9.721832776180698,2.890262595482546
24033803512,9.441822167008898,2.899790900752909
24033803513,9.461583603696099,2.909399798767967
24033803514,9.540278332648871,2.907853442847365
24033803516,9.609497488021903,2.958501714579055
24033803519,9.575036183436003,2.881092505817933
24033803520,9.571634721423682,2.94097093155373
24033803521,9.582505921971253,2.915807623545517
24033803522,9.471017714579055,2.930187826830938
24033803523,9.508992950718686,2.928331357289528
24033803524,9.644941629021218,2.874571146475017
24033803525,9.63078168514716,2.892301718001369
24033803526,9.411376394250513,2.91598366255989
24033803527,9.470987639972622,2.913470876796715
24033803601,9.649160383983573,2.92564560164271
24033803602,9.701632793292266,2.909271091718001
24033803605,9.797581724845996,2.928845699520876
24033803606,9.753763866529774,2.943948412731006
24033803607,9.696531612594114,2.955666102669404
24033803608,9.691803478439425,2.935763255989049
24033803610,9.778002158110883,2.922665796030116
24033803612,9.737998923340178,2.91373250513347
24033803613,9.783638941136208,2.917243384668036
24033803700,9.757721173853525,2.89722194934976
24033803801,9.806211182067077,2.889564724845996
24033803803,9.806101727583847,2.904964406570842
24033803900,9.846000916495551,2.882901425735797
24033804001,9.825095159479808,2.885280026009582
24033804002,9.857390661875428,2.859622976043806
24033804101,9.76361548733744,2.864943945242984
24033804102,9.770503273785079,2.882558160848734
24033804200,9.791636168377823,2.852133702258727
24033804300,9.83000303559206,2.84434779945243
24033804400,9.870552776865161,2.840548709103354
24033804600,9.901784257357974,2.855304130047912
24033804700,9.906341049965777,2.845984568104038
24033804801,9.91891112936345,2.850035368925394
24033804802,9.925348906913073,2.871047041067762
24033804900,9.941806147843942,2.86392834770705
24033805000,9.969408034223135,2.886204529774127
24033805101,9.950946730321698,2.888388778234086
24033805201,10.000813711841205,2.902968635865845
24033805202,9.995863292950034,2.913363863107461
24033805500,9.990791762491444,2.928309317590691
24033805601,10.010309712525667,2.951764282683094
24033805602,9.998183937029432,2.946741330595482
24033805700,9.999144199863108,2.952556002053388
24033805801,9.975864295687885,2.928355095140315
24033805802,9.974177778234086,2.915960338809035
24033805904,9.992828574948665,2.954662420260096
24033805906,10.002665440793977,2.977851736481862
24033805907,10.017401414099932,2.975383399726215
24033805908,9.943197481861738,2.913103384668036
24033805909,9.958638358658453,2.924435583162218
24033806000,9.941579734428474,2.892193681724846
24033806100,9.922095034223135,2.883778780971937
24033806200,9.90608868514716,2.881332334017796
24033806300,9.880756137577002,2.876665467488022
24033806400,9.93413240109514,2.919488595482546
24033806501,9.880109274469541,2.892636230663929
24033806601,9.843428238193018,2.899653370978782
24033806602,9.84903997467488,2.912872857631759
24033806706,9.842587282683094,2.939016918548939
24033806708,9.8353191321013,2.956927099931554
24033806710,9.801043568788501,2.947817422313484
24033806711,9.76910783504449,2.952072593429158
24033806712,9.795346968514716,2.96584815468857
24033806713,9.870439576317591,2.952948577686516
24033806714,9.893088409308693,2.959421106776181
24033806800,9.88790711156742,2.942041334017796
24033806900,9.913792303216975,2.96489305338809
24033807000,9.919794752224504,2.954646598220397
24033807102,9.893163303216975,2.916256059548255
24033807200,9.950466771389459,2.944521030116359
24033807301,9.959839808350445,2.97474890349076
24033807304,9.992201156741958,2.996258099247091
24033807305,9.992019809034908,2.980727177275838
24033807404,9.913573151266256,2.983737562628337
24033807405,9.947636505817933,2.993447338124572
24033807407,9.957091938398357,3.023066185489391
24033807408,9.874607611909651,2.974024264887064
24033807409,9.967588612594114,2.999870072553046
24033807410,9.970164412731006,3.014018134154689
24035810100,9.028699226557153,3.197825894592745
24035810200,8.947642928131417,3.191449698151951
24035810300,9.006540205338809,3.235384845995893
24035810400,8.989315813826146,3.251592497604381
24035810500,8.90470732991102,3.260064935660506
24035810600,8.864603364818617,3.244730618754278
24035810700,8.87083706844627,3.224198356605065
24035810800,8.992241272416153,3.204523859685147
24035810901,8.886199696783025,3.182966698151951
24035810902,8.734720891170431,3.151913306639288
24035811000,8.881591896646133,3.205117177275838
24037875000,8.321041650239562,3.141267995208761
24037875100,8.344238629021218,3.125174516084873
24037875201,8.250112239561944,3.17521109650924
24037875202,8.247695802874743,3.160067524982888
24037875300,8.174281548939083,3.215622966461328
24037875400,8.172770557152635,3.239906048596852
24037875500,8.209104277207392,3.231106936344969
24037875600,8.236982405201916,3.211673069815195
24037875700,8.245970265571526,3.213248900068446
24037875801,8.189540064339494,3.281275088980151
24037875802,8.211539908281999,3.261709429842574
24037875901,8.155100318959617,3.294514201916496
24037875902,8.16263998973306,3.290160809034908
24037876001,8.183617798767967,3.274777832306639
24037876002,8.188747531827515,3.270372821355236
24037876100,8.126555776865161,3.285523481177276
24037876200,8.068847069815195,3.311378494182067
24039930101,8.436476856262834,3.551623939767283
24039930102,8.415895376454483,3.510939060232717
24039930200,8.13640109650924,3.424175216974675
24039930300,8.30613627926078,3.539879138261465
24039930500,8.156587235455168,3.510715709103354
24039930600,8.07075150513347,3.459634039014374
24039980400,8.336359429158111,3.540465311430527
24041960100,8.783923538672142,3.264602255304586
24041960201,8.656140037645448,3.221363929500342
24041960300,8.677615360027378,3.240247733059548
24041960400,8.682403153319644,3.244490841889117
24041960501,8.718904691307324,3.254822615331964
24041960502,8.691590370978782,3.253177632443532
24041960600,8.553112488706366,3.183491659137577
24041960700,8.57382835523614,3.172204121149897
24041960800,8.561215084873374,3.152862003422314
24041960900,8.615198839151266,3.233051961670089
24043000100,10.06460583504449,3.662898105407255
24043000200,10.092434571526352,3.676084002737851
24043000301,10.090982032169747,3.677237026009582
24043000302,10.076893511978097,3.668663079397673
24043000400,10.062075744695414,3.662182368240931
24043000500,10.051426787132101,3.650940712525667
24043000601,10.033208288158795,3.635668599589322
24043000602,10.027476199178645,3.626850030800821
24043000700,10.04546941615332,3.642074424366872
24043000800,10.050112319644079,3.644760537303217
24043000900,10.067082880219028,3.662661028062971
24043001001,10.041574303901437,3.634435544832307
24043001002,10.046080993155373,3.643168494182067
24043010100,9.869892292950034,3.590181280629706
24043010200,9.977078520876112,3.636536960301164
24043010300,10.12554090349076,3.709442642710472
24043010400,10.125536502395619,3.723802409993155
24043010500,10.026867678986995,3.698343722792608
24043010600,9.777809509924709,3.6846745229295
24043010700,9.254155707049966,3.63327738329911
24043010801,10.028236024640657,3.660329287474333
24043010802,10.025080238877481,3.631597790554415
24043010900,9.96990926899384,3.588240550308008
24043011000,9.943983778234086,3.553977242984257
24043011100,9.975800360027378,3.590775650924025
24043011201,9.983809292950034,3.617708927446954
24043011202,9.980867268309377,3.62903322587269
24043011301,9.876641455167693,3.594591323066393
24043011302,9.881320210814511,3.567429742642026
24043011400,9.863200741273101,3.554181177275838
24043011500,9.773552264202601,3.540638531827515
24043011600,9.836481969199179,3.555131274469541
24045000100,8.655822212867899,3.534687082135524
24045000200,8.6487796954141,3.52259875633128
24045000300,8.639075101300479,3.524298583162218
24045000400,8.619674197125257,3.522908550308008
24045000500,8.632122003422314,3.535242505817933
24045010101,8.677050674195756,3.535003830253251
24045010102,8.633670872689938,3.543528871321013
24045010200,8.667564083504449,3.497968519507187
24045010300,8.615893148528405,3.495603720054757
24045010400,8.573107655030801,3.522110188227242
24045010501,8.572802268309377,3.539172051334702
24045010502,8.615501524982888,3.547770514715948
24045010603,8.700096737166324,3.529004020533881
24045010604,8.61810592881588,3.55767188569473
24045010605,8.553852249828884,3.561838751540041
24045010606,8.549715669404518,3.578119444900753
24045010701,8.638184335386721,3.39962123340178
24045010702,8.676129629021218,3.467306370978782
24045010800,8.472329952087611,3.456772578370979
24047950000,8.152713639972622,3.559308308692676
24047950100,8.168368703627652,3.550793713894593
24047950300,8.17961098220397,3.533781349075975
24047950400,8.252526303901437,3.575710954140999
24047950600,8.338964334702259,3.578621952772074
24047950700,8.39561832991102,3.58509811430527
24047950800,8.477762535249829,3.58787584531143
24047950900,8.309112046543463,3.587487295003422
24047951000,8.34588990622861,3.59268819301848
24047951100,8.319965739219712,3.582398427104723
24047951200,8.279425108145106,3.585056197125257
24047951300,8.273029971937029,3.584192212183436
24047951400,8.304347210814511,3.579388749486653
24047951500,8.238778475701574,3.571241308692676
24047951700,8.195564113620808,3.572544092402464
24047980000,7.950785015058179,3.539204271731691
24510010100,10.295138306639288,3.100310321697468
24510010200,10.296479639972622,3.09403217522245
24510010300,10.299944520876112,3.089288520876112
24510010400,10.301082820670773,3.09389981724846
24510010500,10.302817998631075,3.082936742642026
24510020100,10.310872267624914,3.083311526351814
24510020200,10.311316592060233,3.077430429842574
24510020300,10.30967264202601,3.08582912183436
24510030100,10.30916664202601,3.073303927446954
24510030200,10.311232800136892,3.078808026694045
24510040100,10.322240507186858,3.079513984941821
24510040200,10.322005488021903,3.092365963723477
24510060100,10.30231472347707,3.094169938398357
24510060200,10.301269006844627,3.085008822724162
24510060300,10.301877377138946,3.078846855578371
24510060400,10.308918223819302,3.078451887063655
24510070100,10.300292171115674,3.092419160164271
24510070200,10.303047588637919,3.083472112936345
24510070300,10.304088317590691,3.079153579739904
24510070400,10.312620332648871,3.072455605065024
24510080101,10.299504213552361,3.108502346338125
24510080102,10.29682148733744,3.100366318959617
24510080200,10.301131965092402,3.093967483915127
24510080301,10.305268986995209,3.091951166324435
24510080302,10.29678415742642,3.087457624914442
24510080400,10.302477939767283,3.083189192334018
24510080500,10.321071835728953,3.09435572347707
24510080600,10.314415848733744,3.085367080766598
24510080700,10.309448861738535,3.077597226557153
24510080800,10.314139442847365,3.075832552361396
24510090100,10.299530062286105,3.118472818617385
24510090200,10.293321528405202,3.117564839151266
24510090300,10.307970446269678,3.118120663244353
24510090400,10.306004507186858,3.100783941136208
24510090500,10.306343816563997,3.099871240930869
24510090600,10.309528034223135,3.105967849418207
24510090700,10.309662808350445,3.100155688569473
24510090800,10.319244207392197,3.092555503080082
24510090900,10.322108446269678,3.079332796714579
24510100100,10.320350288843258,3.066299746748802
24510100200,10.32745046954141,3.068014950718686
24510100300,10.322783582477755,3.066016046543463
24510110100,10.325782152635181,3.075792709787817
24510110200,10.325833728952772,3.084912872689938
24510120100,10.30121023613963,3.123525026694045
24510120201,10.305958614647502,3.109242066392882
24510120202,10.304283561259411,3.113775311430527
24510120300,10.306923854893908,3.094242135523614
24510120400,10.31314360164271,3.090725700205339
24510120500,10.320970246406571,3.083239896646133
24510120600,10.304797447638604,3.09181313963039
24510120700,10.307921360711841,3.101182789869952
24510130100,10.305477122518823,3.107543264202601
24510130200,10.309095594113621,3.100216854209446
24510130300,10.303481754962355,3.108240891854894
24510130400,10.297430904175222,3.122309301163587
24510130600,10.299726168377823,3.11274737577002
24510130700,10.29458083504449,3.127721364818617
24510130803,10.294005631759069,3.132819649555099
24510130804,10.29420651266256,3.122299075290897
24510130805,10.27066676386037,3.14623838329911
24510130806,10.289872968514716,3.135424153319644
24510140100,10.312494112251882,3.090621587268994
24510140200,10.310078808350445,3.096079474332649
24510140300,10.308572348391513,3.099990550308008
24510150100,10.311259450376454,3.108321103353867
24510150200,10.310452511978097,3.116103932238193
24510150300,10.308624890485968,3.126142702258727
24510150400,10.303850786447639,3.120600350444901
24510150500,10.295697833675565,3.126893733744011
24510150600,10.295535988364134,3.137987638603696
24510150701,10.290504631074606,3.13631036550308
24510150702,10.293501518822724,3.13602646201232
24510150800,10.274503355920602,3.144413069815195
24510150900,10.279495575633128,3.149952310061602
24510151000,10.264662062970568,3.14796445927447
24510151100,10.27394925119781,3.141093100616016
24510151200,10.293710517453799,3.13594486036961
24510151300,10.27109197467488,3.140523639288159
24510160100,10.321494902121834,3.101393519507187
24510160200,10.320328266940452,3.10857968788501
24510160300,10.310038893223819,3.111043216974675
24510160400,10.308194779603012,3.114215180013689
24510160500,10.305761464065708,3.121230989048597
24510160600,10.302671863791923,3.134452088295688
24510160700,10.298554138945927,3.13708105338809
24510160801,10.296891561259411,3.155399589322382
24510160802,10.294967285420945,3.149295552361396
24510170100,10.318728989048597,3.08953339835729
24510170200,10.320102451060917,3.08930023340178
24510170300,10.31938199247091,3.094185792607803
24510180100,10.316327245722108,3.097918826830938
24510180200,10.316861798767967,3.103767019849418
24510180300,10.317839029431896,3.101231782340862
24510190100,10.311850211498973,3.107389607118412
24510190200,10.313449017111567,3.110414010951403
24510190300,10.314458468856947,3.119825941820671
24510200100,10.313294904175222,3.116148950034223
24510200200,10.310996048596852,3.127355581793292
24510200300,10.312412203969884,3.115281676249144
24510200400,10.313666277891855,3.129015702258727
24510200500,10.309788939767283,3.126383149212868
24510200600,10.306432538672142,3.135912106091718
24510200701,10.296206759069131,3.150073996577686
24510200702,10.300640880219028,3.146897235455168
24510200800,10.301015041752224,3.150428831622177
24510210100,10.31904794934976,3.104232141683778
24510210200,10.30915840862423,3.116887838466804
24510220100,10.322876720054757,3.089471032169747
24510230100,10.31564044421629,3.09451826899384
24510230200,10.319731893223819,3.099763366872006
24510230300,10.31262993155373,3.112918913073238
24510240100,10.309188130732375,3.107605721423682
24510240200,10.313262900068446,3.100308982888433
24510240300,10.312131145790554,3.09569155578371
24510240400,10.303461116358658,3.106038466803559
24510250101,10.298033400410678,3.173033358658453
24510250102,10.298605302532512,3.165696629021218
24510250103,10.293378496235455,3.150039773442847
24510250203,10.274509123203285,3.128352433264887
24510250204,10.280329164271047,3.12963627926078
24510250205,10.289140169746749,3.133431313483915
24510250206,10.30163270294319,3.139552548939083
24510250207,10.291825488021903,3.126360098562628
24510250301,10.300485387405886,3.120590959616701
24510250303,10.304228466119096,3.131475295687885
24510250401,10.248895210814511,3.133025496919918
24510250402,10.225908581793292,3.135747127994524
24510250500,10.150464850102669,3.14528080971937
24510250600,10.23577704312115,3.134828950718686
24510260101,10.262866767967146,3.156599462696783
24510260102,10.27032692881588,3.140598499657769
24510260201,10.28137558110883,3.130704004791239
24510260202,10.285342985626283,3.123546724845996
24510260203,10.273589044490075,3.128996638603696
24510260301,10.290828547570157,3.113502496235455
24510260302,10.291677339493498,3.107136828884326
24510260303,10.289146138261465,3.107497652977413
24510260401,10.27986951266256,3.110514414099932
24510260402,10.27172409377139,3.126454143052704
24510260403,10.264488771389459,3.125580712525667
24510260404,10.278295598220397,3.104506378507871
24510260501,10.249886669404518,3.106099694729637
24510260604,10.237151341546886,3.117561570841889
24510260605,10.235494759753593,3.119964350444901
24510260700,10.281507655715264,3.101046568104038
24510260800,10.291235898015058,3.097043019164956
24510260900,10.288824983572895,3.102729440109514
24510261000,10.296097631759069,3.091643785763176
24510261100,10.294610061601643,3.10184647980835
24510270101,10.290502372347707,3.124820771389459
24510270102,10.284436605749487,3.136279550308008
24510270200,10.287808824093087,3.132396742642026
24510270301,10.289858603696099,3.144039533880904
24510270302,10.280774507871321,3.143072164271047
24510270401,10.283948464065708,3.156918800136892
24510270402,10.279526344284736,3.155611963039014
24510270501,10.264036907597536,3.180151832306639
24510270502,10.272710934291581,3.169317454483231
24510270600,10.282884934976044,3.160827643394935
24510270701,10.278470125941136,3.175588676249144
24510270702,10.280885316906229,3.17029885284052
24510270703,10.278299299110198,3.179186769336071
24510270801,10.281707770704997,3.167617918548939
24510270802,10.282152273100616,3.154776534565366
24510270803,10.277110873374401,3.163539544147844
24510270804,10.2741110862423,3.163931703627652
24510270805,10.280168239561944,3.147975342231348
24510270901,10.293197191649555,3.140707809034908
24510270902,10.285022171800137,3.140580844626968
24510270903,10.303158314168378,3.128166555099247
24510271001,10.298317824093087,3.127435557837098
24510271002,10.289059201232033,3.140914722792608
24510271101,10.293312750171116,3.141174216290212
24510271102,10.291302865845311,3.132914126625599
24510271200,10.272264937029432,3.156477579739904
24510271300,10.265963751540041,3.160122514031485
24510271400,10.288822216290212,3.137174776865161
24510271501,10.253321647501711,3.165236258726899
24510271503,10.282165122518823,3.151969991786448
24510271600,10.26448586036961,3.143100067077344
24510271700,10.255043603011636,3.150022162902122
24510271801,10.249903567419576,3.153341497604381
24510271802,10.253695359342916,3.146532030800821
24510271900,10.246124353867214,3.165720343600274
24510272003,10.23685174880219,3.173144349760438
24510272004,10.228254028747433,3.182504765913758
24510272005,10.217321612594114,3.189509422313484
24510272006,10.237204628336756,3.176425694729637
24510272007,10.217312142368241,3.187886429842574
24510280101,10.237247065708419,3.17399067761807
24510280102,10.244174941820671,3.165098482546201
24510280200,10.257252791238878,3.164910838466804
24510280301,10.275667847364819,3.168598814510609
24510280302,10.276122446269678,3.159687813826146
24510280401,10.286599110198494,3.16907031485284
24510280402,10.289496332648871,3.158850396303901
24510280403,10.28505324366872,3.174676295687885
24510280404,10.291546455852156,3.160009227241615
24510280500,10.321308882956879,3.066616436002738
25001010100,6.665534464750171,2.879332447638604
25001010206,6.605316283367556,2.967610877481177
25001010208,6.605363480492813,2.936194993839836
25001010304,6.614210323750856,3.007197815879535
25001010306,6.605539121149897,2.998323433264887
25001010400,6.644248395619439,3.023409830253251
25001010500,6.613849726899384,3.025161893223819
25001010600,6.61416780971937,3.037552051334702
25001010700,6.612568669404518,3.036804080082136
25001010800,6.721098179329227,3.007870101984942
25001010900,6.675720297741273,3.024447485968515
25001011002,6.728425733744011,3.024163183436003
25001011100,6.675018727583847,3.032900152635181
25001011200,6.680611026009582,3.032993806297057
25001011300,6.796333123887748,2.991949275154004
25001011400,6.766984893223819,3.004586221765914
25001011500,6.772364069815195,3.01933690349076
25001011600,6.746220611225188,3.026059321013005
25001011700,6.761243889801506,3.01817039835729
25001011801,6.828838187542779,2.992476468856947
25001011802,6.811660298425736,3.001953733744011
25001012001,6.789359770704997,3.009009665297741
25001012002,6.779669136892539,3.004332874058864
25001012101,6.820554457905544,3.00496780971937
25001012102,6.804804750855578,2.997802627652293
25001012200,6.899190064339494,2.966814180698152
25001012502,6.835786239561944,2.990487796714579
25001012601,6.873963125941136,2.981321057494866
25001012602,6.850770543463381,2.986922349075975
25001012700,6.869702994524298,2.975091607802875
25001012800,6.894621733059548,2.972782572210814
25001012900,6.904937422313484,2.967387954825462
25001013002,6.893654590006845,2.963178753593429
25001013100,6.950116516084873,2.954004490759754
25001013200,6.930312245037645,2.944841463381246
25001013300,7.056586080082136,2.904921451060917
25001013400,6.990420336071184,2.928029690622861
25001013500,6.99014970294319,2.933313798767967
25001013600,7.021188912388775,2.917288002053388
25001013700,7.144668641341547,2.863991245722108
25001013800,7.098290342231348,2.882637930869268
25001013900,7.126357425735797,2.870827507186858
25001014002,7.095615594798084,2.870418455167693
25001014100,7.067238518138262,2.898846585215606
25001014300,7.039934081451061,2.861541106091718
25001014402,7.002234258042437,2.877415685831622
25001014500,6.949763410677618,2.905703199863108
25001014600,6.944716540041068,2.898698809034908
25001014700,6.940199825462012,2.8877371724846
25001014800,6.945024247775496,2.876243002737851
25001014900,6.945292676249144,2.857096342231348
25001015001,6.98172096440794,2.930510898015058
25001015002,6.983771265571526,2.922430612594114
25001015100,6.942634923340178,2.930150928131417
25001015200,6.891204006160164,2.923263120465435
25001015300,6.858748237508556,2.989579539356605
25003900100,7.54472427926078,2.937650338809035
25003900200,7.531750527720739,2.943111112251882
25003900300,7.516282854893908,2.948210873374401
25003900400,7.506878015742642,2.955022394250513
25003900500,7.575001180698152,2.987046840520192
25003900600,7.547081266940452,2.953682674880219
25003900700,7.583925061601643,2.985240457905544
25003900800,7.536563091033539,2.94781025393566
25003900900,7.552247091718001,2.951223258726899
25003901100,7.467986599589322,2.942622167008898
25003911100,7.434674065708419,2.963944819301848
25003912100,7.401818796714579,2.933063095824778
25003913100,7.527895919917864,2.970060480492813
25003914100,7.439135082819986,2.942575636550308
25003920101,7.278007167008898,2.969641997946612
25003920102,7.309089608487337,2.972341160848734
25003921300,7.177574168377823,2.935328800821355
25003921400,7.205303318959617,2.939875550992471
25003921500,7.231376875427789,2.95144412936345
25003922100,7.259759859000684,2.941944297741273
25003922200,7.239809289527721,2.943859664613279
25003922300,7.274217606433949,2.946232293634497
25003923100,7.32279506091718,2.944141180698152
25003924100,7.498860249828884,2.987782857631759
25003925100,7.40409567008898,2.962228340862423
25003926100,7.32272874606434,2.923336793976728
25003931100,7.171680439425051,2.936827168377823
25003931300,7.185006807665982,2.922589588637919
25003931400,7.292738458590007,2.912574873374401
25003932200,7.353833394934976,2.901396895277207
25003932300,7.381382778234086,2.923974715263518
25003933200,7.319173570841889,2.894901850102669
25003933300,7.244751884325804,2.85297787816564
25003933400,7.24836952019165,2.823368106091718
25003934200,7.550746830937714,3.024462127310062
25003934300,7.442273314168378,3.004498720054757
25003935100,7.535679783025325,2.995716861054073
25003935200,7.494948783709788,2.942363184120465
25003935300,7.200228460643395,2.945572030800821
25005600100,8.126547572210814,2.645003540041068
25005600202,8.039570670773443,2.636070499657769
25005600203,8.138867624914442,2.644631538672142
25005600204,8.084679557837098,2.637111431211499
25005610100,8.18787198973306,2.642010037645448
25005610202,8.177811600273785,2.62067756605065
25005610203,8.149306117043121,2.633123622861054
25005610204,8.172221161533196,2.64395878439425
25005611101,8.068169110198494,2.62241632238193
25005611102,8.062778468856947,2.597928763175907
25005611201,8.052596273785079,2.568083319644079
25005611202,8.115511987679672,2.598557167008898
25005612100,7.955299036276523,2.641289205338809
25005612200,7.85403725119781,2.648374499657769
25005613100,7.987816352498289,2.624060270362765
25005613300,7.987769043805613,2.585831300479124
25005613400,7.95550129705681,2.571920865160849
25005613600,7.93408656605065,2.614020752908966
25005613700,7.913268285420945,2.62509411156742
25005613800,7.915843633812457,2.609273277891855
25005613901,7.927710514715948,2.602828698151951
25005613902,7.898822834360027,2.589794165639973
25005614000,7.902659491444216,2.610848424366872
25005614101,7.864490891170431,2.625248617385352
25005614102,7.779490101300479,2.649463187542779
25005615100,7.868552506502396,2.535782091033539
25005616100,7.779241450376454,2.594660295003422
25005617101,7.645363493497604,2.596001417522245
25005617102,7.524604145790554,2.662736006844627
25005630101,8.200283921971253,2.599827816563997
25005630102,8.192173951403148,2.585477990417522
25005630200,8.186412603011636,2.600408020533881
25005630300,8.193843584531143,2.560285546885695
25005630400,8.176287255989049,2.546014314168378
25005631100,8.135432034223135,2.454595637234771
25005631200,8.144147184804928,2.505176955509925
25005631300,8.151250740588638,2.57055011156742
25005631400,8.1272500862423,2.539511706365503
25005631500,8.123902503764545,2.517479782340862
25005631600,8.116914765229295,2.534116658453114
25005631700,8.091599429158111,2.550344514031485
25005631800,8.095055399726215,2.499678728268309
25005632100,8.034248869952088,2.391160635865845
25005632200,7.879146614647502,2.34755423613963
25005633100,8.012230284052019,2.478203976043806
25005633200,7.876885293634497,2.441707694045174
25005640100,7.401792932922656,2.471852039014374
25005640200,7.501264376454483,2.445716934976044
25005640300,7.501055543463381,2.439016792607803
25005640400,7.524172568788501,2.439667838466804
25005640500,7.540462116358658,2.445288802874743
25005640600,7.516609509924709,2.461084241615332
25005640700,7.472110105407255,2.45749205338809
25005640800,7.455200221081451,2.47679364476386
25005640901,7.546471046543463,2.449422893223819
25005641000,7.562998795345654,2.455951691307324
25005641101,7.55499973100616,2.463120085557837
25005641200,7.537925021902806,2.472251302532512
25005641300,7.519960146475017,2.478397783709788
25005641400,7.494444134154689,2.477260748117728
25005641500,7.481298260095825,2.484930898015058
25005641600,7.487030801505818,2.493436132785763
25005641700,7.531444884325804,2.493304331279945
25005641800,7.574118488706366,2.475380521560575
25005641900,7.571427807665982,2.473541507871321
25005642000,7.589640916495551,2.474218542778918
25005642100,7.646207845995893,2.5107444770705
25005642200,7.609264703627652,2.495697413415469
25005642300,7.59144565982204,2.492387186173854
25005642400,7.574357997946612,2.491521277891855
25005642500,7.547743448323066,2.557011770020534
25005644101,7.678757310746064,2.505854160848734
25005644102,7.729492907597536,2.528938820670773
25005644200,7.627718101984942,2.467086425051335
25005645101,7.635326683093771,2.436886976043806
25005645102,7.732538671457906,2.473575308692676
25005645103,7.737327300479124,2.424963297741273
25005646101,7.370318655030801,2.521136937029432
25005646103,7.178211112251882,2.537456937029432
25005646104,6.97876855578371,2.556727804243669
25005650101,7.418577465434634,2.671755490759754
25005650102,7.420827500342231,2.668539798083504
25005650201,7.364551206707734,2.651512496235455
25005650202,7.325135091033539,2.672145772758385
25005650300,7.327355298425736,2.679471212867899
25005650400,7.308618244353183,2.676591934976044
25005650500,7.311366411362081,2.672872332648871
25005650600,7.293494449007529,2.680349739904175
25005650700,7.284708373716632,2.68210070294319
25005650800,7.289636740588638,2.674850543463381
25005650900,7.287102625598905,2.660727086926762
25005651001,7.287141805612594,2.649661542778918
25005651002,7.248138540041068,2.655909691991786
25005651100,7.269237969199179,2.671577468856947
25005651200,7.270413881587954,2.679677739219712
25005651300,7.24633562696783,2.677591529774127
25005651400,7.249258386721424,2.668770566735113
25005651500,7.246935307323751,2.662504326488706
25005651600,7.22750112936345,2.661045056810404
25005651700,7.22518162696783,2.669796216974675
25005651800,7.227943533196441,2.676843423682409
25005651900,7.204346301848049,2.683339070499658
25005652000,7.207561149212868,2.673573353182752
25005652100,7.211191885010267,2.671432321697468
25005652200,7.213108572895277,2.660675768651608
25005652300,7.195858743326489,2.664645326488706
25005652400,7.187894780971937,2.674637013004791
25005652500,7.186177381245722,2.673939063655031
25005652600,7.186949136208077,2.680701832306639
25005652700,7.173383642710472,2.689241518138262
25005652800,7.134877531827515,2.687686466119096
25005653101,7.281876292265572,2.60512425393566
25005653102,7.403515080082136,2.604756417522245
25005653203,7.193034770020534,2.656679911019849
25005653204,7.182746536618754,2.625779567419576
25005653301,7.124422197125257,2.651257154004107
25005653304,7.00626712936345,2.62047365982204
25005654100,7.386448382614648,2.705234887063655
25005654200,7.333422030116359,2.687558296372348
25005655100,7.234522527720739,2.719915088980151
25005655200,7.262319166324435,2.69131237577002
25005655300,7.234667130047912,2.698785839835729
25005655400,7.114220038329911,2.718441245722108
25005985500,7.189453431211499,2.600794556468172
25005985600,8.142223783709788,2.641712552361396
25007200100,6.780813835728953,2.863964470910335
25007200200,6.753860470225873,2.882428013689254
25007200300,6.642385908966461,2.891500397672827
25007200400,6.661660125256674,2.799249809034908
25009201100,8.442532559206023,2.712838980150582
25009202101,8.388989724845996,2.760798894592745
25009202102,8.418265953456537,2.760450333333333
25009202200,8.348533988364134,2.758605993839836
25009203100,8.29787355578371,2.782779061601643
25009203200,8.237814923340178,2.806537452429843
25009203301,8.270716407939767,2.809549061601643
25009203302,8.226167204654346,2.82206820807666
25009204101,8.343170699520876,2.801031699520876
25009204102,8.370968993155373,2.782802295003422
25009204200,8.36748700752909,2.81195725119781
25009204300,8.340381474332649,2.817190928131417
25009204400,8.234141820670773,2.828393497604381
25009204500,8.347200110198494,2.82928640862423
25009204600,8.381391851471595,2.828754195756331
25009204701,8.424122134839151,2.784536317590691
25009204702,8.413311704312115,2.801624645448323
25009205100,8.474071427104723,2.757380967145791
25009205200,8.499181374401095,2.739866800821355
25009205300,8.527604811088296,2.757694230663929
25009205400,8.574753891170431,2.762660125941136
25009205500,8.518350246406571,2.730279806297057
25009205600,8.597051048596852,2.731273299794661
25009205700,8.578920770020534,2.725967002053388
25009205800,8.573000310746064,2.721997120465435
25009205900,8.541362682409309,2.722422819301848
25009206000,8.526894424366872,2.720030122518823
25009206100,8.51060935797399,2.72510638329911
25009206200,8.491073446954141,2.728088754277892
25009206300,8.475935433264887,2.741965419575633
25009206400,8.453823229295003,2.74854629431896
25009206500,8.451533094455852,2.741814305270363
25009206600,8.442982583162218,2.743412546885695
25009206700,8.462090767282683,2.732683632443532
25009206800,8.483801568788501,2.733776685831622
25009206900,8.478478448323066,2.729098244353183
25009207000,8.50683979945243,2.725978344969199
25009207100,8.539951511293634,2.718983285420945
25009207200,8.549986269678302,2.716348128678987
25009208101,8.649916655715264,2.724008431211499
25009208102,8.650399538672142,2.712935588637919
25009208200,8.679590093086927,2.73454515742642
25009208300,8.64527428678987,2.759027596167009
25009208400,8.687670090349076,2.77327273853525
25009209100,8.64528862422998,2.822517795345654
25009209200,8.651029802874743,2.870253523613963
25009210100,8.582730688569473,2.866096019164956
25009210200,8.60634151266256,2.847266113620808
25009210300,8.525860456536619,2.840480606433949
25009210400,8.497138544147844,2.818064444900753
25009210500,8.518760481177276,2.789678202600958
25009210600,8.469081571526352,2.791389381245722
25009210700,8.434383112936345,2.814150214236824
25009210800,8.427597489390828,2.821530932922656
25009210900,8.412445749486653,2.830322731690623
25009211100,8.379617564681725,2.849149066392882
25009211200,8.424157171800137,2.855792607802875
25009211300,8.39610512183436,2.878436653661875
25009211401,8.49939798220397,2.878755399726215
25009211402,8.461500721423682,2.879012342231348
25009212100,8.535152149212868,2.904661725530459
25009213100,8.459051453114305,2.942163258042437
25009214100,8.381811526351814,2.922730785078713
25009215101,8.130862744010951,2.89760876386037
25009215102,8.253675409308693,2.915739094455852
25009216100,8.26540386036961,2.891067623545517
25009217100,8.274585845995893,2.874663844626968
25009217201,8.330209769336071,2.858326947296372
25009217202,8.334329775496236,2.844086212867899
25009217300,8.297691234086242,2.863072213552361
25009217400,8.30080167008898,2.845099441478439
25009217500,8.251042364818617,2.85310305065024
25009217600,8.127541470225873,2.859593731690623
25009218100,7.903219269678302,2.864621255989049
25009220101,7.400382214921287,2.861244098562628
25009220102,7.483465998631075,2.880430524982888
25009221100,7.552569861054073,2.882149150581793
25009221300,7.506060498973306,2.855291854893908
25009221400,7.536239663244353,2.867254568104038
25009221500,7.553659105407255,2.860094346338125
25009221600,7.57667509650924,2.867726390143737
25009221700,7.591919028747433,2.869399999315537
25009221800,7.622211880903491,2.874324869952088
25009221901,7.729553603696099,2.868354821355236
25009221902,7.74243495687885,2.884946847364819
25009222100,7.943706967145791,2.901544568104038
25009223100,8.024817587953456,2.936040511293634
25009223200,8.081901368925394,2.937125002053388
25009223300,8.229754455852156,2.944173384668036
25009250100,8.520913128678987,2.936187620123203
25009250200,8.52667131211499,2.948241749486653
25009250300,8.51197807871321,2.939569368925394
25009250400,8.512915342915811,2.947340609856263
25009250500,8.508263388774812,2.941109876796715
25009250600,8.50509134770705,2.942616321697468
25009250700,8.504815270362765,2.934068199863108
25009250800,8.502652463381246,2.939394355920602
25009250900,8.507629104722793,2.935461088295688
25009251000,8.510494789185489,2.937708
25009251100,8.512259763175907,2.94039080698152
25009251200,8.512172414099932,2.937280468856947
25009251300,8.524865327857632,2.938884237508556
25009251400,8.534244328542094,2.940260106776181
25009251500,8.534763793976728,2.93853390622861
25009251600,8.517135828884326,2.928857043805613
25009251700,8.527647668035592,2.929149414784394
25009251800,8.541539528405202,2.938290148528405
25009252101,8.533405665982204,2.95584915742642
25009252102,8.542202282683094,2.976469392197125
25009252201,8.527823861054073,2.968702547570157
25009252202,8.522645485968515,2.982921726899384
25009252300,8.518578505817933,2.965152125256674
25009252400,8.507341638603696,2.949321033538672
25009252501,8.500035466803559,2.94488374880219
25009252502,8.493578598220397,2.946410816563997
25009252601,8.477411913073238,2.93826210403833
25009252602,8.460906489390828,2.956282489390828
25009252603,8.484627414784394,2.961227183436003
25009253100,8.519174808350445,2.930942912388775
25009253201,8.498914583162218,2.936803334702259
25009253202,8.530589564681725,2.935803018480493
25009253203,8.499683511978097,2.938072559890486
25009253204,8.547788240246407,2.930150947980835
25009253205,8.516964976043806,2.936529798767967
25009254100,8.54626159890486,2.933866644079398
25009254200,8.554827868583162,2.93097005338809
25009254301,8.592824442847365,2.933245235455168
25009254302,8.585001689938398,2.920789685831622
25009254401,8.566971494182067,2.937503498973306
25009254402,8.560322565366188,2.95510136550308
25009254403,8.581752040383299,2.936012162217659
25009260100,8.408397681724846,2.950871356605065
25009260200,8.41205341889117,2.957708127310062
25009260301,8.402818632443532,2.965783543463381
25009260302,8.367954761806982,2.991268717316906
25009260401,8.398441330595482,2.97818441615332
25009260402,8.436315237508556,2.973588954825462
25009260500,8.393838619438741,2.974852466119096
25009260600,8.406567238877481,2.962515882956879
25009260700,8.41280045927447,2.953561865845311
25009260800,8.412515513347023,2.94003009650924
25009260900,8.418877121149897,2.932971830937714
25009261000,8.422126412731006,2.938804561943874
25009261101,8.439150084188912,2.947639540041068
25009261102,8.448906607802875,2.937765197809719
25009262100,8.319831127310062,3.026633907597536
25009263100,8.307200857631759,3.005253431211499
25009264100,8.39925755578371,2.972281153319644
25009265101,8.407880900752909,2.958180178644764
25009265102,8.352885180013689,2.97250304312115
25009266100,8.270991214236824,3.037157009582478
25009266200,8.233815366872006,3.048587822724162
25009266300,8.224799445585216,3.036985205338809
25009266400,8.211215849418207,3.05103405065024
25009267101,8.050063030116359,3.021001544832307
25009267102,8.147733258042437,3.046964988364134
25009268100,8.243090193702943,3.025998960985626
25009268200,8.200551272416153,3.021354588637919
25009268300,8.162694872689938,3.018402260095825
25009268400,8.077145618069815,3.006375112251882
25009269100,8.156257115674196,2.995867701574264
25009270100,8.234044142368241,2.974558055441478
25011040100,7.228644682409309,2.945148017111567
25011040200,7.762251812457221,3.084116968514716
25011040300,7.800217023956194,3.073763118412046
25011040400,7.757517707734428,3.04414705065024
25011040501,7.654898442162902,2.995033509240246
25011040502,7.61599023613963,2.971636651608487
25011040600,7.838623038329911,3.013528550992471
25011040701,7.833606892539357,3.087083425735797
25011040702,7.89598580971937,3.090745831622177
25011040800,7.96130178439425,3.084105131416838
25011040900,7.849969250513347,3.078230640657084
25011041000,7.749606221765914,3.069862433264887
25011041100,7.814477540041068,3.087408811772758
25011041200,7.784897190965092,3.073806826830938
25011041300,7.78997146954141,3.070777845995893
25011041400,7.788565211498973,3.069517191649555
25011041501,7.527131865845311,2.992995212183436
25011041502,7.503250742642026,3.003297578370979
25013800101,8.505237366872006,2.989288480492813
25013800102,8.497040952087611,2.994827641341547
25013800201,8.546958800821355,2.976653942505134
25013800202,8.524398952772074,2.989027041752224
25013800300,8.534276859000684,2.967232478439425
25013800400,8.536834366872006,2.960293802874743
25013800500,8.52295110403833,2.94919731485284
25013800600,8.527164876112252,2.956168085557837
25013800700,8.523616445585216,2.955112277207392
25013800800,8.542132552361396,2.940550204654346
25013800900,8.551586969883641,2.945434509240246
25013801101,8.558817310746064,2.935838505817933
25013801102,8.560006079397673,2.93913359137577
25013801200,8.562537828884326,2.944781936344969
25013801300,8.559210240930869,2.952776962354552
25013801401,8.549225835728953,2.968292359342916
25013801402,8.544423754962355,2.970145851471595
25013801501,8.540657904175222,2.972417478439425
25013801502,8.53127205338809,2.979689615331964
25013801503,8.506379275838467,2.986272556468172
25013801601,8.527086904175222,2.962380832991102
25013801602,8.509204650924025,2.972831136208077
25013801603,8.476292079397673,2.966441807665982
25013801604,8.47274901779603,2.956659183436003
25013801605,8.508176761122519,2.95595867008898
25013801700,8.548331457905544,2.958915835728953
25013801800,8.559723003422314,2.950201440793977
25013801901,8.55621542642026,2.94214612183436
25013801902,8.566963195071869,2.943623386721424
25013802000,8.566481308008214,2.942997277891855
25013802100,8.567209676249144,2.944386813141684
25013802200,8.560229519507187,2.947616194387406
25013802300,8.566342239561944,2.950911318275154
25013802400,8.556977095824778,2.954867977412731
25013802500,8.550875043805613,2.958815137577002
25013802601,8.558845904175222,2.951847872689938
25013802602,8.557314568104038,2.952469906913073
25013810100,7.98090052019165,2.904630067077344
25013810200,8.084754161533196,2.937017315537303
25013810300,8.183323546201232,2.951347841204654
25013810403,8.472622395619439,2.993240519507187
25013810404,8.393916629705681,2.981498171115674
25013810412,8.483088570157426,3.004651194387406
25013810414,8.381491926078029,3.001937028062971
25013810601,8.513277815195072,2.9964976954141
25013810602,8.511562207392197,2.998041982888433
25013810700,8.536811137577002,2.986651359342916
25013810800,8.518009986310746,2.979480753593429
25013810901,8.497413277207392,2.976080043805613
25013810902,8.516541028747433,2.967211072553046
25013811000,8.504367906913073,2.986501158110883
25013811101,8.459456711156742,3.008602457905544
25013811102,8.471293722792608,2.99162266255989
25013811200,8.497682929500342,3.004129039698836
25013811301,8.479356930184805,3.016436498973306
25013811302,8.480240231348392,3.004826349760438
25013811400,8.473469893908282,3.02315732991102
25013811500,8.467172406570842,3.018698682409309
25013811600,8.46116915468857,3.026406344284736
25013811700,8.439281588637919,3.023613026009582
25013811800,8.429341789185489,3.032194148528405
25013811900,8.337542097878166,3.049403546201232
25013812001,8.429189585900068,3.02818529705681
25013812002,8.375939273785079,3.034658495550992
25013812101,8.351531191649555,3.009480237508556
25013812103,8.438490771389459,3.00471715468857
25013812104,8.443637435318275,3.020313361396304
25013812201,8.500007281314168,2.95274393155373
25013812202,8.445757346338125,2.98048003559206
25013812300,8.536519212867899,2.941348472963724
25013812401,8.393588709103354,2.963588479123888
25013812403,8.469610930184805,2.953264184120465
25013812404,8.450873412046544,2.958574217659138
25013812500,8.248834750855578,2.960928708418891
25013812600,8.190238221081451,2.91923295687885
25013812701,8.077054403832991,2.914187072553046
25013812702,8.146533138945927,2.930775697467488
25013812800,8.007595791238878,2.933459857631759
25013812901,8.023616082135524,2.905652199863108
25013812902,7.871296186858316,2.880730617385352
25013812903,7.921669886379192,2.901622594798084
25013813000,7.439434446269678,2.835163466119096
25013813101,8.126615683778234,2.882081605065024
25013813102,7.915286881587954,2.8478883908282
25013813204,8.382105385352498,2.939484636550308
25013813205,8.405439652977413,2.912494131416838
25013813206,8.423613042436687,2.925305188227242
25013813207,8.496393689938398,2.941049926762491
25013813208,8.513189485968515,2.927085707049966
25013813209,8.534039273785079,2.931878672142368
25013813301,8.510597467488022,2.919922876112252
25013813303,8.538592004791239,2.935085247091034
25013813304,8.524042299794661,2.927510587268994
25013813401,8.541306725530459,2.949771504449008
25013813403,8.482631348391513,2.940824933607118
25013813404,8.44606413963039,2.922822034907598
25013813500,8.249413721423682,2.897365872005476
25013813601,8.363330402464066,2.966301379876797
25013813602,8.328583207392197,2.944785783025325
25013813701,7.964186230663929,2.850178123887748
25013813702,8.102155401779603,2.890595924024641
25013813801,7.785067909650924,2.798018308008214
25013813802,7.836710524298426,2.836373427104723
25015820101,7.917503516084873,2.939080960985626
25015820102,7.857452425735797,2.895977592060233
25015820202,8.00255442642026,3.031597521560575
25015820203,8.216549580424367,3.021787963039014
25015820204,8.124851967830253,2.996481684462697
25015820300,8.092685947296372,3.089910704312115
25015820400,8.135924310061602,3.093626136208077
25015820500,8.159679789869952,3.085602509240246
25015820600,8.153577420944558,3.081736508555784
25015820700,8.128629316906229,3.068598646817248
25015820801,8.223274694045174,3.073434043805613
25015820802,8.25145937577002,3.078244343600274
25015820900,8.350294146475017,3.044950610540726
25015821000,8.415141750171116,3.032125550308008
25015821100,8.43362867761807,3.034097693360712
25015821200,8.387538453798768,3.054390908966461
25015821300,8.356253162217659,3.0642503908282
25015821400,8.179708737850787,3.088149151950719
25015821500,8.050431208761122,3.08071562422998
25015821601,8.056734350444901,3.055974319644079
25015821602,8.075319941136208,3.048814665297741
25015821700,7.902387143737166,3.014047603696099
25015821901,8.150796556468172,3.065861402464066
25015821903,8.175548087611225,3.062355973305955
25015821904,8.185305690622861,3.075871741273101
25015822000,8.170894541409993,3.071872577686516
25015822200,8.126523811772758,3.048151614647502
25015822300,8.25997270568104,3.051887776865161
25015822401,8.150047917864476,3.01874987063655
25015822402,8.154938069815195,3.032719263518138
25015822500,8.014437449007529,2.972203649555099
25015822601,7.543994222450376,2.906706551676934
25015822603,7.736768478439425,2.959536059548255
25015822605,7.461409848049281,2.932939947296372
25015822606,7.611588957563313,2.980463105407255
25015822700,7.305026482546201,2.907692073921971
25017300100,7.438231273785079,2.813452805612594
25017301101,7.668483116358658,2.867678586584531
25017301102,7.699753301848049,2.874885691307324
25017310100,8.517105808350445,2.980677935660506
25017310200,8.529373852156058,2.979922467488022
25017310300,8.519943106776181,2.98417376386037
25017310400,8.519733254620123,2.985192375085558
25017310500,8.505903447638604,2.983068270362765
25017310601,8.469067647501711,2.988097082135524
25017310602,8.490271592060233,2.983262228610541
25017310700,8.50200000752909,2.983797688569473
25017311100,8.510544855578371,2.97841038329911
25017311200,8.50545614715948,2.979550673511294
25017311300,8.494264282683094,2.979504076659822
25017311400,8.475795198494182,2.981397742642026
25017311500,8.49066589596167,2.975199271047228
25017311600,8.490038207392197,2.975310162902122
25017311700,8.504882882956879,2.974810520876112
25017311800,8.510917360711841,2.979743023956194
25017311900,8.518558226557153,2.979633586584531
25017312000,8.52183652019165,2.976072323750856
25017312100,8.520971819986311,2.970653058179329
25017312200,8.519032493497604,2.971708694729637
25017312300,8.539555876112252,2.971714815195072
25017312400,8.5246215229295,2.980408943874059
25017312501,8.539891748117728,2.973199884325804
25017312502,8.539057693360712,2.971001240246407
25017313101,8.330503728268309,2.983759273785079
25017313102,8.426534778234086,2.996456559890486
25017314101,8.473046970568104,2.99993068788501
25017314102,8.496671223819302,2.995881776180698
25017314200,8.516116241615332,2.993838232717317
25017314301,8.536896368925394,2.985220201916496
25017314302,8.540386017111567,2.984384987679672
25017315100,8.559778744010951,2.964634492128679
25017315200,8.578383290212183,2.955028616016427
25017315401,8.602010466119096,2.940911402464066
25017315402,8.602441422313484,2.938906048596852
25017315403,8.620784015742642,2.929252464750171
25017315500,8.612337457221082,2.935209017111567
25017316101,8.608154109514032,2.93724684531143
25017316102,8.584866342231348,2.934098889801506
25017316201,8.634055477754962,2.922951555099247
25017316202,8.65266782477755,2.911112417522245
25017316300,8.580597769336071,2.926024015058179
25017316400,8.540760676933607,2.945766832991102
25017316500,8.559894595482546,2.954244318959617
25017317101,8.446928556468172,2.964465535249829
25017317102,8.505691858316222,2.963498195756331
25017317103,8.471167700205339,2.957670932238193
25017317201,8.413497596851472,2.972332659137577
25017317202,8.446725232032854,2.974024242299795
25017317203,8.474148194387406,2.971795733744011
25017317301,8.438046726214921,2.975049196440794
25017317302,8.413592941136208,2.983037310746064
25017318100,8.351135266940452,2.97767077412731
25017318200,8.278184386721424,2.966370108829569
25017318300,8.345136915126626,2.964194877481177
25017318400,8.385444597535934,2.954711869952088
25017320102,8.321719409993155,2.825201945927447
25017320103,8.361546001368925,2.839425364134155
25017320104,8.347753550308008,2.820182698836413
25017321100,8.388535737166324,2.896150457221082
25017321200,8.36945131485284,2.887224351129363
25017321300,8.343336910335387,2.886589145790554
25017321400,8.298613456536619,2.880806482546201
25017321500,8.314250561259411,2.891888543463381
25017321600,8.346132377823409,2.895113356605065
25017322100,8.348999393566051,2.90740867008898
25017322200,8.29205775633128,2.898953984941821
25017322300,8.263956095824778,2.906741450376454
25017322400,8.290002275838467,2.908371405886379
25017323100,8.317331826830938,2.917765135523614
25017324101,8.313360061601643,2.949064774811773
25017324102,8.239787289527721,2.949189206023272
25017325100,8.117297752224504,2.946534008213552
25017326101,8.036085511293634,2.939305765229295
25017326102,8.15084272073922,2.958962646817248
25017327101,7.954314605065024,2.931148106091718
25017327102,8.04429497467488,2.945928066392882
25017327103,7.940446163586584,2.925528892539357
25017328100,8.23298338329911,2.980499278576318
25017330100,8.605151691991786,2.900135617385352
25017330200,8.632545024640657,2.904166944558522
25017331101,8.627176647501711,2.917121863791923
25017331102,8.670184800136892,2.901618882956879
25017331200,8.637180969883641,2.922299363449692
25017331300,8.673231716632444,2.905818694045174
25017332100,8.676489794661191,2.901536822724162
25017332200,8.717491110882957,2.875279042436687
25017332300,8.682814101300479,2.89538767761807
25017332400,8.712984406570842,2.876613672142368
25017333100,8.764563216290212,2.842911156057495
25017333200,8.758732942505134,2.845307403148528
25017333300,8.773880095140315,2.830088787816564
25017333400,8.762807056125941,2.826815926762491
25017333501,8.742403425735797,2.852564757015743
25017333502,8.752778976043806,2.84261573100616
25017333600,8.717953026009582,2.867473060232717
25017334100,8.716793164271047,2.851430453114305
25017334200,8.700117685831622,2.869309869952088
25017334300,8.675278966461328,2.88413633744011
25017334400,8.683757386721424,2.864917440109514
25017335100,8.698092272416153,2.837688000684463
25017335200,8.72360368788501,2.824781831622177
25017335301,8.713659352498289,2.805745884325804
25017335302,8.690210095824778,2.823975317590691
25017335400,8.73660212936345,2.79159201026694
25017336100,8.768614036960986,2.775159280629706
25017336200,8.746118806297057,2.76561505065024
25017336300,8.752901284052019,2.743096872005476
25017336401,8.795136475017112,2.749450987679672
25017336402,8.789336057494866,2.763513213552361
25017337101,8.743635675564682,2.805203811772758
25017337102,8.786307668720055,2.783359488021903
25017337201,8.736758252566735,2.822994787132101
25017337202,8.747158054072553,2.827150041752224
25017337300,8.784291472963724,2.796736993155373
25017338100,8.790239911019849,2.809745885010267
25017338200,8.787475067077344,2.815468963039014
25017338300,8.799944724161533,2.811472167008898
25017338400,8.79575898220397,2.813921412731006
25017338500,8.815174958932238,2.79326410403833
25017339100,8.831345482546201,2.763864451060917
25017339200,8.839728800136892,2.771807255304586
25017339300,8.848066421629021,2.756165298425736
25017339400,8.85762847980835,2.74033213963039
25017339500,8.858473652977413,2.729583932238193
25017339600,8.868155709103354,2.711974926762491
25017339700,8.871744145790554,2.710347143737166
25017339801,8.849435607802875,2.692411526351814
25017339802,8.866049581793292,2.707420753593429
25017339900,8.853211327857632,2.723171355920602
25017340000,8.847435722792608,2.73599440862423
25017340100,8.834655932922656,2.746575354551677
25017341101,8.826448308008214,2.742976804243669
25017341102,8.838534112251882,2.73644805065024
25017341200,8.83442558384668,2.720675433264887
25017341300,8.824967983572895,2.721924397672827
25017341400,8.831213059548255,2.704530733744011
25017341500,8.819400008898015,2.714362340862423
25017341600,8.805662019164956,2.73224982477755
25017341700,8.793970318275154,2.726239754277892
25017341800,8.80718896440794,2.716221176591376
25017341901,8.772870971937029,2.713396750171116
25017341902,8.75266162422998,2.725398590691307
25017342101,8.803260230663929,2.685264238193018
25017342102,8.783857272416153,2.697210186173854
25017342201,8.811913054757016,2.692935344284736
25017342202,8.808018351129363,2.705663082819986
25017342300,8.827260166324435,2.690087737166324
25017342400,8.838580410677618,2.663548179329227
25017342500,8.821455859000684,2.680928529774127
25017342600,8.812222438056126,2.670879633127994
25017350103,8.867258331964408,2.668209960985626
25017350104,8.885939798767967,2.681684226557153
25017350200,8.885860078028747,2.680949536618754
25017350300,8.880587550992471,2.701060176591376
25017350400,8.873883892539357,2.712095592060233
25017350500,8.868469136892539,2.718792029431896
25017350600,8.866398089664613,2.731582473648186
25017350700,8.855405052703628,2.738907833675565
25017350800,8.868222344969199,2.729822473648186
25017350900,8.876424498288843,2.71050350513347
25017351000,8.885142115674196,2.697729344969199
25017351100,8.885817534565366,2.682370476386037
25017351203,8.900709516769336,2.662620985626283
25017351204,8.893351667351129,2.676601247091034
25017351300,8.892855164271047,2.666345195071869
25017351403,8.870618259411362,2.656649850102669
25017351404,8.87419550513347,2.656528862422998
25017351500,8.881238284736482,2.641037048596852
25017352101,8.879919560574949,2.617175694045174
25017352102,8.888864334017796,2.620895422313484
25017352200,8.886157665982204,2.637335100616016
25017352300,8.887849545516769,2.628628414784394
25017352400,8.902144081451061,2.636182174537988
25017352500,8.899601055441478,2.651644490075291
25017352600,8.899575450376454,2.642570354551677
25017352700,8.895715214236824,2.652352103353867
25017352800,8.897572308692676,2.654794882272416
25017352900,8.90542929705681,2.662208318959617
25017353000,8.909065464750171,2.660760583162218
25017353101,8.904547303901437,2.645617091718001
25017353102,8.9024193045859,2.633322846680356
25017353200,8.907737400410678,2.656823118412046
25017353300,8.906311418206708,2.664515463381246
25017353400,8.903410496235455,2.669454259411362
25017353500,8.906490560574949,2.668569963039014
25017353600,8.889805639288159,2.68684829705681
25017353700,8.900020473648186,2.678441686516085
25017353800,8.906159914442163,2.672987618069815
25017353900,8.903413640657084,2.680137382614648
25017354000,8.887218088295688,2.6949502183436
25017354100,8.887829277891855,2.696097117727584
25017354200,8.881739220396988,2.710570666666667
25017354300,8.869325401779603,2.733904189596167
25017354400,8.87649032238193,2.718514144421629
25017354500,8.881537904175222,2.704848683778234
25017354600,8.870625084188912,2.731178913073238
25017354700,8.87690221560575,2.703992055441478
25017354800,8.873908386036961,2.716848762491444
25017354900,8.866034779603012,2.738334334702259
25017355000,8.867775422997947,2.733204473648186
25017356100,8.85551335797399,2.746660234770705
25017356300,8.850767418206708,2.755110578370979
25017356400,8.824982315537303,2.791302800136892
25017356500,8.80233145927447,2.80935826146475
25017356601,8.818892247091034,2.794613223134839
25017356602,8.808846909650924,2.798091956194387
25017356701,8.85552559137577,2.752805869267625
25017356702,8.838401,2.776965483230664
25017357100,8.836840834360027,2.767421590691307
25017357200,8.847567123887748,2.76211171321013
25017357300,8.865614930184805,2.745488966461328
25017357400,8.851575110882957,2.75458619301848
25017357500,8.845285112251882,2.76356516495551
25017357600,8.829282892539357,2.771809077344285
25017357700,8.818220138945927,2.789910357289528
25017357800,8.816438338809035,2.788175299110198
25017358100,8.77824965982204,2.825884323750856
25017358300,8.74024274606434,2.84414556605065
25017358400,8.718828688569473,2.862293770704997
25017358500,8.761553019849418,2.840942104722793
25017358600,8.685825611909651,2.877003080766598
25017358700,8.701559303216975,2.874947829568788
25017359100,8.641361751540041,2.907097714579055
25017359300,8.599257355920602,2.911685242984257
25017360100,8.642713632443532,2.885998260095825
25017360200,8.612330064339494,2.881328075975359
25017361100,8.51761984257358,2.908161560574949
25017361200,8.444773821355236,2.912160629021218
25017361300,8.512803702258727,2.91599250513347
25017362100,8.483568461327858,2.939153629021218
25017363102,8.419647015742642,2.937973484599589
25017363103,8.374355396303901,2.937311113620808
25017363104,8.40755665982204,2.931405321697468
25017363201,8.343225364134155,2.927012711156742
25017363202,8.349382190965092,2.935303429842574
25017364101,8.379371258726899,2.916937627652293
25017364102,8.400829245037645,2.911418454483231
25017365100,8.46196545174538,2.899770213552361
25017365201,8.450414995893224,2.890045716632444
25017365202,8.454340072553046,2.886672707049966
25017366100,8.550973531827515,2.85668446201232
25017366201,8.556620360027378,2.877254578370979
25017366202,8.556298866529774,2.862222832991102
25017367100,8.64723506844627,2.856429613278576
25017367200,8.659545854209446,2.837085776865161
25017368101,8.729228650924025,2.843772978781656
25017368102,8.725527527720739,2.843395448323066
25017368200,8.722818062286105,2.84055180698152
25017368300,8.741096622861054,2.828129789185489
25017368400,8.733968026694045,2.824682238193018
25017368500,8.770390254620123,2.813559008213552
25017368600,8.762418567419576,2.809978167693361
25017368700,8.781127526351814,2.801244275154004
25017368800,8.791238015058179,2.807050032169747
25017368901,8.772281377138946,2.818848689253936
25017368902,8.779357837097878,2.813158400410678
25017369000,8.792646509924709,2.806494859000684
25017369100,8.806831716632444,2.793270155373032
25017370101,8.820048203969884,2.783471481177276
25017370102,8.820550532511978,2.778845222450376
25017370201,8.846867999315537,2.747849170431212
25017370202,8.838871773442847,2.768691466119096
25017370300,8.865553668035592,2.727313830937714
25017370400,8.841385168377823,2.751175631759069
25017373100,8.835204336755647,2.757421600958248
25017373200,8.816768571526352,2.776997780287474
25017373300,8.802099849418207,2.783023767967146
25017373400,8.815113990417522,2.771147648186174
25017373500,8.82702389596167,2.746998429842574
25017373600,8.821254350444901,2.734531133470226
25017373700,8.793883118412046,2.769589287474333
25017373800,8.790047159479808,2.746261394934976
25017373900,8.775199813141684,2.734701332648871
25017374000,8.744969967830253,2.744944395619439
25017374100,8.744710329226557,2.766927783025325
25017374200,8.762107013689254,2.769480080082136
25017374300,8.739084192334018,2.790714190965092
25017374400,8.772733898699521,2.789081087611225
25017374500,8.787861895277207,2.792838737166324
25017374600,8.777707431895962,2.802936241615332
25017374700,8.742552904859685,2.81219847980835
25017374800,8.725791776865161,2.804769584531143
25017382100,8.577673386036961,2.842152828884326
25017382200,8.567113167693361,2.832819453798768
25017382300,8.55187971321013,2.809726822724162
25017382400,8.529723503080082,2.828858684462697
25017382500,8.540962413415469,2.847848894592745
25017382601,8.5178016091718,2.841587277891855
25017382602,8.521070234086242,2.84773387063655
25017383101,8.474867934291581,2.844353399726215
25017383102,8.49940266255989,2.84785645927447
25017383200,8.462783916495551,2.850847329226557
25017383300,8.460277084188912,2.853532686516085
25017383400,8.487927771389459,2.855310646817248
25017383501,8.490502869952088,2.860463922655715
25017383502,8.460519199178645,2.86126065982204
25017383600,8.490899396303901,2.861516862422998
25017383700,8.520580958247776,2.86005367761807
25017383800,8.511000745379877,2.873043748117728
25017383901,8.452140694045174,2.880577210814511
25017383902,8.441324369609856,2.879478180698152
25017384001,8.436156279945243,2.874203980835044
25017384002,8.43360127652293,2.865198963039014
25017385100,8.411699875427789,2.853979485284052
25017385201,8.402690104722793,2.837003377823409
25017385202,8.441850449691992,2.841585505817933
25017386100,8.473415110198494,2.810923963723477
25017387100,8.383054249828884,2.794139614647502
25017387201,8.40813358110883,2.817529088980151
25017387202,8.346758356605065,2.804360109514032
25017388100,8.261915342231348,2.938040205338809
25017388200,7.958315881587954,2.921981329226557
25017388300,8.514432425735797,2.985650685831622
25017980000,8.379164904175222,2.913422665297741
25019950100,6.422401878850103,3.018688165639973
25019950200,6.400048115674196,3.009069777549624
25019950307,6.428645362080767,2.994694661190965
25019950400,6.375376780287474,3.019548150581793
25019950500,6.383748780971937,3.03382053798768
25021400100,8.901102119096509,2.658708385352498
25021400200,8.895036850787132,2.668229694045174
25021400300,8.889142496235455,2.683864171800137
25021400400,8.882049525667351,2.687901998631075
25021400500,8.880668550308008,2.683901351813826
25021400600,8.864880234770705,2.696493119780972
25021400700,8.883160177275838,2.678102750855578
25021400800,8.895139544147844,2.669738877481177
25021400900,8.885503895277207,2.669240048596852
25021401000,8.881596674880219,2.675183524298426
25021401100,8.848368814510609,2.697576229295003
25021401200,8.808382514031485,2.711776288158795
25021402101,8.675957595482546,2.723501851471595
25021402102,8.644292718001369,2.700439823408624
25021402200,8.591949463381246,2.69468412936345
25021402300,8.564169284052019,2.693773534565366
25021402400,8.614114030800821,2.707962376454483
25021402500,8.626927800136892,2.730210327857632
25021403100,8.683990234770705,2.746662510609172
25021403300,8.617796678986995,2.764971937029432
25021403400,8.624590832991102,2.787335167008898
25021403500,8.702837353867214,2.774225848733744
25021404100,8.704647636550308,2.793958195756331
25021404201,8.664152517453799,2.813814295687885
25021404202,8.657916929500342,2.799395466803559
25021404301,8.619951093086927,2.823922928131417
25021404302,8.613073076659822,2.819589528405202
25021404400,8.610253752908966,2.807229391512663
25021405100,8.531909995208761,2.77204819028063
25021406101,8.461629138945927,2.770798431211499
25021406102,8.405983131416838,2.742507523613963
25021407100,8.38122837303217,2.763158009582478
25021408101,8.33408736550308,2.772493861054073
25021408102,8.333026579055442,2.762874247775496
25021409101,8.323047303216975,2.716305631759069
25021409102,8.311049390143737,2.72240281724846
25021410100,8.244120110882957,2.662788317590691
25021410300,8.211723201916496,2.656575676249144
25021410400,8.260254485284052,2.673939255304586
25021411100,8.334926113620808,2.702088798767967
25021411200,8.39007514715948,2.702424809034908
25021411301,8.429962458590007,2.731374996577686
25021411302,8.356316509924709,2.71752217522245
25021412100,8.504911192334018,2.730765900752909
25021412200,8.575268069130732,2.738100724845996
25021412300,8.54075712183436,2.702549024640657
25021413100,8.465309136892539,2.693497621492129
25021413200,8.497785640657084,2.709124281998631
25021413300,8.471419911704312,2.717544214236824
25021413401,8.464713052703628,2.715410898699521
25021413402,8.442124171115674,2.716155672142368
25021413500,8.415081735797399,2.701324642710472
25021414100,8.322711001368925,2.685341094455852
25021414200,8.239656787132101,2.660339819986311
25021414300,8.314582855578371,2.675576773442847
25021415101,8.40483121560575,2.680120743326489
25021415102,8.349083918548939,2.672706484599589
25021415200,8.370329416837782,2.667861865845311
25021415300,8.477701502395619,2.672713552361396
25021416101,8.569903526351814,2.665271679671458
25021416102,8.545773459958932,2.671976483230664
25021416200,8.643353226557153,2.676074369609856
25021416300,8.66496658384668,2.671145552361396
25021416400,8.607457081451061,2.662986731690623
25021417100,8.551781810403833,2.66800433744011
25021417200,8.608273246406571,2.662305478439425
25021417300,8.678474275154004,2.653265128678987
25021417400,8.641403255989049,2.655903828199863
25021417501,8.609048733744011,2.662624175906913
25021417502,8.628720732375086,2.659326859000684
25021417601,8.569693719370294,2.665491474332649
25021417602,8.535790789869952,2.668695067077344
25021417701,8.479682173853525,2.673779506502396
25021417702,8.489897489390828,2.673415696783025
25021417801,8.406509625598905,2.678106861738535
25021417802,8.385769775496236,2.675967379192334
25021417901,8.392509663928816,2.67757720807666
25021417902,8.43476472347707,2.677269977412731
25021418002,8.419761681724846,2.674958353867214
25021418003,8.463016694045174,2.670215700205339
25021418004,8.458905038329911,2.671101058863792
25021418101,8.502617552361396,2.667705466803559
25021418102,8.508844891854894,2.671215844626968
25021418200,8.49711564476386,2.668287167008898
25021419100,8.424236345653662,2.67258011430527
25021419200,8.37565156605065,2.674728466119096
25021419300,8.355726338809035,2.677619830937714
25021419400,8.336570811772758,2.681302145106092
25021419500,8.305162691991786,2.678768980835044
25021419600,8.254800256673511,2.670453305954826
25021419700,8.307331522245038,2.673616991786448
25021419800,8.378972785763176,2.671778804243669
25021420100,8.373497501711157,2.666914973305955
25021420201,8.360439578370979,2.664570850787132
25021420202,8.418559184804928,2.664607460643395
25021420301,8.307805101984942,2.663576899383984
25021420302,8.268319273785079,2.658957887063655
25021421100,8.184863954825462,2.658458934976044
25021421200,8.18718706844627,2.660355653661875
25021422100,8.145472527036276,2.675854898015058
25021422200,8.098386578370979,2.682675693360712
25021422301,8.216262735797399,2.680025657084189
25021422302,8.146134692676249,2.683019632443532
25021422400,8.254833086926762,2.680560783709788
25021422501,8.1527325633128,2.688698205338809
25021422502,8.205627635865845,2.686155726214921
25021422600,8.246095048596852,2.687603041752224
25021422700,8.293517965092402,2.68350993155373
25021422800,8.305171750171116,2.689001727583847
25021423100,7.865347229979466,2.708614954825462
25021440100,8.219756535934292,2.628591794661191
25021441202,8.232610299794661,2.653518440109514
25021441203,8.258787478439425,2.670987392197125
25021441204,8.274526686516085,2.690866427789186
25021442101,8.290173247091034,2.716768630390144
25021442102,8.261212761806982,2.714595905544148
25021442103,8.307563448323066,2.741686608487337
25021442201,8.240384825462012,2.6798200862423
25021442202,8.276222565366188,2.69906525393566
25021443101,8.26376302532512,2.741359750855578
25021443102,8.195014813826146,2.684754346338125
25021456101,8.205947830937714,2.648992433264887
25021456102,8.243861338124572,2.653641246406571
25021456200,8.28797065982204,2.662912422997947
25021456301,8.280019847364819,2.6620366091718
25021456302,8.305210727583847,2.662949582477755
25021456401,8.290437788501027,2.668254323750856
25021456402,8.22420737303217,2.656607186858316
25021457100,8.212877661190965,2.65356202532512
25021457200,8.679192481177276,2.764702539356605
25023500101,8.28944132238193,2.69201384257358
25023500103,8.020373501711157,2.706612872005476
25023500104,8.13603498220397,2.702477735112936
25023501101,8.05807982477755,2.701285750855578
25023501102,8.16987982477755,2.69273826146475
25023501201,8.069295155373032,2.698874930869268
25023501202,7.998620594113621,2.695730853524983
25023502101,7.969148798083504,2.683638464065708
25023502102,7.906744955509925,2.687675066392882
25023502200,8.012013656399726,2.684885348391513
25023503101,7.866742412046544,2.701140249828884
25023503102,7.78573162422998,2.70784665982204
25023504101,7.846220603011636,2.706172571526352
25023504102,7.695713496235455,2.716007780287474
25023505101,7.650110572895277,2.718348967830253
25023505102,7.735123070499658,2.722058843942505
25023505200,7.5584893908282,2.727575797399042
25023506101,7.476563209445585,2.74479650513347
25023506102,7.574050090349076,2.733084571526352
25023506202,7.432536604380561,2.757166072553046
25023506203,7.369929004791239,2.762944603696099
25023506204,7.334760937713895,2.761371764544832
25023507101,7.517001092402464,2.751016448323066
25023507103,7.378868868583162,2.776419009582478
25023507104,7.421723464750171,2.76357926146475
25023508101,7.648636216974675,2.726546156741958
25023508102,7.680097222450376,2.723349681724846
25023508200,7.615726470910335,2.73486835523614
25023509101,7.482144442847365,2.766804650924025
25023509102,7.500012371663244,2.755979399041752
25023510100,8.128161006160164,2.652127177960301
25023510200,8.084179774811773,2.646363034907598
25023510300,8.118406271731691,2.642492186173854
25023510400,8.10057327652293,2.637461484599589
25023510501,8.145991839835729,2.643387772758385
25023510502,8.141483891170431,2.641501344969199
25023510503,8.16335293155373,2.64473849486653
25023510600,8.126608452429843,2.639493344969199
25023510700,8.105963442847365,2.634805892539357
25023510800,8.095685941136208,2.633325828199863
25023510900,8.076081082819986,2.631220246406571
25023511000,8.072831275154004,2.635706186858316
25023511100,8.053060299110198,2.647458963723477
25023511200,8.011045559206023,2.646132349075975
25023511301,8.020884239561944,2.632286661190965
25023511302,7.990085490075291,2.644775637919233
25023511400,8.060841008898015,2.629746395619439
25023511500,8.048019595482546,2.630056581793292
25023511600,8.015886188227242,2.637184020533881
25023511701,8.055427293634497,2.634050935660506
25023511702,8.080665494182067,2.635626331964408
25023520100,7.999212589322382,2.667549092402464
25023520201,8.069201442162902,2.674204386036961
25023520202,8.072215225188227,2.660375715263518
25023521101,7.958893008898015,2.660040877481177
25023521102,7.941098455852156,2.667109650239562
25023521201,7.937908273100616,2.672852899383984
25023521202,7.901505917864476,2.680527209445585
25023522101,7.738221238877481,2.714838212867899
25023522102,7.795899126625599,2.699223741957563
25023523100,7.890420232717317,2.667563133470226
25023523201,7.948622308692676,2.659456043805613
25023523202,7.849932226557153,2.682781126625599
25023524101,7.997424965092402,2.644218334017796
25023524102,7.952732330595482,2.651469509924709
25023525101,7.900514211498973,2.657043040383299
25023525104,7.85008506844627,2.672012503764545
25023525203,7.846368957563313,2.678263830253251
25023525204,7.788338495550992,2.691081162217659
25023525300,7.792335255304586,2.683782341546886
25023526100,7.699402030800821,2.722861973305955
25023530100,7.403400747433265,2.780755143737166
25023530200,7.370770619438741,2.782025837097878
25023530300,7.343702362765229,2.79576562696783
25023530400,7.384628800821355,2.79021915742642
25023530500,7.28143084531143,2.801166718685832
25023530600,7.276400242299795,2.817993238193018
25023530700,7.203612441478439,2.822504628336756
25023530801,7.138010542778918,2.842906186173854
25023530802,7.111064099931554,2.847472054757016
25023530901,7.166435433264887,2.855326429158111
25023530902,7.147013282683094,2.853010911704312
25023540101,7.709024582477755,2.690931467488022
25023540102,7.601524593429158,2.700972222450376
25023540103,7.666009929500342,2.653838577686516
25023541100,7.399277332648871,2.745105109514032
25023542101,7.53885449486653,2.7482498275154
25023542102,7.563990776865161,2.723134275154004
25023542200,7.732796383983573,2.703270549623546
25023542300,7.70176562422998,2.703525887063655
25023543100,7.586458137577002,2.749893178644764
25023544100,7.510264223134839,2.762516042436687
25023544200,7.389806890485968,2.790027232032854
25023545100,7.317573377138946,2.792001680355921
25023545200,7.251208446269678,2.825178142368241
25023545300,7.187769045174538,2.841940650924025
25023545400,7.218959581793292,2.82106231211499
25023560100,7.21877484257358,2.7528448275154
25023561100,7.239949034907598,2.782279523613963
25023561200,7.851795449007529,2.671120127994524
25025000100,8.882828726214921,2.70531396440794
25025000201,8.860228793976728,2.727602580424367
25025000202,8.86681750513347,2.721378911019849
25025000301,8.853584900752909,2.739970311430527
25025000302,8.851871346338125,2.731538538672142
25025000401,8.867499433264887,2.710534059548255
25025000402,8.854867922655715,2.720693932922656
25025000502,8.848113472963724,2.716494664613279
25025000503,8.86068563449692,2.707748458590007
25025000504,8.869778123203285,2.700839990417522
25025000601,8.871672743326489,2.70926638329911
25025000602,8.875649864476386,2.700186272416153
25025000701,8.880334963039014,2.696888660506502
25025000703,8.888707240930869,2.68282036550308
25025000704,8.887036759753593,2.694204557152635
25025000802,8.88754684257358,2.688797264887064
25025000803,8.89766367008898,2.678044264887064
25025010103,8.904998682409309,2.650569527720739
25025010104,8.907711284736482,2.635886475701574
25025010203,8.900961681040383,2.639596759069131
25025010204,8.899023752908966,2.648833194387406
25025010300,8.899028558521561,2.648888890485968
25025010403,8.9104410862423,2.632230082819986
25025010404,8.910378794661191,2.635111405201916
25025010405,8.907095221081451,2.636525704996578
25025010408,8.902321093086927,2.639846948665298
25025010500,8.899206077344285,2.627060809034908
25025010600,8.898500382614648,2.628167493497604
25025010701,8.895845326488706,2.625011611225188
25025010702,8.89435932238193,2.616536149212868
25025010801,8.890888211498973,2.616819975359343
25025010802,8.895539416837782,2.628564000684463
25025020101,8.890919902121834,2.607072853524983
25025020200,8.88843393908282,2.607145188227242
25025020301,8.884765346338125,2.605695136208077
25025020302,8.886341570841889,2.603846498288843
25025020303,8.880177374401095,2.602572103353867
25025030100,8.866703624914442,2.596844465434634
25025030200,8.874800631074606,2.595148916495551
25025030300,8.876485603011636,2.5923239137577
25025030400,8.869320554414784,2.591722722108145
25025030500,8.865264589322382,2.594544204654346
25025040100,8.863771001368925,2.607278846680356
25025040200,8.857661750855578,2.614751258726899
25025040300,8.86378973100616,2.62282665982204
25025040401,8.872038385352498,2.613041498973306
25025040600,8.867732966461328,2.639302288158795
25025040801,8.851368383983573,2.620779374401095
25025050101,8.81698499247091,2.6256776954141
25025050200,8.815108008213552,2.624278483230664
25025050300,8.832731680355921,2.611866773442847
25025050400,8.827974932238193,2.609253406570842
25025050500,8.818841344969199,2.617471195071869
25025050600,8.824682266255989,2.615803659137577
25025050700,8.811097170431212,2.623361535934292
25025050901,8.795179303901437,2.635054331279945
25025051000,8.752214301848049,2.647955281314168
25025051101,8.721006221765914,2.654973750855578
25025051200,8.820112783025325,2.61047705338809
25025060101,8.77724227926078,2.62811500752909
25025060200,8.784729427789186,2.62572431485284
25025060301,8.801398348391513,2.62544281724846
25025060400,8.812849787132101,2.62119819028063
25025060501,8.813601607802875,2.622310410677618
25025060600,8.830115754277892,2.608332824093087
25025060700,8.854388527720739,2.618246301163587
25025060800,8.849568517453799,2.621970208761122
25025061000,8.836988638603696,2.62488693155373
25025061101,8.842809757015743,2.629469553045859
25025061200,8.859802734428474,2.617392264887064
25025070101,8.872779669404518,2.60441912183436
25025070200,8.882495943189596,2.607343211498973
25025070300,8.892873802874743,2.615009357289528
25025070402,8.885180097878166,2.61557476386037
25025070500,8.896538119096509,2.621357055441478
25025070600,8.896464982888433,2.622142947980835
25025070700,8.89656493155373,2.619662575633128
25025070800,8.903709724845996,2.632678644079398
25025070900,8.902165876796715,2.630439482546201
25025071101,8.88883341889117,2.62643998220397
25025071201,8.882731286105407,2.622135065023956
25025080100,8.879680932238193,2.633947698836413
25025080300,8.88739154825462,2.635960062286105
25025080401,8.902792030800821,2.638127757015743
25025080500,8.898396655715264,2.632726120465435
25025080601,8.908293264202601,2.636612316221766
25025080801,8.903228945242984,2.643146501026694
25025080900,8.897292386036961,2.652822878850103
25025081001,8.893122018480493,2.657205571526352
25025081100,8.885448429842574,2.663161509924709
25025081200,8.878635377823409,2.655852440793977
25025081300,8.875950310061602,2.654622948665298
25025081400,8.893705476386037,2.644184555099247
25025081500,8.883101405886379,2.653045745379877
25025081700,8.886591128678987,2.648800195756331
25025081800,8.868690119780972,2.647469001368925
25025081900,8.863188480492813,2.654987886379192
25025082000,8.85791217522245,2.654681270362765
25025082100,8.840663116358658,2.656078828884326
25025090100,8.811891114989733,2.658241393566051
25025090200,8.831601457221082,2.654182248459959
25025090300,8.835880038329911,2.650503368240931
25025090400,8.860692020533881,2.649793485968515
25025090600,8.871758902121834,2.641084043805613
25025090700,8.854780894592745,2.636674364818617
25025090901,8.782921468856947,2.638146457905544
25025091001,8.788527622861054,2.645178177275838
25025091100,8.815667271047228,2.643059488021903
25025091200,8.837205072553046,2.646805173169062
25025091300,8.855651004106776,2.642424874743326
25025091400,8.844863811088296,2.64616960164271
25025091500,8.823086173853525,2.649580861054073
25025091600,8.796542054757016,2.648408371663244
25025091700,8.792429456536619,2.651220272416153
25025091800,8.813524196440794,2.650743151266256
25025091900,8.793025613278576,2.656550221081451
25025092000,8.778273380561259,2.655096237508556
25025092101,8.751009391512663,2.652450881587954
25025092200,8.75917126146475,2.661729052703628
25025092300,8.777577984941821,2.660840112251882
25025092400,8.790134996577686,2.660486933607118
25025100100,8.767161642710472,2.66684172347707
25025100200,8.74607070294319,2.666791628336756
25025100300,8.732167966461328,2.664761593429158
25025100400,8.720707752908966,2.666618302532512
25025100500,8.732673256673511,2.656532991786448
25025100601,8.725949711841205,2.654735490759754
25025100603,8.707693178644764,2.656959240930869
25025100700,8.69155862696783,2.659696410677618
25025100800,8.684607780287474,2.659814963723477
25025100900,8.694877206023272,2.666960478439425
25025101001,8.705372122518823,2.676388085557837
25025101002,8.705472610540726,2.668668776865161
25025101101,8.74090444421629,2.670460334702259
25025101102,8.724710385352498,2.672207490759754
25025110103,8.780372757700205,2.673536792607803
25025110201,8.73549621560575,2.68359951266256
25025110301,8.759892229295003,2.677022648870637
25025110401,8.753843125256674,2.68273988843258
25025110403,8.724431990417522,2.683339055441478
25025110501,8.743503097878166,2.69904685284052
25025110502,8.753780176591376,2.69331904312115
25025110601,8.786809872005476,2.698669150581793
25025110607,8.77214480698152,2.693381996577686
25025120103,8.837177130047912,2.675331914442163
25025120104,8.824368759753593,2.67937137303217
25025120105,8.829429779603012,2.688536272416153
25025120201,8.828138274469541,2.673673863791923
25025120301,8.856335406570842,2.664817199863108
25025120400,8.849731464750171,2.670554590691307
25025120500,8.8719295633128,2.662022722108145
25025120600,8.86403618275154,2.668949744010951
25025120700,8.870970072553046,2.663774497604381
25025130100,8.739630126625599,2.719607906913073
25025130200,8.746759678986995,2.710615087611225
25025130300,8.726038545516769,2.703585590691307
25025130402,8.699558372347707,2.715102651608487
25025130404,8.699762710472279,2.705699394250513
25025130406,8.674315941820671,2.69960459137577
25025140102,8.63014159890486,2.694183568788501
25025140105,8.695657252566735,2.685564517453799
25025140106,8.728134627652293,2.697008930184805
25025140107,8.657684231348392,2.686517736481862
25025140201,8.599441315537303,2.6863776954141
25025140202,8.629223286105407,2.683317808350445
25025140300,8.668220589322382,2.685769474332649
25025140400,8.6997877816564,2.679249797399042
25025160101,8.793125468172485,2.64788544421629
25025160200,8.807912627652293,2.646558907597536
25025160300,8.828231535249829,2.640866950718686
25025160400,8.817256088295688,2.658069320328542
25025160501,8.793728868583162,2.660168633127994
25025160502,8.759687575633128,2.660276657084189
25025160601,8.767553552361396,2.667264222450376
25025160602,8.781192539356605,2.678479848733744
25025170100,8.759700127994524,2.684198855578371
25025170200,8.74794888843258,2.693453296372348
25025170300,8.724537817932923,2.707425338809035
25025170400,8.67915026146475,2.694149378507871
25025170501,8.66459063449692,2.6912292183436
25025170502,8.597810715947981,2.707016648186174
25025170601,8.719078028747433,2.677986357289528
25025170701,8.680433859000684,2.673326152635181
25025170702,8.688610991101985,2.681862694729637
25025170800,8.656026060232717,2.669617407939767
25025180101,8.630826969883641,2.667277493497604
25025180200,8.65490274880219,2.656321867214237
25025180301,8.667940082135524,2.648452744695414
25025180400,8.625273861738535,2.661422988364134
25025180500,8.598649864476386,2.659607149212868
25025980101,8.568071283367556,2.663987084188912
25025980300,8.819885046543463,2.664991654346338
25025980700,8.6848568678987,2.691690636550308
25025981000,8.794307132785763,2.682721161533196
25025981100,8.762975057494866,2.675730199178645
25025981201,8.789609796714579,2.626202509240246
25025981202,8.792621334702259,2.620530507186858
25025981300,8.742447969199179,2.629080655715264
25025981501,8.905663472279261,2.656791939767283
25025981502,8.709893440109514,2.66657219028063
25025981600,8.686912873374401,2.65980864202601
25025981700,8.884711368925394,2.605822962354552
25025981800,8.883721550308008,2.662282900752909
25025990101,8.632056518138262,2.654930587953456
25027700100,7.353454468172485,2.810209587953456
25027701100,7.329880249144422,2.82868762422998
25027702200,7.393008606433949,2.88222683504449
25027703100,7.57409661670089,2.942563696098563
25027703200,7.506631761806982,2.926601646817248
25027703300,7.552323221081451,2.932465259411362
25027704200,7.569481470225873,2.909377039698836
25027705100,7.452660143052704,2.863257872005476
25027706100,7.541856017111567,2.847934941820671
25027707100,7.46925834770705,2.843908802874743
25027707200,7.447614777549624,2.844191848049281
25027707300,7.450895223134839,2.851375995208761
25027707400,7.415455986310746,2.844537297741273
25027707500,7.431765255989049,2.838337594113621
25027708100,7.533446258726899,2.845355706365503
25027709100,7.73043242642026,2.866257106776181
25027709201,7.836188370294319,2.879122594113621
25027709202,7.877927302532512,2.885938674880219
25027709400,7.838674154004107,2.889259181382615
25027709501,7.861134608487337,2.892276826830938
25027709502,7.805202331279945,2.88854046954141
25027709600,7.805441340862423,2.884680993155373
25027709701,7.758380746748802,2.877168208761122
25027709702,7.789195210130048,2.883771529089665
25027710100,7.732695406570842,2.877131775496236
25027710200,7.658527570157426,2.864662127994524
25027710300,7.576666388774812,2.85137214715948
25027710400,7.62487800752909,2.857280759069131
25027710500,7.614541145106092,2.85781526146475
25027710600,7.64809883504449,2.863425619438741
25027710700,7.648231822039699,2.867089635865845
25027710800,7.626138957563313,2.856221818617385
25027711000,7.67549325393566,2.872246121149897
25027711100,7.568321472963724,2.85217211156742
25027712101,7.728574203969884,2.88110123340178
25027712102,7.872095015742642,2.905036945242984
25027713100,8.012063355920602,2.904263916495551
25027715100,8.18933165982204,2.911030728268309
25027716100,8.096518175906913,2.880489146475017
25027716200,8.071816122518823,2.885726849418207
25027716300,8.10743696440794,2.88678871321013
25027717100,8.206091417522245,2.888123349760438
25027718100,8.125536216974675,2.847507882272416
25027719100,7.908869796714579,2.862044731690623
25027720100,7.701080934291581,2.843498948665298
25027721101,7.677930611225188,2.832799552361396
25027721102,7.684466401779603,2.816500951403148
25027722100,7.58755421560575,2.859416754277892
25027723100,7.701793987679672,2.886239165639973
25027724100,7.789369501026694,2.862920760438056
25027725100,7.760590037645448,2.834360969199179
25027726100,7.837616184120465,2.802111490075291
25027726200,7.837358160164271,2.803404976043806
25027727100,7.847177074606434,2.796525690622861
25027728100,7.91214209377139,2.798876520876112
25027728200,8.010799262149213,2.792770737166324
25027728300,7.915461368925394,2.813265162217659
25027728400,7.873253585215606,2.820792058179329
25027729100,8.005089988364134,2.834149856262834
25027729200,8.028514667351129,2.8168396954141
25027730100,8.05030465982204,2.786394690622861
25027730200,8.08347335797399,2.793395753593429
25027730300,8.084208375085558,2.780177345653662
25027730401,8.113469822039699,2.768987924024641
25027730402,8.11250851266256,2.756472325804244
25027730500,8.090585999315537,2.757998466119096
25027730600,8.052161841204654,2.771303476386037
25027730700,8.018143509240246,2.773476212183436
25027730801,8.071598965092402,2.758380516769336
25027730802,8.076343475701574,2.748343524298426
25027730901,8.070220594113621,2.753696011635866
25027730902,8.0576996091718,2.760943259411362
25027731001,8.040325390143737,2.767403193702943
25027731002,8.060866579055442,2.755060850787132
25027731101,8.074596815879535,2.746531943874059
25027731102,8.085272862422998,2.747098993155373
25027731202,8.09335864476386,2.743391066392882
25027731203,8.089393558521561,2.741825214236824
25027731204,8.085406906913073,2.746508042436687
25027731300,8.106206187542779,2.735602278576318
25027731400,8.10264583504449,2.734346701574264
25027731500,8.104932605749487,2.733709851471595
25027731600,8.110970422313484,2.738833315537303
25027731700,8.123588467488022,2.728916647501711
25027731800,8.138918277207392,2.737235724161533
25027731900,8.119887865845311,2.743414826830938
25027732001,8.117321588637919,2.785792592060233
25027732002,8.142512490075291,2.7659103908282
25027732201,8.171211278576318,2.760852041067762
25027732202,8.157976639972622,2.745931117043121
25027732203,8.146025963723477,2.735334790554415
25027732301,8.17621571321013,2.756239646132786
25027732302,8.156734464065708,2.745214855578371
25027732400,8.13398123340178,2.73024740862423
25027732500,8.123486029431896,2.729096048596852
25027732600,8.124862649555099,2.736319100616016
25027732700,8.128198460643395,2.735480359342916
25027732801,8.179577143737166,2.763334973990418
25027732802,8.145169344284736,2.748942503764545
25027732901,8.120043726214921,2.747112004106776
25027732902,8.111981791238878,2.741193828884326
25027733000,8.104421479123888,2.737745130047912
25027733101,8.068544822039699,2.751779012320328
25027733102,8.051638383983573,2.756223432580424
25027735100,7.928056494182067,2.782899653661875
25027735200,7.99676025119781,2.774771399726215
25027736100,7.998550333333333,2.765904795345654
25027736200,8.027478296372348,2.758693203969884
25027736300,8.061537828199863,2.756589649555099
25027736400,8.091791927446954,2.749048776180698
25027736500,8.048152826830938,2.759120865160849
25027737100,8.084812918548939,2.758736121149897
25027737200,8.14116698220397,2.767668101300479
25027737300,8.1675733045859,2.768198497604381
25027738100,8.189281134154689,2.775907115674196
25027738201,8.203636915811088,2.784605281314168
25027738202,8.247775117727584,2.802745820670773
25027739100,8.23328524366872,2.799617932922656
25027739200,8.182458874743326,2.780555807665982
25027739300,8.21065598220397,2.801752804928131
25027739400,8.229375250513347,2.822281523613963
25027739500,8.177537392197125,2.813354658453114
25027740101,8.241556882956879,2.851016516084873
25027740102,8.285987654346338,2.86681772073922
25027740200,8.275398796714579,2.861764422997947
25027741101,8.405468709103354,2.875847170431212
25027741102,8.365748856947296,2.872065594113621
25027742300,8.302720248459959,2.836617609856263
25027742401,8.299644199863108,2.828855917180014
25027742402,8.284248192334018,2.830391811772758
25027743100,8.252996828884326,2.795486833675565
25027744101,8.303482587953456,2.798283488706366
25027744102,8.265888048596852,2.78290770294319
25027744200,8.285162691991786,2.769132440109514
25027744300,8.270532758384668,2.773937263518138
25027744400,8.267757889801506,2.775968173169062
25027745100,8.242080310746064,2.762714273785079
25027746100,8.184595800136892,2.733057865160849
25027747101,8.150142751540041,2.677854203285421
25027747102,8.120388858316222,2.684159236824093
25027748100,8.085714798083504,2.687932413415469
25027749100,8.038698648870637,2.703562210130048
25027749200,8.088065904175222,2.729591058863792
25027750100,8.101491125256674,2.750257811772758
25027750200,8.144114795345654,2.762633234770705
25027750300,8.182916029431896,2.773667507871321
25027751101,8.0648871724846,2.753498661875428
25027751102,8.03292651266256,2.750975600958248
25027752100,7.91968328678987,2.715610069130732
25027753100,7.946535248459959,2.759397106091718
25027753200,7.926190939767283,2.761540714579055
25027754100,7.845599887748118,2.725603689938398
25027754200,7.83666578439425,2.733654854209446
25027754300,7.829214082135524,2.739855600958248
25027754400,7.796106758384668,2.723891108145106
25027755100,7.811302441478439,2.737871041752224
25027755200,7.796825237508556,2.746349049281314
25027756101,7.837500835728953,2.795920897330596
25027756102,7.874902018480493,2.779513984941821
25027757100,7.777949216974675,2.780616447638604
25027757200,7.767609514715948,2.773312321013005
25027757300,7.76604413963039,2.774611292950034
25027757400,7.756962356605065,2.771258335386721
25027757500,7.733735960985626,2.759922872005476
25027758101,7.753640537303217,2.785638947296372
25027758102,7.795824475701574,2.80187054825462
25027759100,7.809846124572211,2.810911192334018
25027760100,7.796954012320328,2.827582260095825
25027761100,7.848278222450376,2.863094843258042
25027761200,8.3278525633128,2.854812112251882
25027761300,8.246288904175222,2.793738396988364
25027761400,8.141979676249144,2.932783883641342
26001000100,7.320173162217659,3.65660484531143
26001970100,7.338975859685147,3.6681158275154
26001970400,7.431329451060917,3.685118709787817
26001970500,7.293349284736482,3.618063524982888
26001970600,7.515648519507187,3.716153578370979
26003000100,6.237190429158111,3.189332605749487
26003000200,6.473684755646817,3.306905368925394
26003000300,6.611984725530459,3.354131585900068
26005030200,9.601789637234771,4.029545095140315
26005030300,10.035410505817933,4.250977641341547
26005030401,10.14626964476386,4.325319208761122
26005030402,10.120028044490075,4.337596268309377
26005030500,10.061102998631075,4.320993542094456
26005030600,10.036980729637235,4.287826467488022
26005030702,9.851402342915811,4.198865192334018
26005030703,9.717307425051335,4.12727480698152
26005030704,9.754326733744011,4.135799603011636
26005030800,9.581212275838467,4.062936554414784
26005030901,9.657699275154004,4.09495120807666
26005030902,9.603912576317591,4.07782070568104
26005031000,9.798658881587954,4.166517651608487
26005031100,9.96530515742642,4.252929344969199
26005031200,9.9445243908282,4.240143877481177
26005031300,10.068025731690623,4.31417167008898
26005031800,10.077912546201232,4.28672078439425
26005031900,10.114784919233402,4.30394462422998
26005032000,10.11104246954141,4.316365339493498
26005032100,10.15240563449692,4.310749567419576
26005032200,9.740882057494866,4.075048299110198
26005032401,9.809386791238878,4.121163645448323
26005032402,9.773299134154689,4.114579321013005
26005032600,9.673355403148528,4.038133542094456
26007000100,7.264796427104723,3.632508335386721
26007000200,7.329634605065024,3.666300682409309
26007000300,7.29249503559206,3.663795999315537
26007000400,7.408878099931554,3.709118630390144
26007000500,7.400356234086242,3.698289277207392
26007000600,7.352245169746749,3.679826273100616
26007000700,7.365776036276523,3.683782427104723
26007000800,7.398965466119096,3.692435237508556
26007000900,7.307061594113621,3.663763453798768
26009960100,7.152154977412731,3.497782342915811
26009960200,7.205829024640657,3.52917563449692
26009960300,7.236980366872006,3.52183541615332
26009960400,7.281490991786448,3.540129722108145
26009960500,7.313840307323751,3.53670603559206
26009960600,7.295793123887748,3.521369711841205
26009960700,7.221766110882957,3.514799080082136
26011970100,7.957882883641342,3.791467405201916
26011970200,7.990304310746064,3.782181477754962
26011970300,8.101698380561259,3.82140975633128
26011970400,8.033844950718686,3.806209700889802
26011970500,8.216938279945243,3.844749103353867
26013000100,6.347016773442847,3.246029984257358
26013000200,6.427111331279945,3.263641158795346
26015010100,9.732260495550992,4.256737110882957
26015010200,9.826870032854209,4.281182188911704
26015010300,10.002141030800821,4.315209503764545
26015010401,9.993993270362765,4.301360958932238
26015010402,9.976444628336756,4.308538952087611
26015010500,10.070656856262834,4.295072544147844
26015010600,9.946406628336756,4.287491522245038
26015010700,9.88491678439425,4.281367460643395
26015010800,9.83107429705681,4.27116411430527
26015011300,9.808190804928131,4.27000990622861
26015011400,9.871720494182067,4.285751216974675
26017280300,9.06943463449692,3.944143668720055
26017280400,9.096940626283368,3.958358380561259
26017280500,9.069311082819986,3.945651178644764
26017280600,9.121602431211499,3.955169863107461
26017280700,9.132878553730322,3.952411665297741
26017280800,9.141720709103354,3.942730198494182
26017280900,9.173061881587954,3.956382727583847
26017281000,9.124248036960986,3.958563740588638
26017281300,9.025652772758385,3.950427109514032
26017285100,8.998331800821355,3.936899653661875
26017285201,8.967565963723477,3.936608476386037
26017285202,8.90551058110883,3.927564672142368
26017285300,9.108117079397673,3.969142123203285
26017285400,9.192170453114305,4.005279637919233
26017285500,9.11565138329911,3.98872101026694
26017285600,9.02655151266256,4.027344594798084
26017285700,9.000641825462012,3.978801984257358
26017285800,9.036017843942505,3.955602633127994
26017285900,8.952157313483915,3.940150266940452
26017286000,8.872810298425736,3.936272468856947
26017286100,8.801918800136892,3.960365906913073
26017286200,8.559569793976728,3.907935101984942
26017286300,8.353189165639973,3.866262338124572
26017286400,8.253849429158111,3.841008618069815
26017286500,9.073548944558522,3.951485046543463
26017286600,9.070608362080767,3.958907954825462
26019000100,7.318130778918549,3.438794638603696
26019000200,7.238077511978097,3.411394310061602
26019000300,7.240639796714579,3.375315223134839
26019000400,7.261009669404518,3.362827872005476
26019000500,7.335719301163587,3.383207161533196
26021000300,10.02605052019165,4.06202576386037
26021000400,10.038274556468172,4.069267316221766
26021000500,10.060810297741273,4.069751620807666
26021000600,10.071984902121834,4.068015188911704
26021000700,10.094762277891855,4.083221612594114
26021000800,10.035583266940452,4.06981109377139
26021000900,10.092159995208761,4.087737901437372
26021001000,10.071999399041752,4.079202535249829
26021001100,10.136881820670773,4.090842989048597
26021001300,10.10877434770705,4.083716136208077
26021001400,10.14889546201232,4.09205795687885
26021001500,10.161110010951403,4.090893612594114
26021001600,10.181565474332649,4.098739062286105
26021001700,10.216268040383299,4.108561886379192
26021001800,10.241825641341547,4.116386589322382
26021001900,10.25677459137577,4.122994040383299
26021002000,10.11920415742642,4.092029551676934
26021002100,10.114832739219712,4.094224585215606
26021002200,10.064418987679672,4.073507822039699
26021002300,10.030855201916496,4.057054993155373
26021002400,10.115360712525667,4.080367932922656
26021002500,9.995609189596167,4.048327971252567
26021010100,9.886762443531828,4.010146571526352
26021010200,9.898565907597536,3.992969405201916
26021010300,9.953788392197125,4.045939859000684
26021010400,10.113415788501027,4.084252069815195
26021010500,10.313151826830938,4.146218838466804
26021010600,10.514016108829569,4.181279097193703
26021011000,10.345422835728953,4.131258950034223
26021011100,10.292244963039014,4.112055793292266
26021011200,10.407661379876797,4.106909041752224
26021011300,10.554833793976728,4.092037640657084
26021011400,10.571759533196441,4.13491012183436
26021011500,10.645937027378508,4.165513106776181
26021011600,10.493729119780972,4.137038918548939
26021020100,10.585768156741958,4.167575545516769
26021020200,10.699627715947981,4.179476443531828
26021020300,10.782303156741958,4.179926715263518
26021020400,10.694594648186174,4.196288284052019
26021020500,10.763951384668036,4.204152819301848
26021020600,10.800447963039014,4.197019603011636
26021020700,10.830604289527721,4.194407073237509
26021020900,10.797958076659822,4.208267381245722
26021021000,10.8738625633128,4.193722203285421
26021021100,10.90172479192334,4.180661657768652
26021021200,10.935762904859685,4.171819750171116
26021021300,10.41953919028063,4.156758258726899
26021021400,10.41477605338809,4.150358809034908
26023950100,10.138009780971937,4.381084510609172
26023950200,10.262641466119096,4.391708751540041
26023950300,10.360108750855578,4.434548743326489
26023950800,10.213121978781656,4.411032785763176
26023950900,10.21206452019165,4.404253646817248
26023951000,10.30860882477755,4.441923227241615
26023951100,10.381785623545517,4.459389112251882
26023951200,10.4820526954141,4.468928774811773
26023951300,10.242261235455168,4.416731113620808
26023951400,10.237493776865161,4.413996075290897
26023951500,10.248573266255989,4.420097455167693
26023951600,10.275785430527036,4.427540804243669
26025000200,10.17262852019165,4.365575595482546
26025000300,10.167351118412046,4.361702390143737
26025000500,10.207540201232033,4.374888067761807
26025000600,10.202436149897331,4.379137344969199
26025000700,10.166585065023956,4.369997857631759
26025000800,10.138433438056126,4.366588733744011
26025000900,10.131058681724846,4.358104062970568
26025001000,10.129725788501027,4.355572750855578
26025001100,10.145994580424367,4.357096704996578
26025001200,10.121254904175222,4.336289556468172
26025001300,10.170828708418891,4.35164828678987
26025001400,10.198122504449008,4.359798694045174
26025001500,10.214956260780288,4.356474430527036
26025001600,10.208311238877481,4.367924720054757
26025001700,10.207814772073922,4.367717725530459
26025001800,10.20785703559206,4.370598626283368
26025001900,10.172928083504449,4.370267441478439
26025002000,10.105810030116359,4.357092228610541
26025002100,10.130313810403833,4.361323843258042
26025002200,10.005087405201916,4.31975451266256
26025002300,10.028655553045859,4.325360090349076
26025002400,10.058433481177276,4.320889630390144
26025002500,10.061511141683778,4.31836929431896
26025002600,10.184955117043121,4.342998014373717
26025002700,10.172932281998631,4.358872995208761
26025002800,10.197680229979466,4.368778481177276
26025002900,10.044073801505818,4.345197744010951
26025003000,9.938657774811773,4.304004055441478
26025003100,9.91034331485284,4.284087032854209
26025003200,9.858692169746749,4.257213729637235
26025003300,9.865362843942505,4.265213127310062
26025003400,9.856778932238193,4.258612088980151
26025003500,9.848736800136892,4.249341808350445
26025003600,9.851076124572211,4.249716704312115
26025003700,9.806510514031485,4.25002866255989
26025003800,9.927388073921971,4.297173559206023
26025003900,9.95420599247091,4.304390665297741
26025004000,9.954881198494182,4.30899431485284
26025004100,10.189415643394935,4.370880260095825
26027001000,10.87859599247091,4.36124937577002
26027001100,11.032818464750171,4.303003955509925
26027001200,11.038702470225873,4.264415527036276
26027001500,10.829563206707734,4.210342672826831
26027001600,10.725835227241615,4.301021862422998
26027001700,10.492498884325804,4.30897459890486
26027001800,10.965454602327173,4.220803010951403
26027001900,10.355163052703628,4.185225054072553
26027002000,10.389119077344285,4.231571112251882
26027002100,10.700726529774127,4.265034746748802
26027002200,10.665779776180698,4.226284541409993
26029000100,7.107954774811773,3.507895532511978
26029000200,7.160407921971253,3.532439481177276
26029000300,7.172606954825462,3.530822106776181
26029000400,7.099480916495551,3.488619115674196
26029000500,6.572319394250513,3.284019252566735
26029000800,7.078083872689938,3.478544614647502
26029000900,7.182085259411362,3.527367720054757
26029001000,7.240278635181383,3.541786313483915
26029001100,7.246550597535934,3.547875345653662
26029001200,7.205688762491444,3.538762993839836
26029001300,7.196266968514716,3.536507915126626
26029001400,7.194249095824778,3.535188657084189
26029001500,7.055911629021218,3.474429013004791
26031960100,6.921165263518138,3.428040786447639
26031960200,6.910608363449692,3.416922775496236
26031960300,6.91458881724846,3.426945918548939
26031960400,6.89056701779603,3.424202492813142
26031960500,6.992773443531828,3.471289345653662
26031960600,7.01247585284052,3.477611767282683
26031960700,6.974880444900753,3.46979906091718
26031960800,7.00531411156742,3.483093820670773
26033970100,6.822477516769336,3.123291511293634
26033970200,6.866697349075975,3.056339084873374
26033970300,6.853760834360027,3.02109639835729
26033970400,6.867512698836413,3.036448088980151
26033970500,6.898462135523614,3.055224966461328
26033970600,6.488158805612594,3.047561991101985
26033970700,6.271656123203285,3.087220881587954
26033970800,6.499947865845311,3.10425189596167
26033970900,6.691466559206023,3.140742752224504
26033971000,6.659526759753593,3.189890015742642
26033971100,6.463687804243669,3.21174345174538
26033980100,6.687132926078029,3.13204838329911
26033980200,6.702344728952772,3.150665434633812
26033980300,6.695017848733744,3.147241676933607
26035000100,7.612095330595482,3.557051950718686
26035000200,7.646756433264887,3.556791704312115
26035000300,7.820334886379192,3.654070003422314
26035000400,7.98646196440794,3.730079589322382
26035000500,8.019513465434634,3.746893201916496
26035000600,8.189331238193018,3.815158937029432
26035000700,7.939612252566735,3.713929778918549
26035000800,7.991167481861738,3.739612993839836
26035000900,7.718199891170431,3.608128167008898
26035001000,7.705516310061602,3.595271771389459
26035001300,7.808489537303217,3.645778440793977
26037010104,9.765070503764545,4.127486977412731
26037010105,9.718453558521561,4.139245960985626
26037010107,9.750726814510609,4.133403033538672
26037010108,9.763598411362081,4.147411653661875
26037010201,9.808410054072553,4.123545828884326
26037010203,9.832990510609172,4.119169568788501
26037010204,9.815388765229295,4.138170318275154
26037010300,9.761738765913758,4.169679711841205
26037010400,9.636534464750171,4.191340770704997
26037010500,9.46132021560575,4.153168121149897
26037010600,9.343155338124572,4.144745682409309
26037010701,9.341647516769336,4.122584582477755
26037010702,9.315187879534565,4.093726187542779
26037010801,9.452811572895277,4.135726536618754
26037010802,9.480729904175222,4.139483543463381
26037010901,9.471438623545517,4.125599538672142
26037010902,9.617731934291581,4.149571550308008
26037011001,9.436872902806297,4.095897746748802
26037011002,9.559847764544832,4.090111814510609
26037011101,9.682850659137577,4.093044119780972
26037011104,9.767560503764545,4.100296631759069
26037011200,9.833989714579055,4.112052865845311
26039960100,7.312303613278576,3.546765171800137
26039960200,7.370053194387406,3.529828169746749
26039960300,7.425363882272416,3.5680246091718
26039960400,7.407528765229295,3.570127065708419
26039960500,7.427311446954141,3.526973378507871
26041970100,6.801879501711157,3.398919522245038
26041970200,6.833350362765229,3.419142649555099
26041970300,6.875125056125941,3.435838206023272
26041970400,7.140561800821355,3.518123094455852
26041970500,7.174795952772074,3.522382027378508
26041970600,7.154040698151951,3.526211292265572
26041970700,7.218123991101985,3.508825813826146
26041970800,7.247963428473648,3.546905138261465
26041970900,7.255578600958248,3.543556406570842
26041971000,7.255088048596852,3.54202727926078
26041971100,7.259703971252567,3.544195550308008
26043950100,6.733143606433949,3.369662310746064
26043950200,7.045449161533196,3.457112507871321
26043950300,7.201825891854894,3.49574580971937
26043950400,7.185331382614648,3.488437145790554
26043950500,7.194232175906913,3.491483406570842
26043950600,7.189187022587269,3.489966759753593
26043950700,7.1634194366872,3.479919828199863
26045020101,9.832467859685147,4.151860539356605
26045020102,9.850039306639288,4.158668484599589
26045020103,9.841859648186174,4.154620865160849
26045020104,9.858000339493498,4.144748788501027
26045020201,9.852891800821355,4.14814086036961
26045020202,9.860668450376454,4.14623534770705
26045020302,9.812338832306639,4.180909099247091
26045020303,9.847582188911704,4.167254565366188
26045020304,9.823891109514032,4.169635451060917
26045020402,9.768471915126626,4.1844158275154
26045020403,9.751018782340862,4.18545388569473
26045020404,9.747802161533196,4.190359683778234
26045020500,9.687047730321698,4.193918244353183
26045020601,9.742787224503764,4.185010945242984
26045020602,9.707808459958932,4.197595989048597
26045020700,9.68695336550308,4.227291791238878
26045020800,9.759918003422314,4.235634672142368
26045020901,9.714136676249144,4.199229517453799
26045020902,9.71185090622861,4.195884669404518
26045021001,9.710990016427105,4.196965624914442
26045021002,9.709648559890486,4.197802015058179
26045021100,9.734189647501711,4.212043675564682
26045021201,9.756784744695414,4.167637032854209
26045021202,9.735651266940452,4.172918770020534
26045021301,9.745210198494182,4.163277315537303
26045021302,9.739869197809719,4.16923931211499
26045021401,9.823685960985626,4.175751140314853
26045021402,9.81369093908282,4.16365750513347
26047970100,6.779863089664613,3.36648236550308
26047970200,6.920177235455168,3.434636689938398
26047970300,6.850039948665298,3.401930513347023
26047970400,7.017134585900068,3.468173610540726
26047970500,7.073433529774127,3.504502631759069
26047970600,7.139556579739904,3.525426063655031
26047970700,7.103567404517454,3.509222698836413
26047970800,7.10029294934976,3.503674585215606
26049000100,9.571086094455852,3.940264118412046
26049000200,9.569127622861054,3.928835174537988
26049000300,9.577977896646133,3.940196242984257
26049000400,9.577091650924025,3.924468958247776
26049000500,9.582521136208077,3.931095211498973
26049000600,9.583032751540041,3.922681234770705
26049000700,9.591482779603012,3.932935675564682
26049000800,9.593811316906229,3.926387762491444
26049000900,9.598359639972622,3.92912480971937
26049001000,9.605502091718001,3.928024730321698
26049001100,9.60916703559206,3.921237245722108
26049001200,9.608699167008898,3.938344219028063
26049001300,9.604492390143737,3.928196466119096
26049001400,9.610198119096509,3.925044379192334
26049001500,9.61515070294319,3.926799981519507
26049001600,9.611357438740589,3.939625253251198
26049001700,9.564789577686516,3.916112440793977
26049001800,9.560391237508556,3.90703159137577
26049001900,9.563081955509925,3.90621853045859
26049002000,9.584357480492813,3.906842230663929
26049002200,9.591829646817248,3.895037590006845
26049002300,9.581524632443532,3.892504826830938
26049002400,9.570689928131417,3.898641557837098
26049002600,9.598667504449008,3.907059
26049002700,9.577519707734428,3.896617002053388
26049002800,9.611182676933607,3.915160470225873
26049002900,9.604476882956879,3.911650859000684
26049003000,9.598739611909651,3.908782285420945
26049003100,9.586948056810404,3.896773862422998
26049003200,9.598245960985626,3.907406650239562
26049003300,9.601851858316222,3.904854544147844
26049003400,9.594762880903491,3.905596839151266
26049003500,9.597584115674196,3.910143266940452
26049003600,9.603613886379192,3.924510127994524
26049003700,9.613664592744695,3.925969377138946
26049003800,9.605367763175907,3.914631418206708
26049004000,9.609208635181383,3.915587645448323
26049010110,9.43909502532512,3.988080552361396
26049010111,9.399528843258042,3.991849052019165
26049010112,9.402302908966461,3.981691657084189
26049010113,9.457984747433265,3.976343240930869
26049010114,9.455791388774812,3.978956397672827
26049010115,9.488605314168378,3.971081410677618
26049010201,9.401180249144422,3.997064018480493
26049010202,9.455012720054757,3.983905168377823
26049010304,9.563132403148528,3.94149783504449
26049010305,9.541170664613279,3.950677417522245
26049010501,9.574066623545517,3.947808727583847
26049010502,9.55611179945243,3.967553969199179
26049010503,9.513435661190965,3.977314655030801
26049010504,9.528971396988364,3.963906305954826
26049010603,9.523329682409309,3.978163929500342
26049010604,9.521861490075291,3.990791741957563
26049010610,9.48648214715948,3.99251285284052
26049010700,9.465575696783025,4.001465099931554
26049010810,9.576037986310746,3.963143442847365
26049010811,9.591379286105407,3.952187162217659
26049010812,9.598788673511294,3.942233507186858
26049010813,9.581670303216975,3.963614990417522
26049010910,9.594666232032854,3.936226841889117
26049010911,9.603605043805613,3.940171027378508
26049010912,9.584994668720055,3.943340711841205
26049011010,9.598943740588638,3.918379065023956
26049011101,9.527430744010951,3.863491735112936
26049011102,9.543741654346338,3.887198637234771
26049011209,9.542046095140315,3.878808566735113
26049011210,9.554533009582478,3.883798623545517
26049011211,9.57917037577002,3.907229708418891
26049011212,9.585694104722793,3.901972250513347
26049011213,9.561845060232717,3.892715770704997
26049011214,9.536932303216975,3.877689995208761
26049011301,9.597780407255305,3.914756828199863
26049011302,9.588948452429843,3.903192310746064
26049011401,9.580575159479808,3.903027935660506
26049011402,9.558616210130048,3.897564002737851
26049011502,9.564904156057495,3.9015564770705
26049011503,9.547711014373717,3.900618255304586
26049011505,9.571721972621492,3.901914065023956
26049011508,9.576702788501027,3.896973490759754
26049011601,9.476112082819986,3.878706750171116
26049011610,9.516032654346338,3.888916640657084
26049011710,9.465637187542779,3.899988056125941
26049011711,9.481393,3.901887890485968
26049011712,9.432081618754278,3.891454865845311
26049011713,9.512743295003422,3.89603924366872
26049011714,9.503726566735113,3.905108364818617
26049011800,9.462572448323066,3.904485323066393
26049011901,9.382637843258042,3.915292645448323
26049011902,9.398634124572211,3.910386697467488
26049012003,9.475308458590007,3.925001359342916
26049012006,9.550007370978782,3.896656004791239
26049012007,9.525765947980835,3.912463539356605
26049012008,9.518575789185489,3.904611613963039
26049012009,9.507395236824093,3.908009533880904
26049012100,9.48145642642026,3.936847020533881
26049012201,9.519579067077344,3.936178454483231
26049012202,9.545438088980151,3.919970207392197
26049012310,9.51240880698152,3.950187367556468
26049012311,9.511477367556468,3.952925833675565
26049012401,9.319585618069815,3.938498498973306
26049012402,9.264053471594798,3.923840137577002
26049012501,9.374459676249144,3.953938415468857
26049012503,9.455126171115674,3.965738521560575
26049012504,9.379157579055442,3.971883988364134
26049012601,9.376358994524298,4.012678028747433
26049012602,9.38931529705681,4.013654263518138
26049012603,9.415036330595482,4.003273087611225
26049012702,9.550891613278576,3.952805826146475
26049012703,9.510586607802875,3.985893191649555
26049012704,9.548556496235455,3.978412346338125
26049012801,9.491366780287474,3.946967381245722
26049012802,9.523096798083504,3.937016162902122
26049012904,9.56802690622861,3.930727504449008
26049012905,9.586502266255989,3.914203069815195
26049012906,9.550881646132786,3.900348596167009
26049012907,9.541120769336071,3.916607477754962
26049013001,9.446570830253251,3.904908631074606
26049013002,9.455253060232717,3.884275793292266
26049013110,9.507215675564682,3.899472241615332
26049013111,9.502797511293634,3.873153504449008
26049013112,9.480146570841889,3.86893127652293
26049013113,9.486271653661875,3.880250178644764
26049013202,9.498056437371663,3.849658169746749
26049013204,9.488337642710472,3.8479141724846
26049013301,9.512462136892539,3.870023518138262
26049013401,9.47632840862423,3.8525368678987
26049013402,9.470638915126626,3.845950264202601
26049013500,9.605310932238193,3.910895074606434
26049013600,9.606053338809035,3.908789622861054
26049980000,9.595788719370294,3.934893843258042
26049980100,9.58340036550308,3.901710169746749
26051000100,7.704991997262149,3.630012377138946
26051000200,7.812858141683778,3.697869045859001
26051000300,7.99537843394935,3.76057820054757
26051000400,7.908907045859001,3.708421342915811
26051000500,8.082184737850787,3.781028934976044
26051000600,8.09330327926078,3.786640618754278
26051000700,7.999349312799452,3.748374138261465
26051000800,8.189504263518138,3.817955795345654
26051000900,8.33468084531143,3.866359720054757
26053950100,6.472068881587954,3.199268034223135
26053950200,6.540573134839151,3.232480858316222
26053950300,6.757396535249829,3.303203278576318
26053950400,6.64905380971937,3.261839757015743
26053950500,6.775412880219028,3.299465650924025
26053950600,6.789839098562628,3.311745694045174
26053950700,6.582214105407255,3.233310437371663
26055550101,7.425300313483915,3.532810753593429
26055550102,7.39296340109514,3.538872861054073
26055550200,7.401063306639288,3.517021752908966
26055550300,7.372904491444216,3.492306770020534
26055550400,7.356822341546886,3.481558947980835
26055550500,7.40088332991102,3.498369147843942
26055550600,7.420456999315537,3.515120961670089
26055550700,7.453630657084189,3.54477865229295
26055550800,7.410084336071184,3.517612232032854
26055550900,7.327153856947296,3.520656167008898
26055551000,7.458837363449692,3.553970993839836
26055551100,7.462007861054073,3.560125660506502
26055551200,7.484645843258042,3.560632515400411
26055551300,7.484357318275154,3.554729095824778
26055551400,7.497234665297741,3.565119204654346
26055551500,7.464763388090349,3.552036403148528
26057000100,8.965000880903491,4.087058744695414
26057000200,9.031171635181383,4.092999583162218
26057000300,8.992361769336071,4.081074125256674
26057000400,8.985568134839151,4.081570178644764
26057000500,9.010311667351129,4.095158431895962
26057000600,9.049814793292266,4.102634195071869
26057000700,9.011413008213552,4.053787251882272
26057000800,9.203393182067077,4.129495486652977
26057000900,9.177706980835044,4.091368090349076
26057001000,9.153056236824093,4.117098635181383
26059050100,9.928576054072553,4.18633459137577
26059050200,9.906644306639288,4.243709203969884
26059050300,9.982112703627652,4.311252577686516
26059050400,10.110236855578371,4.363005541409993
26059050500,9.977592440109514,4.292057461327858
26059050600,9.97441877412731,4.231943720054757
26059050700,10.01810825393566,4.300204721423682
26059050800,10.030767372347707,4.303055741957563
26059050900,10.08455586036961,4.335356821355236
26059051000,10.073553190965092,4.276076309377139
26059051100,10.228380281998631,4.357441796714579
26059051200,10.227610657084189,4.388990794661191
26061000100,6.319779203969884,3.250627604380561
26061000200,6.244632448323066,3.225452086926762
26061000300,6.243001569472964,3.222340656399726
26061000400,6.314909553045859,3.248376942505134
26061000500,6.375230937713895,3.280054264887064
26061000600,6.306789755646817,3.24001894661191
26061000700,6.198208235455168,3.180729698151951
26061000800,6.366616519507187,3.26747416495551
26061000900,6.312425780287474,3.241344454483231
26061001000,6.363271410677618,3.235993996577686
26063950100,8.019736206707734,3.871986327857632
26063950200,8.23543170568104,3.930621062286105
26063950300,8.241288,3.925882209445585
26063950400,8.209705529089665,3.896566887748118
26063950500,8.239222968514716,3.887998972621492
26063950600,8.422353826146475,3.963996665982204
26063950700,8.427955592060233,3.923407874058864
26063950800,8.565972446269678,3.934481420944558
26063950900,8.52439180698152,3.973404180698152
26063951000,8.466077826146475,3.977836090349076
26063951100,8.467463285420945,3.981515271047228
26063951200,8.322383472279261,3.93966412183436
26065000100,9.848305140999316,4.105915689938398
26065000400,9.853230110882957,4.111892518822724
26065000600,9.856123895277207,4.108693492128679
26065000700,9.855398797399042,4.109393149212868
26065000800,9.851895507186858,4.093644145790554
26065001000,9.85911433744011,4.093313675564682
26065001200,9.860924161533196,4.094524750171116
26065001703,9.870487920602327,4.139264190965092
26065002000,9.873150440793977,4.111194651608487
26065002101,9.864872298425736,4.093246529774127
26065002200,9.875585742642026,4.11178783504449
26065002300,9.876141636550308,4.121291151266256
26065002600,9.876833301163587,4.125764121149897
26065002700,9.884996459958932,4.130791201916496
26065002800,9.880128453798768,4.125712658453114
26065002901,9.87489836550308,4.113699402464066
26065002902,9.880118047912389,4.119053518138262
26065003103,9.846860173169062,4.09455276659822
26065003200,9.838482283367556,4.10817492128679
26065003301,9.835082498288843,4.12806006091718
26065003302,9.846386542094456,4.134404529774127
26065003400,9.848625000684463,4.128538360027378
26065003500,9.863735804243669,4.136842404517454
26065003601,9.875117994524298,4.150232174537988
26065003602,9.87843746201232,4.142102691307324
26065003700,9.876382080766598,4.130724742642026
26065003801,9.845066722792608,4.098672650239562
26065003802,9.838451338809035,4.101338396988364
26065003901,9.825389503080082,4.097590966461328
26065003902,9.831337757015743,4.103837312799452
26065004000,9.850793063655031,4.096248869267625
26065004100,9.842228275838467,4.094913169062286
26065004301,9.825963638603696,4.093850138945927
26065004302,9.830009754277892,4.097853278576318
26065004402,9.866215700889802,4.100808933607118
26065004403,9.857871130732375,4.101878189596167
26065004490,9.85384997467488,4.104763771389459
26065004491,9.836866641341547,4.099122618069815
26065004492,9.853423485284052,4.095827190965092
26065004493,9.836887783709788,4.09304334017796
26065004494,9.83823413963039,4.096713930184805
26065004500,9.812563579055442,4.100685099247091
26065004600,9.80129659890486,4.093747367556468
26065004700,9.743472986310746,4.085703492128679
26065004801,9.772016026009582,4.084772472963724
26065004802,9.723443150581793,4.073729937029432
26065004901,9.780860490759754,4.083712401779603
26065004902,9.82169066255989,4.104267880219028
26065005001,9.820050892539357,4.100821472279261
26065005002,9.754543735112936,4.081460086926762
26065005100,9.87259703559206,4.15347753798768
26065005201,9.873587593429158,4.14085750513347
26065005202,9.862386412046544,4.15091647980835
26065005302,9.881671107460643,4.137322595482546
26065005303,9.877385762491444,4.138487466803559
26065005304,9.8960948275154,4.141024718685832
26065005401,9.866773846680356,4.141850263518138
26065005402,9.862524105407255,4.132352392881588
26065005501,9.837652166324435,4.140878260780288
26065005502,9.832436468856947,4.122205055441478
26065005600,9.794796429842574,4.098499840520192
26065005700,9.679687603011636,4.050223934976044
26065005800,9.642649721423682,4.033732668720055
26065005900,9.567265958932238,4.001700410677618
26065006001,9.648123696783025,4.025765921971253
26065006002,9.58645499247091,3.979286113620808
26065006100,9.727450451060917,4.103159579739904
26065006200,9.698373122518823,4.066586508555784
26065006301,9.778255153319644,4.107985213552361
26065006302,9.760248876112252,4.102614714579055
26065006401,9.773260451060917,4.136441485968515
26065006402,9.73914702532512,4.141572710472279
26065006500,9.85900511430527,4.096085757700205
26065006600,9.85502738329911,4.102499133470226
26065006700,9.864153935660506,4.11703665229295
26065006800,9.850589226557153,4.119630635865845
26065007000,9.872004671457906,4.11819268788501
26065980000,9.861534519507187,4.107502047912389
26065980100,9.872212581793292,4.106100990417522
26065980200,9.863483885010267,4.121329123887748
26065980300,9.674042527036276,4.052261116358658
26067030100,9.401909260095825,4.181435735797399
26067030200,9.448137328542094,4.200653641341547
26067030300,9.451587590691307,4.195847553045859
26067030400,9.529382121149897,4.217790836413416
26067031200,9.672661028747433,4.235855407255305
26067031300,9.750713173853525,4.26356320807666
26067031400,9.577948548939083,4.20736479192334
26067031500,9.649750869267625,4.211037119096509
26067031600,9.50366293908282,4.21436684531143
26067031700,9.54239848733744,4.224033690622861
26067031900,9.614003224503764,4.233679425735797
26067032100,9.582588121149897,4.233337546201232
26067982200,9.571377381930185,4.236313238877481
26069000100,7.506061090349076,3.686740901437372
26069000200,7.646222431211499,3.740392479123888
26069000300,7.544110201916496,3.719904588637919
26069000400,7.5770223908282,3.72917192881588
26069000500,7.696284235455168,3.746336219712526
26069000600,7.814057412046544,3.77408590349076
26069000700,7.782422345653662,3.761100364134155
26069000800,7.581853391512663,3.69173164202601
26069000900,7.592787896646133,3.709442446269678
26071000100,6.63756112936345,3.3221654770705
26071000200,6.568980665982204,3.268944811088296
26071000300,6.785835355920602,3.34085019028063
26071000400,6.830034130047912,3.35643553798768
26071000500,6.86151073853525,3.385311630390144
26073000100,8.24070387063655,3.841255558521561
26073000200,8.415030282683094,3.911805952087611
26073000300,8.711730863107461,4.021609997946612
26073000400,8.704658973990418,4.012841141683778
26073000500,8.6945837816564,4.0079663908282
26073000600,8.708119266940452,4.010995316221766
26073000700,8.732708125941136,4.021512360711841
26073000800,8.751341048596852,4.027103590006845
26073000900,8.812940889117043,4.044250832306639
26073940100,8.457938123203285,3.926645561259411
26073940200,8.469293663928816,3.924818180698152
26073940300,8.656558772758385,3.994445051334702
26073940400,8.62796257357974,3.986721649555099
26073940500,8.675699072553046,4.000111004106776
26073940600,8.589098145106092,3.972156788501027
26075000100,9.897062187542779,4.179983126625599
26075000200,9.889862210814511,4.164760434633812
26075000400,9.882192286105407,4.154413105407255
26075000500,9.901917687200548,4.173565227241615
26075000600,9.899961039014374,4.168751754277892
26075000800,9.927582752908966,4.184704238193018
26075000900,9.919740284052019,4.185198395619439
26075001000,9.915891828884326,4.173889750855578
26075001100,9.909862854893908,4.169197561943874
26075001200,9.896713178644764,4.156869904175222
26075001300,9.919846732375086,4.174352771389459
26075005000,9.912492804928131,4.168511288158795
26075005100,9.911576889117043,4.166788155373032
26075005200,9.91419341889117,4.187963987679672
26075005301,9.918447214921287,4.197049653661875
26075005302,9.929998850102669,4.203847115674196
26075005400,9.89261762422998,4.2130094366872
26075005500,9.89159819301848,4.184945227926078
26075005600,9.834702202600958,4.157013612594114
26075005700,9.854419184804928,4.156580759069131
26075005800,9.840899507871321,4.141539082819986
26075005900,9.85086076659822,4.145093996577686
26075006000,9.83133087063655,4.098683882956879
26075006100,9.886170975359343,4.11633812936345
26075006200,9.88712257357974,4.099795515400411
26075006301,9.89987519028063,4.173838742642026
26075006303,9.90250406844627,4.084536254620123
26075006304,9.910642809034908,4.130336584531143
26075006401,9.848161960985626,4.2265643045859
26075006402,9.865070683093771,4.221966688569473
26075006500,9.817248583162218,4.205933249828884
26075006600,9.750534559890486,4.171219088295688
26075006701,9.758693429842574,4.112124967145791
26075006702,9.735779767967146,4.06857332991102
26075006801,9.690911206023272,3.992050609856263
26075006803,9.883982088295688,4.020256688569473
26075006804,9.807384873374401,4.013247716632444
26075006900,9.889521739219712,4.162985406570842
26077000100,10.325264136208077,4.268059454483231
26077000201,10.335723711841205,4.280328086926762
26077000202,10.314857474332649,4.27417934770705
26077000300,10.320208863107461,4.287959984941821
26077000500,10.329025241615332,4.282157251882272
26077000600,10.351219334702259,4.289401604380561
26077000900,10.336036874058864,4.258410830937714
26077001000,10.355579693360712,4.270003569472964
26077001100,10.360681758384668,4.286639042436687
26077001200,10.369602786447639,4.297039394934976
26077001300,10.289528209445585,4.279698715263518
26077001501,10.300728859000684,4.288618046543463
26077001502,10.312726140999316,4.29937198973306
26077001503,10.320920397672827,4.296165126625599
26077001504,10.347315481177276,4.293708544832307
26077001506,10.331361454483231,4.300294707049966
26077001507,10.351064777549624,4.302878694045174
26077001601,10.367966798767967,4.29877964476386
26077001603,10.390933341546886,4.310610641341547
26077001604,10.391406631074606,4.317152023271732
26077001701,10.389505798767967,4.298759912388775
26077001702,10.380369481861738,4.29368520054757
26077001801,10.350483123203285,4.262077678302532
26077001802,10.373446036276523,4.28934872073922
26077001803,10.325318712525667,4.256428471594798
26077001905,10.387947281998631,4.303824061601643
26077001906,10.407778372347707,4.32067184257358
26077001907,10.409400155373032,4.317955338809035
26077002002,10.4004959137577,4.321101238877481
26077002003,10.404575026009582,4.313462721423682
26077002004,10.399493281998631,4.31697737303217
26077002005,10.405873381245722,4.322389147843942
26077002101,10.407399865845311,4.32926493908282
26077002102,10.395770702258727,4.326507691991786
26077002201,10.321864801505818,4.27083595687885
26077002202,10.293815269678302,4.276281312799452
26077002601,10.13199232238193,4.313667061601643
26077002700,10.188553095140315,4.300219527720739
26077002801,10.233137803559206,4.307445712525667
26077002802,10.223937690622861,4.303552144421629
26077002901,10.166627084188912,4.285094681724846
26077002903,10.30028924366872,4.2970182183436
26077002904,10.248822344284736,4.2873766091718
26077002905,10.326875852156058,4.305591088295688
26077003002,10.389021668720055,4.322844305954826
26077003003,10.318734021218344,4.300290306639288
26077003004,10.377507357289528,4.315843533880904
26077003302,10.360401362765229,4.325195819301848
26077003400,10.295027389459274,4.34693317522245
26077003500,10.395975664613279,4.30777452019165
26077005501,10.297322347022587,4.27626394661191
26077005502,10.303004797399042,4.268026027378508
26077006102,10.415875252566735,4.343890036276523
26077006103,10.418559623545517,4.353217959616701
26077006601,10.374983879534565,4.351325240930869
26077006701,10.241135284736482,4.331553859685147
26077006702,10.30298806844627,4.302671345653662
26079950200,7.354319851471595,3.536318715947981
26079950300,7.407955849418207,3.538882911704312
26079950400,7.355240116358658,3.481565041067762
26079950601,7.264413262833676,3.512026876112252
26079950602,7.327041525667351,3.504388104722793
26081000100,10.179350189596167,4.281714526351814
26081000200,10.211597837097878,4.281993764544832
26081000300,10.207380488706366,4.281491682409309
26081000400,10.244465804243669,4.296812700889802
26081000500,10.245470004106776,4.273109831622177
26081000600,10.248564837097878,4.276495213552361
26081000700,10.263531681040383,4.276074073921971
26081000800,10.266237795345654,4.265567288843258
26081000900,10.276205872689938,4.267541266940452
26081001000,10.27998133744011,4.292802389459274
26081001101,10.262268649555099,4.291992671457906
26081001102,10.233668479123888,4.290540930184805
26081001200,10.288985336071184,4.276598631759069
26081001300,10.281955103353867,4.266186216290212
26081001400,10.28980368514716,4.258016636550308
26081001500,10.28803135523614,4.258377292265572
26081001600,10.30416962696783,4.281173303216975
26081001700,10.300543374401095,4.272625120465435
26081001800,10.279622718685832,4.276415962354552
26081001900,10.309404115674196,4.265004224503764
26081002000,10.31974904312115,4.268685186173854
26081002100,10.31981846201232,4.278757629021218
26081002200,10.307342227926078,4.281045238193018
26081002300,10.264975618069815,4.292910125256674
26081002400,10.298639567419576,4.282382786447639
26081002500,10.321598227926078,4.290167555099247
26081002600,10.343717629705681,4.281881636550308
26081002700,10.33107701779603,4.285758574948665
26081002800,10.34372380698152,4.29211011156742
26081002900,10.332085358658453,4.285077826146475
26081003000,10.327442008213552,4.28772606091718
26081003100,10.338713301163587,4.297256113620808
26081003200,10.324008593429158,4.295046472963724
26081003300,10.319749520876112,4.307614495550992
26081003400,10.317087880219028,4.311169186173854
26081003500,10.338412587268994,4.307243794661191
26081003600,10.347479396303901,4.30064061670089
26081003700,10.352710060232717,4.308760352498289
26081003800,10.353755969199179,4.302804745379877
26081003900,10.353026102669404,4.295983769336071
26081004000,10.36828388569473,4.322432201232033
26081004100,10.365470715263518,4.325963451060917
26081004200,10.344914671457906,4.329988488706366
26081004300,10.319993120465435,4.321204055441478
26081004400,10.2878294770705,4.325398206707734
26081004500,10.324626065023956,4.337921407939767
26081004600,10.360014867214237,4.348427151266256
26081010101,9.265695162902122,4.140079960301164
26081010102,9.198979397672827,4.12115383504449
26081010200,9.420268520876112,4.166246125256674
26081010301,9.396368409308693,4.140675953456537
26081010302,9.368241833675565,4.151352273785079
26081010401,9.69358589596167,4.209296377138946
26081010402,9.704054924024641,4.216938272416153
26081010600,9.658302497604381,4.215489741273101
26081010700,9.738324819986311,4.219533256673511
26081010801,9.546214702258727,4.194382942505134
26081010802,9.440458465434634,4.184948629021218
26081010902,9.624691620807666,4.215123526351814
26081010903,9.704876428473648,4.222383144421629
26081010904,9.84179025119781,4.247732635865845
26081011001,9.898126108145106,4.247191310061602
26081011002,9.878124251882272,4.244125825462012
26081011101,9.935204143737166,4.25079666255989
26081011102,9.983570403832991,4.251380120465435
26081011200,10.099946546201232,4.274170819301848
26081011301,10.035987234086242,4.266839707734428
26081011302,10.042010644079398,4.270847571526352
26081011401,9.957372166324435,4.245773151950719
26081011403,10.101075905544148,4.265098057494866
26081011405,10.102366852156058,4.26766974880219
26081011406,10.142228420944558,4.264308269678302
26081011500,10.210248186173854,4.266380355920602
26081011600,10.182052266255989,4.270733379192334
26081011701,10.247314708418891,4.280738177275838
26081011702,10.308101518138262,4.291861962354552
26081011801,10.128289134154689,4.286192882956879
26081011803,10.166661551676934,4.285742847364819
26081011804,10.205383928131417,4.302380056125941
26081011901,9.983463919917864,4.288295739904175
26081011902,10.098844919917864,4.297523965092402
26081012002,9.884917971937029,4.286343423682409
26081012003,9.799489577686516,4.260368988364134
26081012004,9.801903445585216,4.264840979466119
26081012201,10.134487930184805,4.312849761122519
26081012202,10.035432047227926,4.312364606433949
26081012203,10.126103798767967,4.325093413415469
26081012300,10.262059907597536,4.298704186173854
26081012400,10.298347930184805,4.298779987679672
26081012500,10.292496353867214,4.318100461327858
26081012604,10.236825197125257,4.341735514715948
26081012605,10.220220865160849,4.318909030116359
26081012606,10.238684378507871,4.318402509240246
26081012607,10.297125772073922,4.337279181382615
26081012608,10.240981839151266,4.331947331964408
26081012701,10.302526342231348,4.343461973990418
26081012702,10.291234153319644,4.353757101984942
26081012703,10.323590655715264,4.355323822039699
26081012800,10.343810056125941,4.359220977412731
26081012901,10.360493850102669,4.354904650924025
26081012902,10.338015759753593,4.3499707816564
26081013000,10.343412086926762,4.316162663928816
26081013100,10.317679099247091,4.313920547570157
26081013200,10.342642597535934,4.317835773442847
26081013300,10.360667752908966,4.299616049281314
26081013400,10.35512653798768,4.309567504449008
26081013500,10.369689676249144,4.322913146475017
26081013600,10.382253997262149,4.338649702258727
26081013700,10.373263340862423,4.331283764544832
26081013801,10.358694206707734,4.319857902806297
26081013802,10.367177141683778,4.323278605065024
26081013900,10.363186014373717,4.326253496919918
26081014000,10.377250087611225,4.336258242299795
26081014100,10.382472103353867,4.34933472347707
26081014200,10.369547696783025,4.345312391512663
26081014300,10.360723629021218,4.355917841204654
26081014501,10.329140439425051,4.326998210814511
26081014502,10.348699081451061,4.3399250862423
26081014601,10.312410633127994,4.344961031485284
26081014602,10.254834388774812,4.341653272416153
26081014701,10.314831525667351,4.350736600958248
26081014703,10.317527495550992,4.355629219712526
26081014704,10.30211264476386,4.356743086926762
26081014803,10.201873881587954,4.351660654346338
26081014804,10.241239032169747,4.345316394250513
26081014805,10.267120110882957,4.349818373716632
26081014806,10.021272052019165,4.315688244353183
26081014807,10.107327711841205,4.333531342915811
26083000100,5.909538077344285,3.095836447638604
26083980100,5.645792755646817,2.980436668720055
26085960100,7.696772022587269,3.537465829568788
26085961100,8.016527847364819,3.712918018480493
26085961200,8.011564663928816,3.676480590691307
26085961300,7.705719632443532,3.584266210130048
26087330000,8.995010107460643,3.865333229979466
26087330500,8.919288979466119,3.895857514031485
26087331000,9.139319061601643,3.909216002053388
26087331500,9.16212670294319,3.904940424366872
26087332000,9.052431160164271,3.890619832306639
26087332500,8.997422973990418,3.886642941820671
26087333000,9.097485498973306,3.857613820670773
26087333500,9.156269161533196,3.871722067077344
26087334000,9.191483406570842,3.874512692676249
26087334500,9.232206971252567,3.889347559206023
26087336000,9.348662041067762,3.867390387405886
26087336500,9.270751926762491,3.856731015742642
26087337000,9.258187037645448,3.86358713963039
26087337500,9.229067602327173,3.854430282683094
26087338000,9.24728393908282,3.83754553045859
26087338500,9.190579993839836,3.830711184120465
26087339000,9.168063943189596,3.824645590691307
26087339500,9.183766564681725,3.823359321013005
26087340000,9.29796922587269,3.789768718685832
26087340500,9.327903866529774,3.78625197467488
26087341000,9.286672466119096,3.787645054072553
26087341500,9.315251049965777,3.803037921971253
26087342000,9.376933162902122,3.817586225188227
26087342100,9.301676429842574,3.898758879534565
26089970100,6.931832496919918,3.400759798083504
26089970200,7.186924877481177,3.47551337303217
26089970300,7.020750733744011,3.392291750855578
26089970400,7.07142198220397,3.375825020533881
26089970500,7.186878691307324,3.439239868583162
26089970600,7.373149097193703,3.521892970568104
26091060100,10.076336421629021,3.837668315537303
26091060301,9.987741381930185,3.970426622861054
26091060302,9.958324907597536,4.056041170431212
26091060401,9.96235503559206,4.137854772073922
26091060402,10.031710443531828,4.175184630390144
26091060500,10.119916889117043,4.13382389596167
26091060600,10.100201221765914,4.019099334017796
26091060700,10.111973733059548,3.922839407939767
26091060800,10.04423923613963,3.854185438740589
26091061200,10.230656907597536,4.019096012320328
26091061301,10.184038347022587,4.033000346338125
26091061302,10.192718566735113,4.050620437371663
26091061400,10.170817282683094,4.044542994524298
26091061500,10.179054924709103,4.065985033538672
26091061600,10.210590572895277,4.066417585215606
26091061700,10.253651786447639,4.11864087063655
26091061800,10.130891759069131,4.218540324435318
26091061900,10.296563356605065,4.273755571526352
26091062000,10.357447264887064,4.160516258726899
26091062100,10.317724892539357,4.005183499657769
26091062200,10.315834553730322,4.039856210814511
26091062300,10.021061491444216,3.850178652977413
26091062400,9.997676856947296,3.87485793908282
26093710100,9.48316537577002,3.836481554414784
26093710300,9.475230924709103,3.842504950718686
26093710500,9.480093091033539,3.829776338124572
26093710700,9.504248226557153,3.81942262422998
26093711000,9.455433546885695,3.871682340862423
26093712101,9.516510479123888,3.873051151266256
26093712102,9.528458841204654,3.853784306639288
26093712601,9.580594368240931,3.878649413415469
26093712602,9.590827375085558,3.850881242984257
26093713100,9.5512897816564,3.808713142368241
26093713300,9.541640564681725,3.828002874743326
26093713500,9.624638822724162,3.795214148528405
26093713700,9.621085865845311,3.828844049965777
26093720100,9.449687044490075,3.949454229979466
26093721100,9.427665620807666,3.904603151266256
26093722100,9.49864676386037,3.950283270362765
26093722300,9.489930551676934,3.934852603696099
26093722500,9.516761551676934,3.937113212183436
26093724001,9.52650968788501,3.908694227926078
26093724002,9.499463395619439,3.907425759069131
26093724003,9.509039397672827,3.887368430527036
26093725000,9.567358639972622,3.886496845995893
26093725100,9.573621470225873,3.892014787132101
26093730101,9.562681791238878,3.902260906913073
26093730102,9.594230706365503,3.886874769336071
26093730600,9.5997348678987,3.885997939767283
26093731100,9.549092657084189,3.931301394250513
26093732100,9.596899106091718,3.924282625598905
26093733100,9.633984797399042,3.879237334017796
26093733601,9.672906364818617,3.885984697467488
26093733602,9.693876829568788,3.866677867214237
26093740200,9.717774064339494,3.777537099931554
26093740300,9.657825745379877,3.824238754962355
26093740500,9.692147547570157,3.82187754072553
26093740600,9.695127464750171,3.814721769336071
26093740700,9.718524744010951,3.790033976728268
26093740800,9.758952080082136,3.788446660506502
26093740900,9.7275173045859,3.805671604380561
26093741100,9.710226163586584,3.819085817932923
26093741601,9.739871793976728,3.807774696098563
26093741602,9.750005120465435,3.813787331964408
26093742201,9.64266965229295,3.842387174537988
26093742202,9.676250437371663,3.836826945242984
26093742401,9.60344422587269,3.863548981519507
26093742402,9.61062217522245,3.863803637919233
26093742500,9.640333009582478,3.862146058863792
26093742700,9.653531100616016,3.850769134839151
26093742900,9.70268293908282,3.836154697467488
26093743300,9.779396546201232,3.816224021218344
26093743400,9.719068883641342,3.842366349075975
26093743500,9.714852887063655,3.850623848049281
26093743600,9.777540994524298,3.840563746748802
26093743700,9.841225344969199,3.817042092402464
26093743800,9.794064158110883,3.832907372347707
26093743900,9.752043765913758,3.843655605749487
26093744200,9.834003142368241,3.771932531827515
26093744400,9.771435292265572,3.803492222450376
26093744600,9.837631004106776,3.79198973853525
26093744700,9.897426714579055,3.768348006160164
26093744800,9.9112211321013,3.740264777549624
26093744900,9.92707345927447,3.768560646817248
26095960100,6.44803720054757,3.218472812457221
26095960200,6.362107142368241,3.208248596851472
26095980000,6.190814657084189,3.091992115674196
26097950100,6.662328150581793,3.236905121149897
26097950200,6.457692793292266,3.17581287816564
26097950300,6.581619600273785,3.306321893223819
26097950400,6.634950333333333,3.26031563449692
26097950500,6.795496406570842,3.347420438056126
26099206700,9.600365918548939,3.742494427789186
26099210000,9.56466281724846,3.779709342915811
26099211000,9.690213875427789,3.780491290212183
26099212000,9.523991210814511,3.759135649555099
26099214000,9.473624648870637,3.761632928131417
26099214500,9.465241605065024,3.748020542094456
26099215000,9.649792863107461,3.730138228610541
26099215200,9.767299208761122,3.72339746201232
26099215300,9.828276742642026,3.715310278576318
26099215500,9.796167000684463,3.719596836413416
26099216000,9.728284887748118,3.722909795345654
26099217000,9.738780767282683,3.730221370294319
26099218000,9.809181830937714,3.707991832306639
26099220001,9.87882656605065,3.737952325119781
26099220002,9.891246907597536,3.726166857631759
26099221100,9.979326541409993,3.701718934291581
26099221200,9.931686396988364,3.701688324435318
26099221500,9.864464826146475,3.689617352498289
26099221800,9.864283402464066,3.715254014373717
26099222101,9.919529279945243,3.69334845174538
26099222102,9.893254638603696,3.70381219301848
26099222500,9.920628731690623,3.714147404517454
26099222800,9.945315074606434,3.701402611909651
26099223400,10.011464760438056,3.696968663928816
26099223500,9.899087660506502,3.696732535934292
26099223800,9.904242245037645,3.70667239835729
26099223900,9.968053140999316,3.697807093086927
26099224000,10.011064116358658,3.698372854209446
26099224100,10.037680515400411,3.692302657084189
26099224200,10.075992148528405,3.685828073237509
26099224300,10.062276750855578,3.69708890349076
26099224400,10.056354006160164,3.69169474880219
26099224500,10.111976503080082,3.681981219028063
26099224600,10.103284039698836,3.686135219028063
26099225100,9.951983730321698,3.708542400410678
26099225200,9.93688832991102,3.706854865845311
26099225300,9.903635861054073,3.712839066392882
26099225400,9.896057846680356,3.706933700889802
26099225500,9.980272341546886,3.702714824093087
26099225600,10.084044310746064,3.678813861054073
26099225701,10.128332143737166,3.675726826146475
26099225702,10.092413509924709,3.686372162217659
26099225800,10.050988628336756,3.691634923340178
26099225900,10.073684681724846,3.696730422997947
26099226100,9.914640167008898,3.706470331964408
26099226400,9.982341985626283,3.702536091033539
26099226700,10.030126564681725,3.698342902121834
26099227000,10.075201825462012,3.691970996577686
26099227300,10.113357611909651,3.687337252566735
26099228000,10.139238415468857,3.683114947296372
26099228100,10.151359618069815,3.681647741273101
26099230000,10.15031635797399,3.674223869952088
26099230200,10.212579616016427,3.657879544147844
26099230300,10.167495070499658,3.6735910862423
26099230400,10.180171957563313,3.669722058863792
26099230500,10.20725273853525,3.657418081451061
26099230601,10.160843318959617,3.660767803559206
26099230602,10.204431550308008,3.64459290349076
26099230700,10.246068137577002,3.627539647501711
26099230800,10.245110488706366,3.632986008213552
26099230900,10.235436589322382,3.642194524298426
26099231000,10.254948227241615,3.639256336755647
26099231100,10.261927394250513,3.627162240246407
26099231200,10.273518805612594,3.628346376454483
26099231400,10.276343184120465,3.612556286105407
26099231500,10.283220052019165,3.612589879534565
26099231600,10.31248882477755,3.591641085557837
26099231700,10.310948957563313,3.594574537303217
26099231800,10.297333346338125,3.606526222450376
26099231900,10.288502952087611,3.609209663928816
26099232000,10.272449130732375,3.611434588637919
26099232100,10.305638557152635,3.593674325119781
26099232200,10.327930193702943,3.580434488706366
26099232300,10.35017272073922,3.57509064476386
26099232400,10.353207042436687,3.571989321013005
26099232500,10.19654597467488,3.656656481177276
26099233000,10.224084941136208,3.65341488569473
26099240000,10.072525863107461,3.688364722792608
26099240300,10.182599080766598,3.664121937029432
26099240400,10.206968724845996,3.650514222450376
26099240500,10.228976445585216,3.634479960985626
26099240600,10.187047305954826,3.652685740588638
26099240700,10.192195517453799,3.646393248459959
26099240800,10.184443258726899,3.642845027378508
26099240900,10.184414350444901,3.652993062970568
26099241000,10.143078750171116,3.657237498288843
26099241200,10.203684260780288,3.635967331964408
26099241300,10.220814490075291,3.635822561943874
26099241400,10.246228767967146,3.626649327857632
26099241500,10.259134509240246,3.618563770704997
26099241600,10.238974713894593,3.613209101300479
26099241700,10.222433598220397,3.615909758384668
26099241800,10.192080651608487,3.624238984941821
26099241900,10.171566751540041,3.63773501779603
26099242000,10.150152517453799,3.670669036960986
26099242100,10.153848666666667,3.646918526351814
26099242500,10.14622870294319,3.673852305954826
26099243000,10.123324134154689,3.672803795345654
26099243500,10.115037091033539,3.684511630390144
26099244000,10.154629325804244,3.672562731690623
26099245000,10.109134908281999,3.675283853524983
26099245100,10.123165641341547,3.682795880903491
26099245200,10.11879237303217,3.681155027378508
26099245300,10.154781524982888,3.669459535934292
26099245400,10.136333837097878,3.665853714579055
26099247100,10.069176260780288,3.680013985626283
26099247200,10.094091819301848,3.663622546201232
26099247300,10.028603310746064,3.67722837303217
26099247400,10.081108071868583,3.662623191649555
26099247500,10.117421441478439,3.65188063449692
26099247601,10.138967313483915,3.645624552361396
26099247602,10.136683331964408,3.637673768651608
26099250000,10.177737386036961,3.623882118412046
26099250100,10.191084536618754,3.610565114989733
26099250200,10.2130958275154,3.606330950718686
26099250300,10.224808404517454,3.611163091718001
26099250400,10.252386758384668,3.587947900068446
26099250500,10.233759159479808,3.595154238193018
26099250600,10.219823051334702,3.595974272416153
26099250700,10.243826435318275,3.58405101026694
26099250800,10.280398107460643,3.570991755646817
26099250900,10.284384921971253,3.567991277207392
26099251000,10.26230707871321,3.577880882272416
26099251100,10.260135527036276,3.559385891854894
26099251200,10.271603576317591,3.557339676249144
26099251300,10.28909611430527,3.555627674195756
26099251400,10.309970156741958,3.546272585900068
26099251500,10.310118315537303,3.535314366872006
26099251600,10.278991013004791,3.542562456536619
26099251700,10.3057526091718,3.533282148528405
26099251800,10.338932995893224,3.506558410677618
26099251900,10.32070376659822,3.517300553045859
26099252000,10.288095446954141,3.530624028747433
26099252100,10.314775004106776,3.514928770704997
26099252200,10.274245437371663,3.530432886379192
26099254000,10.257922919233402,3.607966629705681
26099254100,10.290498714579055,3.600809203969884
26099254200,10.311854796030116,3.585590636550308
26099254500,10.28509732238193,3.593974049965777
26099255000,10.254649528405202,3.601114833675565
26099255100,10.271492904175222,3.583584095824778
26099255200,10.30076527926078,3.573921091718001
26099255300,10.317179121149897,3.566832965776865
26099255400,10.344256787132101,3.565901814510609
26099255500,10.3548291321013,3.555278383983573
26099255600,10.328347629021218,3.55619028678987
26099255700,10.309668604380561,3.565644793976728
26099255800,10.323396768651608,3.558138359342916
26099255900,10.335090484599589,3.543780420260096
26099256000,10.360898714579055,3.535280034907598
26099256100,10.365755235455168,3.521529281314168
26099256200,10.344279247091034,3.527443820670773
26099256300,10.341822203285421,3.541648826830938
26099256400,10.319386828884326,3.542342711841205
26099256500,10.325685704996578,3.543155488706366
26099256600,10.335672921971253,3.519828513347023
26099256700,10.362050237508556,3.516695960301164
26099256800,10.378362788501027,3.506544161533196
26099258000,10.334507905544148,3.523781421629021
26099258100,10.344788933607118,3.509271820670773
26099258200,10.388365574264203,3.498110557152635
26099258300,10.398284541409993,3.483081818617385
26099258400,10.358534093086927,3.497429875427789
26099258500,10.358549461327858,3.492582212867899
26099258600,10.36309833744011,3.487818650924025
26099258700,10.386176822039699,3.479434832991102
26099258800,10.387496279945243,3.457034704312115
26099258900,10.415758135523614,3.462421643394935
26099260000,10.333262186858316,3.578861387405886
26099260100,10.344536041067762,3.572177524982888
26099260200,10.365823409308693,3.564917118412046
26099260300,10.342773661875428,3.572170552361396
26099260400,10.362266006160164,3.562951235455168
26099260600,10.3706983908282,3.559576937029432
26099260700,10.393258841204654,3.552967000684463
26099260800,10.379647717316906,3.546741328542094
26099260900,10.413022397672827,3.518671836413416
26099261000,10.408913040383299,3.532192727583847
26099261100,10.390002973305955,3.536344633812457
26099261200,10.368452988364134,3.545358752224504
26099261300,10.378868299110198,3.539865189596167
26099261400,10.35631565982204,3.563696473648186
26099261500,10.361097385352498,3.547395960301164
26099261600,10.371485481177276,3.5326490862423
26099261700,10.386336577002053,3.522834607802875
26099261800,10.397578769336071,3.514462120465435
26099261900,10.421401229295003,3.512141772073922
26099262000,10.403624113620808,3.520916041067762
26099262100,10.427044806297057,3.509520950718686
26099262200,10.43990670294319,3.50322400752909
26099262300,10.433784303216975,3.497431715263518
26099262400,10.459456238193018,3.470961751540041
26099262500,10.459221865160849,3.478153394934976
26099262600,10.438576783025325,3.493960063655031
26099262700,10.415822368925394,3.490286663928816
26099262800,10.390612960985626,3.503245430527036
26099262900,10.410617744695414,3.478970210130048
26099263200,10.464565124572211,3.445166631074606
26099263400,10.473239009582478,3.443907940451745
26099263500,10.475414483915127,3.438271453798768
26099263600,10.49884892881588,3.409557526351814
26099263700,10.489774026694045,3.414291192334018
26099263800,10.480018262149213,3.423971815195072
26099263900,10.456753995208761,3.429325177960301
26099264000,10.460280645448323,3.415689873374401
26099264200,10.42524960164271,3.450677533880904
26099267600,10.377775587953456,3.523129428473648
26099268000,10.444989015058179,3.476708330595482
26099268100,10.448925718001369,3.469200956194387
26099268200,9.98528612936345,3.693029930184805
26099268300,10.435365331279945,3.433464454483231
26099268400,10.435627206707734,3.454400288158795
26099982000,10.294558473648186,3.606408106776181
26099982100,10.040580437371663,3.68344204312115
26099982200,10.479285013689254,3.429627409308693
26099982300,10.392792240930869,3.54210757357974
26101000100,7.347652138261465,3.383582510609172
26101000200,7.394597561259411,3.354802072553046
26101000300,7.443126490075291,3.334653644079398
26101000400,7.519229348391513,3.298598210130048
26101000500,7.443468436002738,3.380046569472964
26101000600,7.496611255304586,3.421347594113621
26101000700,7.633114926762491,3.390658629705681
26101000800,7.625902235455168,3.375378719370294
26101000900,7.619520223134839,3.368817912388775
26103000100,6.59688524366872,3.351515478439425
26103000200,6.579426904859685,3.344731479123888
26103000300,6.612164295003422,3.361639121149897
26103000400,6.588056989048597,3.34917067761807
26103000500,6.571013376454483,3.350823922655715
26103000600,6.530963882956879,3.330876648186174
26103000700,6.549264777549624,3.335994049281314
26103001100,6.59973840862423,3.355487457221082
26103001200,6.661921227241615,3.381805457905544
26103001300,6.698285763175907,3.392144794661191
26103001500,6.518193160164271,3.322718499657769
26103001600,6.577894604380561,3.347156854893908
26103001700,6.603163930184805,3.348157419575633
26103001800,6.54711432991102,3.334399813826146
26103001900,6.571714386036961,3.335503496235455
26103002000,6.598007682409309,3.346087396988364
26103002100,6.521959599589322,3.32379153045859
26103002200,6.562354905544148,3.327976358658453
26103002300,6.420254023956194,3.271723637919233
26103002400,6.735145545516769,3.403899622176591
26103002500,6.720747545516769,3.395966565366188
26103002600,6.707962000684463,3.371540704312115
26103002800,6.635976358658453,3.367944203285421
26103002900,6.163219368240931,3.185605560574949
26105950100,7.736101807665982,3.496696176591376
26105950200,7.796248120465435,3.499356101300479
26105950300,7.888780514715948,3.552673533196441
26105950400,7.954518291581109,3.592025982888433
26105950500,7.98041495687885,3.602167115674196
26105950600,8.006533123203285,3.620428396988364
26105950700,7.999555588637919,3.647358545516769
26105950800,8.087797377823409,3.662914876112252
26107960100,8.208868458590007,3.838291951403148
26107960200,8.285669232717317,3.854887383983573
26107960300,8.205861696783025,3.826704800821355
26107960400,8.181358914442163,3.805570133470226
26107960500,8.250490617385352,3.838008899383984
26107960600,8.274968034907598,3.841572587953456
26107960700,8.365878967830253,3.867057223819302
26107960800,8.544935338809035,3.935975256673511
26107960900,8.388324697467488,3.8909195633128
26107961000,8.551077450376454,3.952521792607803
26107981300,8.286703501026694,3.840544318275154
26109960100,7.051014872689938,3.453584026694045
26109960200,7.293708958247776,3.486521142368241
26109960300,7.34815310403833,3.460255930869268
26109960400,7.635246104722793,3.510631228610541
26109960500,7.980230227241615,3.560855674195756
26109960600,8.081195680355921,3.570921428473648
26109960700,8.093388770020534,3.57504462696783
26111290100,8.913872277891855,4.024947646817248
26111290200,8.94711205338809,4.037525839151266
26111290300,8.889047875427789,4.015776277891855
26111290400,8.854692718001369,4.014679323750856
26111290500,8.934176414784394,4.033402173853525
26111290600,9.012553787132101,4.045508533196441
26111290700,8.992482585900068,4.041572482546201
26111290800,8.937613382614648,4.028100862422998
26111290900,8.87139706844627,4.015798553045859
26111291000,8.817730313483915,4.001735953456537
26111291101,8.486935410677618,3.900397873374401
26111291102,8.702674087611225,3.967655451060917
26111291200,8.807233441478439,4.003242420944558
26111291300,8.959901392881588,4.033612913073238
26111291400,8.779745664613279,4.009303762491444
26111291500,8.727666785763176,3.985119321013005
26111291601,8.410855837097878,3.885659585900068
26111291602,8.581370100616016,3.944626796714579
26111291700,8.446085274469541,3.906244957563313
26113960100,7.444010794661191,3.471975514031485
26113960200,7.615931384668036,3.552466668035592
26113960300,7.672061341546886,3.567917374401095
26113960400,7.531848260780288,3.469535924709103
26115830100,10.208249865160849,3.491558123203285
26115830200,10.143595780287474,3.539275750171116
26115830300,10.221644065708419,3.520242491444216
26115830400,10.206593021218344,3.564349081451061
26115830500,10.173297603011636,3.616345140314853
26115830600,10.139704384668036,3.695490369609856
26115830700,10.111748704312115,3.773447882272416
26115830800,10.15914187063655,3.807622060232717
26115830900,10.169352350444901,3.692072643394935
26115831000,10.21459820807666,3.760003801505818
26115831100,10.169560881587954,3.63044217522245
26115831200,10.132610702258727,3.583281392881588
26115831300,10.140251119096509,3.61996021560575
26115831400,10.176939638603696,3.678704156741958
26115831500,10.174969461327858,3.668078354551677
26115831600,10.166808682409309,3.656043545516769
26115831700,10.157706024640657,3.656062814510609
26115831800,10.173444696783025,3.683461097878166
26115831900,10.185181342231348,3.680916113620808
26115832000,10.200042208761122,3.697389995893224
26115832100,10.192291223819302,3.690861988364134
26115832200,10.2021948275154,3.703498759753593
26115832300,10.204651046543463,3.703991969199179
26115832400,10.230916901437372,3.730042368925394
26115832500,10.212488891854894,3.722081693360712
26115832600,10.27482185284052,3.77951584531143
26115832700,10.290797281314168,3.797471816563997
26115832800,10.299426267624914,3.84755594934976
26115832900,10.264799859685147,3.900955652977413
26115833000,10.49063100752909,4.007375631759069
26115833100,10.468460754962355,3.947066227926078
26115833200,10.445480442162902,3.90363559137577
26115833300,10.599718715263518,3.999463793976728
26115833500,10.572548947980835,3.942020367556468
26115833600,10.465298996577686,3.879855839151266
26115833700,10.399715883641342,3.843724460643395
26115833800,10.546885106776181,3.957319585900068
26115833900,10.621015794661191,3.97775407871321
26115990000,10.194537610540726,3.716957997946612
26117970100,8.906022718685832,4.072309494182067
26117970200,8.844677592060233,4.053664350444901
26117970300,8.867493466803559,4.055300650239562
26117970400,8.750459902121834,4.013394965092402
26117970500,8.809805909650924,4.015718570841889
26117970600,9.025057843942505,4.074211704312115
26117970700,9.047749855578371,4.10047755578371
26117970800,9.055628693360712,4.100218098562628
26117970900,9.074953316221766,4.106336889117043
26117971000,9.212476692676249,4.140141353867214
26117971100,9.245470735797399,4.153481247775496
26117971200,9.284446477754962,4.158058877481177
26117971300,9.384261105407255,4.181614732375086
26119910100,7.1133148275154,3.554799143052704
26119910200,7.092077866529774,3.526905114989733
26119910300,7.245817503080082,3.597425999315537
26119910400,7.266284917864476,3.586090123887748
26119910500,7.287339922655715,3.57420861670089
26121000100,9.343569865160849,4.030098060232717
26121000300,9.312648385352498,4.006359848049281
26121000401,9.361738032854209,4.04089720807666
26121000402,9.419683012320328,4.063518926078029
26121000500,9.326498835728953,4.02204378439425
26121000601,9.290524367556468,4.014934547570157
26121000800,9.217086267624914,3.983618753593429
26121000900,9.180656058863792,3.96815331485284
26121001000,9.121058308008214,3.96364992881588
26121001200,9.316807386721424,4.014801032854209
26121001300,9.357324861054073,4.032036666666667
26121001402,9.344027095140315,4.031878881587954
26121001500,9.188552034907598,3.978349900752909
26121001600,8.998169740588638,3.92971857357974
26121001700,9.10129089596167,3.960897829568788
26121001800,9.264828664613279,4.028709984941821
26121001901,9.383075822724162,4.068975749486653
26121001902,9.391345308008214,4.051820300479124
26121002000,9.453243316906229,4.084396357289528
26121002100,9.256713102669404,4.004230700889802
26121002200,9.272067406570842,4.005762524298426
26121002300,9.212884750855578,3.99205180698152
26121002400,9.305862618069815,4.020114807665982
26121002500,9.35440063449692,4.035326399041752
26121002601,9.427444861054073,4.067658226557153
26121002602,9.459393137577002,4.075252882956879
26121002700,9.502891117043121,4.09692398973306
26121002800,9.578922315537303,4.123061034907598
26121002900,9.641164590691307,4.178756503764545
26121003000,9.444092149897331,4.142812646817248
26121003100,9.498251915811088,4.123665366872006
26121003200,9.411309246406571,4.089302590691307
26121003300,9.054388525667351,4.013043802190281
26121003400,9.133523300479124,3.990888741957563
26121003500,8.893697285420945,3.914822890485968
26121003600,8.99784534770705,3.962705856947296
26121003700,8.768099018480493,3.885026372347707
26121003800,8.657640268309377,3.850682058179329
26121003900,8.591539431211499,3.838919659137577
26121004000,8.797949186173854,3.918910292950034
26121004200,9.274874027378508,3.9994463908282
26121004300,9.360811976043806,4.032584595482546
26123970100,8.203468803559206,3.790655105407255
26123970300,8.492430002053388,3.878511460643395
26123970400,8.929888485284052,4.000282739219712
26123970500,8.828204912388775,3.984479901437372
26123970600,8.77616835797399,3.970542193702943
26123970700,8.513582915811088,3.900718018480493
26123970800,8.66396658110883,3.965891177275838
26123970900,8.841997364818617,4.008072106776181
26123971000,9.076016188911704,4.07225481724846
26123971100,9.113928119780972,4.07291957357974
26123971200,9.160836381930185,4.070754419575633
26125120000,9.445295610540726,3.744890161533196
26125120300,9.430713118412046,3.75601399247091
26125121000,9.409701598220397,3.759149380561259
26125121400,9.406971459958932,3.767232505817933
26125121500,9.468188854893908,3.756057928131417
26125121700,9.465281718001369,3.756042456536619
26125121800,9.504279510609172,3.75739473853525
26125122200,9.409729689938398,3.790989255304586
26125122400,9.472132986995209,3.7682422183436
26125122700,9.46916680698152,3.779988928131417
26125122900,9.435647284052019,3.7870401321013
26125123000,9.486732098562628,3.812726234086242
26125123100,9.465873401779603,3.796457840520192
26125124000,9.493251821355236,3.837727351813826
26125124500,9.487500829568788,3.821952786447639
26125125000,9.496515772073922,3.80159334770705
26125125600,9.52382178439425,3.784024801505818
26125126200,9.518339343600274,3.772201323750856
26125126300,9.523232884325804,3.763026059548255
26125126400,9.532576887748118,3.761924092402464
26125126500,9.561898750855578,3.751344079397673
26125127000,9.545963863791923,3.747096918548939
26125127100,9.534589535249829,3.750421527036276
26125127200,9.592894989048597,3.74960532991102
26125127300,9.637184726899384,3.730554948665298
26125127400,9.670753794661191,3.728900765913758
26125127500,9.621734908281999,3.739630222450376
26125127600,9.629362394250513,3.7348354366872
26125127700,9.677377099931554,3.729190316906229
26125128000,9.549528702258727,3.736513419575633
26125128100,9.557113607118412,3.738120000684463
26125128200,9.623776958247776,3.727450644079398
26125128300,9.678429073237509,3.728899000684463
26125128400,9.681626639972622,3.726008612594114
26125128500,9.593961321697468,3.732751386036961
26125128600,9.544196008898015,3.748395956194387
26125128700,9.622739543463381,3.734736822724162
26125128800,9.714744424366872,3.723724569472964
26125128900,9.679400699520876,3.719144902121834
26125129000,9.558089159479808,3.735264471594798
26125130000,9.674225940451745,3.732177393566051
26125130100,9.636247571526352,3.738531588637919
26125130200,9.613566027378508,3.741702359342916
26125130300,9.709856856947296,3.712174028747433
26125130400,9.72940220054757,3.707570138945927
26125130500,9.736272075290897,3.722781334017796
26125130600,9.768695145106092,3.704726899383984
26125130700,9.786143378507871,3.697604305954826
26125131100,9.598644818617385,3.755315148528405
26125131300,9.647174897330596,3.751676252566735
26125131400,9.607437095824778,3.747561030800821
26125131500,9.578468292265572,3.754508825462012
26125131600,9.560246374401095,3.780154783709788
26125131800,9.597411097878166,3.770029363449692
26125132100,9.789357258726899,3.712119557837098
26125132500,9.742892110198494,3.726898616016427
26125132600,9.7405317816564,3.742460051334702
26125132700,9.727299342915811,3.731891267624914
26125133001,9.873177411362081,3.68549490622861
26125133002,9.874291394250513,3.671719044490075
26125133003,9.907280800136892,3.658897509924709
26125133100,9.940912641341547,3.645402592060233
26125134000,9.813374535249829,3.688504404517454
26125134300,9.847161831622177,3.672581108145106
26125134400,9.869951339493498,3.672972239561944
26125134500,9.917028780971937,3.647634330595482
26125134600,9.90582118275154,3.662569075290897
26125134700,9.936450312799452,3.643399052019165
26125134800,9.974740865160849,3.633977720054757
26125134900,9.9534036954141,3.639972898699521
26125135000,9.833927574948665,3.682614780287474
26125135100,9.808199832991102,3.696880950034223
26125135200,9.91217499247091,3.660108210130048
26125135300,9.758550166324435,3.704230150581793
26125136000,10.047399958247776,3.589947909650924
26125136101,9.989652407939767,3.622233987679672
26125136102,9.948504464750171,3.638120114989733
26125136300,10.099105578370979,3.567144166324435
26125136500,10.133678551676934,3.542529005475702
26125136600,10.074129548939083,3.576170463381246
26125136700,10.14798754072553,3.533167013004791
26125136800,10.008635435318275,3.604553557152635
26125137100,10.003404770020534,3.621547780971937
26125137400,10.071532620807666,3.605644737166324
26125137700,10.118021803559206,3.564003933607118
26125137800,10.121107648870637,3.567290895277207
26125138100,10.006690793292266,3.669832672826831
26125138301,9.862981198494182,3.737194741273101
26125138302,9.893154658453114,3.7083087816564
26125138600,9.934908341546886,3.679661334702259
26125139200,9.93833200752909,3.721025670773443
26125139400,9.94035087063655,3.718162540041068
26125140100,9.934400577686516,3.691176423682409
26125140301,9.855216016427105,3.698958899383984
26125140302,9.805422155373032,3.709129192334018
26125140500,9.79126529431896,3.709894739904175
26125140600,9.998704753593429,3.669350822039699
26125140700,9.992626034907598,3.672663116358658
26125140800,10.032108588637919,3.659834527720739
26125140900,9.888025266940452,3.694120504449008
26125141000,9.84032083504449,3.706622967145791
26125141100,9.819444202600958,3.712758546201232
26125141200,9.837504516084873,3.702203656399726
26125141300,9.856820429842574,3.700600561259411
26125141400,9.876515058179329,3.696271890485968
26125141500,9.927398780287474,3.688345509240246
26125141600,9.921376013689254,3.679202594798084
26125141700,9.904035599589322,3.68549179945243
26125142000,9.922501550308008,3.682061841204654
26125142100,9.935369265571526,3.680075453114305
26125142200,9.955132511293634,3.681669045174538
26125142300,10.008800054072553,3.668823559206023
26125142400,9.978984631759069,3.669158876796715
26125142500,9.96230654825462,3.662666976043806
26125142600,9.938380707049966,3.672469388090349
26125142700,9.999020410677618,3.66511842642026
26125143500,9.752614498973306,3.713837272416153
26125144100,9.700094642710472,3.720374609856263
26125144200,9.678882877481177,3.725009220396988
26125144300,9.731183544147844,3.71976624366872
26125144400,9.747046300479124,3.712243070499658
26125144500,9.779188608487337,3.707855763175907
26125144600,9.796587177960301,3.707935195071869
26125144701,9.847517509240246,3.688696486652977
26125144800,9.831269195756331,3.69829467008898
26125144900,9.782859752224504,3.693911400410678
26125145100,9.831607607118412,3.690918714579055
26125145200,9.893107467488022,3.671027571526352
26125145300,9.868453386721424,3.678891138945927
26125145400,9.914566793292266,3.676689622861054
26125145501,9.803355754962355,3.694592101984942
26125145502,9.831391352498289,3.682590072553046
26125145600,9.759724418206708,3.698733510609172
26125145700,9.832487891170431,3.702000859685147
26125145900,9.886013928131417,3.692048061601643
26125150000,10.068911388774812,3.648706499657769
26125150100,10.011177369609856,3.65381616495551
26125150200,10.04325537303217,3.636924615331964
26125150300,10.082597891854894,3.62908202532512
26125150400,10.101475958247776,3.636508169746749
26125150500,10.171694070499658,3.605046146475017
26125150600,10.076981342231348,3.61396284531143
26125150700,10.124347863107461,3.590196353182752
26125150800,10.147089867214237,3.580961714579055
26125150900,10.168257503764545,3.580911427789186
26125151000,10.191361090349076,3.572873798083504
26125152000,10.130840134839151,3.608526637234771
26125152600,10.20696444421629,3.57765592128679
26125152700,10.229759596851472,3.561271550992471
26125152900,10.26492570294319,3.555111586584531
26125153000,10.24250259137577,3.57070235523614
26125153100,10.221441882956879,3.574650830937714
26125153200,10.238552514031485,3.559393257357974
26125153300,10.2685535633128,3.554879018480493
26125154000,9.949193420944558,3.664341160848734
26125154100,9.857385164271047,3.672568686516085
26125154200,9.96015065982204,3.662754948665298
26125154500,9.96671723340178,3.642304981519507
26125154600,9.917508579739904,3.663446439425051
26125156000,9.990412412046544,3.643537056125941
26125156100,9.88435665982204,3.664545245722108
26125156200,9.923608485284052,3.645671165639973
26125156300,10.025218310746064,3.630150271731691
26125156400,10.054661834360027,3.615950746748802
26125156500,10.000065833675565,3.627480340862423
26125156900,10.106765466803559,3.584060057494866
26125157000,10.115669064339494,3.582471913073238
26125157100,10.067667587268994,3.604715947296372
26125157200,9.968618290212183,3.630784343600274
26125157300,10.006391221765914,3.612408405201916
26125157400,10.029692490759754,3.60736386036961
26125157500,9.990545495550992,3.620177481861738
26125157600,10.020351659137577,3.612926409993155
26125157700,10.056002078028747,3.598306986995209
26125157800,10.080956177960301,3.590613409993155
26125157900,10.046789740588638,3.60594864476386
26125158000,10.255295660506502,3.540113367556468
26125158100,10.261534600273785,3.535371223819302
26125158200,10.291363490075291,3.531623561259411
26125159000,10.209372655715264,3.542980994524298
26125160000,10.34207205065024,3.482816647501711
26125160300,10.265168204654346,3.512830158795346
26125160400,10.24170867008898,3.523174405201916
26125160500,10.319020490075291,3.506964065023956
26125160600,10.296013541409993,3.510285499657769
26125160700,10.290537364134155,3.51473407871321
26125160800,10.278125790554415,3.507785569472964
26125160900,10.248884608487337,3.529486834360027
26125161000,10.282879444900753,3.495185109514032
26125161100,10.311794726899384,3.485995180698152
26125161200,10.309780362765229,3.49304034017796
26125161300,10.349260450376454,3.480200778234086
26125161400,10.370652822039699,3.450191856947296
26125161500,10.358595945242984,3.464995453798768
26125161600,10.338561333333333,3.470229212183436
26125161700,10.316880150581793,3.479023587268994
26125161800,10.363326630390144,3.451570082135524
26125161900,10.374124789869952,3.451712264887064
26125162000,10.38685101026694,3.440967266940452
26125162100,10.39952418275154,3.413594713894593
26125162200,10.420062986995209,3.406969114989733
26125162300,10.415206767967146,3.418908363449692
26125162400,10.392798349760438,3.432039477754962
26125162500,10.346487012320328,3.462731331964408
26125165000,10.230115152635181,3.512612890485968
26125165100,10.226734595482546,3.501792987679672
26125165200,10.179413440793977,3.525149156057495
26125166000,10.145852186858316,3.570053802190281
26125166100,10.117278717316906,3.579119091718001
26125166200,10.08389712936345,3.579251352498289
26125166400,10.128635386036961,3.570818659137577
26125166500,10.140595177960301,3.555397476386037
26125166600,10.16501763449692,3.543719611225188
26125166700,10.192932443531828,3.535207422997947
26125166800,10.243819892539357,3.50852935797399
26125166900,10.207070878850103,3.5234824366872
26125167000,10.176285295003422,3.53856477412731
26125167300,10.285241240246407,3.487261788501027
26125167400,10.299304746748802,3.479587013004791
26125167500,10.270041404517454,3.495971943189596
26125167800,10.037841843942505,3.598227774811773
26125167900,10.057395067761807,3.588613162902122
26125168100,10.082130650239562,3.569905875427789
26125168400,10.155197481861738,3.526126899383984
26125168500,10.195160028062971,3.517908944558522
26125168600,10.213158310061602,3.498779788501027
26125168700,10.085137675564682,3.57051632991102
26125168800,10.122187412731006,3.548341731690623
26125168900,10.153512567419576,3.532236277891855
26125170000,10.357010511978097,3.484121566735113
26125170100,10.33483726899384,3.494913724845996
26125170200,10.354070239561944,3.482143712525667
26125170300,10.368300498973306,3.467429637234771
26125170400,10.384620540041068,3.4685647816564
26125171000,10.38454234017796,3.445004711841205
26125171100,10.436811162217659,3.424283751540041
26125171200,10.448750051334702,3.411069672826831
26125171300,10.425731620123203,3.415055310061602
26125171400,10.401867351813826,3.412950456536619
26125171500,10.440127622176591,3.392373493497604
26125171600,10.454056571526352,3.391590531143053
26125172400,10.385238329226557,3.439404013689254
26125172500,10.469430415468857,3.385744488021903
26125173000,10.469474145790554,3.42420589596167
26125173100,10.468093320328542,3.414061646817248
26125173200,10.45933307118412,3.4159875633128
26125173300,10.473793572210814,3.397413364134155
26125173400,10.486791541409993,3.391806357289528
26125173500,10.495384678302532,3.395755242299795
26125173600,10.497381497604381,3.400884181382615
26125175000,10.466375212183436,3.439613933607118
26125175100,10.47873011430527,3.425940194387406
26125175200,10.493185266255989,3.409665101984942
26125175300,10.501366203969884,3.402564447638604
26125180000,10.296738464750171,3.560028981519507
26125180100,10.323776718001369,3.552671770020534
26125180200,10.332434295687885,3.542337848733744
26125180300,10.330232279945243,3.537579386721424
26125181000,10.381621110882957,3.544425926078029
26125181100,10.377166906913073,3.524440618754278
26125181200,10.407272246406571,3.517319621492129
26125181300,10.432981506502396,3.489488646817248
26125181400,10.427360796714579,3.484580201916496
26125181500,10.458197580424367,3.460602264202601
26125181600,10.455861874743326,3.458630366872006
26125183000,10.306857990417522,3.541626768651608
26125183100,10.355266094455852,3.531288798083504
26125183200,10.346260088295688,3.529760492128679
26125183300,10.31830393155373,3.528948034223135
26125183400,10.30963214715948,3.530181479123888
26125183500,10.328669686516085,3.510371214236824
26125183600,10.351066707049966,3.501775539356605
26125183700,10.364197658453114,3.507941880903491
26125183800,10.377887912388775,3.509556034907598
26125183900,10.411466124572211,3.486851353182752
26125184000,10.391173292265572,3.482844382614648
26125184100,10.407234793976728,3.470776564681725
26125184200,10.420166911704312,3.47590784531143
26125184300,10.440637109514032,3.470066288843258
26125184400,10.432083203969884,3.46115164202601
26125184500,10.429946423682409,3.447099757700205
26125184600,10.44642650513347,3.448871652977413
26125184700,10.453983407255305,3.448772455167693
26125187000,10.450109890485968,3.429939168377823
26125188000,10.417228901437372,3.4448290862423
26125188100,10.395609229295003,3.444756709103354
26125190200,9.685862999315537,3.724210719370294
26125190400,9.598955021218344,3.724722570841889
26125190500,9.758140648870637,3.714120519507187
26125190700,9.694894622176591,3.716948778918549
26125190800,9.772898539356605,3.702012290896646
26125191000,9.936154412046544,3.697331996577686
26125191100,9.890516714579055,3.698921840520192
26125191200,9.921991368240931,3.695663370294319
26125191300,9.911748547570157,3.703545937029432
26125192000,9.847871366872006,3.701376284736482
26125192200,9.831470832991102,3.705711592060233
26125192400,9.881262248459959,3.708588978097194
26125192500,9.817218767282683,3.711170311430527
26125192700,9.863029577002053,3.700925515400411
26125192800,9.925269861738535,3.698529632443532
26125193000,9.927753708418891,3.69545480698152
26125193100,9.930867320328542,3.694371057494866
26125193300,9.984884472963724,3.685238997946612
26125193400,9.990805997946612,3.686553246406571
26125193500,9.989338785078713,3.686878473648186
26125193600,10.069179296372348,3.678631366872006
26125193700,10.10527781724846,3.671177650924025
26125194000,10.061815785078713,3.67904375633128
26125194100,10.055242806297057,3.677932550992471
26125194200,9.993971625598905,3.688382826830938
26125194300,9.979811323750856,3.6797903908282
26125194400,10.059931160164271,3.659341919233402
26125194500,10.033584409308693,3.677202958932238
26125194600,10.079324887063655,3.670573598220397
26125196000,10.175734306639288,3.649745448323066
26125196100,10.175237061601643,3.647934391512663
26125196200,10.166698815879535,3.64805321560575
26125196300,10.145179678302532,3.641520297741273
26125196400,10.099245219712526,3.651819189596167
26125196500,10.147670008898015,3.633525384668036
26125196600,10.172120844626968,3.616763696783025
26125196700,10.198667248459959,3.592287930869268
26125196800,10.201461613963039,3.608944249144422
26125196900,10.218289227241615,3.604995060232717
26125197000,10.231199158795346,3.609171117727584
26125197100,10.225620514031485,3.617970323750856
26125197200,10.258142247775496,3.596324566735113
26125197300,10.305164806297057,3.581194444900753
26125197400,10.326556075975359,3.570070976043806
26125197500,10.28081605065024,3.574271242299795
26125197600,10.266466509240246,3.572808505817933
26125197701,10.236213136892539,3.585279186173854
26125197702,10.277764872689938,3.563252620123203
26125197900,10.237825049965777,3.624483247091034
26125198000,10.268327902121834,3.604735997262149
26125198100,10.34994046201232,3.566806049965777
26125981000,9.678149976728268,3.730974704312115
26127010300,8.464251311430527,3.819448665982204
26127010400,8.277005683093771,3.754734216290212
26127010500,8.227221167693361,3.749873102669404
26127010600,8.560423046543463,3.871773330595482
26127010800,8.179834498288843,3.715231012320328
26127010900,8.346295570841889,3.762923455167693
26127011000,8.209021169746749,3.713497986310746
26129950100,7.479721329226557,3.635266495550992
26129950200,7.538472431895962,3.617319716632444
26129950300,7.616393765913758,3.688978119096509
26129950400,7.765172439425051,3.735098391512663
26129950500,7.738088016427105,3.699061938398357
26129950600,7.784345539356605,3.705774717316906
26129950900,7.884497454483231,3.772410366872006
26131970100,6.355923219028063,3.210539991101985
26131970200,6.293368748117728,3.188363692676249
26131970300,6.315449918548939,3.170739727583847
26133970100,7.727685273785079,3.60491534017796
26133970200,7.688934258726899,3.595597442847365
26133970300,7.840295605749487,3.662791270362765
26133970400,7.833414865845311,3.668971741273101
26133970500,7.979914707049966,3.728271098562628
26133970600,8.057080762491444,3.753560310746064
26135970201,7.391790859685147,3.618083137577002
26135970202,7.351830259411362,3.626506843942505
26135970300,7.371943600958248,3.612689478439425
26135970400,7.399258564681725,3.607990760438056
26135970500,7.392034628336756,3.596132624914442
26137950100,7.106552954825462,3.518753234086242
26137950200,7.175963869952088,3.534116531143053
26137950300,7.206619715947981,3.543461205338809
26137950400,7.251909704312115,3.550433789185489
26137950500,7.252963881587954,3.55116475633128
26137950600,7.234700715263518,3.532895229979466
26139020100,9.798858373716632,4.213982727583847
26139020200,9.887345599589322,4.232211428473648
26139020400,9.700437580424367,4.166221611909651
26139020501,9.602766321697468,4.125065356605065
26139020503,9.551077126625599,4.107700148528405
26139020504,9.4280224770705,4.068406247775496
26139020600,9.459096182067077,4.077252951403148
26139020900,9.492032470225873,4.082917187542779
26139021000,9.471323034223135,4.086243420944558
26139021100,9.553467621492129,4.109755921971253
26139021201,9.581724260095825,4.114102828884326
26139021202,9.53700097467488,4.09951379945243
26139021301,9.748363281314168,4.171856881587954
26139021303,9.803987958932238,4.178378911704312
26139021304,9.583786169062286,4.106840493497604
26139021400,10.159030455167693,4.284619347022587
26139021500,10.286646757700205,4.304175817932923
26139021603,10.289043800136892,4.298707727583847
26139021604,10.24872199247091,4.281776194387406
26139021605,10.262376024640657,4.294003976728268
26139021606,10.283673217659138,4.30179423613963
26139021700,10.209674472279261,4.270587762491444
26139021801,10.210167506502396,4.285626508555784
26139021802,10.221039882272416,4.277597242984257
26139021901,10.062690278576318,4.240896125256674
26139021902,10.070031090349076,4.239945499657769
26139022001,9.843172742642026,4.171895351129363
26139022002,9.613918688569473,4.086711001368925
26139022103,9.546052872005476,4.039442936344969
26139022105,9.681371208761122,4.071963092402464
26139022106,9.627919103353867,4.062243505817933
26139022107,9.583203568104038,4.025056067077344
26139022108,9.589707719370294,4.033533804928131
26139022203,9.821418833675565,4.127504446954141
26139022206,9.902737801505818,4.166342587268994
26139022600,9.669929187542779,4.034230892539357
26139022900,9.975408736481862,4.20154112183436
26139023001,10.231917110882957,4.298755776180698
26139023002,10.114601290896646,4.269026098562628
26139023100,9.858342032854209,4.150652496919918
26139023200,9.850776866529774,4.21497958110883
26139023500,10.18414974880219,4.265510240930869
26139023600,10.178511443531828,4.265603119780972
26139024300,9.982953028747433,4.235176629705681
26139024400,10.031228079397673,4.243951726214921
26139024500,10.122005789185489,4.270778817932923
26139024600,10.182274259411362,4.274671279945243
26139024900,9.774578893223819,4.099805839835729
26139025100,9.779002069130732,4.102860539356605
26139025200,9.864048546201232,4.146261269678302
26139025500,9.913383222450376,4.170867338809035
26139025700,9.767377967830253,4.092511751540041
26139025800,9.741914385352498,4.076219107460643
26141950100,6.852240522245038,3.427614775496236
26141950200,6.964697338809035,3.487329772073922
26141950300,7.015231008213552,3.512731127310062
26141950400,6.980201720054757,3.481628810403833
26141950500,7.073630579055442,3.554024018480493
26141950600,7.024381463381246,3.534991334017796
26143970100,7.440303789869952,3.554592468856947
26143970200,7.504178572895277,3.578474909650924
26143970300,7.438796994524298,3.525477668720055
26143970400,7.421478683093771,3.498534724845996
26143970500,7.402731758384668,3.478178087611225
26143970600,7.408551532511978,3.455335802874743
26143970700,7.442065845995893,3.491326828199863
26143971000,7.479880088980151,3.473491925393566
26143971100,7.53751059137577,3.56213867761807
26143971200,7.451322281314168,3.457424960985626
26145000100,9.324788037645448,4.054532598220397
26145000200,9.325643082819986,4.051391744695414
26145000400,9.33310175633128,4.066606684462697
26145000600,9.334997377138946,4.060788841889117
26145000700,9.3320116954141,4.059533679671458
26145000800,9.335461430527036,4.057368210814511
26145000900,9.342583881587954,4.066187052019165
26145001000,9.3407786954141,4.0664028678987
26145001100,9.33892987816564,4.06517450513347
26145001200,9.324284362765229,4.070293759753593
26145001300,9.320849183436003,4.058189586584531
26145001400,9.311092212867899,4.069235772758385
26145001500,9.313746630390144,4.057082166324435
26145001600,9.314293192334018,4.05575424366872
26145001700,9.324722896646133,4.068137325804244
26145001800,9.32178399247091,4.055715672826831
26145001900,9.319448115674196,4.059985550308008
26145002000,9.313432159479808,4.058133862422998
26145002100,9.30326286036961,4.057787665297741
26145010100,9.141813490075291,4.050715184804928
26145010200,9.247482422997947,4.030284437371663
26145010302,9.23606575633128,4.053441797399042
26145010303,9.275506330595482,4.054807749486653
26145010304,9.299001666666667,4.051663952087611
26145010401,9.310232247775496,4.056948606433949
26145010402,9.290143832306639,4.061655106776181
26145010403,9.269445127310062,4.067370507186858
26145010501,9.305783592060233,4.067116538672142
26145010502,9.279646051334702,4.062432620123203
26145010600,9.302483919233402,4.067503271731691
26145010700,9.309318085557837,4.048940298425736
26145010800,9.293160460643395,4.028628732375086
26145011000,9.338282727583847,4.063449850102669
26145011100,9.275218570157426,4.027271010951403
26145011200,9.213412498973306,4.008943041752224
26145011300,9.277623988364134,4.019012908281999
26145011500,9.357962770020534,4.066218221081451
26145011600,9.34245267008898,4.051016596851472
26145011701,9.323037989048597,4.044825935660506
26145011702,9.331540107460643,4.047889263518138
26145011800,9.3005151724846,4.058641017111567
26145011901,9.255804668035592,4.057591109514032
26145011902,9.188106008213552,4.050507519507187
26145012001,9.256661653661875,4.06715412183436
26145012002,9.176093559206023,4.054651718001369
26145012003,9.192737840520192,4.055013768651608
26145012100,9.073462895277207,4.045943793292266
26145012200,8.998786636550308,4.044500384668036
26145012300,9.07571722587269,4.043012417522245
26145012400,9.135023464750171,4.038789616016427
26145012500,9.163307593429158,4.045601481861738
26145012600,9.20297604312115,4.024624626283368
26145012700,9.260427954825462,4.030166700889802
26145012900,9.298547197809719,4.024824984941821
26145013000,9.338034159479808,4.031407950034223
26145013100,9.333991764544832,4.004980584531143
26147620000,9.931499910335387,4.003343300479124
26147621000,9.918461067077344,4.01895267008898
26147622000,9.883726207392197,4.008770868583162
26147623000,9.853965254620123,4.007247746748802
26147624000,9.90137463449692,4.02638797467488
26147625000,9.880305706365503,4.032341780971937
26147626000,9.840112284052019,4.029000036960986
26147627000,9.798748191649555,4.0172791724846
26147628000,9.804460840520192,4.032564332648871
26147629000,9.757112665982204,4.02868550513347
26147630100,9.613768202600958,4.002432529089665
26147630400,9.678080443531828,3.993862916495551
26147631100,9.535107412731006,3.996307240930869
26147631600,9.669308505817933,4.021337184804928
26147632000,9.33070578439425,3.968356760438056
26147633100,9.587100354551677,3.960987637919233
26147633200,9.467691194387406,3.933847151266256
26147634100,9.690456055441478,3.926901877481177
26147634600,9.799234299794661,3.960396497604381
26147635000,9.774315046543463,3.998818145106092
26147636000,9.869538891170431,3.982830773442847
26147637100,9.923039925393566,3.991987489390828
26147637200,9.944999127994524,3.994112162217659
26147637300,9.980736107460643,4.012710535249829
26147640100,10.017713654346338,4.016275911019849
26147640200,9.936753226557153,3.967288533196441
26147640600,9.833324590691307,3.931704223819302
26147641000,9.963857305954826,3.942665458590007
26147642000,10.028131196440794,4.009607778918549
26147643000,10.054989666666667,4.005281808350445
26147644000,10.02655505338809,3.973156826146475
26147645000,9.959366272416153,3.901077657768652
26147646000,9.9496964366872,3.867035646132786
26147647000,9.91716011156742,3.819317091033539
26147648000,9.913486704996578,3.803572403832991
26147649000,9.96074379945243,3.891143225188227
26147650100,9.891794861054073,3.80391567008898
26147650200,9.907900826146475,3.806695583162218
26147651100,9.855151699520876,3.825576452429843
26147651200,9.780021516769336,3.803864049281314
26147651600,9.698255130047912,3.849025718001369
26147652100,9.32607141889117,3.880057941820671
26147652600,9.52700682477755,3.873122595482546
26147655100,9.073862002053388,3.86417654825462
26147655600,9.19815142642026,3.913453737166324
26147657100,9.211538247775496,3.821491026009582
26147657200,9.25479500752909,3.817457121149897
26147658100,9.230951230663929,3.842681798767967
26147658500,9.393655753593429,3.816359362080767
26149040100,10.563635462696783,4.390464726214921
26149040200,10.650210116358658,4.416057965092402
26149040300,10.679741031485284,4.410739878850103
26149040400,10.579043205338809,4.398791694729637
26149040500,10.752709845995893,4.499782089664613
26149040600,10.784019225188227,4.510679027378508
26149040700,10.746840300479124,4.495355596167009
26149040800,10.709616309377139,4.495276592060233
26149040900,10.492897332648871,4.365001986995209
26149041000,10.401145477754962,4.39295728678987
26149041101,10.815358528405202,4.414409195071869
26149041102,10.632438415468857,4.385079490759754
26149041200,10.715294546201232,4.447040097878166
26149041300,10.503231410677618,4.432139672826831
26149041400,10.922969710472279,4.44857876386037
26149041500,10.742553557152635,4.481265342231348
26149041600,10.624676064339494,4.487356856262834
26151970100,8.472754246406571,3.943165873374401
26151970200,8.555565291581109,3.965817930184805
26151970300,8.667301486652977,3.940648249144422
26151970400,8.660279787816564,3.948703789185489
26151970500,8.722691120465435,3.957473757700205
26151970600,8.906846198494182,3.963842623545517
26151970700,9.140299441478439,3.97801407871321
26151970800,9.014303023956194,3.964152128678987
26151970900,8.747329575633128,3.943949032854209
26151971000,8.813163824093087,3.927345957563313
26151971100,8.926979889117043,3.894153013689254
26151971200,8.957654490759754,3.923987891170431
26153000100,6.534227011635866,3.305295837782341
26153000200,6.650999097878166,3.356843282683094
26153000300,6.767951939767283,3.397155975359343
26155030100,9.376772626283368,4.00528934017796
26155030200,9.300917943874059,4.052885991786448
26155030300,9.373262310746064,4.041256195756331
26155030400,9.376448497604381,4.037088301163587
26155030500,9.385988588637919,4.035326344969199
26155030600,9.390329689253936,4.041651559206023
26155030700,9.394463110198494,4.040492331964408
26155030800,9.398688303901437,4.036264323750856
26155031301,9.413686632443532,3.94326207871321
26155031302,9.422000764544832,3.984907324435318
26155031401,9.454350902806297,4.042566556468172
26155031402,9.587412787132101,4.056766299110198
26155031500,9.491284229295003,4.011853789185489
26155031600,9.413820701574264,4.034988803559206
26155031700,9.397387830937714,4.022144481861738
26155031800,9.438454418206708,3.96903254825462
26155031900,9.461914123887748,3.969144540041068
26157000100,8.629562824093087,3.960154570157426
26157000200,8.688328464065708,3.93586525393566
26157000300,8.908646793292266,3.951974782340862
26157000400,8.714741367556468,3.943009958247776
26157000500,8.757810220396988,3.922600978097194
26157000600,8.857324969199179,3.945226063655031
26157000700,8.973705693360712,3.965571249144422
26157000800,9.166495245037645,3.994367503080082
26157000900,9.09309102532512,3.966246963723477
26157001000,8.985736143052704,3.940293190965092
26157001100,8.831976647501711,3.91664064476386
26157001200,9.075382959616701,3.921916572895277
26157001300,9.25272288569473,3.972737595482546
26159010100,9.98773812183436,4.2277052183436
26159010200,9.788435787132101,4.122669193702943
26159010300,9.634052739904175,4.057455391512663
26159010400,9.648921349075975,4.057219955509925
26159010500,9.695586456536619,4.062085722108145
26159010600,9.779450804243669,4.03465672347707
26159010900,10.076902484599589,4.231397493497604
26159011002,10.238556036960986,4.272226689938398
26159011300,10.03779735523614,4.144376262833676
26159011400,9.949972540041068,4.097757036960986
26159011500,10.176344311430527,4.161281264887064
26159011600,10.283471018480493,4.262980026009582
26159011800,10.123582305270363,4.222941811772758
26159011900,10.193909272416153,4.2687143045859
26159012000,9.877472916495551,4.119436947296372
26161400100,10.191240559890486,3.782645972621492
26161400200,10.213290613278576,3.776516507871321
26161400300,10.224654513347023,3.773368058863792
26161400400,10.236246483230664,3.774929123203285
26161400500,10.21249258110883,3.778550444900753
26161400600,10.192289130732375,3.789939976728268
26161400700,10.171929072553046,3.779188245037645
26161400800,10.192963686516085,3.775470568104038
26161402100,10.181684455167693,3.766776986310746
26161402200,10.223464689253936,3.758360544832307
26161402300,10.265967843942505,3.733674202600958
26161402500,10.248184642710472,3.735882188911704
26161402600,10.239697782340862,3.751881236824093
26161402700,10.200896560574949,3.735061375085558
26161403100,10.115986151266256,3.79357529705681
26161403200,10.148599115674196,3.794285557152635
26161403300,10.118178850787132,3.810458293634497
26161403400,10.14054201779603,3.800961049965777
26161403500,10.145915462696783,3.791144615331964
26161403600,10.188357826830938,3.758986305954826
26161403800,10.162895627652293,3.766739691307324
26161404100,10.1672534366872,3.794815675564682
26161404200,10.147674479123888,3.799096748117728
26161404300,10.172696281314168,3.797893883641342
26161404400,10.18074732991102,3.792377688569473
26161404500,10.203243316906229,3.780961060232717
26161404600,10.238103267624914,3.769037046543463
26161405100,10.26435892881588,3.749163978781656
26161405200,10.269628268309377,3.756585344969199
26161405300,10.278658400410678,3.750409319644079
26161405400,10.294003810403833,3.73774267761807
26161405500,10.283152517453799,3.731790952772074
26161405600,10.252167757700205,3.759163210814511
26161406000,10.177126277207392,3.752234979466119
26161407000,10.272167288158795,3.651638209445585
26161407400,10.339474700205339,3.595115167008898
26161407600,10.316480488021903,3.615225882272416
26161410100,10.313602874743326,3.69760284257358
26161410200,10.308740132785763,3.673079691307324
26161410300,10.312605405886379,3.64983011156742
26161410400,10.307123168377823,3.679589844626968
26161410500,10.301921772758385,3.671985736481862
26161410600,10.306329957563313,3.653129803559206
26161410700,10.316980149897331,3.631424588637919
26161410800,10.31818529705681,3.614081995893224
26161410900,10.323160736481862,3.616190885010267
26161411000,10.315159019164956,3.637803392881588
26161411100,10.312095787132101,3.649767753593429
26161411200,10.315126373716632,3.644730327173169
26161411700,10.328960944558522,3.615227835728953
26161411900,10.343988164271047,3.602491970568104
26161412000,10.334550684462697,3.600627805612594
26161412100,10.345899661875428,3.607632169062286
26161412300,10.342640158110883,3.599008663928816
26161412600,10.329281629705681,3.602854088980151
26161412700,10.312292054757016,3.623280594798084
26161413000,10.33871146201232,3.598947015058179
26161413200,10.307296657768652,3.602072449007529
26161413401,10.297674058863792,3.634559664613279
26161413402,10.274071859685147,3.639568019164956
26161413403,10.276190361396304,3.663489380561259
26161414000,10.303532197125257,3.711265144421629
26161414200,10.295720249144422,3.713931156741958
26161414300,10.300064533196441,3.723688801505818
26161414500,10.290070885010267,3.706566991101985
26161414700,10.198893886379192,3.781358162902122
26161414900,10.169375967145791,3.791569475701574
26161415200,10.283338468172485,3.710651074606434
26161415400,10.239055041752224,3.750048711156742
26161415600,10.186038700205339,3.773241926078029
26161415800,10.157073026694045,3.791392660506502
26161416000,10.275332678986995,3.708585267624914
26161416200,10.213913140999316,3.736221942505134
26161420000,10.248571016427105,3.650783058179329
26161420200,10.19582186036961,3.66470773100616
26161421100,10.145355171800137,3.733416086926762
26161421900,10.156314772758385,3.728399839151266
26161422200,10.151662446954141,3.754119556468172
26161422900,10.204769560574949,3.726237407939767
26161423400,10.132545558521561,3.790554457905544
26161423600,10.118340126625599,3.789163611225188
26161425000,10.105301381930185,3.810851813826146
26161426000,10.03907390622861,3.817373700205339
26161431000,9.902053420944558,3.944882831622177
26161432000,9.901770778234086,3.891889882956879
26161444000,9.756993922655715,3.878189991786448
26161445000,9.678129221081451,3.928211351813826
26161446200,9.778518952087611,3.912235347022587
26161446400,9.790194765913758,3.908428099931554
26161447000,9.759137420944558,3.933409841204654
26161448000,9.867232290896646,3.884978486652977
26161453000,10.036036811088296,3.816387039698836
26161454000,9.952689293634497,3.841796015742642
26161455000,10.002398223134839,3.847062613278576
26161456000,10.094321343600274,3.82444493908282
26161461000,9.879321698151951,3.827330702258727
26161464000,10.118473947980835,3.659524254620123
26161465000,9.94582933744011,3.780774977412731
26161466000,10.035025320328542,3.743966559206023
26161984000,10.350680787816564,3.58348674606434
26163500100,10.39276682477755,3.449196229295003
26163500200,10.421382890485968,3.43994011430527
26163500300,10.432767224503764,3.429840981519507
26163500400,10.457487171115674,3.393020897330596
26163500500,10.440666114989733,3.40729631211499
26163500600,10.433517273100616,3.417440370294319
26163500700,10.406208667351129,3.435772418206708
26163500800,10.393310988364134,3.44094397467488
26163500900,10.409392937029432,3.425030735112936
26163501000,10.42717741615332,3.416293897330596
26163501100,10.445118300479124,3.398941143052704
26163501200,10.432901122518823,3.412872742642026
26163501300,10.446689245722108,3.402236080766598
26163501400,10.416469960301164,3.421866143737166
26163501500,10.389500615331964,3.448873239561944
26163501600,10.385301242984257,3.44925888843258
26163501700,10.388481526351814,3.441644527720739
26163501800,10.413187180698152,3.420523252566735
26163501900,10.430671168377823,3.413244965092402
26163502000,10.453642606433949,3.402803267624914
26163503100,10.438082883641342,3.435785301163587
26163503200,10.453840369609856,3.412166901437372
26163503300,10.458103431895962,3.396001612594114
26163503400,10.44735604312115,3.415500160164271
26163503500,10.467431359342916,3.388264752224504
26163503600,10.477063656399726,3.373333683093771
26163503900,10.486474088295688,3.372498637234771
26163504000,10.464931379876797,3.38507393155373
26163504100,10.44638305065024,3.389460133470226
26163504200,10.467242948665298,3.38125074606434
26163504300,10.485838339493498,3.367429348391513
26163504400,10.499057275838467,3.357615759753593
26163504700,10.536933694729637,3.321974407255305
26163504800,10.517605466119096,3.345953295687885
26163504900,10.491993583162218,3.369497841889117
26163505000,10.477135603696099,3.396069177275838
26163505100,10.484314574264203,3.395003190965092
26163505200,10.499479873374401,3.357836528405202
26163505400,10.486510449007529,3.368301203285421
26163505500,10.517149519507187,3.334874938398357
26163506100,10.490996845995893,3.392470470225873
26163506200,10.505731798083504,3.385170396988364
26163506300,10.510322898015058,3.358828807665982
26163506400,10.532190681040383,3.350989900752909
26163506500,10.520417850787132,3.365591212183436
26163506600,10.509212130047912,3.376468073237509
26163506700,10.498550868583162,3.393866880219028
26163506800,10.514963419575633,3.396814873374401
26163506900,10.521783173853525,3.373312621492129
26163507000,10.528329778918549,3.366770012320328
26163507100,10.539360776865161,3.360370952772074
26163507200,10.549480202600958,3.349934153319644
26163507300,10.540464023956194,3.349200807665982
26163507400,10.527226455167693,3.370833596167009
26163507500,10.51345844421629,3.38361474606434
26163507800,10.546611524982888,3.343855742642026
26163507900,10.542769138261465,3.351817863791923
26163508000,10.519602778918549,3.379911420260096
26163508100,10.518935839151266,3.377874480492813
26163510400,10.552111425051335,3.333699324435318
26163510500,10.564771149212868,3.322369104722793
26163510600,10.550859457221082,3.326363227241615
26163510700,10.560214065023956,3.306771006160164
26163511000,10.543275696098563,3.319009527720739
26163511200,10.591871618754278,3.252899290896646
26163511300,10.539896425735797,3.340633099247091
26163511400,10.589630323066393,3.282603274469541
26163511900,10.603218051334702,3.242569982888433
26163512100,10.467001509924709,3.377938350444901
26163512200,10.497733123203285,3.36602515468857
26163512300,10.480943976728268,3.372749470225873
26163512400,10.466995824093087,3.388364080082136
26163512600,10.4789373908282,3.379187464750171
26163512900,10.473958417522245,3.385738826830938
26163513200,10.469731736481862,3.39780360164271
26163513300,10.488301109514032,3.389219528405202
26163513600,10.536289620123203,3.336289216290212
26163513700,10.501594070499658,3.365477574264203
26163513900,10.53018678439425,3.33956292881588
26163514100,10.528275579739904,3.338067735797399
26163514200,10.545573300479124,3.31341523613963
26163514300,10.520027701574264,3.338634286105407
26163514500,10.543059342915811,3.316574047912389
26163515200,10.561575604380561,3.295206409993155
26163515300,10.566132897330596,3.292619887063655
26163515400,10.555212318275154,3.305853115674196
26163515600,10.549510976043806,3.31711441889117
26163515700,10.557074967830253,3.318330683093771
26163515900,10.550496205338809,3.305085908281999
26163516000,10.555189899383984,3.301006199178645
26163516100,10.566744055441478,3.282637979466119
26163516200,10.567622898015058,3.2824372183436
26163516300,10.571830893908282,3.273485575633128
26163516400,10.575854427104723,3.275252308008214
26163516500,10.596445832991102,3.244150324435318
26163516600,10.596774038329911,3.247886553045859
26163516700,10.589897818617385,3.252450502395619
26163516800,10.585914649555099,3.25281194661191
26163516900,10.598440893908282,3.231233368240931
26163517000,10.607299986995209,3.214006297741273
26163517100,10.618356687200548,3.217142706365503
26163517200,10.623781674195756,3.198800083504449
26163517300,10.61984121560575,3.199179642710472
26163517500,10.612599617385352,3.205844455852156
26163518000,10.608836076659822,3.221673559206023
26163518400,10.58942512183436,3.259321406570842
26163518500,10.579254872689938,3.270237525667351
26163518600,10.580213962354552,3.265870715263518
26163518800,10.58765040862423,3.244816280629706
26163518900,10.598328001368925,3.214756852156058
26163520200,10.615629831622177,3.206014796030116
26163520300,10.620982551676934,3.192224991101985
26163520400,10.626478167693361,3.183537371663244
26163520700,10.628274777549624,3.169721926078029
26163520800,10.635870511293634,3.164118090349076
26163521100,10.660475267624914,3.136124094455852
26163521300,10.660874648870637,3.154722704312115
26163521400,10.641859205338809,3.141737515400411
26163521500,10.644095013004791,3.153720309377139
26163521800,10.630302425051335,3.174696097193703
26163521900,10.626772024640657,3.180763600958248
26163522000,10.640578420944558,3.164250686516085
26163522100,10.646823798083504,3.170790250513347
26163522200,10.639486004791239,3.184048527720739
26163522300,10.625524991786448,3.191054170431212
26163522400,10.616636733744011,3.204599757015743
26163522500,10.627583216974675,3.174318656399726
26163523100,10.68302379945243,3.151837877481177
26163523200,10.706611789185489,3.154295700889802
26163523300,10.690749741957563,3.147650958932238
26163523400,10.67678195687885,3.14332588569473
26163523800,10.713873136208077,3.155932065023956
26163524000,10.707160631759069,3.162082361396304
26163524100,10.707359399041752,3.170161699520876
26163524200,10.715850885010267,3.16404738329911
26163524300,10.701671312799452,3.157651760438056
26163524500,10.675158814510609,3.166830843258042
26163524700,10.641544127310062,3.158337959616701
26163524800,10.602213993839836,3.154286288158795
26163524900,10.699416789185489,3.159803432580424
26163525000,10.700270380561259,3.155807182067077
26163525400,10.661931146475017,3.173154006844627
26163525500,10.665044401779603,3.159523491444216
26163525600,10.67814346954141,3.15720319301848
26163525700,10.69097951266256,3.171416691991786
26163525800,10.680726577686516,3.177685483230664
26163526000,10.690030749486653,3.18205000752909
26163526100,10.670260605065024,3.202250272416153
26163526200,10.673522201916496,3.201030062970568
26163526300,10.668106637234771,3.194109424366872
26163526400,10.667898633812457,3.191246156741958
26163526500,10.653634171800137,3.208307818617385
26163527200,10.637193837097878,3.196716933607118
26163527300,10.651134625598905,3.18441037577002
26163530100,10.562305415468857,3.319834442162902
26163530200,10.558170285420945,3.324147776865161
26163530300,10.571808127310062,3.304026555099247
26163530400,10.588853407255305,3.284888088295688
26163530500,10.598539360711841,3.271827924709103
26163530800,10.616738363449692,3.24489906844627
26163530900,10.6103803908282,3.245027727583847
26163531100,10.602054963039014,3.239426646817248
26163531200,10.6067695633128,3.247825199178645
26163531300,10.592375485968515,3.257110522245038
26163531400,10.601242022587269,3.257533980835044
26163531500,10.593619353182752,3.274499535249829
26163531600,10.586205119780972,3.287917691307324
26163531700,10.579585061601643,3.292506956194387
26163531800,10.591385637919233,3.277184807665982
26163531900,10.590449890485968,3.275226264202601
26163532200,10.589667667351129,3.266201147843942
26163532300,10.596844498288843,3.260472523613963
26163532400,10.601050861054073,3.250001843942505
26163532600,10.611497876112252,3.220436857631759
26163532700,10.608505669404518,3.240464349760438
26163533000,10.617435823408624,3.213244227926078
26163533100,10.613851026694045,3.234503490759754
26163533200,10.612268152635181,3.225179083504449
26163533300,10.623234070499658,3.209066059548255
26163533400,10.624335800821355,3.222526867214237
26163533500,10.628592664613279,3.227900528405202
26163533600,10.632511864476386,3.204040029431896
26163533700,10.646528744695414,3.220689764544832
26163533900,10.611364562628337,3.228364770704997
26163534100,10.609083724161533,3.259929610540726
26163534200,10.596109232717317,3.285482311430527
26163534300,10.599608763175907,3.273255058179329
26163534400,10.609997497604381,3.261721969883641
26163534500,10.622024854209446,3.242679689938398
26163534600,10.635863171115674,3.227253597535934
26163534700,10.625719274469541,3.238121177960301
26163535000,10.609081115674196,3.256633630390144
26163535100,10.59812314715948,3.272436266255989
26163535200,10.581672816563997,3.290298754277892
26163535300,10.584327420260096,3.293412249828884
26163535400,10.598528349760438,3.273526277207392
26163535500,10.607420271047228,3.260788199178645
26163535600,10.623249184120465,3.241456650239562
26163535700,10.617420676933607,3.254390424366872
26163536100,10.547200981519507,3.334550991101985
26163536200,10.537962690622861,3.335694515400411
26163536300,10.555509785763176,3.318086915811088
26163536400,10.568072442847365,3.306928028747433
26163536500,10.586998822724162,3.284864076659822
26163536600,10.578858264202601,3.296338472279261
26163536700,10.561813323066393,3.315030543463381
26163536800,10.547957130047912,3.324587579739904
26163536900,10.532781559890486,3.346036297741273
26163537000,10.538696488706366,3.328425744695414
26163537100,10.554380425735797,3.316456416837782
26163537200,10.574461342231348,3.306035040383299
26163537300,10.56984459890486,3.308791647501711
26163537500,10.527759458590007,3.339252775496236
26163537600,10.516299232032854,3.352543791238878
26163537700,10.540498830253251,3.331984125941136
26163537800,10.558709496919918,3.318684288843258
26163538100,10.510018341546886,3.37972174880219
26163538200,10.525146309377139,3.365504271731691
26163538300,10.547571576317591,3.347568049281314
26163538400,10.534698965776865,3.343696915811088
26163538500,10.53505440109514,3.345963986995209
26163538600,10.524077822724162,3.358019439425051
26163538700,10.520695180698152,3.354693190965092
26163538800,10.498074488021903,3.366422859000684
26163538900,10.509322692676249,3.36842272073922
26163539000,10.49630103559206,3.379344310746064
26163539100,10.484640904859685,3.379158498288843
26163539200,10.464473838466804,3.382044878850103
26163539300,10.487913619438741,3.375900455167693
26163539400,10.510022323750856,3.362091596851472
26163539500,10.505619433264887,3.357361637919233
26163539600,10.493440693360712,3.366701158795346
26163539700,10.471569977412731,3.375723574264203
26163540100,10.451039796714579,3.39533125119781
26163540200,10.465822439425051,3.389770318275154
26163540300,10.481769943874059,3.380865871321013
26163540400,10.499451419575633,3.376418123887748
26163540500,10.470035175906913,3.384034775496236
26163540600,10.461815675564682,3.387061620123203
26163540700,10.448360127310062,3.400732865160849
26163540800,10.431141650924025,3.409768474332649
26163540900,10.414691872005476,3.420748831622177
26163541000,10.427523058863792,3.412206671457906
26163541100,10.450074642710472,3.402510494182067
26163541200,10.437142028747433,3.403161013004791
26163541300,10.410480703627652,3.425398101984942
26163541400,10.424716015058179,3.410458277207392
26163541500,10.403516471594798,3.425023445585216
26163541700,10.394075170431212,3.429745388774812
26163541800,10.383103637234771,3.434706542094456
26163542100,10.500223074606434,3.353875904175222
26163542200,10.511727462696783,3.351778814510609
26163542300,10.526635715947981,3.339339198494182
26163542400,10.542216775496236,3.327213704312115
26163542500,10.530046628336756,3.334555885010267
26163542600,10.546932057494866,3.318237204654346
26163542700,10.532388338124572,3.332902486652977
26163542800,10.523506754277892,3.343755082135524
26163542900,10.508479536618754,3.356806410677618
26163543000,10.502801076659822,3.371050613278576
26163543100,10.486859917864476,3.374497594798084
26163543200,10.468965146475017,3.387578995208761
26163543400,10.496933672826831,3.369607489390828
26163543500,10.475711689253936,3.381082269678302
26163543600,10.481335117043121,3.366622059548255
26163543700,10.511442918548939,3.352831456536619
26163543800,10.493919643394935,3.363995465434634
26163543900,10.506776524982888,3.350245724845996
26163544000,10.48971336550308,3.368813390143737
26163544100,10.466007404517454,3.377280455167693
26163544200,10.453270355920602,3.390382518138262
26163544300,10.43591344421629,3.399919327857632
26163545100,10.551803911019849,3.305216866529774
26163545200,10.563942928131417,3.294759
26163545300,10.573121959616701,3.286574349075975
26163545400,10.588994095140315,3.282658488706366
26163545500,10.591957347022587,3.266635363449692
26163545600,10.600478348391513,3.257601893908282
26163545700,10.58872847980835,3.270026485284052
26163545800,10.573684952087611,3.278400607118412
26163545900,10.567613658453114,3.286674229979466
26163546000,10.567006618069815,3.297440193702943
26163546100,10.552254850102669,3.307918169746749
26163546200,10.538662216974675,3.318594122518823
26163546300,10.514462752224504,3.341101692676249
26163546400,10.527576158110883,3.344279763175907
26163546500,10.530678388090349,3.324970442847365
26163546600,10.539744482546201,3.314695162217659
26163546700,10.557299816563997,3.302922406570842
26163546800,10.544052003422314,3.320975403832991
26163546900,10.544706579739904,3.317206966461328
26163550100,10.441856846680356,3.419831039698836
26163550200,10.447801329226557,3.409131409308693
26163550300,10.415081878850103,3.425106101984942
26163550400,10.405292202600958,3.443344380561259
26163550500,10.388023061601643,3.449763950034223
26163550600,10.35741936550308,3.469725310061602
26163550700,10.365754280629706,3.465904513347023
26163550800,10.345978496919918,3.483982838466804
26163550900,10.294354194387406,3.509368757700205
26163551100,10.326742353182752,3.49118488843258
26163551200,10.354708325119781,3.477341399041752
26163551300,10.358656072553046,3.473576281314168
26163551400,10.364063140314853,3.469898362765229
26163551500,10.380337197809719,3.461753216974675
26163551600,10.389759492128679,3.443893939767283
26163551700,10.299254185489391,3.517845938398357
26163551800,10.327979323750856,3.506357984941821
26163552000,10.557677095824778,3.315281333333333
26163552100,10.573910373716632,3.310055485968515
26163552200,10.572847067761807,3.291073302532512
26163552300,10.560976875427789,3.301282906913073
26163552400,10.554426642710472,3.310210969199179
26163552800,10.571705160848734,3.284543085557837
26163553000,10.569431036276523,3.325752813826146
26163553100,10.564318436002738,3.328508325804244
26163553200,10.563221160848734,3.322834975359343
26163553300,10.58393147980835,3.292864192334018
26163553400,10.571016952772074,3.310850015742642
26163553600,10.580645475701574,3.304308144421629
26163553800,10.583049270362765,3.292933852156058
26163554100,10.367413952772074,3.44764666255989
26163554200,10.363502237508556,3.445184169062286
26163554300,10.379825771389459,3.435793143052704
26163554400,10.399701999315537,3.427307431211499
26163554500,10.434185255304586,3.407578438056126
26163554600,10.406767698836413,3.412435873374401
26163554700,10.427143085557837,3.405787049281314
26163554800,10.450306087611225,3.393143915126626
26163554900,10.451323710472279,3.383559269678302
26163555100,10.454866231348392,3.383513718685832
26163555300,10.483813368925394,3.369579014373717
26163555400,10.507110212183436,3.355703527036276
26163555500,10.495769055441478,3.354924097878166
26163555600,10.473230868583162,3.374423588637919
26163556100,10.339649797399042,3.460666485968515
26163556200,10.316971767282683,3.46776392881588
26163556300,10.298150248459959,3.479179795345654
26163556400,10.24534354072553,3.486568156741958
26163556500,10.217003037645448,3.48713234017796
26163556600,10.255500101984942,3.471502733744011
26163556700,10.289662942505134,3.469306230663929
26163556800,10.31119832238193,3.46005370568104
26163556900,10.337884876796715,3.450857585215606
26163557000,10.367107456536619,3.447879629705681
26163557100,10.390068815195072,3.429045167693361
26163557200,10.36431313963039,3.440081160848734
26163557300,10.337358302532512,3.454590158110883
26163557400,10.312219191649555,3.459287874743326
26163557500,10.29407179945243,3.468280832991102
26163557600,10.254859691991786,3.481378
26163557700,10.292339299110198,3.483055403148528
26163557900,10.323595585215606,3.461714653661875
26163558000,10.356611446954141,3.441711813141684
26163558100,10.37675871321013,3.426475916495551
26163558200,10.406107668035592,3.416404934976044
26163558300,10.365417277207392,3.436105902806297
26163558400,10.338055833675565,3.472200868583162
26163558500,10.362176586584531,3.457675918548939
26163558600,10.374050327173169,3.439614787816564
26163558700,10.388784613278576,3.432861828199863
26163558800,10.403223442847365,3.422118372347707
26163558900,10.419279359342916,3.411764271731691
26163559000,10.418239982888433,3.399682986310746
26163559100,10.43783253045859,3.400021271731691
26163559200,10.444905711841205,3.391264863791923
26163560100,10.146205758384668,3.555999545516769
26163560200,10.168567592744695,3.521377897330596
26163560300,10.204753762491444,3.510241210814511
26163560400,10.230820594798084,3.506190044490075
26163561200,10.131307515400411,3.592591257357974
26163561300,10.16768105338809,3.557183678302532
26163561600,10.265865063655031,3.504863553730322
26163561700,10.203051038329911,3.573240524982888
26163561900,10.225594449007529,3.579691202600958
26163562300,10.233859546201232,3.554085612594114
26163562400,10.2603218275154,3.543255094455852
26163562500,10.271269483230664,3.511955790554415
26163562600,10.255557021902806,3.530937544832307
26163562700,10.279692275154004,3.525634637234771
26163562800,10.296455021218344,3.500502206707734
26163562900,10.304535793976728,3.50757632238193
26163563200,10.336095760438056,3.487361952087611
26163563300,10.320273092402464,3.504730872005476
26163563400,10.3030216954141,3.526198532511978
26163563500,10.291390516084873,3.548147388090349
26163563600,10.316566130047912,3.532659757015743
26163563700,10.330371221765914,3.516687084873374
26163563800,10.317487804928131,3.514625246406571
26163563900,10.337808401779603,3.49802574880219
26163564000,10.349024335386721,3.481051811088296
26163564100,10.358297062286105,3.494733361396304
26163564200,10.339220441478439,3.522755875427789
26163564300,10.346906843258042,3.518525599589322
26163564401,10.279106957563313,3.581183586584531
26163564402,10.317090311430527,3.563202752908966
26163564501,10.323990075290897,3.567492287474333
26163564502,10.354397904859685,3.550708623545517
26163564503,10.369595783025325,3.542199039698836
26163564504,10.351312555099247,3.563951119096509
26163564600,10.358532736481862,3.516433437371663
26163564700,10.373923703627652,3.499180857631759
26163564800,10.372771305954826,3.509149730321698
26163564900,10.389000881587954,3.50639676659822
26163565000,10.395301205338809,3.477383908281999
26163565100,10.38285075633128,3.466191033538672
26163565200,10.359870802874743,3.477987877481177
26163565300,10.380741597535934,3.458568554414784
26163565600,10.397169629021218,3.46269446954141
26163565700,10.408648571526352,3.463478263518138
26163565800,10.442504008213552,3.392709882272416
26163565900,10.432795850102669,3.407139223819302
26163566400,10.444357302532512,3.399146169062286
26163566500,10.4310832183436,3.427192242984257
26163566600,10.416787761806982,3.454995587268994
26163566700,10.426001749486653,3.440627013689254
26163566800,10.446073488706366,3.398668319644079
26163566900,10.451031874743326,3.379867473648186
26163567000,10.462657288843258,3.343847698836413
26163567100,10.453285257357974,3.377974917864476
26163567201,10.430725575633128,3.405785407939767
26163567202,10.438869339493498,3.3994436954141
26163567300,10.412905616016427,3.418782097878166
26163567400,10.395722171115674,3.433976986995209
26163567800,10.41107532238193,3.423839058863792
26163567900,10.423492576317591,3.434213391512663
26163568000,10.405600390143737,3.447536724845996
26163568200,10.418076754277892,3.438434199863108
26163568300,10.423686958932238,3.43600312936345
26163568400,10.428732067077344,3.422009
26163568500,10.441318648870637,3.397888584531143
26163568700,10.458569168377823,3.3707966954141
26163568800,10.395233277207392,3.447960779603012
26163568900,10.395359772758385,3.451740203285421
26163569100,10.465453907597536,3.377382065023956
26163569200,10.467976428473648,3.367752173169062
26163569300,10.451512628336756,3.391900127994524
26163569400,10.432866557837098,3.406144567419576
26163569500,10.427634739904175,3.408453293634497
26163569600,10.433791867214237,3.401997663928816
26163569700,10.455957292265572,3.380829552361396
26163569800,10.472737049965777,3.362391765229295
26163569900,10.476959908281999,3.356831709103354
26163570100,10.499681975359343,3.306851980150582
26163570200,10.494063187542779,3.328040595482546
26163570400,10.480583959616701,3.343520583162218
26163570500,10.465421472279261,3.3587885229295
26163570600,10.464066635865845,3.351966078028747
26163570800,10.47502563449692,3.326683965776865
26163570900,10.49310545927447,3.310025811772758
26163571000,10.500185648870637,3.298465027378508
26163571500,10.560540726214921,3.301696001368925
26163571600,10.535348410677618,3.313981392881588
26163571700,10.522775718685832,3.333219801505818
26163571800,10.498809180698152,3.34523164202601
26163571900,10.474759991786448,3.361003796030116
26163572000,10.500303199863108,3.340790973990418
26163572100,10.510707199178645,3.32940323340178
26163572200,10.484923604380561,3.347454048596852
26163572400,10.509813557152635,3.297149713894593
26163572500,10.487217715947981,3.292962639972622
26163572600,10.510520937029432,3.26529697467488
26163572700,10.526464399726215,3.237922293634497
26163572800,10.545438582477755,3.213348862422998
26163572900,10.555976259411362,3.192486639972622
26163573000,10.494555778918549,3.335284119780972
26163573100,10.496961002053388,3.329847511293634
26163573300,10.641185899383984,3.226602592744695
26163573400,10.635569980835044,3.222913567419576
26163573500,10.702553501711157,3.183478908966461
26163573600,10.657009153319644,3.219692646132786
26163573701,10.630875048596852,3.235288078028747
26163573702,10.647600824093087,3.225351186173854
26163573800,10.624932102669404,3.247570023271732
26163573900,10.624764340862423,3.237399684462697
26163574000,10.655021447638604,3.212148295003422
26163574100,10.659123202600958,3.208781730321698
26163574202,10.642281355920602,3.205065940451745
26163574300,10.614623733059548,3.234737425735797
26163574600,10.534790735797399,3.29664158384668
26163574700,10.519411520876112,3.311063399041752
26163574800,10.52967720807666,3.289479905544148
26163574900,10.548182675564682,3.269221651608487
26163575000,10.554172889117043,3.253105568104038
26163575100,10.542145945242984,3.261425793292266
26163575200,10.520134838466804,3.281357106091718
26163575300,10.535552846680356,3.248594850787132
26163575400,10.575003380561259,3.224219362765229
26163575500,10.572197080082136,3.20732021560575
26163575600,10.589038116358658,3.20198431211499
26163576000,10.59902926146475,3.190960039698836
26163576100,10.560713542094456,3.15313200752909
26163576200,10.53952195687885,3.172094896646133
26163576300,10.521018153319644,3.15808210403833
26163576400,10.521699405886379,3.142320348391513
26163576500,10.532606819301848,3.137561725530459
26163576600,10.486400793976728,3.103122386721424
26163576700,10.484546916495551,3.130806178644764
26163577000,10.570739203969884,3.14116025393566
26163577100,10.576115993839836,3.144605643394935
26163577200,10.575790770020534,3.14961082477755
26163577300,10.534140987679672,3.129886508555784
26163577400,10.533817603696099,3.126106127994524
26163577500,10.541782417522245,3.132800558521561
26163577600,10.541366550992471,3.134881724845996
26163577700,10.517282554414784,3.130530683778234
26163577800,10.509778411362081,3.115180815195072
26163577900,10.480053049281314,3.117387581793292
26163578000,10.496073648186174,3.133686341546886
26163578500,10.640411283367556,3.173708564681725
26163578600,10.612001937713895,3.161560008898015
26163579100,10.650723575633128,3.157978802874743
26163579200,10.628715334017796,3.15790404312115
26163579300,10.634320423682409,3.155634455167693
26163579500,10.599580991786448,3.159282761122519
26163579600,10.593519361396304,3.1499866091718
26163579700,10.56039268514716,3.147259977412731
26163579800,10.568302753593429,3.15290086036961
26163579900,10.572894712525667,3.26191015468857
26163580100,10.504123441478439,3.159973258726899
26163580200,10.517892588637919,3.145846550992471
26163580300,10.48848307871321,3.149646132785763
26163580400,10.476642489390828,3.136549184804928
26163580500,10.456850483230664,3.151272132785763
26163580600,10.461503445585216,3.153035359342916
26163580700,10.460552281998631,3.163397498973306
26163580800,10.424123151950719,3.175891112936345
26163580900,10.434275262833676,3.176637353867214
26163581100,10.44391438329911,3.155855383983573
26163581200,10.418997971252567,3.191752418206708
26163581500,10.46689942642026,3.124474297741273
26163581600,10.458561203285421,3.125159193702943
26163581800,10.443615973990418,3.152432917180014
26163581900,10.448743349075975,3.144894874058864
26163582000,10.432721730321698,3.178745550308008
26163582100,10.429845049965777,3.18141939835729
26163583000,10.520025582477755,3.214288023271732
26163583100,10.484317565366188,3.280204783025325
26163583200,10.489439079397673,3.262075957563313
26163583300,10.50579820807666,3.218934293634497
26163583400,10.516440697467488,3.183936067077344
26163583500,10.49916154072553,3.174092578370979
26163583600,10.489544919233402,3.209646885010267
26163583700,10.469473655715264,3.260264618754278
26163583800,10.46260990622861,3.266663503080082
26163583900,10.476364844626968,3.207764456536619
26163584000,10.477325538672142,3.169404965092402
26163584100,10.460326933607118,3.177906364818617
26163584200,10.452366535249829,3.218893651608487
26163584300,10.443060443531828,3.270200934291581
26163584400,10.422933647501711,3.275457590691307
26163584500,10.437343013689254,3.203951442847365
26163584600,10.419202099247091,3.232655133470226
26163584700,10.409335866529774,3.275648692676249
26163584800,10.406823542094456,3.310023451060917
26163585500,10.461660776865161,3.335555581793292
26163585600,10.44683224366872,3.397070998631075
26163585700,10.426765289527721,3.388919605749487
26163585800,10.420232240246407,3.446850940451745
26163585900,10.411350900752909,3.440863959616701
26163586200,10.41553481724846,3.357033069815195
26163586300,10.373552151266256,3.454609059548255
26163587000,10.344515684462697,3.532222761122519
26163587900,10.384161100616016,3.496752994524298
26163588000,10.376506683778234,3.515439270362765
26163588100,10.368639993839836,3.556777648870637
26163588200,10.353045175906913,3.567350121149897
26163588300,10.327567965776865,3.569986583162218
26163588400,10.353515047912389,3.503194627652293
26163589300,10.275519142368241,3.533597245037645
26163589400,10.250817632443532,3.587688082819986
26163590400,10.288328594113621,3.481848107460643
26163590500,10.351717714579055,3.414417346338125
26163590600,10.317742275838467,3.42699309650924
26163591501,10.397544457905544,3.269647963039014
26163591502,10.393339776180698,3.265217483230664
26163591600,10.386059881587954,3.319343056125941
26163591700,10.35947934770705,3.37458856605065
26163591800,10.347535940451745,3.356443886379192
26163591900,10.308035193702943,3.404036951403148
26163592000,10.233538626283368,3.449533143052704
26163593000,10.353016532511978,3.331766467488022
26163593200,10.357576815195072,3.316703032169747
26163593300,10.338019667351129,3.363270621492129
26163594000,10.384692813826146,3.258034962354552
26163594100,10.367953898015058,3.278964893223819
26163594200,10.368498177960301,3.288908430527036
26163594300,10.358332526351814,3.306835513347023
26163594400,10.340233201916496,3.332349331964408
26163594500,10.342734968514716,3.336382043805613
26163595000,10.405386741957563,3.206344666666667
26163595100,10.404002947980835,3.21461112183436
26163595200,10.381175082819986,3.250252848733744
26163596100,10.323880947980835,3.371214861738535
26163596200,10.36844753045859,3.2994921724846
26163596300,10.381251763175907,3.251595034907598
26163597000,10.301243826830938,3.396608659137577
26163598000,10.252534507186858,3.445423579055442
26163599000,10.318410927446954,3.417454998631075
26163599100,10.276660775496236,3.431811016427105
26163985000,10.661256577002053,3.195434533196441
26163985100,10.579015948665298,3.269219077344285
26163985200,10.499982199178645,3.357201744695414
26163985300,10.646370444900753,3.130803975359343
26163985400,10.413182313483915,3.378897617385352
26163985500,10.550870305270363,3.331868080082136
26163985600,10.664126915811088,3.169007031485284
26163985700,10.679873495550992,3.17768625393566
26163985900,10.592025971252567,3.237087249144422
26163990100,10.271030668720055,3.523678507186858
26165380100,7.450424618069815,3.49956562696783
26165380200,7.334583439425051,3.444989067761807
26165380300,7.391735272416153,3.447964132785763
26165380400,7.507653132785763,3.511763357289528
26165380500,7.621234932238193,3.562593991101985
26165380600,7.617380473648186,3.551765145106092
26165380700,7.598177786447639,3.551428631074606
26165380800,7.600479747433265,3.552505131416838
27001770100,6.934494748117728,3.289586865845311
27001770200,6.955393212867899,3.325111968514716
27001770300,7.417749757700205,3.455416969883641
27001770400,7.042790555099247,3.31118562696783
27001790501,7.143109648186174,3.357676444900753
27001790502,7.397923198494182,3.43906797467488
27003050107,8.85216954825462,3.790000193702943
27003050108,8.79111925393566,3.752867433264887
27003050109,8.792675385352498,3.743392056810404
27003050110,8.975580779603012,3.760195278576318
27003050111,8.930124313483915,3.746480454483231
27003050114,8.998559363449692,3.789594360027378
27003050115,8.952731832991102,3.773537026009582
27003050116,9.021547331279945,3.809887079397673
27003050208,9.425602922655715,3.821020263518138
27003050210,9.021335213552361,3.73380534770705
27003050215,9.30324754825462,3.787752440109514
27003050216,9.218897095824778,3.759731044490075
27003050217,9.170925716632444,3.792996006160164
27003050218,9.209648442162902,3.815998377138946
27003050219,9.328142539356605,3.834043655030801
27003050220,9.320266104722793,3.811202001368925
27003050221,9.277165435318275,3.797579728952772
27003050222,9.363107908966461,3.806034376454483
27003050223,9.24711132238193,3.835346193702943
27003050224,9.216211982888433,3.833650052019165
27003050225,9.211947607118412,3.817806983572895
27003050226,9.3219637816564,3.82949061670089
27003050227,9.355775231348392,3.843569204654346
27003050228,9.314943849418207,3.838370041752224
27003050229,9.390692984941821,3.75659866255989
27003050230,9.325045983572895,3.757639714579055
27003050232,9.363380968514716,3.76651519301848
27003050233,9.266801951403148,3.748523409308693
27003050234,9.07843365229295,3.755668651608487
27003050235,9.135448169062286,3.775182657084189
27003050236,9.536928077344285,3.780835629021218
27003050237,9.45763168514716,3.768332336071184
27003050401,9.413532995893224,3.849223010951403
27003050402,9.463809993839836,3.857412231348392
27003050501,9.50007148733744,3.85338177412731
27003050504,9.504188158110883,3.853822281998631
27003050505,9.406248958247776,3.837072235455168
27003050602,9.539786618069815,3.839397338809035
27003050605,9.620543922655715,3.849502484599589
27003050606,9.678672833675565,3.840161001368925
27003050607,9.607380902121834,3.838431162217659
27003050608,9.609377509240246,3.82904306844627
27003050609,9.485913845995893,3.83565318275154
27003050610,9.530716879534565,3.850765955509925
27003050702,9.549037269678302,3.810659532511978
27003050704,9.578793021218344,3.81746571321013
27003050706,9.641882140314853,3.815951575633128
27003050707,9.465477406570842,3.821871623545517
27003050709,9.7316999137577,3.842233652977413
27003050710,9.681973975359343,3.819614876112252
27003050711,9.46978212936345,3.806420625598905
27003050712,9.510695317590691,3.828976635865845
27003050805,9.4262036091718,3.791476375085558
27003050806,9.507643580424367,3.797843473648186
27003050807,9.559191524298426,3.802838397672827
27003050808,9.600572447638604,3.808915402464066
27003050809,9.616138748117728,3.796417298425736
27003050810,9.671255396988364,3.800839485968515
27003050811,9.71842229431896,3.810563511978097
27003050813,9.640058778918549,3.755986394250513
27003050816,9.465567659137577,3.756220929500342
27003050818,9.394395616016427,3.773004283367556
27003050819,9.453322749486653,3.768357855578371
27003050820,9.473938851471595,3.782417768651608
27003050821,9.534825847364819,3.78639235523614
27003050901,9.622593789185489,3.773175114989733
27003050902,9.594389716632444,3.773093633812457
27003051001,9.777915195071869,3.821525451060917
27003051002,9.787987055441478,3.834259730321698
27003051101,9.823279307323751,3.85062261670089
27003051102,9.872042554414784,3.85586272073922
27003051103,9.86495232238193,3.840922366872006
27003051201,9.942240913073238,3.86789255578371
27003051202,9.948745290896646,3.869491917180014
27003051203,9.958756072553046,3.859333194387406
27003051206,10.021651472279261,3.876568691991786
27003051302,10.016647021902806,3.870341917864476
27003051304,10.027192935660506,3.877922828884326
27003051305,10.02044701026694,3.870789720054757
27003051400,10.052547955509925,3.870128411362081
27003051501,10.055267379192334,3.877593854209446
27003051502,10.05872645174538,3.875745947296372
27003051600,8.74768823613963,3.729080962354552
27005450100,7.399119861054073,3.496705699520876
27005450200,7.500801885010267,3.48218535523614
27005450300,7.680141715263518,3.492693422997947
27005450400,7.714180456536619,3.47208165229295
27005450500,7.76068096440794,3.475195869952088
27005450600,7.754233581793292,3.493388927446954
27005450700,7.73105687816564,3.509051855578371
27005450800,7.7074246091718,3.482809268309377
27005450900,7.604275580424367,3.454818718001369
27005940000,7.275538646817248,3.397180855578371
27007450100,7.425689216290212,3.601966529774127
27007450200,7.494118348391513,3.642799507871321
27007450300,7.27008011156742,3.55038161670089
27007450400,7.040664116358658,3.464606915126626
27007450500,6.628570242984257,3.343814896646133
27007450600,7.613658082819986,3.695416072553046
27007450701,7.550792832991102,3.666496144421629
27007450702,7.557032049281314,3.665824134154689
27007940001,6.75338911430527,3.369531772758385
27007940002,7.156110425051335,3.507876247775496
27009020100,8.180294816563997,3.670841959616701
27009020202,8.222076279945243,3.694576568104038
27009020203,8.226661901437372,3.726260739904175
27009020205,8.435170950034223,3.773841724845996
27009020206,8.608438734428474,3.806948598220397
27009020300,8.553967633812457,3.762965045174538
27009021101,8.666203455852156,3.806227873374401
27009021102,8.706132578370979,3.813839149897331
27009021200,8.736346570157426,3.806662483230664
27011950100,7.539983984941821,3.55125187063655
27011950200,7.36526993155373,3.473789368925394
27011950300,7.460273712525667,3.495174239561944
27013170100,9.028833082819986,4.055736043805613
27013170200,9.091849325119781,4.096011778918549
27013170300,9.093819789185489,4.102600224503764
27013170400,9.103133042436687,4.106437780971937
27013170500,9.10419689596167,4.10973865982204
27013170600,9.106719086926762,4.107008459958932
27013170700,9.106903474332649,4.112312177960301
27013170800,9.120211586584531,4.124789399041752
27013170900,8.878230128678987,4.055762082819986
27013171000,8.907728311430527,4.067152678986995
27013171101,9.116051819986311,4.120476876796715
27013171202,9.113009267624914,4.118478979466119
27013171300,9.035053679671458,4.093974897330596
27013171400,8.870508330595482,4.051156584531143
27013171500,8.799744494182067,4.037022947296372
27013171600,9.112790589322382,4.11961478439425
27015960101,8.643798721423682,3.959686191649555
27015960102,8.671896621492129,3.973419585900068
27015960200,8.65810867008898,3.96403694661191
27015960300,8.637652317590691,3.956802511293634
27015960400,8.433257865160849,3.890462437371663
27015960500,8.471283778918549,3.901374240246407
27015960600,8.296006924709103,3.825044649555099
27015960700,8.544246624914442,3.933672045174538
27017070100,7.526905930184805,3.313479902121834
27017070200,7.684016295003422,3.369882292950034
27017070300,7.696074011635866,3.328348379876797
27017070400,7.495662016427105,3.352571198494182
27017070500,7.452726274469541,3.396115810403833
27017070600,7.256765223819302,3.354422676933607
27017940000,7.464887613963039,3.348259948665298
27019090100,8.85548485284052,3.766016932238193
27019090200,8.657821929500342,3.74713767008898
27019090301,8.795588323066393,3.746157020533881
27019090302,8.818702425735797,3.739543323066393
27019090401,9.006892231348392,3.754058930184805
27019090402,9.187311257357974,3.77569027652293
27019090501,9.339798109514032,3.800601758384668
27019090502,9.396901422997947,3.798860439425051
27019090503,9.478830064339494,3.811492359342916
27019090601,9.542868629021218,3.821087203285421
27019090602,9.566488036276523,3.8310136091718
27019090701,9.41716615468857,3.794825118412046
27019090702,9.404479668720055,3.767650067077344
27019090800,9.227458558521561,3.762335912388775
27019090900,9.320344980835044,3.771458133470226
27019091000,9.189274783709788,3.752005889801506
27019091100,8.914955429158111,3.741809588637919
27019091201,8.639409892539357,3.758355876112252
27019091202,8.749363597535934,3.746880744010951
27021940001,7.143631787816564,3.470294761122519
27021940002,6.971562567419576,3.42711757357974
27021960100,6.980681660506502,3.384876245037645
27021960200,7.073175064339494,3.415773140999316
27021960301,7.183670305270363,3.461670138945927
27021960302,7.236985520876112,3.471692441478439
27021960600,7.337146353182752,3.511001616016427
27021960700,7.432086341546886,3.526303612594114
27021960801,7.923958405886379,3.643270325804244
27021960802,7.648282293634497,3.584499347022587
27023950300,8.024335822039699,3.708435943189596
27023950400,8.06185886036961,3.746369572895277
27023950500,7.915522146475017,3.695207399041752
27023950600,7.920359380561259,3.672031274469541
27025110100,8.156880921971253,3.671705818617385
27025110200,8.173479283367556,3.675830892539357
27025110301,8.358623303216975,3.706174013689254
27025110302,8.454087156057495,3.72175393155373
27025110401,8.758258182067077,3.728245728268309
27025110402,8.574776709787817,3.724593813826146
27025110501,8.538889361396304,3.716278481177276
27025110502,8.623583746748802,3.718338143052704
27025110600,8.536177750855578,3.704676678302532
27025110700,8.292801283367556,3.680280318959617
27027020100,7.964673659137577,3.449900966461328
27027020202,7.965224048596852,3.440035468856947
27027020300,7.988376592060233,3.451039812457221
27027020400,7.994523114989733,3.462357536618754
27027020500,7.968256268309377,3.46853143394935
27027020600,7.978343761806982,3.468841110198494
27027030102,7.901847085557837,3.451961535934292
27027030103,7.95450147980835,3.466370317590691
27027030104,7.813658073237509,3.477790399041752
27027030106,7.8791225633128,3.39631670568104
27027030107,7.607039510609172,3.365823395619439
27027030201,7.548265064339494,3.415365859685147
27027030202,7.638340594113621,3.462689726899384
27029000100,7.098094280629706,3.450747785078713
27029000200,7.049161156741958,3.408083404517454
27029000300,6.959184684462697,3.419453539356605
27031480100,5.822995828884326,2.9456719137577
27031480200,6.022814852156058,3.035408732375086
27033270100,8.354675796714579,3.853629718001369
27033270200,8.210314143737166,3.762107473648186
27033270300,8.304835445585216,3.816515027378508
27033270400,8.418738460643395,3.877353779603012
27035950100,7.308267284052019,3.440170125941136
27035950204,7.472879148528405,3.500119188227242
27035950400,7.727981086926762,3.587276260780288
27035950501,7.879655311430527,3.620277067761807
27035950502,7.804353981519507,3.585969503764545
27035950700,7.692003088980151,3.546300802190281
27035950800,7.770168189596167,3.548653670773443
27035950900,8.019681890485968,3.650522590691307
27035951000,8.010595737166324,3.610540915126626
27035951100,8.018273750855578,3.630244324435318
27035951200,8.03777941615332,3.643329767282683
27035951301,8.033437258042437,3.658305049965777
27035951302,8.049750059548255,3.670984016427105
27035951400,7.934824691991786,3.629479055441478
27035951600,7.652433414099932,3.519979940451745
27035951700,7.473579335386721,3.519570668035592
27037060101,10.085626819986311,3.864350431895962
27037060102,10.120525362765229,3.862142463381246
27037060103,10.09568921560575,3.873662694729637
27037060104,10.065717279945243,3.8697173908282
27037060105,10.035497474332649,3.862573069130732
27037060201,10.032665216290212,3.85759409377139
27037060202,9.998985945927447,3.851084871321013
27037060301,9.926959959616701,3.846143366872006
27037060302,9.978019527036276,3.86007249486653
27037060401,9.925916832991102,3.853941549623546
27037060402,9.893679754962355,3.85772864202601
27037060502,9.864135620807666,3.855767286105407
27037060503,9.817828590691307,3.854930208761122
27037060505,9.962622249144422,3.873466707049966
27037060506,9.929422284736482,3.859232092402464
27037060507,9.861012968514716,3.868055668720055
27037060508,9.773376280629706,3.846549633127994
27037060509,9.747198801505818,3.8490985229295
27037060603,10.128881019849418,3.883758399041752
27037060604,10.121337737850787,3.890577273785079
27037060605,10.096326125941136,3.8874353908282
27037060606,10.039170814510609,3.872822330595482
27037060709,9.65850376659822,3.791900832306639
27037060710,9.753738054757016,3.81335367008898
27037060711,9.678383523613963,3.786379794661191
27037060713,9.692037855578371,3.778495163586584
27037060714,9.763781262149213,3.800105388090349
27037060716,9.939517721423682,3.862273151266256
27037060717,9.974902906913073,3.867594063655031
27037060721,9.898750658453114,3.844149647501711
27037060725,9.988613607118412,3.870410889117043
27037060726,10.030124403148528,3.88325079192334
27037060727,9.938653802874743,3.859989368240931
27037060728,9.903715099931554,3.862229828884326
27037060729,9.887065077344285,3.85268959890486
27037060730,9.857893526351814,3.850270600958248
27037060731,9.775032448323066,3.831092680355921
27037060732,9.797221847364819,3.846316937713895
27037060733,9.83452754072553,3.82825719028063
27037060734,9.767956451060917,3.817618973305955
27037060735,9.854703089664613,3.832810704312115
27037060737,9.766414788501027,3.803418557152635
27037060738,9.755460062970568,3.806973205338809
27037060739,9.546340673511294,3.766752069815195
27037060741,9.606942019849418,3.753106161533196
27037060742,9.528696826830938,3.745273021218344
27037060743,9.851424934291581,3.826288224503764
27037060744,9.785848975359343,3.812275986995209
27037060745,9.606965549623546,3.768372565366188
27037060746,9.520270336755647,3.756709837097878
27037060747,9.845045598220397,3.82831035797399
27037060748,9.861825475017112,3.837294639972622
27037060749,9.935888222450376,3.860871145790554
27037060750,9.903507767282683,3.844677965092402
27037060805,9.721951197809719,3.790914514031485
27037060806,9.686733420260096,3.770948891170431
27037060811,9.596051477754962,3.737408686516085
27037060812,9.533471526351814,3.735692674195756
27037060813,9.42760444421629,3.749821822724162
27037060814,9.464345605749487,3.741872535934292
27037060815,9.39462570568104,3.751273954825462
27037060816,9.436896143737166,3.743026229295003
27037060817,9.493470718685832,3.764701739904175
27037060818,9.433135173853525,3.756104834360027
27037060819,9.475307314168378,3.744545468856947
27037060820,9.303981447638604,3.753376570157426
27037060821,9.326726574948665,3.76453582477755
27037060822,9.713765638603696,3.793004895277207
27037060823,9.635484775496236,3.772306826146475
27037060824,9.640585929500342,3.761239758384668
27037060825,9.681677850102669,3.798468863107461
27037060826,9.565884031485284,3.775061076659822
27037060828,9.535081929500342,3.746675628336756
27037060829,9.534487709103354,3.7638750862423
27037060902,9.322424122518823,3.769919036276523
27037060904,9.267351106776181,3.788317806297057
27037060905,9.268898830253251,3.788226293634497
27037060906,9.386127373716632,3.755979356605065
27037060907,9.387322828884326,3.777170683778234
27037061001,9.376021434633812,3.824005052703628
27037061003,9.582941073921971,3.827234316221766
27037061004,9.641422874743326,3.800599213552361
27037061005,9.577319911019849,3.783620877481177
27037061007,9.534872691307324,3.78561127926078
27037061008,9.580969305270363,3.796143972621492
27037061009,9.58934654072553,3.812129935660506
27037061102,9.398009672142368,3.844045759069131
27037061105,9.341359329226557,3.843000847364819
27037061106,9.385236911704312,3.837635301163587
27037061107,9.311524875427789,3.840719700205339
27037061108,9.272959327857632,3.846435828199863
27037061401,9.20384016495551,3.842738325119781
27037061402,9.150113958932238,3.836614088295688
27037061501,9.190761236824093,3.794691863791923
27037061502,9.123190882956879,3.840484171115674
27039950100,9.010790535249829,3.883852073237509
27039950200,8.981316767282683,3.899681618754278
27039950300,8.971766427789186,3.927246028062971
27039950400,8.956001874058864,3.8999326954141
27039950500,9.053464967145791,3.891178351813826
27041450100,7.627736776865161,3.634452291581109
27041450200,7.659350481177276,3.658346732375086
27041450500,7.729047001368925,3.675607413415469
27041450600,7.806818780971937,3.71280445174538
27041450701,7.803573019164956,3.712441424366872
27041450702,7.79591025393566,3.707559579739904
27041450800,7.786828353182752,3.697719575633128
27041450900,7.728526625598905,3.676078150581793
27041451000,7.720970472963724,3.678485388774812
27043460100,8.78712871321013,4.023675485968515
27043460200,8.783851954825462,4.027798442162902
27043460300,8.787948045174538,4.018987550992471
27043460400,8.783960811088296,4.014811514715948
27043460500,8.779785835728953,4.021186232717317
27043460600,8.791753831622177,4.016630495550992
27045960100,8.849728121149897,3.805824680355921
27045960200,8.915347605749487,3.836286409993155
27045960300,8.885196456536619,3.867961653661875
27045960400,8.843488954825462,3.848915410677618
27045960500,8.849708640657084,3.870767995893224
27045960600,8.820435518822724,3.81298214715948
27047180100,8.960544740588638,4.013171867214237
27047180200,8.852381468172485,4.019249478439425
27047180300,8.844012284736482,4.033976823408624
27047180400,8.936751143052704,4.046297935660506
27047180500,8.957762561259411,4.054203312799452
27047180600,8.957785865160849,4.047389288158795
27047180700,8.950549599589322,4.050067701574264
27047180800,8.928304585215606,4.045460270362765
27047180900,8.93482438329911,4.054566579739904
27047181000,8.968220692676249,4.040250083504449
27049080101,9.069088361396304,3.910186255304586
27049080102,9.077198643394935,3.924851444900753
27049080200,9.054668240246407,3.882031377823409
27049080300,9.006992041752224,3.910030666666667
27049080400,9.041719368240931,3.885062980835044
27049080500,9.026241715263518,3.868464578370979
27049080600,9.074151046543463,3.855641511293634
27049080700,8.971555293634497,3.889052890485968
27049080800,9.018518722108145,3.886906323750856
27049080900,9.002485798083504,3.891920620807666
27051070100,7.61460345174538,3.62292417522245
27051070200,7.616978869952088,3.62782895687885
27053000101,10.014187696098563,3.878090235455168
27053000102,10.03126400752909,3.880373199863108
27053000300,10.04566346201232,3.886037194387406
27053000601,10.098516045174538,3.879128653661875
27053000603,10.09723229431896,3.873209491444216
27053001100,10.128221783025325,3.874995415468857
27053001700,10.129919503080082,3.875050892539357
27053002200,10.131706237508556,3.877591323066393
27053002400,10.159144927446954,3.885003438740589
27053002700,10.133440719370294,3.882252926762491
27053003200,10.140706153319644,3.883887354551677
27053003300,10.152199717316906,3.881981657084189
27053003800,10.232855843258042,3.892063793976728
27053005901,10.24428670294319,3.884154567419576
27053005902,10.242156063655031,3.88298248733744
27053006800,10.199230288843258,3.877867302532512
27053007700,10.188440481861738,3.871916067761807
27053007801,10.204665368925394,3.872117987679672
27053008100,10.177850787816564,3.875024633812457
27053008200,10.189918600958248,3.873790611909651
27053008300,10.215543678986995,3.880603522245038
27053008400,10.221211185489391,3.87713700752909
27053008500,10.23037958110883,3.878993144421629
27053009500,10.211610980150582,3.879394901437372
27053009600,10.215682054757016,3.882031235455168
27053010600,10.147442734428474,3.881499248459959
27053010700,10.175939083504449,3.888244188911704
27053011000,10.210322460643395,3.893682941136208
27053011703,10.198249655030801,3.89420688569473
27053011704,10.168080649555099,3.898062909650924
27053011800,10.198634970568104,3.902974559206023
27053011998,10.207990109514032,3.893250411362081
27053012001,10.122196516769336,3.893225889801506
27053012003,10.153003075290897,3.896808627652293
27053012101,10.18153159137577,3.896733292265572
27053012102,10.178202961670089,3.888461770704997
27053020101,10.104314578370979,3.88043111156742
27053020102,10.145602310746064,3.881604362080767
27053020200,9.931621868583162,3.872072386721424
27053020301,9.899627206707734,3.883087083504449
27053020302,9.889908451060917,3.88829809650924
27053020303,9.915967072553046,3.885360095824778
27053020304,9.937853655030801,3.878965216290212
27053020400,9.980261064339494,3.889996349760438
27053020500,10.003923731690623,3.877682049965777
27053020600,9.974634776180698,3.874037929500342
27053020700,9.956714013689254,3.89147011156742
27053020801,9.917047031485284,3.892990735112936
27053020804,9.955701341546886,3.89175116495551
27053020902,10.004584542094456,3.89156011430527
27053020903,9.982714258726899,3.896111936344969
27053021001,10.018783245037645,3.896442646132786
27053021002,10.028449545516769,3.895164036276523
27053021100,10.000130590691307,3.888448033538672
27053021200,10.031925242299795,3.888029678986995
27053021300,10.025743061601643,3.88785428678987
27053021400,10.078405436002738,3.888502590691307
27053021501,9.874960005475702,3.897363479123888
27053021502,9.904162045174538,3.899351413415469
27053021503,9.927738413415469,3.896413310061602
27053021504,9.949347051334702,3.901401078028747
27053021505,9.962619803559206,3.894829027378508
27053021601,9.996769671457906,3.896105585215606
27053021602,10.052156028747433,3.89241594934976
27053021700,10.086865039698836,3.892018368240931
27053021800,10.113449607118412,3.88074721560575
27053021900,10.049808101984942,3.891128839151266
27053022000,10.106212955509925,3.886778592744695
27053022101,10.070254485968515,3.892578891854894
27053022102,10.043209389459274,3.888156108829569
27053022200,10.000690349075975,3.890107777549624
27053022301,9.999264414099932,3.879659873374401
27053022302,10.011901577686516,3.876564030116359
27053022400,10.065593776865161,3.879562810403833
27053022700,10.09329545927447,3.872745648870637
27053022801,10.118561063655031,3.876448788501027
27053022802,10.107500424366872,3.86780289596167
27053022901,10.105418940451745,3.876883555099247
27053022902,10.093185952087611,3.881173132785763
27053023000,10.066113750171116,3.880294989048597
27053023100,10.109398239561944,3.884752425735797
27053023200,9.981584110882957,3.887199605065024
27053023300,9.947055804928131,3.875645696098563
27053023400,9.97862896440794,3.880363410677618
27053023501,10.043291881587954,3.890360895277207
27053023502,9.991557633812457,3.888330631074606
27053023600,10.096309534565366,3.892909566735113
27053023700,10.022007437371663,3.88510232991102
27053023801,10.064348099247091,3.8835794366872
27053023802,10.088562623545517,3.895118567419576
27053023901,10.006882106776181,3.885398364134155
27053023902,9.946934674195756,3.882167961670089
27053023903,9.984919466803559,3.882433438740589
27053024003,10.023215178644764,3.882678955509925
27053024004,10.04262715468857,3.886500231348392
27053024005,10.070913301848049,3.888031865160849
27053024006,10.046023402464066,3.892268351813826
27053024100,10.095832203969884,3.898270598220397
27053024200,10.080551811088296,3.898109805612594
27053024300,10.05680034017796,3.888893162902122
27053024400,10.130199948665298,3.901221503764545
27053024500,10.106446839835729,3.894113834360027
27053024600,10.080888270362765,3.897270844626968
27053024700,10.144509558521561,3.907303657084189
27053024801,10.117868956194387,3.896214300479124
27053024802,10.093735993155373,3.900935380561259
27053024901,10.163157853524983,3.905932965776865
27053024902,10.138058926078029,3.90006440862423
27053024903,10.102559672826831,3.894752772758385
27053025100,10.042202960985626,3.878404305270363
27053025201,10.059677861054073,3.883132413415469
27053025205,10.007455380561259,3.881722823408624
27053025301,9.926026584531143,3.853533149212868
27053025302,9.921316750855578,3.852779063655031
27053025401,10.036743255989049,3.887045995208761
27053025403,9.970032183436003,3.868343029431896
27053025601,10.001956937029432,3.883711377138946
27053025603,9.998430348391513,3.879049424366872
27053025605,9.979889563997262,3.878160950034223
27053025701,9.87818701026694,3.854876628336756
27053025702,9.92876234770705,3.864065881587954
27053025801,9.890186631759069,3.847463414784394
27053025802,9.859023189596167,3.844709981519507
27053025803,9.834626600273785,3.840449184804928
27053025805,9.807246370294319,3.833424887748118
27053025903,9.854189700205339,3.850204689938398
27053025905,9.884830915126626,3.865623727583847
27053025906,9.835394750171116,3.851479095824778
27053025907,9.730835413415469,3.825105147843942
27053026005,9.728861902806297,3.850723997946612
27053026006,9.773878242299795,3.858264589322382
27053026007,9.86503160164271,3.875885019164956
27053026013,9.669778511978097,3.842468317590691
27053026014,9.638021678986995,3.827485607802875
27053026015,9.690123905544148,3.831702476386037
27053026016,9.75814690622861,3.838993202600958
27053026018,9.631569919233402,3.806166346338125
27053026019,9.765806589322382,3.849892669404518
27053026020,9.81739592128679,3.855716023271732
27053026021,9.586410283367556,3.805352152635181
27053026022,9.568382149897331,3.795981803559206
27053026101,9.907219488021903,3.886514670773443
27053026103,9.883176282683094,3.872476048596852
27053026104,9.914326342231348,3.882024475017112
27053026201,9.696598602327173,3.859371600958248
27053026202,9.797052792607803,3.871609057494866
27053026205,9.738067959616701,3.863898539356605
27053026206,9.810726603696099,3.87099570294319
27053026207,9.650990335386721,3.841544954825462
27053026208,9.776469295003422,3.863678970568104
27053026301,9.795040952772074,3.878613884325804
27053026302,9.746703207392197,3.864920070499658
27053026402,9.97237340862423,3.890546943874059
27053026403,9.902807582477755,3.890628091718001
27053026404,9.888926597535934,3.89287935797399
27053026505,9.853447978097194,3.892829353182752
27053026507,9.917542085557837,3.900128343600274
27053026508,9.828634484599589,3.894183151950719
27053026509,9.833221472279261,3.897460097878166
27053026510,9.890900169062286,3.901258232032854
27053026511,9.912074188227242,3.901238945242984
27053026512,9.912532403832991,3.902257241615332
27053026514,9.7959273908282,3.887651898699521
27053026605,9.639490544832307,3.867029104722793
27053026606,9.662426568104038,3.868083069130732
27053026609,9.780200364818617,3.884987826146475
27053026610,9.712223587268994,3.881009542094456
27053026611,9.734699144421629,3.880746029431896
27053026612,9.728904354551677,3.882740170431212
27053026613,9.648093297741273,3.875022353182752
27053026702,9.716415332648871,3.882751757015743
27053026706,9.6229161321013,3.874583219028063
27053026707,9.601336793292266,3.872770794661191
27053026708,9.561744780971937,3.869776851471595
27053026710,9.708748213552361,3.888806431895962
27053026711,9.713927191649555,3.887195911704312
27053026712,9.751206623545517,3.894176414099932
27053026713,9.809522246406571,3.898509674195756
27053026714,9.521155018480493,3.860546928131417
27053026715,9.592224754277892,3.864142821355236
27053026716,9.629469115674196,3.87202753798768
27053026807,9.835852153319644,3.899999892539357
27053026809,9.898385809034908,3.893873749486653
27053026810,9.839770057494866,3.884549736481862
27053026811,9.854174156057495,3.882448718685832
27053026812,9.696682109514032,3.877430635865845
27053026814,9.863004645448323,3.874866310746064
27053026815,9.88147731485284,3.864189717316906
27053026816,9.806918856947296,3.888775220396988
27053026818,9.849948683778234,3.892611137577002
27053026819,9.867292195071869,3.883837965092402
27053026820,9.708162623545517,3.860031331964408
27053026822,9.795943761806982,3.858633232032854
27053026823,9.775924832991102,3.872375811088296
27053026903,9.509116255304586,3.85972631485284
27053026906,9.591661338124572,3.856651087611225
27053026907,9.579392057494866,3.867315720054757
27053026908,9.605778154004107,3.867857960301164
27053026909,9.289523833675565,3.828185325804244
27053026910,9.420136206023272,3.850683696098563
27053027001,9.154949198494182,3.806510754962355
27053027002,9.116403822724162,3.79469406091718
27053027101,9.430347394934976,3.83796151266256
27053027102,9.345454065023956,3.83298074880219
27053027201,9.417268623545517,3.834890750855578
27053027202,9.478560145106092,3.838413527720739
27053027203,9.436445328542094,3.824698001368925
27053027300,9.668939920602327,3.868098952087611
27053027400,9.636890060232717,3.861335026009582
27053027501,9.475088540041068,3.823240792607803
27053027503,9.32894699247091,3.807880184804928
27053027504,9.559833145106092,3.836237499657769
27053027601,9.221781143737166,3.793706069130732
27053027602,9.21668753798768,3.796616388090349
27053027700,9.0820936954141,3.774291599589322
27053100200,10.03682752019165,3.875532826146475
27053100400,10.073325580424367,3.882160486652977
27053100500,10.084725117727584,3.881065239561944
27053100700,10.079663894592745,3.882089889801506
27053100800,10.084820084188912,3.874473613278576
27053100900,10.090803177275838,3.876283006844627
27053101200,10.140962600958248,3.88393758384668
27053101300,10.097713002053388,3.881885248459959
27053101600,10.105808976728268,3.867425589322382
27053101800,10.137680750171116,3.877873768651608
27053101900,10.145849542094456,3.880874683778234
27053102000,10.103106451060917,3.884502574948665
27053102100,10.12217876659822,3.878792967145791
27053102300,10.159450755646817,3.884222136892539
27053102500,10.172693608487337,3.89007927652293
27053102600,10.182640880903491,3.894612595482546
27053102800,10.127697650924025,3.880230497604381
27053102900,10.149320091718001,3.88515073853525
27053103000,10.18183641615332,3.89068468788501
27053103100,10.190647273785079,3.886356079397673
27053103400,10.176764349760438,3.884713344284736
27053103600,10.209600937713895,3.88815658110883
27053103700,10.211677148528405,3.886726704312115
27053103900,10.22608262696783,3.889223008213552
27053104000,10.195836854209446,3.882984811772758
27053104100,10.166001034223135,3.881374002053388
27053104400,10.212964156057495,3.883495728952772
27053104800,10.240489286105407,3.893098698836413
27053104900,10.235692595482546,3.886996661875428
27053105100,10.151049279945243,3.882540569472964
27053105201,10.205387640657084,3.886443219712526
27053105204,10.219052700889802,3.884740059548255
27053105400,10.235718358658453,3.894813265571526
27053105500,10.180365290212183,3.878875285420945
27053105600,10.209787915126626,3.884837359342916
27053105700,10.217144118412046,3.884430118412046
27053106000,10.246905481861738,3.885766896646133
27053106200,10.241013021218344,3.880974744695414
27053106400,10.244105199863108,3.890697631074606
27053106500,10.154659119780972,3.873754223819302
27053106600,10.178572761806982,3.879881578370979
27053106700,10.189671251882272,3.885054901437372
27053106900,10.213546790554415,3.880413845995893
27053107000,10.196983177275838,3.870893954140999
27053107400,10.237381732375086,3.881251325804244
27053107500,10.242102004106776,3.887526161533196
27053107600,10.24673873100616,3.887436086926762
27053108000,10.179861353182752,3.88510719028063
27053108600,10.237951089664613,3.882325509240246
27053108700,10.227583617385352,3.882919570841889
27053108800,10.236335943189596,3.889563735112936
27053108900,10.242094450376454,3.886383209445585
27053109000,10.23914094661191,3.889098558521561
27053109100,10.145648223819302,3.883007814510609
27053109200,10.178226998631075,3.881912143737166
27053109300,10.204628498288843,3.890934748117728
27053109400,10.212745593429158,3.883842628336756
27053109700,10.221631183436003,3.876567560574949
27053109800,10.127910762491444,3.8805556954141
27053109900,10.174654003422314,3.884727309377139
27053110000,10.209049065023956,3.88433537303217
27053110100,10.222973040383299,3.893101194387406
27053110200,10.228338289527721,3.887694188911704
27053110400,10.234226783025325,3.891976309377139
27053110500,10.21259564476386,3.891727672142368
27053110800,10.187525622176591,3.889294351813826
27053110900,10.198697021218344,3.886541249144422
27053111100,10.218527937029432,3.895545362080767
27053111200,10.120633247091034,3.885959516084873
27053111300,10.141959890485968,3.891098094455852
27053111400,10.155895574264203,3.893511290896646
27053111500,10.163292377138946,3.887469311430527
27053111600,10.192000611909651,3.893281866529774
27053122500,10.059943804928131,3.889740010951403
27053122600,10.078299993839836,3.879941427789186
27053125500,10.009063141683778,3.886587409308693
27053125600,10.239549069130732,3.889262301163587
27053125700,10.104666155373032,3.883932785078713
27053125800,10.230125178644764,3.875317713894593
27053125900,10.229287532511978,3.874321420260096
27053126000,10.221723938398357,3.87093134017796
27053126100,10.223340195756331,3.892444546201232
27053126200,10.19441406844627,3.883558170431212
27053980000,10.138937777549624,3.899932598220397
27055020100,9.025676460643395,3.7701746954141
27055020200,8.92333416495551,3.754892064339494
27055020300,8.84083836550308,3.770835026694045
27055020500,8.859456965776865,3.793062603011636
27055020900,8.857244360711841,3.806344650924025
27057070100,7.30249589596167,3.547332080082136
27057070200,7.271538014373717,3.500600363449692
27057070300,7.224164186173854,3.5004484366872
27057070400,7.376248991101985,3.543323865845311
27057070500,7.520065628336756,3.57298206844627
27057070600,7.527811404517454,3.583486371663244
27057070700,7.451685606433949,3.56407907118412
27059130100,8.159939471594798,3.663811736481862
27059130200,8.158170853524983,3.671945015742642
27059130301,8.444312521560575,3.729192991101985
27059130302,8.33871205338809,3.713412736481862
27059130400,8.518667618069815,3.7218880862423
27059130501,8.594479577002053,3.742220223819302
27059130502,8.556773002053388,3.737989961670089
27059130600,8.584892800821355,3.747865900752909
27061480100,6.646880278576318,3.317715798083504
27061480300,7.045705628336756,3.428471208761122
27061480400,6.892391321013005,3.342015374401095
27061480500,7.414659126625599,3.494936683093771
27061480600,7.06536206844627,3.359411973990418
27061480700,7.162008672826831,3.443634446954141
27061480801,7.253653396303901,3.469980676933607
27061480802,7.315474811088296,3.507581093086927
27061480900,7.332817476386037,3.514658065708419
27061481000,7.256467844626968,3.451729008213552
27061940000,6.820801080082136,3.378141109514032
27063480100,8.509238877481177,3.898091527720739
27063480200,8.462329787132101,3.871266657084189
27063480300,8.513782274469541,3.88065479945243
27063480400,8.55026262696783,3.901923388774812
27065480100,7.333388625598905,3.424289214921287
27065480200,7.659365399041752,3.52964846954141
27065480300,7.674496339493498,3.54223304312115
27065480400,7.847466692676249,3.591946681040383
27067770900,8.160819669404518,3.794254240930869
27067780100,8.092720663928816,3.746973107460643
27067780200,7.97572315742642,3.738861214236824
27067780300,8.074263237508556,3.759601013689254
27067780400,8.131414464065708,3.776550331964408
27067780500,8.152557379876797,3.790226963039014
27067780600,8.123874115674196,3.785493839151266
27067780700,8.162571997946612,3.796708023956194
27067780800,8.158948162217659,3.790661954140999
27067781000,8.157236709103354,3.791556125256674
27067781100,8.131432675564682,3.763903117727584
27067781200,8.138669586584531,3.779142699520876
27069090100,6.989306180698152,3.568307178644764
27069090200,7.142581824093087,3.637335048596852
27071790100,6.797814153319644,3.446787511978097
27071790200,6.78881833744011,3.44194300752909
27071790300,6.523568675564682,3.304646692676249
27071790500,6.480242590006845,3.29319298973306
27073180100,7.639799722108145,3.544506501026694
27073180200,7.483417178644764,3.45502192881588
27073180300,7.775182494182067,3.582134092402464
27075370100,6.020481362080767,2.882898973990418
27075370300,6.32188925119781,3.022436741957563
27075370400,6.618786405886379,3.067109004106776
27077460300,6.596091755646817,3.383343241615332
27077460400,6.636572664613279,3.421956715263518
27079950100,8.821784429842574,3.847518307323751
27079950200,8.837567316906229,3.917257269678302
27079950300,8.899450471594798,3.895707712525667
27079950400,8.951242020533881,3.984359148528405
27079950500,8.923301986995209,3.955566612594114
27079950600,8.988055846680356,4.019870545516769
27081201001,7.686993107460643,3.414698188227242
27081201002,7.898172502395619,3.489085719370294
27083360100,7.890066222450376,3.524915292950034
27083360200,7.92810900752909,3.468685748117728
27083360300,7.944701214236824,3.475600574948665
27083360400,7.971896277207392,3.505492221081451
27083360500,7.968555809034908,3.506414899383984
27083360600,7.977297817932923,3.544734292265572
27083360700,8.061662443531828,3.62871054825462
27085950100,8.499158524298426,3.755736224503764
27085950200,8.345061352498289,3.771636604380561
27085950300,8.364429188227242,3.77300646201232
27085950400,8.342782384668036,3.770202162217659
27085950500,8.376357054757016,3.800509836413416
27085950600,8.515925952772074,3.772525685831622
27085950700,8.511641171115674,3.780790570157426
27087940100,7.280304899383984,3.458586830937714
27087940300,7.120867031485284,3.399191788501027
27089080100,6.934977761122519,3.504469826146475
27089080200,7.030925166324435,3.549737360027378
27089080300,7.172534621492129,3.617318058863792
27089080400,7.188639622861054,3.604574374401095
27091790100,8.655417429842574,3.980665715263518
27091790200,8.700912806297057,3.991297854893908
27091790300,8.717757981519507,3.977320610540726
27091790400,8.714333002737851,3.954842135523614
27091790500,8.744126390143737,3.991555036276523
27091790600,8.750204517453799,3.998892739219712
27093560100,8.37022553045859,3.755188616016427
27093560200,8.280978275838467,3.75209140109514
27093560300,8.231910310061602,3.744086583162218
27093560400,8.21039201026694,3.739974935660506
27093560500,8.187023687200548,3.745943288843258
27093560600,8.135389999315537,3.744775402464066
27095170400,8.023551806297057,3.628889622176591
27095170500,7.911730698151951,3.590815973990418
27095170600,8.304499633812457,3.697743585900068
27095170700,8.368827062286105,3.707958196440794
27095970100,7.30462332991102,3.411643226557153
27095970200,7.447254779603012,3.452914905544148
27095970300,7.478682182067077,3.462457708418891
27097780100,7.720566808350445,3.609079700205339
27097780200,7.805658778234086,3.629251886379192
27097780300,7.954565430527036,3.663772814510609
27097780400,7.673454287474333,3.539079909650924
27097780500,7.813635745379877,3.577149762491444
27097780600,7.959370134154689,3.675054319644079
27097780700,7.944207223819302,3.672136221765914
27097780800,7.997532876796715,3.696785637919233
27099000100,9.019321106776181,4.01538265229295
27099000200,9.035967580424367,4.025349131416838
27099000300,9.031671887748118,4.021751631074606
27099000410,9.022071869267625,4.014395005475702
27099000600,9.01399272073922,4.008803422313484
27099000800,9.02878256605065,4.021697891170431
27099000900,9.042456919233402,4.033131173169062
27099001000,9.002500834360027,3.997864437371663
27099001200,8.9389778275154,3.927481880903491
27099001300,8.942997201916496,3.965881538672142
27099001400,8.901282986310746,3.878013022587269
27101900100,8.076204702258727,3.629946648870637
27101900200,8.233280344284736,3.703048420944558
27101900300,8.218083021902806,3.735463968514716
27103480100,8.618410778918549,3.937217585900068
27103480200,8.865832263518138,4.00064290349076
27103480300,8.937322721423682,3.999147346338125
27103480400,8.967469260780288,4.024612368240931
27103480501,9.10435670568104,4.112858323066393
27103480502,9.079361019164956,4.102675863791923
27103480600,9.109207910335387,4.114358165639973
27105105100,8.433649711156742,3.832864869952088
27105105200,8.427913357289528,3.776263150581793
27105105300,8.574989665982204,3.870050525667351
27105105400,8.525548967145791,3.872463159479808
27105105500,8.564274798083504,3.884766277891855
27105105600,8.545941091718001,3.875298281314168
27107960100,7.345334092402464,3.4491484366872
27107960200,7.373261761122519,3.442289742642026
27107960300,7.399427542778918,3.406935149897331
27109000100,9.274015012320328,3.842709947296372
27109000200,9.278811284052019,3.841101862422998
27109000300,9.278082546201232,3.835548203285421
27109000400,9.270299326488706,3.843630542094456
27109000500,9.264749930869268,3.847325832991102
27109000600,9.270652543463381,3.854087393566051
27109000901,9.291273254620123,3.855780434633812
27109000902,9.300380962354552,3.854935763175907
27109000903,9.25940086036961,3.865172088295688
27109001000,9.263364911704312,3.820220757700205
27109001100,9.262864403832991,3.833971593429158
27109001201,9.257678415468857,3.844364624914442
27109001202,9.255617496919918,3.843702052019165
27109001203,9.227892988364134,3.856236910335387
27109001301,9.252201305954826,3.86183546954141
27109001302,9.242561980835044,3.867278423682409
27109001401,9.255394689938398,3.868350725530459
27109001402,9.240175177275838,3.888154133470226
27109001501,9.261531154004107,3.872562363449692
27109001502,9.266565123887748,3.867116698151951
27109001503,9.272091150581793,3.868534112936345
27109001601,9.280006160164271,3.860816592060233
27109001602,9.269594182067077,3.861499291581109
27109001603,9.251409995893224,3.885655002053388
27109001701,9.253489370978782,3.877398188227242
27109001702,9.261989123203285,3.877843187542779
27109001703,9.248515648186174,3.88817325119781
27109001800,9.142813353867214,3.88198198220397
27109001900,9.193761145106092,3.891486977412731
27109002000,9.075338858316222,3.849668760438056
27109002100,9.071159831622177,3.857968474332649
27109002200,9.132528744695414,3.850966212867899
27109002300,9.25798158110883,3.871937097878166
27111960102,7.621442198494182,3.557963070499658
27111960103,7.611019132785763,3.490566900752909
27111960300,7.591084203285421,3.500694192334018
27111960400,7.593434880903491,3.515102806297057
27111960500,7.624156527036276,3.582572135523614
27111960600,7.638070743326489,3.598534838466804
27111960700,7.579070298425736,3.532955932922656
27111960800,7.6853968678987,3.599277853524983
27111960900,7.730739301163587,3.637861429158111
27111961000,7.702212769336071,3.624086370978782
27111961100,7.706364166324435,3.624724680355921
27111961200,7.593113742642026,3.582658015742642
27111961300,7.599873611225188,3.601004684462697
27111961400,7.58866189596167,3.580224235455168
27111961500,7.55536772073922,3.59133545174538
27111961600,7.577760005475702,3.603887266255989
27111961700,7.682846409308693,3.629937979466119
27113090100,6.990602456536619,3.479560657768652
27113090200,7.094078593429158,3.550163954140999
27113090300,7.114901943874059,3.537367364134155
27113090400,7.095585618069815,3.537885796030116
27113090500,7.095444942505134,3.538445543463381
27115950100,7.087920579739904,3.292070197809719
27115950200,7.176977483230664,3.357631696098563
27115950300,7.203267057494866,3.370207646817248
27115950400,7.218570095824778,3.384751988364134
27115950500,7.408164547570157,3.462450639288159
27115950600,7.695667899383984,3.563456682409309
27115950700,7.707146403148528,3.559136164271047
27115950800,7.803168181382615,3.585845431895962
27117460100,8.077943934291581,3.568080619438741
27117460200,8.202433800821355,3.618591145106092
27117460300,8.191187319644079,3.604968124572211
27117460400,8.260976536618754,3.629048611225188
27117460500,8.253974996577686,3.665063086926762
27119020100,7.582490424366872,3.736930394934976
27119020200,7.573056786447639,3.721519559890486
27119020300,7.56703067761807,3.710450323750856
27119020400,7.3562968678987,3.639622168377823
27119020500,7.413386932922656,3.57221205338809
27119020600,7.401852325804244,3.605843995208761
27119020700,7.415246681724846,3.60211925119781
27119020800,7.257920346338125,3.512749293634497
27119020900,7.176187543463381,3.480968728268309
27119021000,7.0755790862423,3.452533318275154
27121970100,7.786353104722793,3.692634459958932
27121970200,7.738347158795346,3.679156436002738
27121970300,7.782626603011636,3.692174751540041
27121970400,7.765930580424367,3.689539843942505
27123030100,10.212580788501027,3.878317176591376
27123030201,10.193112984257358,3.88368502532512
27123030202,10.197421837782341,3.883102980835044
27123030300,10.173086749486653,3.874572160848734
27123030400,10.145570112936345,3.873207202600958
27123030500,10.111763381245722,3.859430415468857
27123030601,10.070910902806297,3.845668303901437
27123030602,10.008396475701574,3.833029630390144
27123030702,9.89453140862423,3.801143510609172
27123030703,9.941701654346338,3.824040166324435
27123030704,9.94964557357974,3.813164112936345
27123030800,10.157066085557837,3.86773074606434
27123030900,10.094837503080082,3.85014182477755
27123031000,10.0576885229295,3.830349752224504
27123031100,10.00626280698152,3.82090990349076
27123031200,10.200059722108145,3.878481240246407
27123031300,10.181310503080082,3.874010553730322
27123031400,10.139367885010267,3.855583174537988
27123031500,10.088760513347023,3.841470559206023
27123031600,10.02291458384668,3.820345642710472
27123031701,10.010538170431212,3.815028802874743
27123031702,9.975745380561259,3.815052209445585
27123031801,9.94458125119781,3.802331357289528
27123031802,9.908447610540726,3.803575759753593
27123031900,10.229119793976728,3.892133083504449
27123032000,10.227343422997947,3.889729982888433
27123032100,10.221870567419576,3.8900241321013
27123032200,10.214300681724846,3.884389303216975
27123032300,10.205647933607118,3.878863284052019
27123032400,10.202648257357974,3.872014345653662
27123032500,10.215834927446954,3.884264941136208
27123032600,10.192839774811773,3.87131787816564
27123032700,10.181079041752224,3.862049475017112
27123033000,10.120828587268994,3.845286789869952
27123033100,10.065737075975359,3.827677227241615
27123033200,10.235889134154689,3.891674619438741
27123033300,10.238776909650924,3.892887523613963
27123033400,10.220722150581793,3.885596197125257
27123033500,10.21344655578371,3.887380537303217
27123033600,10.191227462696783,3.865782960301164
27123033700,10.181975711841205,3.862788728268309
27123033800,10.211924222450376,3.878130338809035
27123033900,10.188163511978097,3.864212285420945
27123034000,10.180359336755647,3.861607089664613
27123034201,10.140726968514716,3.847932124572211
27123034202,10.144489909650924,3.850004181382615
27123034400,10.088630911704312,3.836045607118412
27123034500,10.045676286105407,3.825984427104723
27123034601,10.016975594113621,3.817157156741958
27123034602,9.977497534565366,3.79413917522245
27123034701,9.949773158795346,3.805460732375086
27123034702,9.915470939767283,3.8080363045859
27123034900,10.232096747433265,3.887752332648871
27123035000,10.229311772758385,3.890790908966461
27123035100,10.224432235455168,3.89159871321013
27123035200,10.228131490759754,3.886737277891855
27123035300,10.21910989596167,3.887415207392197
27123035500,10.190843631074606,3.87763159137577
27123035700,10.197812136208077,3.88162361670089
27123035800,10.187742140999316,3.865577651608487
27123035900,10.17225478439425,3.859003047227926
27123036000,10.170674464065708,3.869351707734428
27123036100,10.077996828884326,3.844153947980835
27123036300,10.214579609856263,3.890416764544832
27123036400,10.213186788501027,3.890150095140315
27123036500,10.205283325119781,3.886402663244353
27123036600,10.197577262149213,3.885190301848049
27123036700,10.17172632991102,3.8797596954141
27123036800,10.181977234770705,3.879497346338125
27123036900,10.173560607802875,3.870349993155373
27123037000,10.150652120465435,3.869954122518823
27123037100,10.1418632183436,3.858009893908282
27123037200,10.105901960985626,3.853894417522245
27123037402,9.962143656399726,3.811949406570842
27123037403,9.933176271047228,3.822515042436687
27123037500,10.187434367556468,3.887469305270363
27123037601,10.18890334017796,3.893486240246407
27123037602,10.156717742642026,3.892617271047228
27123040100,9.537383373716632,3.783645009582478
27123040200,9.578043599589322,3.791152463381246
27123040301,9.644603041067762,3.793252393566051
27123040302,9.656563654346338,3.793219675564682
27123040401,9.706457258042437,3.798415423682409
27123040402,9.732826097878166,3.804493727583847
27123040502,9.595812643394935,3.78977384531143
27123040503,9.713963798767967,3.808074648186174
27123040504,9.640301184120465,3.794417896646133
27123040601,9.67683373853525,3.805269321697468
27123040603,9.777255650239562,3.818989780287474
27123040604,9.849009561943874,3.83086264202601
27123040703,9.867882360711841,3.831365733059548
27123040704,9.94695554072553,3.848474106776181
27123040705,9.716663223134839,3.796286726214921
27123040706,9.671938904175222,3.792816757700205
27123040707,9.784144158795346,3.822259713894593
27123040801,9.849532854893908,3.829442815195072
27123040802,9.94988406091718,3.845470045174538
27123040803,10.00085515468857,3.859474107460643
27123040901,9.752986051334702,3.803701627652293
27123040902,9.833251520876112,3.825800221081451
27123041001,9.766335782340862,3.808230577686516
27123041002,9.83443434770705,3.830275396988364
27123041103,10.06039729431896,3.876557947296372
27123041104,9.933491587953456,3.852919912388775
27123041105,9.917638550992471,3.849590958247776
27123041106,10.00133898220397,3.862319422313484
27123041107,10.043285904859685,3.870744318275154
27123041200,9.989750071868583,3.860244639288159
27123041301,10.160432995208761,3.880140169746749
27123041302,10.098766403148528,3.877130897330596
27123041400,10.083999102669404,3.867202795345654
27123041500,10.045330221765914,3.867337169746749
27123041601,10.034885264887064,3.855836049965777
27123041602,10.098194234086242,3.865037036960986
27123041700,10.126464457221082,3.867904821355236
27123041800,10.139847212183436,3.87944087816564
27123041900,10.179672535249829,3.886709908966461
27123042001,10.199985367556468,3.892607105407255
27123042002,10.193529632443532,3.886506891854894
27123042101,9.991017823408624,3.84543723340178
27123042102,9.957439987679672,3.837135886379192
27123042201,10.067112747433265,3.854484549623546
27123042202,10.010311969883641,3.840773275838467
27123042301,9.886346126625599,3.823363390143737
27123042302,9.948107117043121,3.82297293155373
27123042401,9.806819497604381,3.807957263518138
27123042402,9.861682733059548,3.808287907597536
27123042501,9.8680875229295,3.804634362080767
27123042503,9.869576696098563,3.835868112936345
27123042504,9.885864758384668,3.815091650239562
27123042601,9.794703965776865,3.806838156057495
27123042602,9.760138611225188,3.80054681724846
27123042700,9.82601432238193,3.801871626283368
27123042800,10.158517440793977,3.853621577686516
27123042900,10.19796619301848,3.87149913963039
27123043000,10.231876927446954,3.895591793292266
27123980000,9.979622716632444,3.836321240246407
27125010100,7.086101158110883,3.49237014715948
27125010200,7.157584329226557,3.52445399247091
27127750100,8.259892108829569,3.805882762491444
27127750200,8.214535414784394,3.783749863791923
27127750300,8.187399166324435,3.762283765229295
27127750400,8.140222701574264,3.728790387405886
27127750500,8.073425333333333,3.653553976728268
27127750600,8.16526465982204,3.73084046954141
27129790100,8.228150963039014,3.776032223134839
27129790200,8.205274344284736,3.792827061601643
27129790300,8.139020725530459,3.758949265571526
27129790400,8.208462246406571,3.78831555578371
27129790500,8.211560559206023,3.794628703627652
27129790600,8.29639122587269,3.821509643394935
27131070100,8.997260648186174,3.81176087063655
27131070200,9.089144618754278,3.89295880971937
27131070300,9.01077663449692,3.940339969199179
27131070400,9.075329278576318,3.948520674195756
27131070501,9.129805565366188,3.874921889117043
27131070503,9.128804928131417,3.882168891854894
27131070504,9.123780503080082,3.886015091033539
27131070601,9.12094263449692,3.866149542778918
27131070602,9.117472507871321,3.874644697467488
27131070700,9.103029280629706,3.953084678302532
27131070800,9.090801101300479,3.96384658384668
27131070901,9.109247584531143,3.95573087816564
27131070902,9.097769136208077,3.965395717316906
27133570100,8.416779934291581,3.672285630390144
27133570200,8.494450628336756,3.712316885010267
27133570300,8.587583167693361,3.747457902806297
27135970100,6.863336837097878,3.528095097193703
27135970200,6.930245553045859,3.552600045174538
27135970300,7.01017661670089,3.592252110198494
27135970400,6.856202803559206,3.510398407255305
27135970500,6.955958652977413,3.547534026009582
27137000100,7.182135112936345,3.090570354551677
27137000200,7.064596386036961,3.092148164271047
27137000300,7.314912156741958,3.11113226899384
27137000400,7.268146891170431,3.093388942505134
27137000500,7.265618553730322,3.094528340862423
27137000600,7.244463603696099,3.110061368240931
27137000700,7.301849637919233,3.115467824093087
27137000900,7.394657872005476,3.12065038329911
27137001000,7.365058148528405,3.114589427104723
27137001100,7.37687946201232,3.129091308008214
27137001200,7.414506390143737,3.130199727583847
27137001300,7.401749984257358,3.124278500342231
27137001400,7.391601362080767,3.126863759753593
27137001600,7.439746639972622,3.136550522245038
27137001700,7.432614856947296,3.137776447638604
27137001800,7.458264492813142,3.134862160164271
27137001900,7.480323415468857,3.144680318959617
27137002000,7.493476967830253,3.144588691307324
27137002200,7.539753238877481,3.187366941820671
27137002300,7.485926978781656,3.141789075290897
27137002400,7.500114566735113,3.143820772758385
27137002600,7.517171252566735,3.147912499657769
27137002900,7.589793158795346,3.18587112183436
27137003000,7.57057784257358,3.159555778918549
27137003300,7.602521759069131,3.18748641889117
27137003400,7.614532993155373,3.196167889801506
27137003600,7.639335336755647,3.22863574606434
27137003700,7.659685848049281,3.254513670773443
27137003800,7.686736440109514,3.295879152635181
27137010100,7.589604797399042,3.201096566735113
27137010200,7.637672295687885,3.249917736481862
27137010300,7.383947432580424,3.153680815195072
27137010400,7.033206269678302,3.065800415468857
27137010500,6.801143567419576,3.05170810403833
27137010600,6.64103892881588,3.000545587268994
27137011100,6.974027694045174,3.108467262833676
27137011200,6.926207456536619,3.205118716632444
27137011300,6.932453363449692,3.209314318959617
27137011400,6.541231297741273,3.015528988364134
27137012100,7.491793269678302,3.464976026694045
27137012200,7.625097510609172,3.514583201232033
27137012300,7.588716190965092,3.49346816495551
27137012400,7.575101098562628,3.480981492128679
27137012500,7.539067015058179,3.483436966461328
27137012600,7.603574859685147,3.477242899383984
27137012700,7.677288647501711,3.441218223819302
27137012800,7.814728960301164,3.424606234086242
27137013000,7.661644406570842,3.327531330595482
27137013100,7.608441063655031,3.293585689253936
27137013200,7.533786691307324,3.282000562628337
27137013300,7.518275349760438,3.3012278275154
27137013400,7.409508234086242,3.292486255989049
27137013500,7.38611459137577,3.250682521560575
27137013600,7.144640113620808,3.192985986310746
27137013800,6.845662375085558,3.128554435318275
27137013900,6.803802830937714,3.122928501026694
27137014000,6.656737582477755,3.083699639972622
27137014100,6.479925008213552,3.042349315537303
27137015100,7.104981879534565,3.341105959616701
27137015200,7.121985821355236,3.242870105407255
27137015300,6.220094517453799,2.962129619438741
27137015400,6.430677039014374,3.041195796030116
27137015500,6.261107429842574,3.110613616016427
27137015600,7.526733169746749,3.156194813141684
27137015700,7.333785770020534,3.103316950034223
27137015800,7.576824794661191,3.162601724161533
27139080100,9.70886612183436,3.812843528405202
27139080201,9.656193251882272,3.812049836413416
27139080202,9.57575160164271,3.790180622861054
27139080203,9.62770854072553,3.789967056125941
27139080204,9.471416106776181,3.775488110882957
27139080205,9.501144054757016,3.772257140999316
27139080301,9.569149788501027,3.788492442162902
27139080302,9.388024310746064,3.756936420944558
27139080400,9.422450707049966,3.748103436002738
27139080500,9.372081574264203,3.747141374401095
27139080600,9.338895626283368,3.741428266255989
27139080700,9.239293373716632,3.744436780971937
27139080800,9.033290818617385,3.734960028062971
27139080903,9.283825255989049,3.750080349760438
27139080904,9.309784206023272,3.75137084257358
27139080905,9.455008863107461,3.776450632443532
27139080906,9.384617908281999,3.760137869952088
27139081000,9.225273362765229,3.753437230663929
27139081100,9.076261637919233,3.772946757700205
27139081200,8.905206069815195,3.763840099247091
27139081300,8.777243880219028,3.777398173853525
27141030101,8.828494073237509,3.804817021902806
27141030102,8.585273194387406,3.76327543394935
27141030200,8.640330133470226,3.7798459137577
27141030300,8.703835431895962,3.801566358658453
27141030402,9.000936242299795,3.830414198494182
27141030403,8.919056225188227,3.823383409308693
27141030404,8.769503428473648,3.811606718685832
27141030502,9.127178877481177,3.844367415468857
27141030503,9.106120344284736,3.833189905544148
27141030504,9.031714070499658,3.832263250513347
27141031500,8.77093694661191,3.81709237577002
27143170198,8.622746872689938,3.808888596167009
27143170200,8.415107886379192,3.851300006160164
27143170300,8.56338134017796,3.86483741889117
27143170400,8.685233704312115,3.866097789869952
27145000301,8.790229743326489,3.830780692676249
27145000302,8.803649328542094,3.832940147843942
27145000401,8.736230776865161,3.831183733744011
27145000402,8.762333672826831,3.828719062970568
27145000500,8.70064712936345,3.830537323750856
27145000601,8.744671173853525,3.832607878850103
27145000602,8.758260668720055,3.829873255989049
27145000701,8.720234570157426,3.824703954825462
27145000801,8.743737659137577,3.823591371663244
27145000901,8.707564585215606,3.819354880903491
27145001001,8.678396611909651,3.824410504449008
27145010101,8.533625195756331,3.797744204654346
27145010102,8.627076518822724,3.814499119780972
27145010200,8.400319728268309,3.784840635181383
27145010401,8.355666230663929,3.791243203285421
27145010402,8.228328186858316,3.77403998973306
27145010403,8.162303700205339,3.751506108145106
27145010500,8.080063475701574,3.75603183504449
27145010600,7.984536945927447,3.737354803559206
27145010900,7.992718847364819,3.740243864476386
27145011000,8.149802668035592,3.752853713894593
27145011100,8.217731785078713,3.764744144421629
27145011200,8.496957465434634,3.788448239561944
27145011301,8.619503898699521,3.823176184804928
27145011302,8.421066782340862,3.799218091033539
27145011304,8.507424929500342,3.804200362080767
27145011400,8.674141584531143,3.815662521560575
27145011500,7.890237113620808,3.718748813141684
27145011600,8.779143835728953,3.822584075290897
27147960100,9.065643315537303,3.991039201916496
27147960200,9.038503852156058,3.98558345927447
27147960300,9.062418516084873,3.989468607802875
27147960400,9.048345912388775,4.000099953456537
27147960500,8.956683914442163,3.99189601026694
27147960600,9.025861980150582,3.99070920807666
27147960700,9.027260437371663,3.989081107460643
27147960800,8.926652911704312,3.982069689253936
27149480100,7.71337695687885,3.656571136892539
27149480200,7.755105359342916,3.673890432580424
27149480300,7.807811417522245,3.691429585215606
27151960100,7.928895694729637,3.725187718685832
27151960200,7.874222360027378,3.710632771389459
27151960300,7.854779244353183,3.698441679671458
27151960400,7.715874767282683,3.627673675564682
27153790100,7.645867709787817,3.598739038329911
27153790200,7.604421863107461,3.60178965982204
27153790300,7.6162791724846,3.611907075290897
27153790400,7.640998501026694,3.602838534565366
27153790500,7.789744594113621,3.657580606433949
27153790600,7.730734676933607,3.652612845995893
27153790700,7.760911108145106,3.67517838329911
27153790800,7.913479826146475,3.70180099247091
27155460100,7.512296486652977,3.573320764544832
27155460200,7.42013810403833,3.516273377823409
27157490100,8.879670684462697,3.88207241889117
27157490200,8.887483654346338,3.854698526351814
27157490300,8.923758893908282,3.903481209445585
27157490400,8.996499187542779,3.88452946201232
27157490500,8.952951002737851,3.872595893908282
27157490600,8.965302511978097,3.847352808350445
27159480100,7.534425764544832,3.579557950718686
27159480200,7.582843858316222,3.591927410677618
27159480300,7.661322778918549,3.624881187542779
27161790100,8.966615212867899,4.011214647501711
27161790200,8.843891448323066,4.010756918548939
27161790300,8.931554658453114,4.017252609856263
27161790400,8.976653880903491,4.011727873374401
27161790500,8.953952704996578,4.006382897330596
27163070103,8.907872674195756,3.728104499657769
27163070104,8.92474925393566,3.726815223819302
27163070105,8.869307920602327,3.723621663244353
27163070106,8.981888699520876,3.726929037645448
27163070203,9.151933639972622,3.733602869267625
27163070204,9.297338772758385,3.749324082819986
27163070205,8.766758385352498,3.698969024640657
27163070206,8.96155292881588,3.697051926762491
27163070301,9.465617502395619,3.770518863791923
27163070303,9.629633170431212,3.780250837782341
27163070304,9.563451282683094,3.779737941820671
27163070403,9.374145282683094,3.744473707049966
27163070404,9.125510241615332,3.69987562696783
27163070405,9.53736310403833,3.762933197125257
27163070406,9.599946052703628,3.779768379876797
27163070501,9.278568245722108,3.714080290896646
27163070502,9.211865553730322,3.697905332648871
27163070601,9.338939167693361,3.721830301848049
27163070602,9.252160615331964,3.689992416837782
27163070701,9.412174577002053,3.742497477754962
27163070703,9.280487372347707,3.692478985626283
27163070704,9.26827464202601,3.689290593429158
27163070801,9.254233686516085,3.679603489390828
27163070802,9.288856112936345,3.697823772758385
27163070906,9.720141544147844,3.787454678986995
27163070907,9.70469836550308,3.790577448323066
27163070909,9.745594947980835,3.797255567419576
27163070910,9.795495183436003,3.805919622176591
27163070911,9.798264832991102,3.798172206023272
27163070912,9.816764003422314,3.806835785078713
27163071001,9.825633718685832,3.810714791238878
27163071003,9.83185373100616,3.84627973100616
27163071006,9.769239994524298,3.815535019164956
27163071010,9.69274568514716,3.801633830937714
27163071011,9.654466281998631,3.805975109514032
27163071012,9.810753008213552,3.830280699520876
27163071013,9.774935668035592,3.8187124770705
27163071014,9.770680869267625,3.832658269678302
27163071015,9.67138793908282,3.818614106091718
27163071016,9.690258940451745,3.82305449486653
27163071017,9.58955497467488,3.800550060232717
27163071018,9.632580459958932,3.820257557152635
27163071101,9.313191012320328,3.760668952772074
27163071102,9.403025357289528,3.810780196440794
27163071206,9.701679062286105,3.84661858384668
27163071207,9.525100748117728,3.824933010951403
27163071208,9.632635338809035,3.842384800821355
27163071209,9.5732471321013,3.844101645448323
27163071300,9.769747295687885,3.851377403832991
27163071400,9.617710967830253,3.853619845995893
27165950100,8.562830037645448,3.951808364818617
27165950200,8.563879201232033,3.952582212183436
27165950300,8.583248832306639,3.959190725530459
27167950100,7.659818892539357,3.574811437371663
27167950200,7.651644788501027,3.587938399726215
27169670100,8.922865600958248,3.809463648186174
27169670200,9.028115091033539,3.79115658110883
27169670300,9.025196475017112,3.773447352498289
27169670400,9.064914620807666,3.775605947296372
27169670500,9.058356767967146,3.761320597535934
27169670600,9.029386555099247,3.76656254072553
27169670700,9.035485881587954,3.764427316221766
27169670800,8.952032083504449,3.762653230663929
27169670900,8.913128546201232,3.792636377823409
27169671000,8.936423415468857,3.823491555099247
27171100100,9.146317950718686,3.827647917180014
27171100202,8.949670943874059,3.820674288158795
27171100203,8.915460883641342,3.82453562696783
27171100204,9.018460793976728,3.829669806297057
27171100300,8.743680444900753,3.815075607802875
27171100400,8.649347033538672,3.790179269678302
27171100500,8.555235545516769,3.779200840520192
27171100701,8.903006138261465,3.805988603696099
27171100702,8.948273097193703,3.813573544832307
27171100703,8.855208357289528,3.811715000684463
27171100801,9.101122846680356,3.796102877481177
27171100802,9.203786694729637,3.815609088980151
27171100900,8.976482240930869,3.793712826146475
27171101000,8.905209247091034,3.779205247775496
27171101100,8.744947284052019,3.779011400410678
27171101200,8.591979607802875,3.769237379876797
27171101300,8.467481194387406,3.764003930869268
27173970100,7.977059737166324,3.656269991101985
27173970200,7.528401321697468,3.401910288158795
27173970300,7.765485773442847,3.519760821355236
27173970400,8.037408600958248,3.656101730321698
28001000100,8.44372419028063,3.806854180013689
28001000200,8.560955873374401,3.915466015742642
28001000300,8.549497871321013,3.88696624366872
28001000400,8.540401120465435,3.875282351129363
28001000500,8.515649209445585,3.86967579945243
28001000600,8.531492401779603,3.867580831622177
28001000700,8.545876700205339,3.8801096954141
28001000800,8.435558514031485,3.759552362765229
28001000900,8.515210918548939,3.854771587953456
28003950100,9.474852221765914,4.178075258042437
28003950200,9.48262946954141,4.172589755646817
28003950300,9.45329123340178,4.165163095824778
28003950400,9.356600154004107,4.121961699520876
28003950500,9.46760427652293,4.185489381245722
28003950600,9.434487621492129,4.171965607118412
28003950700,9.431643637919233,4.175118893223819
28005950100,8.575033475017112,3.76786794661191
28005950200,8.426504502395619,3.686451390143737
28005950300,8.445793212867899,3.583553043805613
28007060100,9.253039173169062,4.338271871321013
28007060200,9.201785434633812,4.301578655030801
28007060300,9.289176489390828,4.347800620123203
28007060400,9.302166193702943,4.371009259411362
28007060500,9.256907838466804,4.343389405886379
28007060600,9.25728653045859,4.338186405201916
28009950100,9.172287312799452,3.943574495550992
28009950200,9.283283557152635,4.049675453798768
28011950100,9.875247031485284,4.376167091718001
28011950200,9.819360031485284,4.398819210814511
28011950300,9.958217613963039,4.459982668035592
28011950400,9.851261138261465,4.466979012320328
28011950500,9.983403470225873,4.516859893908282
28011950600,9.981607404517454,4.510500720054757
28011950701,9.987297316906229,4.515624826830938
28011950702,9.984542671457906,4.519724119780972
28013950100,9.371248009582478,4.225363561259411
28013950200,9.392509839835729,4.240864890485968
28013950300,9.313891838466804,4.230333971252567
28013950400,9.40018907871321,4.282746039014374
28013950500,9.36308131485284,4.263995180698152
28015950100,9.248473658453114,4.22386211430527
28015950200,9.178770684462697,4.260953733059548
28017950100,9.72528522587269,4.385302006160164
28017950200,9.516929097193703,4.30832841889117
28017950300,9.542175303901437,4.35444035797399
28017950400,9.573667151266256,4.379776465434634
28019950100,9.366581052703628,4.348874709787817
28019950200,9.452273527720739,4.402464707734428
28019950300,9.505135543463381,4.426534735112936
28021950100,8.783297701574264,4.076958683778234
28021950200,8.701707421629021,4.03990997467488
28021950300,8.637459470910335,4.001819101984942
28023950100,9.33938005338809,4.339102737850787
28023950200,9.50701123340178,4.382623609856263
28023950300,9.388107932922656,4.334121355920602
28023950400,9.403646668720055,4.359189529774127
28025950100,9.740547633127994,4.483715364134155
28025950200,9.542946245722108,4.404930660506502
28025950300,9.871727704312115,4.537951292265572
28025950400,9.888413717316906,4.54094037577002
28025950500,9.934532971252567,4.559909635181383
28027950100,10.073511248459959,4.280726152635181
28027950200,9.932762377138946,4.327207031485284
28027950300,9.946784208761122,4.368577281314168
28027950400,10.024566237508556,4.358354718685832
28027950500,10.004199915811088,4.357533105407255
28027950600,10.005592959616701,4.347857219712526
28027950700,10.009635338124572,4.351572669404518
28029950100,9.218176727583847,4.231135290896646
28029950200,9.227169126625599,4.234391741273101
28029950300,8.933964880903491,4.121177149897331
28029950400,9.070038853524983,4.166278965092402
28029950500,9.100114100616016,4.181962504449008
28029950600,8.851680344969199,4.068775676933607
28031950100,9.615868334702259,4.357161997262149
28031950200,9.493008104722793,4.303324275154004
28031950300,9.421698776865161,4.295448881587954
28031950400,9.457893420944558,4.247003559890486
28033070101,9.948232505817933,3.734757015058179
28033070102,10.045137127994524,3.669392550308008
28033070210,10.090053331964408,3.652975173853525
28033070221,9.964508047227926,3.700614806297057
28033070222,9.949653113620808,3.685017531143053
28033070310,10.038885804243669,3.659116392197125
28033070322,10.046521290896646,3.674800653661875
28033070323,10.089065694729637,3.642099570841889
28033070324,10.065038393566051,3.659302260780288
28033070325,10.069552458590007,3.659331032854209
28033070411,10.112858063655031,3.610184283367556
28033070412,10.085288985626283,3.63126414715948
28033070421,10.103415693360712,3.619749968514716
28033070422,10.082095890485968,3.633343320328542
28033070520,10.027028586584531,3.627606642710472
28033070521,10.089163040383299,3.61484003559206
28033070522,10.053226254620123,3.628009773442847
28033070610,10.02742132238193,3.654838773442847
28033070620,9.986107229295003,3.659894578370979
28033070630,9.898148618069815,3.684415248459959
28033070710,9.92163811156742,3.653458902121834
28033070721,9.821431658453114,3.684467082819986
28033070722,9.732374353182752,3.712416553045859
28033070811,9.884950392197125,3.644978554414784
28033070812,9.812031169746749,3.661671630390144
28033070821,9.794335281314168,3.682805759753593
28033070822,9.779654079397673,3.68466618275154
28033070830,9.689117770020534,3.691372867214237
28033070900,9.559071811088296,3.750898950718686
28033071000,9.738106589322382,3.73056683504449
28033071110,9.842560819986311,3.715495850787132
28033071120,9.74093511156742,3.783364474332649
28033071200,9.818844196440794,3.792814130047912
28035000200,9.505627924024641,4.13770287816564
28035000300,9.514552468172485,4.140300912388775
28035000500,9.495728079397673,4.129035152635181
28035000600,9.466546298425736,4.123088739904175
28035000700,9.489734442162902,4.137524444900753
28035000800,9.473332464065708,4.144782633812457
28035000900,9.517526969883641,4.159195652977413
28035001000,9.526468088980151,4.166831702258727
28035001100,9.531816547570157,4.156216932922656
28035010101,9.373509414099932,4.137859750171116
28035010102,9.489824353182752,4.187859381245722
28035010200,9.53337798220397,4.194342105407255
28035010300,9.513840762491444,4.163276599589322
28035010400,9.49909977412731,4.150912234770705
28035010500,9.395424599589322,4.109494308008214
28035010600,9.03638765982204,4.033759859000684
28035010700,9.523480566735113,4.148068726214921
28037950100,8.569878368240931,3.866572171800137
28037950200,8.453275115674196,3.809585442162902
28039950101,9.073006360027378,4.114591983572895
28039950102,9.010488478439425,4.104577405201916
28039950200,8.966488275154004,4.087231195756331
28039950301,8.908156258042437,4.041814651608487
28039950302,8.899444189596167,4.052410124572211
28041950100,8.967563197125257,4.141289031485284
28041950200,8.9273913045859,4.090991133470226
28043950100,9.224630133470226,4.141009739904175
28043950200,9.30236745174538,4.165884090349076
28043950300,9.278989679671458,4.117766403832991
28043950400,9.276918672826831,4.112935631759069
28043950500,9.274660239561944,4.142438072553046
28045030100,8.53563101779603,3.635117943189596
28045030200,8.384623886379192,3.544769466119096
28045030300,8.52246974880219,3.590222143737166
28045030400,8.336881327857632,3.504566549623546
28045030500,8.727803817932923,3.713280596167009
28045030601,8.754025874743326,3.773321013004791
28045030602,8.651570080082136,3.649333685831622
28047000100,8.903208973305955,3.924361762491444
28047000300,8.932313310061602,3.940549995893224
28047000600,8.89976999247091,3.911728736481862
28047000900,8.957822607118412,3.926215221765914
28047001201,8.993060316906229,3.930406773442847
28047001202,8.96622140109514,3.905424679671458
28047001300,8.918274109514032,3.893232478439425
28047001400,8.86668951266256,3.827796054757016
28047001501,8.929890852156058,3.874344909650924
28047001502,8.994952753593429,3.894920936344969
28047001600,9.001541379192334,3.881098239561944
28047001700,8.921773467488022,3.846184004791239
28047001800,8.994491582477755,3.881289565366188
28047001900,8.894863686516085,3.837133873374401
28047002000,8.897367646132786,3.836941004791239
28047002300,8.856824923340178,3.834638452429843
28047002400,8.915307989048597,3.851651095824778
28047002500,8.848303373716632,3.82247115468857
28047002600,8.810452062970568,3.817117436002738
28047002700,8.757089437371663,3.788609095824778
28047002800,8.716311850102669,3.771062350444901
28047002900,8.584173872689938,3.700245669404518
28047003000,8.615907275154004,3.711510004791239
28047003101,8.905821985626283,3.848723123203285
28047003102,8.802390481177276,3.78202312936345
28047003204,9.083886819301848,3.924944310746064
28047003205,9.11372264476386,3.944952036960986
28047003206,9.111222175906913,3.961510328542094
28047003207,9.103926149212868,3.939219249144422
28047003208,9.061293740588638,3.921902621492129
28047003301,9.040219665297741,3.966280182067077
28047003303,9.076130466803559,3.972515155373032
28047003304,9.075298872689938,3.951734923340178
28047003402,9.11016977412731,3.989693920602327
28047003403,9.118939837782341,3.980336975359343
28047003404,9.042672568788501,3.986935192334018
28047003501,8.963883445585216,3.919560043805613
28047003502,8.910744052019165,3.848327362765229
28047003504,9.017981119780972,3.89898049486653
28047003505,9.015556893908282,3.889196639288159
28047003600,8.309880439425051,3.687214910335387
28047003700,8.969992394934976,3.927569206023272
28047003800,8.812226795345654,3.812626822724162
28047003900,8.937152116358658,3.927724164271047
28047980000,8.97954327652293,3.868766290212183
28049000100,10.101989675564682,4.459553288158795
28049000200,10.087866713894593,4.45848807118412
28049000301,10.090886222450376,4.464801442847365
28049000302,10.097649589322382,4.47016665982204
28049000400,10.084114883641342,4.463643605065024
28049000500,10.067979718001369,4.464319496235455
28049000600,10.020410150581793,4.444823405886379
28049000700,9.91827758384668,4.426638012320328
28049000800,9.988397451060917,4.453297585215606
28049000900,10.008592742642026,4.439401802190281
28049001000,9.999720802874743,4.440996199863108
28049001100,10.014821717316906,4.447699137577002
28049001200,10.042268293634497,4.456682140314853
28049001300,10.050681374401095,4.450522635181383
28049001400,10.063270750855578,4.461721477754962
28049001500,10.025852759069131,4.452744572210814
28049001600,10.008438803559206,4.445555105407255
28049001900,9.995800567419576,4.44244825393566
28049002000,9.992110241615332,4.445891386036961
28049002100,9.954483800136892,4.432421714579055
28049002200,9.946260221081451,4.433492608487337
28049002300,9.919021472963724,4.429743966461328
28049002400,9.934550863791923,4.436241143737166
28049002500,9.971685032169747,4.437299372347707
28049002700,9.983451725530459,4.441792022587269
28049003000,9.937352962354552,4.443895169062286
28049003200,9.93951328678987,4.434243908281999
28049003300,9.888682446269678,4.426426140999316
28049003400,9.9102511321013,4.436525776865161
28049003500,9.881242485968515,4.431493839151266
28049003600,9.847271002737851,4.41222468514716
28049003700,9.843596846680356,4.4159712183436
28049003800,9.85002641615332,4.417593580424367
28049010101,10.0916173908282,4.470696042436687
28049010102,10.105541267624914,4.465348609856263
28049010201,10.102018873374401,4.469076353867214
28049010202,10.081723206707734,4.459371675564682
28049010203,10.016492449691992,4.458398074606434
28049010301,9.933114757700205,4.441874551676934
28049010304,9.832711516084873,4.41676254825462
28049010305,9.827283417522245,4.409766719370294
28049010400,9.743762176591376,4.395267158795346
28049010500,9.62778009650924,4.371990751540041
28049010600,9.292573409993155,4.273490210130048
28049010700,9.376374106776181,4.282520745379877
28049010801,9.813938692676249,4.410983670773443
28049010804,9.795134969883641,4.407287444900753
28049010805,9.725232054072553,4.382965112251882
28049010806,9.685318288158795,4.37468876659822
28049010807,9.596924574264203,4.349851952087611
28049010808,9.78248409377139,4.399452191649555
28049010809,9.723057967145791,4.385743786447639
28049010901,9.87754197467488,4.423431859000684
28049010902,9.868752340862423,4.418610921971253
28049011001,9.84374728678987,4.413897563997262
28049011002,9.813864022587269,4.415981747433265
28049011101,9.782552614647502,4.403928930869268
28049011102,9.72661864202601,4.38454699247091
28049011103,9.727464414784394,4.394554975359343
28049011201,9.214182464750171,4.229856759753593
28049011202,9.452219248459959,4.309078206707734
28049011300,9.013831496235455,4.168338307323751
28049011400,9.998741655030801,4.440477899383984
28049011500,9.95723625119781,4.431309786447639
28051950100,9.245105991101985,4.316164620123203
28051950200,9.242836249828884,4.30375743394935
28051950300,9.428302281314168,4.383306978781656
28051950400,9.37882361670089,4.368153366187543
28051950500,9.333887323750856,4.362528689253936
28053950100,9.613095998631075,4.464538812457221
28053950200,9.600601433264887,4.459014690622861
28053950300,9.623953653661875,4.466736392881588
28055950100,9.423281546885695,4.362722711156742
28057950100,9.469222125256674,4.239545256673511
28057950200,9.6024956954141,4.285719143052704
28057950300,9.592970927446954,4.299240484599589
28057950400,9.516267602327173,4.282024737166324
28057950500,9.676150639972622,4.344256173853525
28059040101,9.073375721423682,4.073990524982888
28059040102,9.197049856947296,4.12562006091718
28059040201,8.969852097193703,4.021493143737166
28059040203,9.034467251882272,4.016444893223819
28059040204,9.065504865160849,4.00806420054757
28059040300,9.030649226557153,3.974003570841889
28059040400,8.996975311430527,3.990076996577686
28059040500,8.946166131416838,3.954586108829569
28059040600,8.881611629021218,3.94055277412731
28059040700,8.933539113620808,3.970428831622177
28059040800,9.006084548939083,3.998639612594114
28059040900,8.794194159479808,3.910884991101985
28059041000,8.957889159479808,3.97756615468857
28059041100,8.824050800821355,3.931692252566735
28059041300,9.074708830253251,4.029771963723477
28059041400,8.976445316221766,3.971781021218344
28059041500,8.967187285420945,3.972032287474333
28059041600,8.955963549623546,3.976677748117728
28059041700,8.909714624914442,3.951078945242984
28059041800,8.920834967830253,3.946826264202601
28059041900,8.872431049281314,3.924361985626283
28059042000,8.84866415468857,3.926705839151266
28059042100,8.78849956605065,3.911536281998631
28059042200,8.818258149212868,3.906028566735113
28059042500,8.744388636550308,3.890861308008214
28059042600,8.731920684462697,3.891317057494866
28059042700,8.894018040383299,3.977281477754962
28059042900,8.909969758384668,3.956677343600274
28061950100,9.517045103353867,4.395253410677618
28061950200,9.591035577686516,4.407960029431896
28061950300,9.621057846680356,4.3866543908282
28061950400,9.502824021218344,4.35801964202601
28063950100,8.518085014373717,3.928186394250513
28063950200,8.503182587953456,3.906011407939767
28065950100,9.246396389459274,4.2323844770705
28065950201,9.254521831622177,4.189066468172485
28065950202,9.128175807665982,4.147630579055442
28067950100,9.598198919917864,4.342635704312115
28067950200,9.706988995893224,4.375228739219712
28067950301,9.690314936344969,4.354640666666667
28067950302,9.724809073237509,4.34969912183436
28067950401,9.695974122518823,4.33619972073922
28067950402,9.683683762491444,4.341652136208077
28067950500,9.703656125256674,4.332671146475017
28067950600,9.698229323750856,4.320260244353183
28067950700,9.660377466119096,4.312869229295003
28067950800,9.525205016427105,4.288278776180698
28067950900,9.450771806297057,4.230067032169747
28067951000,9.653986199863108,4.311729783709788
28067951100,9.5995055229295,4.272568854209446
28067980000,9.572378479123888,4.246170460643395
28069030100,9.51441479945243,4.420321272416153
28069030200,9.498743841204654,4.431947716632444
28071950100,9.292119794661191,4.098271882272416
28071950201,9.310631559206023,4.093498605749487
28071950202,9.322583718001369,4.102975951403148
28071950301,9.323753703627652,4.093403984257358
28071950302,9.329923854209446,4.080841832306639
28071950401,9.323871912388775,4.068454793976728
28071950402,9.299973078028747,4.016710710472279
28071950501,9.295710689938398,4.146185650239562
28071950502,9.326361917864476,4.119756859000684
28071950503,9.333841229979466,4.106330773442847
28073020100,9.257810836413416,4.133561807665982
28073020201,9.311995015742642,4.10337027926078
28073020202,9.38472492881588,4.140944689253936
28073020301,9.364248062286105,4.113977547570157
28073020302,9.492298216974675,4.168935759753593
28073020400,9.106024238877481,4.036589299110198
28073020500,8.986566691307324,3.995735621492129
28073020600,8.917420080082136,3.959090618069815
28075000200,9.790626970568104,4.456608357289528
28075000300,9.792923882272416,4.457446099247091
28075000400,9.788969681040383,4.470402366187543
28075000600,9.786415332648871,4.455870553730322
28075000700,9.774098377823409,4.45053346201232
28075000800,9.799090663244353,4.453514835728953
28075000900,9.794098648186174,4.457406924709103
28075001000,9.774013739904175,4.462011414099932
28075001101,9.781746758384668,4.465411494182067
28075001102,9.764861015058179,4.460800744695414
28075010201,9.607080437371663,4.44338498220397
28075010202,9.642275769336071,4.447062271731691
28075010301,9.674165412731006,4.45150472347707
28075010302,9.688692826830938,4.456210307323751
28075010400,9.684525123203285,4.442597349075975
28075010500,9.653291010951403,4.433207161533196
28075010600,9.595327381245722,4.434732749486653
28075010700,9.788257621492129,4.465758345653662
28075980000,9.765312353867214,4.448165036960986
28077960100,9.188821529089665,4.197529990417522
28077960200,9.111802184120465,4.166432060232717
28077960300,8.950773331279945,4.053680960985626
28079040100,9.44437588843258,4.433502778234086
28079040400,9.58013456605065,4.489871568788501
28079040500,9.493418925393566,4.428975212867899
28079040600,9.480173880903491,4.436361894592745
28079040700,9.383411197125257,4.393752583162218
28081950101,9.663597154004107,4.27661113963039
28081950102,9.621085762491444,4.279696726899384
28081950201,9.751456023271732,4.301653332648871
28081950202,9.741215814510609,4.324649238877481
28081950301,9.771644854209446,4.332631693360712
28081950302,9.813714699520876,4.36710497467488
28081950401,9.822093891854894,4.338595796030116
28081950402,9.78975418275154,4.309754558521561
28081950500,9.845316722108145,4.344969268309377
28081950601,9.83123704312115,4.318179208761122
28081950602,9.843952353182752,4.333240780287474
28081950700,9.875462676933607,4.373085732375086
28081950800,9.859829459958932,4.350624657768652
28081950901,9.848302853524983,4.332851798083504
28081950902,9.86186284257358,4.352430939767283
28081951001,9.789938859000684,4.370464906913073
28081951002,9.864994041752224,4.380809320328542
28081951100,9.829338399726215,4.392563370978782
28081980000,9.829900529089665,4.314327876112252
28083950100,9.728239934291581,4.426060653661875
28083950200,9.57589740109514,4.367338567419576
28083950300,9.664754154004107,4.454197184804928
28083950400,9.525573561259411,4.39898803559206
28083950600,9.59069335797399,4.403488488706366
28083950700,9.55938006844627,4.395160044490075
28083950800,9.563530952772074,4.405898056125941
28083950900,9.529806787816564,4.37897728678987
28085950100,8.993307706365503,4.111642916495551
28085950200,8.795881270362765,4.016755282683094
28085950300,8.873805683778234,4.017446175906913
28085950400,8.773766210814511,3.956789810403833
28085950500,8.93822620054757,4.079034998631075
28085950600,8.914159173853525,4.060268904175222
28087000101,9.831355112936345,4.475400366187543
28087000102,9.916361941136208,4.527344119780972
28087000200,9.928735431895962,4.537743671457906
28087000300,9.958863780971937,4.551830553045859
28087000401,9.903014789185489,4.497668240930869
28087000403,9.897304340862423,4.523373084188912
28087000404,9.86526805338809,4.495524451060917
28087000500,9.960841206023272,4.548751165639973
28087000600,9.955172796714579,4.535753017111567
28087000700,9.958546528405202,4.552265937029432
28087000800,9.968403811772758,4.551188074606434
28087000900,9.96726587816564,4.565217143052704
28087001000,9.921919167008898,4.56502921560575
28087001100,9.850769818617385,4.534620201916496
28089030101,10.116058627652293,4.504196960985626
28089030104,10.116749183436003,4.502648603696099
28089030105,10.11395458110883,4.479013655030801
28089030106,10.110059062970568,4.488580598220397
28089030107,10.092047039698836,4.487614833675565
28089030108,10.096982463381246,4.491121839151266
28089030201,10.043124549623546,4.522342252566735
28089030202,10.114316533880904,4.524179275838467
28089030203,10.112202482546201,4.522702785078713
28089030204,10.098056309377139,4.521282838466804
28089030205,10.08879163449692,4.500547898699521
28089030206,10.076245929500342,4.480225284052019
28089030301,10.046706110882957,4.511445626283368
28089030302,9.705421980835044,4.410548262833676
28089030400,9.922795183436003,4.510554858316222
28089030500,9.9377638678987,4.519455151266256
28089030600,9.888367092402464,4.512878761806982
28089030700,9.968916150581793,4.547821344284736
28089030800,9.964735234086242,4.535129758384668
28089030900,9.645102445585216,4.450277052703628
28089031000,9.414620011635866,4.386285778918549
28091950100,9.045592004791239,4.071770309377139
28091950200,8.890620212183436,3.987185318275154
28091950300,8.958875522245038,4.015179639972622
28091950400,8.948127252566735,4.007235755646817
28091950500,8.865912633812457,3.944104024640657
28091950600,8.793078948665298,3.90203054825462
28093950100,9.27195593155373,3.802806264887064
28093950200,9.492633320328542,3.741463470910335
28093950300,9.313783240246407,3.832864934291581
28093950401,9.25182802532512,3.885475978781656
28093950402,9.244147228610541,3.910394885010267
28093950500,9.235840378507871,3.950579041067762
28095950100,9.613574430527036,4.354499712525667
28095950200,9.79878414715948,4.426956831622177
28095950300,9.740379959616701,4.411655486652977
28095950400,9.760993244353183,4.417328084188912
28095950501,9.799149843258042,4.464077944558522
28095950502,9.724139255304586,4.422830077344285
28095950600,9.898008482546201,4.517270153319644
28095950700,9.856710041067762,4.488258658453114
28095950800,9.872498036276523,4.496657468172485
28097950100,9.177059704312115,4.204058917864476
28097950200,9.168562852156058,4.254898201916496
28097950300,9.168885906913073,4.213217638603696
28099010100,9.637795495550992,4.506579545516769
28099010200,9.605714116358658,4.504922835728953
28099010400,9.745779637234771,4.56726920054757
28099010500,9.770339944558522,4.563136173853525
28099010600,9.716754123887748,4.532489724845996
28099010700,9.718448208761122,4.533583541409993
28099940100,9.650728915811088,4.52438189596167
28101050100,9.700905775496236,4.490142590691307
28101050200,9.709959346338125,4.51176381724846
28101050300,9.731652876796715,4.496608623545517
28101050400,9.680000316221766,4.472342238877481
28101050500,9.70882028678987,4.483006227926078
28103950100,9.690082982888433,4.478185709787817
28103950200,9.546214195071869,4.446593310061602
28103950300,9.667294641341547,4.480676694729637
28105950100,9.801669071868583,4.530094455167693
28105950200,9.543941357289528,4.429477056810404
28105950300,9.692055555099247,4.501610497604381
28105950400,9.744098445585216,4.517739969883641
28105950500,9.696259197809719,4.496866405886379
28105950601,9.727967479123888,4.511062009582478
28105950602,9.679203806297057,4.493031637919233
28105950700,9.586272926078029,4.465614212183436
28107950100,9.6236921724846,4.082293937713895
28107950200,9.522714798083504,4.060218433264887
28107950300,9.444577603011636,4.04782809650924
28107950400,9.412602100616016,4.131005193702943
28107950500,9.608127639288159,4.191123882272416
28107950600,9.564783791238878,4.146522394250513
28109950100,8.763106822039699,3.866920905544148
28109950200,8.691735685831622,3.808365537303217
28109950300,8.720630295687885,3.839454353182752
28109950401,8.643046673511294,3.677172059548255
28109950402,8.672284077344285,3.701355752908966
28109950501,8.684143185489391,3.702700789185489
28109950502,8.68448541615332,3.748361851471595
28109950600,8.668421208761122,3.663697331964408
28109950700,8.666843019849418,3.642958173853525
28111950101,9.175808062970568,4.153341201232033
28111950102,9.153852874743326,4.135161779603012
28111950200,8.9773291724846,4.063207994524298
28113950101,8.772853674880219,3.897312013689254
28113950102,8.776081967145791,3.905500824093087
28113950200,8.77212647980835,3.891054217659138
28113950300,8.759128089664613,3.869558504449008
28113950400,8.75555352019165,3.871535271047228
28113950500,8.720727390143737,3.822346138945927
28113950600,8.679997131416838,3.792339249144422
28113950700,8.588448676933607,3.698640988364134
28115950101,9.703092984941821,4.287559836413416
28115950102,9.588086125256674,4.250398619438741
28115950200,9.437006828199863,4.202036685831622
28115950300,9.596156363449692,4.276572555099247
28115950400,9.642304780971937,4.31675670568104
28115950500,9.450872160164271,4.246341703627652
28117950100,9.426534652977413,4.194599509924709
28117950200,9.480034270362765,4.216633971252567
28117950300,9.476566058863792,4.216279437371663
28117950400,9.488411146475017,4.229698661875428
28117950500,9.583203622861054,4.263396936344969
28119950100,9.813715217659138,4.18925564202601
28119950200,9.802244704312115,4.252566059548255
28119950300,9.760511138945927,4.284437437371663
28121020101,9.65438301026694,4.437071032169747
28121020102,9.657843249144422,4.420682275154004
28121020206,9.919869078028747,4.46948845927447
28121020207,9.957003744695414,4.45261537577002
28121020208,9.905434421629021,4.461210234770705
28121020209,9.991849012320328,4.482540655715264
28121020210,9.955120453114305,4.492974733744011
28121020211,10.033536708418891,4.486592958932238
28121020212,9.953246501711157,4.480041286105407
28121020213,9.850678126625599,4.442062047227926
28121020301,9.977365771389459,4.456090830937714
28121020302,10.057822791238878,4.466589386721424
28121020401,9.791319687200548,4.404252338124572
28121020402,9.801321889117043,4.418160845995893
28121020500,9.838401954825462,4.43176387063655
28121020600,9.913806227241615,4.446441542778918
28121020701,9.953152831622177,4.446560789869952
28121020703,9.918619158795346,4.445779498973306
28121020704,9.938265812457221,4.439454362765229
28121020801,9.781249615331964,4.429428811088296
28121020802,9.775005248459959,4.421108796030116
28121020803,9.665622549623546,4.398312586584531
28121020900,9.490965048596852,4.363981864476386
28121021001,9.64158611156742,4.369614898015058
28121021002,9.540224735797399,4.358577306639288
28121021003,9.490329260095825,4.321604780287474
28121980000,9.995730042436687,4.466731579739904
28123020100,9.626076257357974,4.47526972073922
28123020200,9.527520776865161,4.436073448323066
28123020300,9.571222353867214,4.432171225188227
28123020400,9.574204637919233,4.430052984941821
28123020500,9.614776291581109,4.461422285420945
28123020600,9.612509513347023,4.460619775496236
28125950100,9.491306280629706,4.401604820670773
28125950200,9.524876854893908,4.410634780971937
28127950100,9.447403928131417,4.349726528405202
28127950200,9.360376381930185,4.30791482477755
28127950300,9.304484352498289,4.272486976728268
28127950400,9.277538299794661,4.260004884325804
28127950500,9.46853490622861,4.351968700205339
28129950100,9.568481295687885,4.4168608678987
28129950200,9.61694270568104,4.406963789869952
28129950300,9.711684692676249,4.438563047912389
28131020100,8.997923065023956,4.027076032169747
28131020201,8.947509987679672,4.01051784257358
28131020202,8.952726793976728,3.974698905544148
28133950100,9.915036639288159,4.448449342231348
28133950200,9.894076726899384,4.510596918548939
28133950300,9.855688572210814,4.519209232032854
28133950401,9.846928356605065,4.518878381930185
28133950402,9.840463440109514,4.526272658453114
28133950500,9.737067731690623,4.491906015742642
28133950600,9.79089024366872,4.519267811772758
28135950100,9.468191605749487,4.204280802190281
28135950200,9.45945531211499,4.203127023956194
28135950300,9.754349368240931,4.34032190622861
28135950400,9.594926914442163,4.315440700889802
28137950100,9.394477078028747,3.880533893223819
28137950200,9.551538232032854,3.893949574264203
28137950301,9.698777242299795,3.883234712525667
28137950302,9.658553843258042,3.959517936344969
28137950400,9.623337251882272,3.925700143052704
28139950100,9.249741483915127,4.049511608487337
28139950200,9.362784850102669,4.124686735112936
28139950300,9.364892032169747,4.120543859685147
28139950400,9.40356419301848,4.157742539356605
28141950100,9.333143187542779,4.11727459890486
28141950200,9.340231407255305,4.124883420944558
28141950300,9.349936524298426,4.138886049965777
28141950400,9.385974130732375,4.175763922655715
28143950100,9.826831366872006,4.013304480492813
28143950200,9.835417360711841,3.997593839151266
28143980000,9.818004235455168,3.967770189596167
28145950100,9.494737659137577,4.201366359342916
28145950200,9.40053406091718,4.130421211498973
28145950300,9.521784444900753,4.206791986310746
28145950400,9.519799950034223,4.207886918548939
28145950500,9.594306655030801,4.246569449691992
28145950600,9.459363721423682,4.189821156741958
28147950100,8.779188481861738,3.907554357289528
28147950200,8.686145635181383,3.823213299110198
28147950300,8.657033203285421,3.807262407939767
28149950100,9.481295764544832,4.370305970568104
28149950200,9.380693606433949,4.333011875427789
28149950300,9.362155338809035,4.32573174880219
28149950400,9.350156401779603,4.319167248459959
28149950500,9.322811759069131,4.30387167761807
28149950600,9.260614984941821,4.280421380561259
28149950700,9.329104070499658,4.315372241615332
28149950800,9.246108082819986,4.278610603696099
28149950901,9.308448965776865,4.295008832306639
28149950902,9.242353926762491,4.275344290212183
28149951101,9.080506240246407,4.205312168377823
28149951102,9.002886281314168,4.180009531827515
28151000100,9.788852356605065,4.505412857631759
28151000200,9.824423242299795,4.464479331279945
28151000300,9.859605295687885,4.491318635181383
28151000400,9.84913805338809,4.486164542094456
28151000600,9.845545665982204,4.489617110882957
28151000701,9.851531877481177,4.499046023956194
28151000702,9.810260405201916,4.470520525667351
28151000800,9.818002475017112,4.483647865845311
28151000900,9.845107130047912,4.491062933607118
28151001000,9.843255226557153,4.490517110198494
28151001100,9.854300951403148,4.494381253251198
28151001200,9.86163670568104,4.499879327173169
28151001300,9.876832707049966,4.510218609856263
28151001400,9.866813406570842,4.506999254620123
28151001500,9.688388135523614,4.455483389459274
28151001600,9.883451383983573,4.521772309377139
28151001700,9.875033145106092,4.528237188911704
28151002000,9.70736945927447,4.477529453114305
28151002100,9.723321739904175,4.481435297741273
28153950100,9.249751880219028,4.307228965092402
28153950200,9.248009590691307,4.292892909650924
28153950300,9.318815635181383,4.285673505817933
28153950400,9.132200455852156,4.214225148528405
28155950100,9.384825685831622,4.338746603696099
28155950200,9.240422902121834,4.250154901437372
28155950300,9.324689427789186,4.314795158110883
28157950100,8.405909423682409,3.62648045927447
28157950200,8.361722749486653,3.580231197125257
28159950100,9.515212941136208,4.452406989048597
28159950200,9.441160798767967,4.42410180971937
28159950300,9.521206221081451,4.463880829568788
28159950400,9.520870392197125,4.451808415468857
28159950500,9.500808924024641,4.454488373716632
28161950100,9.280747471594798,4.145790990417522
28161950200,9.299558427104723,4.125585266255989
28161950300,9.295395646132786,4.122578955509925
28163950100,9.447121354551677,4.393942198494182
28163950200,9.50281005338809,4.41114566255989
28163950300,9.508048770020534,4.419915161533196
28163950400,9.377023901437372,4.345601776865161
28163950500,9.487784579739904,4.400844292950034
28163950600,9.527554857631759,4.394882648186174
29001950100,9.286663963723477,4.1793416954141
29001950200,9.158459744010951,4.189117211498973
29001950300,9.21647057357974,4.176153586584531
29001950400,9.249817004791239,4.184790669404518
29001950500,9.220692229295003,4.190718835728953
29001950900,9.243729061601643,4.193635178644764
29001951000,9.245718252566735,4.199355604380561
29003010100,9.509367270362765,4.0996914770705
29003010200,9.393079036276523,4.100240859685147
29003010300,9.328872872005476,4.110780270362765
29003010400,9.281016661875428,4.100518971252567
29005950100,9.111706572895277,4.074555067761807
29005950200,9.093877206707734,4.07956080698152
29007950100,9.676220736481862,4.36099905338809
29007950200,9.609075812457221,4.386211399726215
29007950300,9.526473051334702,4.416733861738535
29007950400,9.605150816563997,4.416140331964408
29007950500,9.60146310403833,4.424672952772074
29007950600,9.595917206023272,4.428420249828884
29007950700,9.601927354551677,4.420996690622861
29009960100,9.448205077344285,4.200071856947296
29009960200,9.500110684462697,4.222222772758385
29009960300,9.525317671457906,4.231797106776181
29009960401,9.442334830253251,4.167172871321013
29009960402,9.46441180698152,4.202427052703628
29009960500,9.427144958247776,4.179999379192334
29009960600,9.387500252566735,4.174485013004791
29011960100,9.260056666666667,4.028043924709103
29011960200,9.419517751540041,4.139464199863108
29011960300,9.33484127652293,4.082043124572211
29013070100,9.255535796714579,4.043234968514716
29013070200,9.264960616016427,3.985835871321013
29013070300,9.265459153319644,4.026846125256674
29013070400,9.201603779603012,4.021874526351814
29015460100,9.135837751540041,4.25302390349076
29015460200,9.127282075290897,4.207969419575633
29015460300,9.077131383983573,4.180391729637235
29015460400,9.082825263518138,4.230934327173169
29015460700,9.011897161533196,4.129405559206023
29015460800,9.052121343600274,4.19108480971937
29017950100,9.700821747433265,4.36572835523614
29017950200,9.822745097193703,4.46376209650924
29017950300,9.776761934976044,4.484410417522245
29019000200,9.762732377138946,4.563272153319644
29019000300,9.757758473648186,4.559111009582478
29019000500,9.760861440109514,4.554818622176591
29019000600,9.734987889117043,4.548376427104723
29019000700,9.74787920807666,4.561822747433265
29019000900,9.766064978781656,4.562211993839836
29019001001,9.752049167008898,4.548976485284052
29019001002,9.734313672826831,4.547243373716632
29019001101,9.724996357289528,4.543499853524983
29019001103,9.722578089664613,4.550594773442847
29019001104,9.695313535934292,4.533894959616701
29019001201,9.714107062286105,4.544652130732375
29019001202,9.712719396303901,4.542959967145791
29019001300,9.723399893223819,4.543095037645448
29019001400,9.740346717316906,4.558347138261465
29019001502,9.737064209445585,4.536267648186174
29019001503,9.732920492813142,4.544670278576318
29019001504,9.779024038329911,4.56751882477755
29019001601,9.70474123340178,4.529527349760438
29019001602,9.698450689938398,4.527943841889117
29019001701,9.674456742642026,4.526624358658453
29019001702,9.672489735797399,4.533850199863108
29019001803,9.624746711156742,4.51021417522245
29019001805,9.647199249828884,4.51616688843258
29019001901,9.522410019849418,4.461884290896646
29019001902,9.590955397672827,4.477182400410678
29019002000,9.543725015742642,4.44896359890486
29019002100,9.760302227926078,4.562389709787817
29019002200,9.751108455852156,4.556120533880904
29021000100,9.599919123203285,4.092699266940452
29021000200,9.60375659137577,4.078066449691992
29021000300,9.584980054072553,4.061664594798084
29021000400,9.605627500342231,4.056281668035592
29021000500,9.607310833675565,4.066202585215606
29021000600,9.619503271047228,4.065236595482546
29021000701,9.621046109514032,4.069325597535934
29021000702,9.608513819986311,4.078172956194387
29021000900,9.626258535934292,4.054021247775496
29021001000,9.624129478439425,4.049466821355236
29021001100,9.622025338809035,4.060245159479808
29021001200,9.617708698151951,4.051442038329911
29021001500,9.637550328542094,4.049567321697468
29021001600,9.637130149897331,4.053203703627652
29021001700,9.635631991786448,4.070060258726899
29021001800,9.645900951403148,4.05227019301848
29021002100,9.650558222450376,4.034632606433949
29021002200,9.659432716632444,4.068699831622177
29021002300,9.653311403148528,4.053571754277892
29021002400,9.645412316906229,4.040474190965092
29021002500,9.632975805612594,4.047825605749487
29021002700,9.573887105407255,4.07711872347707
29021002800,9.641080084873374,4.068982224503764
29021002900,9.564666522245038,4.076960081451061
29021003000,9.640608284052019,4.026213999315537
29023950100,9.857656829568788,4.555671442162902
29023950201,9.580249059548255,4.454104960985626
29023950202,9.803116097193703,4.527854646817248
29023950300,9.905597383983573,4.577859719370294
29023950400,9.936442076659822,4.585323501026694
29023950500,9.983004026694045,4.598569930184805
29023950600,10.095561466119096,4.625820195756331
29023950700,9.982829991786448,4.604758561943874
29023950800,9.939550691991786,4.592781013689254
29023950900,9.95134267761807,4.572512806297057
29025950100,9.199745754277892,4.144354693360712
29025950200,9.307562773442847,4.113994971937029
29027070100,9.587556362080767,4.424530796030116
29027070200,9.489288507871321,4.352797585215606
29027070300,9.577812271731691,4.431444403148528
29027070400,9.582239438056126,4.442485136208077
29027070500,9.609459649555099,4.47554258384668
29027070600,9.577950733059548,4.460402130047912
29027070700,9.597766212183436,4.475273109514032
29027070800,9.693446275154004,4.532460353182752
29029950100,9.401931390143737,4.410450776180698
29029950200,9.389772159479808,4.406817251882272
29029950300,9.268052943189596,4.332029819301848
29029950400,9.289934415468857,4.342181802190281
29029950500,9.273095832306639,4.329652130732375
29029950600,9.326463653661875,4.376160078028747
29029950700,9.165880563997262,4.277608960985626
29029950800,9.17867172347707,4.267802361396304
29029950900,9.226465166324435,4.327524616016427
29029951100,9.37214580698152,4.396381026694045
29029951200,9.284840724161533,4.346169455852156
29031880100,10.183964873374401,4.52602559890486
29031880200,10.157121109514032,4.550032798767967
29031880300,10.235450521560575,4.625977579739904
29031880400,10.303272592060233,4.611235683778234
29031880500,10.347198650924025,4.636746055441478
29031880600,10.310851800136892,4.608754527036276
29031880700,10.392768649555099,4.659864468856947
29031880800,10.410144101300479,4.668605176591376
29031880900,10.37543735797399,4.649494869267625
29031881000,10.39331443394935,4.660305457221082
29031881100,10.421995523613963,4.675287776865161
29031881200,10.397048943189596,4.660375275838467
29031881300,10.428578762491444,4.674243882956879
29031881400,10.410756971252567,4.666623081451061
29031881500,10.42109561670089,4.685131014373717
29031881600,10.424652404517454,4.678745142368241
29033960100,9.205769702258727,4.244979578370979
29033960200,9.220660138261465,4.187375819301848
29033960300,9.25128356605065,4.227752900752909
29035960100,9.233395545516769,4.319744206707734
29035960200,9.084440561943874,4.268201486652977
29037060001,9.958019547570157,3.991320856262834
29037060003,9.937062853524983,4.01747896440794
29037060004,9.963241686516085,4.01416590622861
29037060100,9.978018837782341,4.007084980835044
29037060202,9.884995700889802,3.975078397672827
29037060301,9.917424060232717,4.017006689938398
29037060302,9.82067353045859,4.025823722108145
29037060305,9.815123213552361,4.004950123887748
29037060400,9.734466192334018,4.047822890485968
29037060500,9.537910203969884,4.06518973853525
29037060600,9.635521969199179,4.049115345653662
29037060700,9.405596409993155,4.057218324435318
29037060800,9.524737144421629,4.026480193702943
29037060904,9.535356753593429,4.02799158110883
29037061001,9.694425722792608,3.954885468172485
29037061002,9.650784661875428,3.997544416837782
29037061100,9.430046014373717,3.98144052019165
29037061200,9.326136779603012,4.045518090349076
29037061300,9.842379201232033,3.992317389459274
29037061400,9.512714993155373,4.030327125941136
29039870100,9.053129592060233,3.930316762491444
29039870200,9.11097253798768,3.944043277207392
29039870300,9.089073480492813,3.940465812457221
29041470100,9.188059120465435,4.283310911704312
29041470200,9.240426411362081,4.307729069815195
29041470300,9.281271288158795,4.351137527720739
29043020101,9.606007428473648,4.189793250513347
29043020102,9.706532879534565,4.204276138945927
29043020201,9.791403307323751,4.215585422997947
29043020202,9.847041331279945,4.222264611225188
29043020203,9.856023312799452,4.231422580424367
29043020204,9.767233714579055,4.23112387816564
29043020205,9.74071193908282,4.224415173853525
29043020302,9.644959414099932,4.200300022587269
29043020303,9.646545039014374,4.223154147843942
29043020304,9.733660763175907,4.226745767282683
29043020305,9.820741547570157,4.227610281998631
29043020306,9.730764643394935,4.206534049965777
29043020400,9.410868245722108,4.163146462696783
29043020500,9.43924876386037,4.19541574880219
29045950100,9.657962859000684,4.045200653661875
29045950200,9.941118208761122,4.131449073237509
29045950300,9.775381663928816,4.068628947296372
29047020201,10.373300771389459,4.032491754962355
29047020202,10.342843236824093,4.024431373716632
29047020300,10.317703751540041,4.037075211498973
29047020400,10.341360901437372,4.035877467488022
29047020500,10.374166517453799,4.033846459958932
29047020602,10.333325132785763,4.023672485284052
29047020603,10.283878749486653,4.035193752224504
29047020604,10.315962313483915,4.03096267008898
29047020801,10.161253553045859,4.025182544147844
29047020901,10.293644681724846,4.038022644079398
29047020902,10.256324513347023,4.036909811772758
29047021001,10.288977488021903,4.039972733059548
29047021003,10.277858733059548,4.038255683093771
29047021004,10.287590045859001,4.043759618069815
29047021101,10.254436894592745,4.049728743326489
29047021102,10.255146501711157,4.044146773442847
29047021103,10.237281036276523,4.053964458590007
29047021204,10.28544628678987,4.042673482546201
29047021205,10.174251005475702,4.053464665982204
29047021206,10.216297966461328,4.048549607802875
29047021207,10.177900856947296,4.063191376454483
29047021208,10.232419146475017,4.054907229295003
29047021303,10.083094529774127,4.049280832306639
29047021305,10.075173776865161,4.064619757015743
29047021306,10.130267614647502,4.057207458590007
29047021307,10.157758145790554,4.028512800821355
29047021309,10.101735692676249,4.024698911019849
29047021310,10.064841125941136,4.030237449691992
29047021401,10.000708581793292,4.006772550308008
29047021403,10.047461377823409,4.009778508555784
29047021404,10.042350744010951,4.006241954140999
29047021600,9.863208553730322,4.008210711841205
29047021701,9.658083681040383,4.02116132238193
29047021702,9.659461232032854,4.025243182067077
29047021803,9.98498472347707,4.01093323340178
29047021804,9.778259489390828,4.024038896646133
29047021805,9.785711915126626,3.986968773442847
29047021806,9.62544434770705,4.038012783025325
29047021900,9.859971051334702,4.050666593429158
29047022000,9.872212336071184,4.058576845995893
29047022100,10.401963230663929,4.007143548939083
29047022200,10.223602982888433,4.018469702258727
29047022301,10.106691619438741,4.021994312799452
29047022302,10.163109652977413,4.024856131416838
29049960100,9.370363941136208,4.126957056125941
29049960200,9.472244898015058,4.088297399041752
29049960300,9.521126581793292,4.08539134770705
29049960400,9.570600824093087,4.075487318959617
29051010300,9.676730716632444,4.523800498288843
29051010400,9.691326235455168,4.530556378507871
29051010500,9.719451082819986,4.549173770020534
29051010600,9.726913344969199,4.551147891854894
29051010701,9.717763529774127,4.550632960985626
29051010702,9.742979533880904,4.565810045174538
29051010800,9.715227472963724,4.550049516084873
29051010900,9.718436351813826,4.551261189596167
29051020198,9.604127806297057,4.487715559206023
29051020200,9.542286374401095,4.475345482546201
29051020300,9.507288783709788,4.473982772073922
29051020400,9.684016197125257,4.543431366187543
29051020500,9.567315254620123,4.500121692676249
29051020600,9.644126699520876,4.527142869267625
29051020700,9.71225639835729,4.54436953045859
29053950100,9.428276720054757,4.432823688569473
29053950200,9.454672004106776,4.446106744010951
29053950300,9.41153158110883,4.423283037645448
29053950400,9.431981371663244,4.430007531143053
29053950500,9.323931908281999,4.375786019164956
29055450101,9.352849511293634,4.244763277891855
29055450102,9.385016775496236,4.156178394250513
29055450200,9.114663936344969,4.146296006160164
29055450301,9.300496714579055,4.265512145790554
29055450302,9.30925138329911,4.234019249144422
29055450400,9.135588496919918,4.200955114989733
29057480100,9.247489606433949,4.044189930869268
29057480200,9.2072986091718,4.022723049281314
29059480100,9.139918628336756,4.203809576317591
29059480200,9.231834260095825,4.183986174537988
29059480300,9.278498042436687,4.187735222450376
29061470100,9.133848880903491,4.146378668720055
29061470200,9.198914587953456,4.157652942505134
29063080100,9.233767532511978,4.111587449007529
29063080200,9.322829145106092,4.101102565366188
29065960100,8.949779061601643,4.19283325119781
29065960200,9.012154563997262,4.23981435797399
29065960300,9.021899502395619,4.226226494182067
29065960400,9.007399640657084,4.21793479192334
29067950100,9.103235735112936,4.245533217659138
29067950200,9.175646967145791,4.190156583162218
29067950500,9.153836663244353,4.190597548939083
29069360100,10.2923821724846,4.662915568104038
29069360200,10.296751554414784,4.663601227926078
29069360300,10.199020177275838,4.628858195071869
29069360400,10.220223631074606,4.589759464750171
29069360500,10.185533384668036,4.527827415468857
29069360600,10.185699280629706,4.516289511293634
29069360700,10.164982493497604,4.509564588637919
29069360800,10.07618958384668,4.457976730321698
29069360900,10.090843724845996,4.420705351813826
29069361000,10.027266138945927,4.393746319644079
29071800100,10.422321930869268,4.126169661190965
29071800201,10.2253523045859,4.196250809034908
29071800202,10.174507918548939,4.206550425051335
29071800300,10.096128193702943,4.215879626283368
29071800401,9.766123876796715,4.241454635181383
29071800402,9.708752978781656,4.213630655715264
29071800500,9.557398952087611,4.185975674195756
29071800601,10.071351924024641,4.189523028747433
29071800602,10.019483179329227,4.169883539356605
29071800701,10.322279486652977,4.093639235455168
29071800702,10.485202049965777,4.057295457221082
29071800800,10.060562801505818,4.05414738329911
29071800901,9.727661159479808,4.109957611909651
29071800902,9.877737767282683,4.131512564681725
29071801000,9.63764470568104,4.057882006160164
29071801101,9.503209298425736,4.147229718001369
29071801102,9.47140048733744,4.176506969883641
29073960100,9.559721648186174,4.26439922587269
29073960200,9.481103266940452,4.275700492813142
29073960300,9.415613661190965,4.252300391512663
29073960400,9.392166201232033,4.258510815195072
29073960500,9.372359475701574,4.265449180698152
29075960100,9.076782954825462,4.100228768651608
29075960200,9.106569072553046,4.095274798083504
29077000100,9.863643153319644,4.122739178644764
29077000200,9.867627498288843,4.120700590691307
29077000300,9.885846256673511,4.136534396988364
29077000400,9.88248766255989,4.138093502395619
29077000501,9.868013067077344,4.127896995893224
29077000502,9.872098423682409,4.129820245722108
29077000600,9.854945179329227,4.139360621492129
29077000700,9.851832934976044,4.136925942505134
29077000800,9.839983819986311,4.136846568104038
29077000900,9.863478937713895,4.133665667351129
29077001000,9.886154790554415,4.146045029431896
29077001100,9.906560706365503,4.17016453045859
29077001200,9.902500291581109,4.158569900068446
29077001301,9.899215263518138,4.164924581793292
29077001302,9.899188875427789,4.176115622861054
29077001400,9.898546587268994,4.175324169746749
29077001500,9.895091551676934,4.156784015742642
29077001700,9.860074569472964,4.14521137577002
29077001800,9.841694042436687,4.133906012320328
29077001900,9.825320268309377,4.14246745174538
29077002200,9.80927476386037,4.145766359342916
29077002300,9.852635370978782,4.151988541409993
29077002402,9.85950479192334,4.165903538672142
29077002502,9.870777626283368,4.174132661875428
29077002600,9.893345839151266,4.178622715947981
29077002700,9.894545232717317,4.183794272416153
29077002800,9.898767890485968,4.182955524298426
29077002900,9.896416927446954,4.178334642710472
29077003002,9.888394939767283,4.175286676933607
29077003100,9.856499544832307,4.14851874606434
29077003200,9.83717073853525,4.1412354770705
29077003300,9.818773338809035,4.144238719370294
29077003600,9.808922918548939,4.144643085557837
29077003700,9.765676316221766,4.15673076386037
29077003800,9.803833797399042,4.188988331279945
29077003900,9.865494629021218,4.190595990417522
29077004001,9.891086310746064,4.19594506091718
29077004002,9.869086122518823,4.197635271731691
29077004003,9.876640768651608,4.21354635523614
29077004101,9.841237490075291,4.191977267624914
29077004102,9.860706219028063,4.198440180013689
29077004103,9.876792795345654,4.199768852156058
29077004201,9.863485772073922,4.17345914715948
29077004202,9.859954978781656,4.186461652977413
29077004301,9.844681864476386,4.165751323066393
29077004302,9.773188042436687,4.150171000684463
29077004400,9.781373124572211,4.14882680971937
29077004500,9.749333285420945,4.162483175906913
29077004600,9.535839979466119,4.167547161533196
29077004700,9.63443850513347,4.171423951403148
29077004801,9.768639290212183,4.18387821560575
29077004802,9.730102777549624,4.184233099247091
29077004803,9.699514015058179,4.182938503764545
29077004900,9.616626143052704,4.147256395619439
29077005001,9.428312898699521,4.103238298425736
29077005002,9.537438425051335,4.129777822039699
29077005100,9.616032184120465,4.155370232717317
29077005200,9.628078220396988,4.161654244353183
29077005500,9.822138971252567,4.143982008898015
29077005600,9.809270824093087,4.147462596167009
29077005700,9.881976531827515,4.156813058863792
29077005800,9.87286831485284,4.161618240930869
29079960100,9.039181293634497,4.158418750855578
29079960200,9.064057415468857,4.163358080082136
29079960300,9.060669169746749,4.166061108145106
29079960400,9.050534753593429,4.15553545927447
29081950100,8.925399463381246,4.065803404517454
29081950200,8.940807514031485,4.054661317590691
29081950300,9.004021405886379,4.103498242299795
29083950100,9.188441317590691,4.207845936344969
29083950200,9.128809655715264,4.152549475017112
29083950300,9.187557983572895,4.103019156057495
29083950400,9.12327726146475,4.081426362080767
29083950500,9.17060868788501,4.127521292265572
29083950600,9.162656839835729,4.134638255304586
29085470100,9.042047803559206,4.148218952087611
29085470300,9.075056402464066,4.142108342915811
29085470500,9.104295437371663,4.114506943874059
29087960100,9.195717325804244,4.124141673511294
29087960200,9.213953214921287,4.134892991101985
29087960300,9.271402950034223,4.107428368925394
29089960100,9.322146879534565,4.379016075975359
29089960200,9.41488198220397,4.42207519028063
29089960300,9.361611622861054,4.394397902121834
29091090100,9.193240281998631,4.331953770704997
29091090200,9.114978299110198,4.302869934291581
29091090300,9.228586927446954,4.340701110882957
29091090400,9.255246856262834,4.318902097878166
29091090500,9.337553507186858,4.371290101984942
29091090600,9.352022929500342,4.366217182067077
29091090700,9.323135955509925,4.370193811088296
29091090800,9.325402420260096,4.372473503080082
29093950100,9.0462358275154,4.125535636550308
29093950200,9.159265041067762,4.175692546201232
29093950300,9.262670741273101,4.177959681724846
29093950400,9.115704103353867,4.206649650924025
29095000300,10.410198611909651,3.972243972621492
29095000600,10.368157911019849,4.003811472963724
29095000700,10.37488909650924,3.997672063655031
29095000800,10.384376106776181,3.993281918548939
29095000900,10.394002229979466,3.987983474332649
29095001000,10.40712266255989,3.982765015742642
29095001100,10.410974458590007,3.975306970568104
29095001800,10.397231455167693,3.983925877481177
29095001900,10.372165421629021,3.987615625598905
29095002000,10.339030425735797,4.003732917180014
29095002100,10.344855446269678,4.003432602327173
29095002200,10.368857449691992,4.000713506502396
29095002300,10.387598835728953,3.998528401779603
29095003400,10.371511391512663,3.999586320328542
29095003700,10.393467168377823,3.997451845995893
29095003800,10.392308563997262,3.994805223819302
29095004300,10.405057699520876,3.991628335386721
29095004400,10.402064869952088,3.991280482546201
29095004600,10.384787155373032,4.000441813826146
29095005100,10.391511627652293,4.007696363449692
29095005200,10.400324308692676,4.005553590691307
29095005300,10.39853539835729,4.009575923340178
29095005400,10.392553855578371,4.003204105407255
29095005500,10.387928739904175,4.00957193155373
29095005601,10.390013180698152,4.00392412936345
29095005602,10.382810179329227,4.007216410677618
29095005700,10.379720075290897,4.010304682409309
29095005801,10.361575386721424,4.010220314168378
29095006000,10.372204301163587,4.016402958247776
29095006100,10.368862900752909,4.014046399726215
29095006300,10.382933434633812,4.01867605338809
29095006500,10.389451368925394,4.010824934976044
29095006600,10.375222777549624,4.005309435318275
29095006700,10.386275349760438,4.007078485284052
29095006900,10.373305491444216,4.01243174606434
29095007100,10.371055735797399,4.010857273100616
29095007200,10.349992863791923,4.014807414099932
29095007300,10.358587815195072,4.013196012320328
29095007400,10.355807031485284,4.008634881587954
29095007500,10.356732531143053,4.014448094455852
29095007600,10.364651681724846,4.015480674195756
29095007700,10.354866041752224,4.013857977412731
29095007802,10.329398757700205,4.016879663244353
29095007900,10.338147859685147,4.023207637234771
29095008000,10.340294588637919,4.016355104722793
29095008100,10.34638001779603,4.01721959137577
29095008200,10.337207105407255,4.020874362765229
29095008300,10.340036731690623,4.016072153319644
29095008400,10.331785156741958,4.014289513347023
29095008500,10.316373201916496,4.01621470294319
29095008600,10.319838421629021,4.021534767967146
29095008700,10.318420735797399,4.021339984257358
29095008800,10.313683769336071,4.0248753908282
29095008900,10.296708514031485,4.027302384668036
29095009000,10.297708919233402,4.023442414784394
29095009100,10.300953485284052,4.018298721423682
29095009200,10.290782303216975,4.020396482546201
29095009300,10.278303110882957,4.02598562696783
29095009400,10.280239778234086,4.026019605749487
29095009500,10.281390462696783,4.031067284052019
29095009600,10.271202005475702,4.031750611909651
29095009700,10.25647837577002,4.028351393566051
29095009800,10.253130681040383,4.029561075290897
29095009900,10.250300241615332,4.02491744421629
29095010001,10.216036290212183,4.029642037645448
29095010002,10.225462351129363,4.032726633127994
29095010103,10.236207594798084,4.036141049281314
29095010105,10.172503602327173,4.023963029431896
29095010201,10.235459108145106,4.034465360711841
29095010203,10.202492919917864,4.0411010862423
29095010204,10.166314670773443,4.036499091718001
29095010500,10.285713750855578,4.010320621492129
29095010600,10.240380088980151,4.006981428473648
29095010702,10.24412837577002,3.999617796714579
29095011000,10.268051753593429,4.009184070499658
29095011100,10.229371862422998,4.014742737166324
29095011200,10.207370786447639,4.01989589596167
29095011300,10.167794629021218,4.032928780287474
29095011401,10.111489965776865,4.032481267624914
29095011405,10.12997705338809,4.02918672347707
29095011406,10.09196978439425,4.035812476386037
29095011500,10.176697730321698,4.02528273100616
29095011600,10.208284684462697,4.016452603011636
29095011700,10.229960019849418,4.011096144421629
29095011800,10.270117605065024,4.008278900752909
29095011900,10.263835841889117,4.001575708418891
29095012000,10.257706969199179,3.995968829568788
29095012100,10.231325049281314,4.003741710472279
29095012200,10.210478570157426,4.009364816563997
29095012300,10.177665386721424,4.02507796440794
29095012400,10.202494316221766,4.011972366872006
29095012501,10.25182512936345,4.01324863449692
29095012502,10.220390452429843,4.015315520876112
29095012600,10.23806677412731,4.022308619438741
29095012701,10.206762741957563,4.03104139835729
29095012802,10.176643187542779,4.043960865845311
29095012803,10.22855094661191,4.029016805612594
29095012804,10.22149601779603,4.042289338124572
29095012903,10.212928266255989,4.049626640657084
29095012904,10.193477635181383,4.040800602327173
29095012906,10.184269685831622,4.046175451060917
29095013003,10.213856498288843,4.041229763175907
29095013100,10.172904293634497,4.048104485968515
29095013203,10.163302637234771,4.04128994934976
29095013208,10.13645537577002,4.039246498288843
29095013210,10.153271702258727,4.044230323066393
29095013301,10.101102015742642,4.02915633744011
29095013307,10.124769318959617,4.043539867214237
29095013309,10.093003515400411,4.037852902121834
29095013313,10.065757965776865,4.033303657084189
29095013401,10.097074660506502,4.030922528405202
29095013405,10.045580110198494,4.012786811088296
29095013407,10.122929685831622,4.019262775496236
29095013408,10.132344342915811,4.024680457221082
29095013410,9.996427005475702,4.025918537303217
29095013416,10.038534287474333,4.032737151950719
29095013502,9.814007872005476,4.063085264887064
29095013504,9.968202142368241,4.050690401779603
29095013606,10.106558611909651,4.05592676386037
29095013608,10.072783516084873,4.058057731690623
29095013612,10.055631039698836,4.052992396988364
29095013703,9.99061706844627,4.063362308008214
29095013704,9.997346329226557,4.058526711156742
29095013801,9.975291890485968,4.063322613963039
29095013802,9.928547542094456,4.062759998631075
29095013901,9.712664119780972,4.074273031485284
29095013902,9.628994845995893,4.07891467761807
29095013904,9.901449647501711,4.06185527926078
29095013916,9.918796544147844,4.065650185489391
29095014002,9.731496822724162,4.091101824093087
29095014004,9.726955639972622,4.105691832306639
29095014005,9.698206511978097,4.097440481861738
29095014006,9.82227750513347,4.084840977412731
29095014007,9.823127017111567,4.077917670773443
29095014101,9.924204037645448,4.079723136892539
29095014105,9.903933370294319,4.079072763175907
29095014108,9.978296169062286,4.064601551676934
29095014111,9.850875327173169,4.0766981321013
29095014112,9.82893326899384,4.072669639972622
29095014114,9.949802002737851,4.069903995893224
29095014120,9.92400613963039,4.072710897330596
29095014203,10.107372800136892,4.046295891854894
29095014204,10.080124783709788,4.062053629021218
29095014300,10.148095724161533,4.047097813826146
29095014400,10.146954064339494,4.049376845995893
29095014501,10.145909985626283,4.03314006844627
29095014502,10.090439804243669,4.036793100616016
29095014601,10.169214525667351,4.019273810403833
29095014603,10.136160359342916,4.029946676933607
29095014604,10.132578052019165,4.033565245722108
29095014701,10.086673441478439,4.043686920602327
29095014702,10.08399687063655,4.049119404517454
29095014804,10.014323340862423,4.0566156954141
29095014806,9.994509054072553,4.068188002737851
29095014902,9.821413678986995,4.069973054757016
29095014903,9.790726082135524,4.088875264202601
29095014904,9.932133509924709,4.068200876796715
29095014905,9.888356402464066,4.074039199863108
29095015000,9.832219355920602,4.053045585215606
29095015100,10.080058953456537,4.029290315537303
29095015200,10.401966739219712,3.982473881587954
29095015300,10.398997607802875,3.985177323750856
29095015400,10.409338983572895,3.971986550308008
29095015500,10.355526389459274,4.01064440862423
29095015600,10.298235075975359,4.010626159479808
29095015700,10.421138027378508,3.98079580698152
29095015800,10.411679395619439,3.977831315537303
29095015900,10.412867357289528,3.974835056810404
29095016000,10.392542729637235,3.983690225188227
29095016100,10.407157965776865,3.978890245722108
29095016200,10.400214647501711,3.994333305954826
29095016300,10.328719067761807,3.995314073237509
29095016400,10.368534651608487,4.006434751540041
29095016500,10.380961942505134,3.994463683093771
29095016600,10.397409970568104,3.99488215742642
29095016700,10.386144556468172,4.001962768651608
29095016800,10.377521953456537,4.00557915742642
29095016900,10.39168634770705,4.017084285420945
29095017000,10.284788882272416,3.99485204312115
29095017100,10.355154889801506,4.014545897330596
29095017200,10.262542751540041,4.035997763175907
29095017300,10.189839668035592,4.030329054757016
29095017400,10.231519498288843,4.038463900068446
29095017500,10.293815868583162,4.020744948665298
29095017600,10.182818315537303,4.034919161533196
29095017700,9.946935493497604,4.053447841204654
29095017800,10.394663,4.003248333333333
29095017900,10.042011520876112,4.059259491444216
29095018000,10.025835195071869,4.064291553045859
29095018100,9.95138520054757,4.04524913963039
29095018200,10.019534281998631,4.050042621492129
29095018500,10.042270240246407,4.059042828884326
29095018600,9.988215122518823,4.063791147843942
29095019300,10.021888844626968,4.060129393566051
29095980101,10.302922219028063,4.031901881587954
29095980802,10.293365579739904,4.003747496919918
29095988300,10.092262352498289,4.050814488706366
29095989100,9.991363967830253,4.06527981724846
29095989200,9.998663648870637,4.067921743326489
29097010100,9.87314388843258,4.392339257357974
29097010200,9.861862805612594,4.389609947980835
29097010300,9.836218203285421,4.379064572210814
29097010400,9.831865872689938,4.379791508555784
29097010500,9.850708629021218,4.384335826146475
29097010600,9.853286039698836,4.391293516769336
29097010700,9.844612222450376,4.387747655030801
29097010800,9.851146767967146,4.38945377412731
29097010900,9.821310079397673,4.370800466119096
29097011000,9.853555473648186,4.384565983572895
29097011100,9.854683140999316,4.387622003422314
29097011200,9.827234184804928,4.376352809034908
29097011300,9.797319339493498,4.357437698836413
29097011400,9.810561972621492,4.354804499657769
29097011500,9.768675872689938,4.338926514715948
29097011600,9.641671267624914,4.27986777412731
29097011700,9.622469126625599,4.278068486652977
29097011800,9.680753834360027,4.302635323750856
29097011900,9.750768065708419,4.33598694661191
29097012000,9.53559086036961,4.240588529089665
29097012100,9.422047409308693,4.165832341546886
29097012200,9.654443245722108,4.282989692676249
29099700107,10.823586221765914,3.850852812457221
29099700109,10.852916568104038,3.842935346338125
29099700110,11.126241366187543,3.773164789869952
29099700111,11.200121841204654,3.759609433264887
29099700113,11.029338063655031,3.811980897330596
29099700114,10.854289544832307,3.834882066392882
29099700115,10.979461970568104,3.807119235455168
29099700116,10.982827006160164,3.804391238877481
29099700117,10.99142367008898,3.801950356605065
29099700118,11.139128607118412,3.764485362080767
29099700119,11.130812814510609,3.791998958247776
29099700203,11.271266219712526,3.789750950034223
29099700206,10.776719188911704,3.862720236824093
29099700207,10.703333308692676,3.886080100616016
29099700208,11.178878828884326,3.804986587268994
29099700209,11.052041088295688,3.829604327173169
29099700210,11.18547515742642,3.830145085557837
29099700211,10.977556678986995,3.857558926762491
29099700302,10.691574030116359,3.908044217659138
29099700303,11.109369328542094,3.84956112183436
29099700304,10.877233661875428,3.897989793292266
29099700401,10.117896002053388,3.962384245037645
29099700402,10.421337646817248,3.961453813141684
29099700502,10.151462369609856,3.931674542778918
29099700503,10.485229443531828,3.897927102669404
29099700504,10.321753244353183,3.927243798767967
29099700601,10.594440884325804,3.901123775496236
29099700603,10.643091910335387,3.883793480492813
29099700604,10.42286151266256,3.910605340862423
29099700605,10.435281420944558,3.922250140999316
29099700700,10.364356421629021,3.954056313483915
29099700801,10.334171777549624,3.960572336071184
29099700802,10.410498919917864,3.947799790554415
29099700900,10.212397712525667,3.96792498220397
29099701000,10.069695707049966,3.966330306639288
29099701101,9.804803804928131,3.975597280629706
29099701102,9.814586146475017,3.96779226899384
29099701200,9.79261019301848,3.997179223134839
29099701300,9.890852895277207,4.000058727583847
29099701401,9.718266590691307,4.027920303216975
29099701403,9.924384342915811,4.016418099931554
29099701404,10.156990238877481,3.9901726091718
29101960100,9.391520087611225,4.171932450376454
29101960200,9.383348247775496,4.096390930184805
29101960300,9.339025620123203,4.185289119780972
29101960400,9.332190605065024,4.1847438678987
29101960500,9.338883317590691,4.203223075975359
29101960600,9.344927062286105,4.188011145790554
29101960700,9.316498776180698,4.245503136208077
29101960900,9.245900850787132,4.145628602327173
29101980000,9.307342125256674,4.24177489596167
29103960100,9.39703932238193,4.198687898015058
29103960200,9.347306876796715,4.168732126625599
29105960100,9.234463027378508,4.277543875427789
29105960298,9.108353531143053,4.260866815195072
29105960300,9.255098005475702,4.298645379192334
29105960400,9.271183678302532,4.297422125256674
29105960500,9.237698657084189,4.284588160164271
29105960600,9.254071928131417,4.288376761122519
29107090100,9.586437268309377,4.133056778234086
29107090200,9.415285195071869,4.178078691991786
29107090300,9.321321709103354,4.227092783025325
29107090400,9.382648792607803,4.220158610540726
29107090500,9.38717168514716,4.207066768651608
29107090601,9.501254113620808,4.13429434017796
29107090602,9.548999811088296,4.114644267624914
29109470100,9.363699993839836,4.118494757015743
29109470200,9.479280685831622,4.176064682409309
29109470300,9.493362023271732,4.204358234770705
29109470400,9.533474663244353,4.237616442162902
29109470500,9.532840935660506,4.187531843942505
29109470601,9.52670261670089,4.207506386036961
29109470602,9.532909534565366,4.204802477754962
29111970100,9.906891543463381,4.228044954825462
29111970200,9.614923145106092,4.186226812457221
29111970300,9.675400574948665,4.26156652019165
29111970400,9.934353353182752,4.328074340862423
29113810100,10.198809464750171,4.248602880903491
29113810201,10.133622596167009,4.286866314168378
29113810202,9.988442204654346,4.296017928131417
29113810301,10.268944095140315,4.301687656399726
29113810303,10.503291890485968,4.281231014373717
29113810304,10.401042425051335,4.27287548733744
29113810400,10.513611069815195,4.208223114989733
29115490100,9.10319780971937,4.229606876796715
29115490200,9.070044465434634,4.202561838466804
29115490300,9.137514463381246,4.243549976728268
29115490400,9.140540021902806,4.257743579055442
29115490500,9.173011184120465,4.276337966461328
29117480100,9.098511639972622,4.195313492813142
29117480200,9.134831216290212,4.189132646817248
29117480300,9.119005524982888,4.194092865160849
29117480400,9.125922331964408,4.193457151950719
29117480500,9.129748657084189,4.200408720054757
29119070100,9.545024199863108,4.211616775496236
29119070200,9.63584284257358,4.262243765913758
29119070300,9.643539477754962,4.230609045174538
29119070400,9.606078572210814,4.232909926762491
29121960100,9.28592061670089,4.258074659137577
29121960200,9.183581356605065,4.259864082135524
29121960300,9.329102529774127,4.327108709103354
29121960400,9.33345435797399,4.323540312799452
29121960500,9.32245417522245,4.331559911019849
29123960100,9.36610264476386,4.268721777549624
29123960200,9.454832663244353,4.249693680355921
29123960300,9.379778388774812,4.233129351813826
29125880100,9.328122235455168,4.319509912388775
29125880298,9.306618622861054,4.36271406091718
29125880300,9.264165845995893,4.330821963723477
29127960100,9.950835063655031,4.398529097878166
29127960200,9.686645958247776,4.347028805612594
29127960300,9.927826198494182,4.39099973853525
29127960400,9.997301309377139,4.414375792607803
29127960500,9.973933177275838,4.41264162696783
29127960600,9.973853002737851,4.427929214236824
29127960800,9.965333439425051,4.410045850787132
29127960900,9.964461511978097,4.42109007871321
29129470100,8.890894455852156,4.037449553730322
29129470200,8.924948861738535,4.079535529089665
29131962500,9.312611177960301,4.389281880219028
29131962600,9.464723381930185,4.460513703627652
29131962700,9.441150210130048,4.438530865160849
29131962800,9.355785503764545,4.399059962354552
29131962900,9.464548916495551,4.454922994524298
29133950100,10.373971594798084,4.633810818617385
29133950200,10.401779812457221,4.655273134154689
29133950300,10.284378044490075,4.581752454483231
29133950400,10.389796156057495,4.652345457221082
29135385100,9.538105875427789,4.478238862422998
29135385200,9.486147607118412,4.459835859685147
29135385300,9.456952032169747,4.448811970568104
29135385400,9.360898329226557,4.411671615331964
29137960100,9.533017380561259,4.360493055441478
29137960200,9.472052747433265,4.364193460643395
29137960300,9.415325789869952,4.369369645448323
29139970100,9.673299187542779,4.333384815879535
29139970200,9.622044219712526,4.325080656399726
29139970300,9.553344793292266,4.3047499137577
29139970400,9.740545709103354,4.289980968514716
29141470100,9.310411830253251,4.376293971252567
29141470200,9.216714390143737,4.323671777549624
29141470300,9.315043412731006,4.371185291581109
29141470400,9.369887664613279,4.402665718001369
29141470500,9.210609527036276,4.312506930184805
29143960100,10.460665885010267,4.717007027378508
29143960200,10.342113587268994,4.632637594798084
29143960300,10.319020909650924,4.612504722108145
29143960400,10.268619335386721,4.58156135797399
29143960500,10.268021069815195,4.608799761806982
29143960600,10.223425076659822,4.540431819301848
29145020100,9.691118349760438,4.313321165639973
29145020200,9.68426964476386,4.31762199247091
29145020300,9.696402240930869,4.324020746748802
29145020400,9.621832078028747,4.29038247980835
29145020501,9.819279338809035,4.377796046543463
29145020502,9.817172006160164,4.376063073237509
29145020601,9.764341396988364,4.353597160848734
29145020602,9.731657186173854,4.332253391512663
29145020700,9.66362237577002,4.30388194934976
29145020800,9.659834547570157,4.298382657768652
29145020900,9.617964126625599,4.289002618069815
29145021000,9.556309912388775,4.25858100752909
29147470100,9.025740234770705,4.001701301163587
29147470200,9.146293935660506,4.096579160848734
29147470300,9.128067448323066,4.082365101300479
29147470400,9.114624118412046,4.078262377138946
29147470500,9.096514110198494,4.072589938398357
29149480100,9.137337295687885,4.286115188911704
29149480200,9.318166670773443,4.351774955509925
29149480300,9.285694323750856,4.325404325804244
29151490100,9.455042235455168,4.367759413415469
29151490200,9.396545386036961,4.337303038329911
29151490300,9.442709739219712,4.423900908966461
29151490400,9.359965922655715,4.34038499247091
29153470100,9.185399420944558,4.224275973990418
29153470200,9.172914607118412,4.261595872005476
29155470100,10.167816807665982,4.486245728268309
29155470200,10.141322882272416,4.438430655715264
29155470300,10.020247459958932,4.337971546201232
29155470400,9.962818851471595,4.287631461327858
29155470500,10.101198538672142,4.371644342915811
29155470600,10.037769778918549,4.320295453798768
29157470100,10.053970193702943,4.331257745379877
29157470200,9.825974904859685,4.307652623545517
29157470300,9.985641586584531,4.344454425735797
29157470400,9.960246467488022,4.348327496235455
29157470500,10.083573603011636,4.439451658453114
29159480100,9.329496785078713,4.33187084257358
29159480200,9.327188654346338,4.289003594798084
29159480300,9.235132584531143,4.270350759069131
29159480400,9.264832016427105,4.32600019028063
29159480500,9.337779884325804,4.340607596851472
29159480600,9.341276942505134,4.339403715263518
29159480700,9.335127017111567,4.330529090349076
29159480800,9.338933195071869,4.337196152635181
29159480900,9.337707741957563,4.335544442162902
29159481000,9.33209733744011,4.325898864476386
29159481100,9.327005409308693,4.326899521560575
29161890100,9.296954699520876,4.293349244353183
29161890200,9.287280477754962,4.30183723613963
29161890300,9.267395470225873,4.322987540041068
29161890400,9.269635993839836,4.3242862183436
29161890500,9.26883979945243,4.334719605749487
29161890600,9.08367619301848,4.274455349760438
29161890700,9.196983248459959,4.303955759753593
29161890800,9.239115921971253,4.318130897330596
29161890900,9.252171300479124,4.32015353045859
29161891000,9.171482728952772,4.274360482546201
29163460100,9.930734829568788,4.353275230663929
29163460200,9.865947532511978,4.346291557837098
29163460300,9.780124579739904,4.334775081451061
29163460400,9.839596658453114,4.34100761670089
29163460500,10.033454369609856,4.292064130732375
29165030001,10.260093176591376,4.039103767967146
29165030002,10.336991594798084,4.026063318275154
29165030101,10.307557679671458,4.0317309137577
29165030102,10.260473618069815,4.050715490759754
29165030103,10.226038407255305,4.054111792607803
29165030201,10.092511069130732,4.070293994524298
29165030205,10.208973262833676,4.057903238193018
29165030207,10.202807343600274,4.064846678986995
29165030208,10.154852972621492,4.072130857631759
29165030209,10.183422091718001,4.062215995208761
29165030210,10.147353588637919,4.064302902806297
29165030211,10.168713045859001,4.066878745379877
29165030305,10.16216837577002,4.065096703627652
29165030306,10.138107770020534,4.064434234086242
29165030307,9.995310627652293,4.082185465434634
29165030308,10.093979285420945,4.077323819986311
29165030401,9.87258206844627,4.091253336755647
29165030500,9.856723186858316,4.090532344969199
29165030600,9.778550733059548,4.070035691307324
29165030700,9.631977823408624,4.074963674195756
29167960100,9.167700270362765,4.082757037645448
29167960200,9.245730872005476,4.159430742642026
29167960300,9.40788254072553,4.16485428678987
29167960400,9.3454500862423,4.113320835728953
29169470101,9.245263565366188,4.344650945927447
29169470102,9.240618947980835,4.344108417522245
29169470286,9.140162722792608,4.295911255304586
29169470287,9.200509343600274,4.326662671457906
29169470389,9.158827097878166,4.308345841889117
29169470390,9.183566093086927,4.318546731690623
29169470400,9.199403563997262,4.322135447638604
29169470500,9.188974564681725,4.32228963449692
29169470600,9.098656270362765,4.27639580698152
29171960100,9.026494652977413,4.078025072553046
29171960200,9.042305804928131,4.099728339493498
29173470100,9.877033307323751,4.38395889596167
29173470200,9.798004037645448,4.389314587953456
29173470300,9.645418136208077,4.367264163586584
29175490100,9.35048999247091,4.371233915811088
29175490200,9.322081004106776,4.361806806297057
29175490300,9.391643892539357,4.390814936344969
29175490400,9.387160935660506,4.395606156057495
29175490500,9.395453032169747,4.39114568514716
29175490600,9.366563177960301,4.387774526351814
29177080000,9.435085932922656,4.06687815742642
29177080100,9.320234567419576,4.118827775496236
29177080200,9.475403348391513,4.114778869952088
29177080300,9.621026633127994,4.071443572210814
29179380100,8.959585221081451,4.164555622176591
29179380200,9.031555492128679,4.217903079397673
29181870100,9.4928113045859,4.419552168377823
29181870200,9.356277010951403,4.347854420260096
29181870300,9.598308338124572,4.439043798083504
29181870400,9.73500910403833,4.495639603696099
29183310100,11.273700945927447,3.871576848049281
29183310201,11.318925867214237,3.979708219712526
29183310202,11.407301758384668,3.978315476386037
29183310301,11.409239308008214,4.000914863107461
29183310302,11.467624082135524,3.979925837782341
29183310400,11.501140355920602,3.96539081724846
29183310501,11.494936821355236,3.979691017111567
29183310502,11.514453228610541,3.960379953456537
29183310601,11.46953186036961,3.995540579739904
29183310602,11.384828,4.015194334017796
29183310700,11.428071367556468,4.017794115674196
29183310801,11.276521843258042,4.058300783709788
29183310802,11.336044875427789,4.037328377823409
29183310901,11.44996687816564,4.010627904859685
29183310902,11.42758706091718,4.017263613963039
29183310903,11.360623496235455,4.032436411362081
29183311001,11.491469656399726,3.986221162902122
29183311003,11.52426311430527,3.967905427104723
29183311004,11.485567755646817,3.993173983572895
29183311103,11.084877578370979,4.068242080766598
29183311114,11.085958926762491,4.086198203285421
29183311122,11.210704315537303,4.052365833675565
29183311124,11.032471273100616,4.111008687200548
29183311132,11.237748410677618,4.017839412731006
29183311145,11.42218573100616,4.006922526351814
29183311146,11.444018173169062,4.007584242299795
29183311147,11.332982528405202,4.022733498973306
29183311148,11.381333905544148,3.994689786447639
29183311149,11.290614613278576,4.04215264476386
29183311150,11.27419887816564,4.038885837782341
29183311151,10.923088362765229,4.120555090349076
29183311152,10.934980567419576,4.130323073237509
29183311153,10.863484774811773,4.149278231348392
29183311154,10.912501792607803,4.14381009650924
29183311203,11.25477755578371,4.068877649555099
29183311211,11.380716445585216,4.026396434633812
29183311212,11.303167976728268,4.053830478439425
29183311221,11.269481750855578,4.05378646954141
29183311294,11.279920313483915,4.061701804928131
29183311296,11.333952636550308,4.043678438740589
29183311311,11.207492544832307,4.088495867214237
29183311312,11.151213074606434,4.111093718685832
29183311322,11.152011529774127,4.087377137577002
29183311331,11.231880506502396,4.077991527720739
29183311391,11.220518367556468,4.08151403559206
29183311422,11.104981575633128,4.132751999315537
29183311500,11.016081188227242,4.107672984257358
29183311601,10.98977750513347,4.149628776865161
29183311602,11.035124541409993,4.14228638329911
29183311712,10.942935138945927,4.165693318275154
29183311721,11.085228571526352,4.127932117727584
29183311722,10.937979480492813,4.154774183436003
29183311732,10.954735029431896,4.14241677412731
29183311733,11.022414191649555,4.142523631074606
29183311734,11.025494321697468,4.144160203969884
29183311735,11.020172146475017,4.134266463381246
29183311736,11.05857488843258,4.117815592060233
29183311801,10.889247485284052,4.172882654346338
29183311802,10.919660056125941,4.176045605749487
29183311903,10.775234696783025,4.212957123203285
29183311904,10.86778398220397,4.172486062286105
29183311907,10.886789852156058,4.171552214236824
29183311908,10.742746850787132,4.197915590691307
29183311909,10.824433188911704,4.190382064339494
29183312001,10.725920797399042,4.227216966461328
29183312094,10.660706704312115,4.247125386036961
29183312095,10.7778462183436,4.222038758384668
29183312096,10.607278221081451,4.250576954140999
29183312097,10.491235769336071,4.257423735797399
29183312192,10.577426735797399,4.231118266255989
29183312193,10.658609590691307,4.211372511978097
29183312194,10.567045837782341,4.24275121560575
29183312195,10.633233281314168,4.236628043805613
29183312204,10.458582550992471,4.152078180698152
29183312205,10.745736709103354,4.168559191649555
29183312206,10.500120579739904,4.197813086926762
29183312300,11.340851550308008,4.042045698151951
29183312400,11.204532301848049,4.092282666666667
29183980000,10.805353802190281,4.111005843258042
29185480100,9.058065040383299,4.051540926078029
29185480200,9.021851085557837,3.987041668720055
29185480300,8.989234449691992,4.059746934291581
29186960100,9.836459098562628,4.102863643394935
29186960200,10.138272479123888,4.181087272416153
29186960300,9.99015087063655,4.164829223819302
29186960400,9.738241825462012,4.202056317590691
29187950101,9.742818910335387,4.103979389459274
29187950102,9.59736120054757,4.090371585900068
29187950300,9.645449437371663,4.113986184120465
29187950400,9.553623019849418,4.171196063655031
29187950600,9.361833455852156,4.167708586584531
29187950700,9.528249865160849,4.210712055441478
29187950800,9.626111533196441,4.188105047912389
29187950901,9.640209963039014,4.190274285420945
29187950902,9.605618780287474,4.203833665297741
29187951000,9.576148800136892,4.162689140999316
29187951100,9.626597560574949,4.156409039014374
29189210100,11.597448743326489,3.648075802874743
29189210200,11.781741649555099,3.585622308008214
29189210300,11.841809405201916,3.56324067008898
29189210400,11.889603427104723,3.569558351129363
29189210501,11.82159820807666,3.648135399041752
29189210502,11.851150269678302,3.615838212183436
29189210600,11.831226810403833,3.60624927926078
29189210702,11.747108864476386,3.63972634770705
29189210703,11.654070054757016,3.670715232717317
29189210704,11.703735375085558,3.658963988364134
29189210803,11.667421699520876,3.737779098562628
29189210804,11.630142856262834,3.707625603011636
29189210805,11.757597742642026,3.678902156057495
29189210806,11.719135013004791,3.681695859000684
29189210912,11.537461177960301,3.756179502395619
29189210921,11.483563001368925,3.832284486652977
29189210923,11.572981829568788,3.803595063655031
29189210924,11.525721279945243,3.799293066392882
29189210925,11.618213051334702,3.771216741957563
29189210926,11.599058673511294,3.786472771389459
29189210927,11.375136687200548,3.811941158795346
29189210928,11.522298327173169,3.792578183436003
29189211000,11.697521204654346,3.751813648186174
29189211101,11.740090162217659,3.74071701026694
29189211102,11.759574368240931,3.711521696783025
29189211201,11.704937881587954,3.787942704996578
29189211202,11.717031871321013,3.766161275838467
29189211301,11.615272862422998,3.809596987679672
29189211331,11.633737838466804,3.811486800821355
29189211332,11.676136140314853,3.817137356605065
29189211333,11.594215238193018,3.849779196440794
29189211334,11.518055887063655,3.868508397672827
29189211401,11.565259813141684,3.900593776180698
29189211402,11.713632616016427,3.824863073921971
29189211500,11.746091071868583,3.768303028747433
29189211600,11.760145069815195,3.737277312799452
29189211700,11.804695112251882,3.68857218275154
29189211801,11.809176816563997,3.656177438740589
29189211802,11.821474629705681,3.656844336071184
29189211900,11.843708273785079,3.625345345653662
29189212001,11.895763366187543,3.583323640657084
29189212002,11.877361446954141,3.611514425051335
29189212101,11.91037268514716,3.566909606433949
29189212102,11.89974486036961,3.591905073921971
29189212200,11.921604124572211,3.577054837782341
29189212300,11.907019076659822,3.617248599589322
29189212400,11.882919351129363,3.635523268309377
29189212500,11.861289777549624,3.657927735112936
29189212600,11.805817693360712,3.698785290212183
29189212700,11.858089338124572,3.671030668720055
29189213101,11.689343379192334,3.850790226557153
29189213102,11.580555001368925,3.9115500862423
29189213202,11.6836062183436,3.860032088980151
29189213203,11.717732754277892,3.846263492813142
29189213204,11.736122222450376,3.821102577686516
29189213300,11.785115896646133,3.778416709103354
29189213400,11.831097533196441,3.729240739904175
29189213500,11.855949401779603,3.705913891854894
29189213600,11.86016159890486,3.672733024640657
29189213700,11.901186091718001,3.624905461327858
29189213800,11.917554353867214,3.576254178644764
29189213900,11.923457307323751,3.564026744010951
29189214100,11.914808854893908,3.589113557837098
29189214200,11.900629814510609,3.621995127994524
29189214300,11.865247193702943,3.6641685633128
29189214400,11.843084039698836,3.708120689938398
29189214500,11.8478763045859,3.702257125941136
29189214601,11.815280212183436,3.748687448323066
29189214602,11.827984807665982,3.730182971937029
29189214700,11.811611003422314,3.755364719370294
29189214800,11.776265470910335,3.793936820670773
29189214900,11.787087841204654,3.792251393566051
29189215001,11.717652567419576,3.841226612594114
29189215003,11.712848343600274,3.83271895687885
29189215004,11.756983164271047,3.809497532511978
29189215005,11.74936598220397,3.799641091033539
29189215102,11.678542913073238,3.851971183436003
29189215103,11.640998952087611,3.870764934291581
29189215105,11.515490914442163,3.956516757700205
29189215141,11.593279608487337,3.919799540041068
29189215142,11.63605825119781,3.883836171115674
29189215143,11.591302318275154,3.926779074606434
29189215144,11.62593451266256,3.900797468172485
29189215201,11.628800691307324,3.849831660506502
29189215202,11.557467376454483,3.892282564681725
29189215231,11.49694988569473,3.934665031485284
29189215232,11.426153676933607,3.933343917180014
29189215301,11.729135044490075,3.793667898699521
29189215302,11.716914125941136,3.791170078028747
29189215400,11.792545825462012,3.703790414784394
29189215500,11.81181607871321,3.730426361396304
29189215600,11.821998457221082,3.744468533196441
29189215700,11.871223370294319,3.660514432580424
29189215800,11.864348554414784,3.651733252566735
29189215900,11.893433829568788,3.61545539835729
29189216000,11.911048122518823,3.579899700889802
29189216100,11.900263034907598,3.575529476386037
29189216200,11.881666897330596,3.597537902121834
29189216300,11.874223069815195,3.573846044490075
29189216400,11.881163246406571,3.610379159479808
29189216500,11.853503676249144,3.634030448323066
29189216600,11.839994646132786,3.645081828884326
29189216700,11.837859381930185,3.606314938398357
29189216800,11.841092648870637,3.583561390143737
29189216900,11.824263149212868,3.590299368925394
29189217000,11.805103664613279,3.610753492128679
29189217200,11.814383710472279,3.603322665982204
29189217300,11.811943069815195,3.633390787816564
29189217400,11.814212581793292,3.656768613963039
29189217500,11.761015464065708,3.710104901437372
29189217600,11.675484943189596,3.781828947980835
29189217701,11.571657682409309,3.8362341321013
29189217702,11.471785321697468,3.880762176591376
29189217802,11.364814683778234,3.90062654072553
29189217806,11.17157387816564,3.951041407255305
29189217807,11.288012708418891,3.921364775496236
29189217841,11.347072299794661,3.950179874058864
29189217842,11.38647946201232,3.916928894592745
29189217851,11.269102972621492,3.96359686036961
29189217852,11.236998858316222,3.951069198494182
29189217921,11.024327418206708,3.930315734428474
29189217923,11.193317743326489,3.921603475017112
29189217931,11.284090789869952,3.905802430527036
29189217932,11.212955185489391,3.902470334702259
29189217941,11.329533586584531,3.883755507871321
29189217942,11.26946283504449,3.87860112936345
29189217943,11.137509440109514,3.941473001368925
29189217944,11.129583078028747,3.932041912388775
29189218003,11.44475240862423,3.8388176091718
29189218011,11.431562442162902,3.855355568788501
29189218012,11.539820329226557,3.826386846680356
29189218102,11.297425886379192,3.870078210130048
29189218103,11.406961289527721,3.835885816563997
29189218201,11.547705105407255,3.797183986995209
29189218300,11.599417768651608,3.769195428473648
29189218401,11.606008042436687,3.794741132785763
29189218402,11.622565483915127,3.779910970568104
29189218500,11.685670633812457,3.743016602327173
29189218600,11.649230892539357,3.751142534565366
29189218800,11.700038552361396,3.713619869267625
29189218900,11.781118925393566,3.67226758384668
29189219100,11.776494516769336,3.635206776180698
29189219200,11.760137454483231,3.659965746748802
29189219300,11.736264950718686,3.68441701026694
29189219400,11.684991005475702,3.69482154825462
29189219500,11.711548927446954,3.661022164271047
29189219600,11.769857783709788,3.63310279192334
29189219700,11.693219595482546,3.641266201916496
29189219800,11.708718928131417,3.615655486652977
29189219900,11.67179331485284,3.609421950034223
29189220001,11.624103517453799,3.638408117727584
29189220002,11.656998900752909,3.643412399726215
29189220100,11.622480329226557,3.608556175906913
29189220200,11.577227277207392,3.594307506502396
29189220300,11.476319819301848,3.647551721423682
29189220431,11.427269047227926,3.700759131416838
29189220432,11.32836393155373,3.721586366872006
29189220441,11.401453739904175,3.699575015742642
29189220442,11.368644481177276,3.69356296440794
29189220443,11.306998849418207,3.722202446269678
29189220444,11.136690873374401,3.762314656399726
29189220445,11.225185420944558,3.737041813141684
29189220446,11.165167644079398,3.754294674880219
29189220501,11.53157679945243,3.633718834360027
29189220502,11.486386511293634,3.668740478439425
29189220601,11.553041458590007,3.669683027378508
29189220602,11.541099011635866,3.658233800136892
29189220701,11.615253274469541,3.669643837782341
29189220702,11.568051240246407,3.69763936550308
29189220703,11.542232168377823,3.719063890485968
29189220801,11.654353350444901,3.6848352183436
29189220802,11.602650691307324,3.715489665297741
29189220803,11.557540495550992,3.738179501711157
29189221000,11.599660975359343,3.74558395687885
29189221100,11.523201652977413,3.786697079397673
29189221201,11.463934425735797,3.774706973990418
29189221202,11.443379149212868,3.744222757015743
29189221301,11.471588872689938,3.701630410677618
29189221302,11.411162216974675,3.726083953456537
29189221332,11.31292748733744,3.74134604312115
29189221335,11.293144016427105,3.756967696783025
29189221421,11.045870643394935,3.90363092128679
29189221422,11.252515648186174,3.837247599589322
29189221423,11.373627913073238,3.804353778234086
29189221424,11.263441394250513,3.815046254620123
29189221502,10.692136084188912,3.996812466803559
29189221503,10.62326615468857,3.981731811088296
29189221506,10.999849657084189,3.966752856262834
29189221621,10.784449433264887,4.034426681724846
29189221624,11.046737271047228,3.966945700205339
29189221625,10.96104205338809,3.980938323066393
29189221626,11.0859296091718,3.979624704312115
29189221627,11.01667123340178,4.016075431895962
29189221628,11.246029701574264,3.992525008213552
29189221629,11.064383713894593,4.027934950718686
29189221800,11.796843470910335,3.74860168788501
29189221900,11.658036247775496,3.720239927446954
29189222000,11.327932971252567,3.761033255989049
29189222100,10.84765116495551,3.985428350444901
29195090100,9.291705451060917,4.341775780287474
29195090200,9.30802526899384,4.306745667351129
29195090300,9.341806973305955,4.329867951403148
29195090400,9.352886645448323,4.34398832991102
29195090500,9.353803653661875,4.342786637919233
29195090600,9.350186151950719,4.336419983572895
29195090700,9.33542884257358,4.28296595687885
29195090800,9.336578542778918,4.341642023956194
29197470100,9.249534755646817,4.047934718001369
29197470200,9.156988552361396,4.067315080082136
29199480100,9.402434927446954,4.028977390143737
29199480200,9.389656722108145,4.032529024640657
29201780100,10.405530572895277,4.676851147843942
29201780200,10.422730052703628,4.695254724161533
29201780300,10.394793264202601,4.704084167693361
29201780400,10.478754460643395,4.7209534366872
29201780600,10.506831112251882,4.73089075633128
29201780700,10.529047976728268,4.754321366872006
29201781000,10.427753161533196,4.69118925119781
29201781100,10.418475700205339,4.687663392197125
29201781200,10.529994040383299,4.7535026091718
29201781300,10.522298767967146,4.746625655030801
29203470100,8.917081076659822,4.210108918548939
29203470200,9.056704653661875,4.270340717316906
29205450100,9.492388570841889,4.301457590006845
29205450200,9.506347238193018,4.340183069130732
29205450300,9.394756222450376,4.313335639972622
29207470100,10.281293759753593,4.681765353867214
29207470200,10.090325785078713,4.637958107460643
29207470300,10.27525501779603,4.696066409993155
29207470400,10.399735508555784,4.729357396988364
29207470500,10.346187412731006,4.721618316221766
29207470600,10.35233234017796,4.722296956194387
29207470700,10.349961952087611,4.691689283367556
29207470800,10.280773924709103,4.690140639972622
29209090100,9.56775237577002,4.21023315468857
29209090200,9.55362680971937,4.24079320054757
29209090400,9.485175262833676,4.235896602327173
29209090500,9.622165229295003,4.29217819301848
29209090601,9.646838480492813,4.30300877412731
29209090602,9.614325866529774,4.269051534565366
29211480100,9.112197425735797,4.17255247980835
29211480200,9.068735318275154,4.169192032169747
29211480300,9.103468097193703,4.188915393566051
29213480105,9.661968606433949,4.314725258042437
29213480106,9.658901675564682,4.31228571321013
29213480201,9.615049898699521,4.290520052019165
29213480202,9.552244728268309,4.248791659137577
29213480301,9.528363373716632,4.272844488706366
29213480302,9.370883093086927,4.230952775496236
29213480401,9.391596565366188,4.219139498973306
29213480402,9.244459501026694,4.198976476386037
29213480501,9.48171446954141,4.25683233744011
29213480502,9.538431557152635,4.272011003422314
29215480100,8.99599150513347,4.240416351129363
29215480200,9.001091359342916,4.252963917180014
29215480300,9.058943405201916,4.264652405886379
29215480400,9.153778675564682,4.307865585215606
29217950100,9.211778390143737,3.988671785763176
29217950200,9.294438523613963,4.028243943189596
29217950300,9.326632971937029,4.041314796714579
29217950400,9.319266073237509,4.03735709650924
29217950500,9.332354803559206,4.063769316221766
29217950600,9.277474528405202,4.009910114989733
29219820101,9.923979188227242,4.274120626283368
29219820102,10.037277595482546,4.254088905544148
29219820103,10.309459310061602,4.272756201232033
29219820201,10.216732320328542,4.233613980150582
29219820202,9.884776075290897,4.243994357289528
29221460100,9.48051762696783,4.026236599589322
29221460200,9.288628321013005,4.068133714579055
29221460300,9.371884970568104,4.089448379876797
29221460400,9.427008445585216,4.109236321697468
29221460500,9.140782722792608,4.0992030862423
29223690100,9.474975188227242,4.382482901437372
29223690200,9.330909991101985,4.33635411156742
29223690300,9.185115954140999,4.283176570157426
29223690400,9.376294097193703,4.372666776180698
29225470101,9.214606,4.199223076659822
29225470102,9.359228548939083,4.18385519301848
29225470201,9.282781830937714,4.17515598220397
29225470202,9.345397822039699,4.164254299794661
29225470301,9.450448820670773,4.157108160164271
29225470302,9.275099062286105,4.161562853524983
29225470401,9.20159895687885,4.177266404517454
29225470402,9.289779540041068,4.151005177960301
29227960100,8.900640036276523,3.998547488021903
29229490100,9.083582024640657,4.227067117043121
29229490200,9.143414171115674,4.223237213552361
29229490300,9.152361288843258,4.233341754277892
29229490400,9.164109184804928,4.273760158795346
29510101100,11.688885934976044,3.574838033538672
29510101200,11.714570197125257,3.573255171115674
29510101300,11.731674880219028,3.559633699520876
29510101400,11.703201056125941,3.554327099931554
29510101500,11.649990655715264,3.570382592060233
29510101800,11.635212503764545,3.562059409993155
29510102100,11.717629843258042,3.591206284052019
29510102200,11.74595056605065,3.587776928131417
29510102300,11.708423028747433,3.587637856262834
29510102400,11.747323420260096,3.565386507871321
29510102500,11.734009293634497,3.564556813141684
29510103100,11.774143013689254,3.596903317590691
29510103400,11.820239321013005,3.571954577002053
29510103600,11.843756328542094,3.541785751540041
29510103700,11.821770156741958,3.554337125256674
29510103800,11.796338257357974,3.588734447638604
29510104200,11.866953759753593,3.5535088275154
29510104500,11.861368561943874,3.519890211498973
29510105198,11.880705956194387,3.550371915126626
29510105200,11.890544924024641,3.535905093086927
29510105300,11.901290971252567,3.541831280629706
29510105400,11.922774199178645,3.550448405201916
29510105500,11.920748615331964,3.522113610540726
29510106100,11.935371683093771,3.540963724845996
29510106200,11.926608696098563,3.544308892539357
29510106300,11.935022100616016,3.530349901437372
29510106400,11.939033774811773,3.507519095824778
29510106500,11.939275076659822,3.511249140314853
29510106600,11.934326308692676,3.509187406570842
29510106700,11.933293353867214,3.487799913073238
29510107200,11.929317223819302,3.532085114989733
29510107300,11.919106064339494,3.545665754962355
29510107400,11.928116650239562,3.517720409308693
29510107500,11.934347830937714,3.502751260095825
29510107600,11.927562620807666,3.480332531827515
29510108100,11.923527647501711,3.520581289527721
29510108200,11.904588057494866,3.542798455852156
29510108300,11.902822608487337,3.545080186858316
29510109600,11.911727759753593,3.430312872005476
29510109700,11.893421258042437,3.396907900068446
29510110100,11.924554353182752,3.461464797399042
29510110200,11.909917613278576,3.4384968275154
29510110300,11.920287602327173,3.44273582477755
29510110400,11.892189455167693,3.407885953456537
29510110500,11.898538418206708,3.405795038329911
29510111100,11.898196768651608,3.449900646132786
29510111200,11.920049465434634,3.463220468172485
29510111300,11.919644328542094,3.454681457905544
29510111400,11.896602898015058,3.427868291581109
29510111500,11.881037089664613,3.412551468856947
29510112100,11.882163030116359,3.516653126625599
29510112200,11.920515432580424,3.507529580424367
29510112300,11.924670206707734,3.484861937713895
29510112400,11.90394129705681,3.48690256605065
29510113500,11.844237553045859,3.516497920602327
29510114101,11.785886216290212,3.551979387405886
29510114102,11.787575403832991,3.578588267624914
29510114200,11.795927240930869,3.550199859000684
29510114300,11.767956787816564,3.560041869267625
29510115100,11.773558618754278,3.543823895277207
29510115200,11.796050199178645,3.531410027378508
29510115300,11.759800815195072,3.53397154825462
29510115400,11.751185696783025,3.546359796714579
29510115500,11.722070341546886,3.535356539356605
29510115600,11.711050783025325,3.53200444421629
29510115700,11.739799008213552,3.518423453798768
29510116100,11.789865331964408,3.519126173169062
29510116200,11.815343321013005,3.50998621560575
29510116301,11.803243446954141,3.504332534565366
29510116302,11.781367388090349,3.514279136208077
29510116400,11.769132110882957,3.507729655715264
29510116500,11.804315364134155,3.494534861738535
29510117100,11.840284940451745,3.500888645448323
29510117200,11.833881301848049,3.489344353182752
29510117400,11.819082587268994,3.47490787063655
29510118100,11.856669024640657,3.483111441478439
29510118400,11.851864802874743,3.436747769336071
29510118600,11.876258517453799,3.472729327173169
29510119101,11.884314873374401,3.476851303901437
29510119102,11.895911586584531,3.473752448323066
29510119200,11.895935627652293,3.464654214236824
29510119300,11.876126717316906,3.448253479123888
29510120200,11.875106976043806,3.378146316221766
29510121100,11.857400704996578,3.423292384668036
29510121200,11.869652067077344,3.414651097878166
29510123100,11.819616415468857,3.46841512936345
29510123200,11.806716227241615,3.449892173853525
29510123300,11.780579044490075,3.470145160848734
29510124100,11.756935021218344,3.504716884325804
29510124200,11.779451284052019,3.489108582477755
29510124300,11.764297877481177,3.486081837782341
29510124600,11.748357699520876,3.495958584531143
29510125500,11.827840502395619,3.410487551676934
29510125600,11.799239062286105,3.416627339493498
29510125700,11.823268060232717,3.390477593429158
29510126600,11.840263673511294,3.365171912388775
29510126700,11.863809184120465,3.359848538672142
29510126800,11.82804482477755,3.5693931321013
29510126900,11.937589522245038,3.514765957563313
29510127000,11.881653837097878,3.517709819301848
29510127100,11.865740826146475,3.387429897330596
29510127200,11.820482229295003,3.533203320328542
29510127300,11.844156091033539,3.466040620123203
29510127400,11.813282637919233,3.43544957357974
29510127500,11.845244481177276,3.400042345653662
29510127600,11.756673313483915,3.46278004312115
30001000100,5.996304729637235,3.042220604380561
30001000200,6.03225759137577,3.064312972621492
30001000300,6.005940184804928,3.061652895277207
30003000100,5.804100598220397,2.920804543463381
30003940400,5.755453834360027,2.687123247091034
30003940500,5.135275138261465,2.582349830937714
30003940600,5.641645540041068,2.790045223134839
30003940700,5.336134641341547,2.585399987679672
30005000100,5.779580977412731,2.956110793292266
30005000200,5.350093934976044,2.76594305065024
30005940100,5.549284637919233,2.814200918548939
30005940200,5.305605331279945,2.707780880903491
30007000100,5.469549995893224,2.673694597535934
30007000200,5.473960057494866,2.681509485968515
30009000100,5.524562045859001,2.804480574264203
30009000200,5.316284351129363,2.69809325119781
30009000300,5.024484113620808,2.564439550308008
30009000400,4.813228057494866,2.482582425051335
30009000500,5.241445789185489,2.631066214236824
30011000300,5.439751983572895,2.726124764544832
30013000100,5.753272497604381,2.875759934291581
30013000200,5.780536979466119,2.882694671457906
30013000300,5.792823202600958,2.88599172073922
30013000400,5.799341637234771,2.892441804243669
30013000700,5.769150582477755,2.87312532991102
30013000800,5.781236388774812,2.876822845995893
30013000900,5.774529777549624,2.877091482546201
30013001000,5.762565800136892,2.869920793976728
30013001100,5.72730551266256,2.863471641341547
30013001200,5.691804210130048,2.847549198494182
30013001600,5.75733245174538,2.867510563997262
30013001700,5.735486765229295,2.858714533196441
30013001800,5.77540317522245,2.877206620807666
30013001900,5.786196765229295,2.887150508555784
30013002100,5.655286839151266,2.821412182067077
30013002200,5.666060011635866,2.822016018480493
30013002300,5.604527947296372,2.788327653661875
30013010100,5.726065361396304,2.879571792607803
30013010400,5.075816986310746,2.489852985626283
30013010600,5.014650277891855,2.53459604312115
30013010700,5.507029896646133,2.735648316906229
30013010800,5.787011802190281,2.88377220054757
30015010200,5.587890609856263,2.88179392881588
30015010300,5.451466439425051,2.8026411321013
30017961300,5.574461926762491,2.828321121149897
30017961500,5.695275403148528,2.902392212183436
30017961600,5.691668314168378,2.898899778234086
30017961800,5.691593103353867,2.89323607871321
30017961900,5.691388941820671,2.892468028747433
30017962000,5.693669978781656,2.897809663928816
30019020300,6.152426344284736,3.16649225119781
30021000100,5.736979180698152,2.876775470225873
30021000200,5.735560876112252,2.880648690622861
30021000300,5.731895826146475,2.876292795345654
30023000300,6.072830841204654,2.915836378507871
30023000400,6.008986331964408,2.900918639972622
30023000500,6.001360127310062,2.91966568788501
30025000100,5.503499557152635,2.790021017111567
30027030100,5.05773425119781,2.537735881587954
30027030200,5.042470077344285,2.44774880971937
30029000100,5.812778664613279,2.826064289527721
30029000201,6.317274786447639,2.933481180698152
30029000202,6.473757704996578,2.971608396988364
30029000203,6.660289429158111,3.028953594798084
30029000300,6.276952778918549,2.97821458110883
30029000401,6.698505407255305,3.087759026694045
30029000402,6.612267000684463,3.083893847364819
30029000601,6.777644785763176,3.158259231348392
30029000602,6.561948156741958,3.05332854072553
30029000700,6.765571235455168,3.160532316221766
30029000800,6.680635500342231,3.164682637919233
30029000900,6.742568353182752,3.176686221081451
30029001000,6.713891468856947,3.168975815879535
30029001100,6.704534945242984,3.168071701574264
30029001200,6.678298900752909,3.153961311430527
30029001301,6.278928707734428,3.040009553730322
30029001302,6.263707861054073,3.002276429158111
30029001400,6.405736349760438,3.101892463381246
30029001700,6.179887771389459,3.014459102669404
30031000101,6.007686148528405,3.0131064770705
30031000102,5.402760038329911,2.748310361396304
30031000103,6.122770982888433,3.060568442847365
30031000200,6.114668678302532,3.060829851471595
30031000300,6.040180544832307,3.016761576317591
30031000400,6.009383097193703,3.021107046543463
30031000501,5.544238956194387,2.841506767282683
30031000502,5.849563229295003,2.959172967830253
30031000503,5.945678598220397,2.999274977412731
30031000504,5.820295362080767,2.946958909650924
30031000600,5.908169185489391,2.985186694729637
30031000701,5.892517309377139,2.977625040383299
30031000702,5.905332323066393,2.979082055441478
30031000800,5.880740296372348,2.972409771389459
30031000900,5.886360865160849,2.972313186858316
30031001001,5.774446245037645,2.931867908966461
30031001002,5.813366747433265,2.948330246406571
30031001101,5.85630523613963,2.965831892539357
30031001102,5.812027221081451,2.946454620123203
30031001200,5.420005018480493,2.786123698836413
30031001500,5.28226901026694,2.759979032169747
30031001600,5.112789841204654,2.674057900752909
30033000100,5.458002718685832,2.835241301848049
30035940200,5.385342303216975,2.799810399726215
30035940400,5.466850107460643,2.855367549623546
30035976000,5.76744464202601,3.031557000684463
30035980000,5.316560360027378,2.732721848049281
30037000100,5.076792941820671,2.613696432580424
30039961700,5.965339479123888,2.886190253251198
30041040100,5.879397102669404,3.074670879534565
30041040200,5.915590054072553,3.07496154072553
30041040300,5.809122429842574,3.011460743326489
30041040400,5.774072275838467,2.987317698151951
30041040500,5.76790852019165,2.981745370978782
30041940300,5.459718854893908,2.834201193702943
30043962201,5.691742761122519,2.599122526351814
30043962202,5.53517902532512,2.637088626283368
30043962300,5.96586826899384,2.880712263518138
30045000100,4.836031493497604,2.467198516769336
30047000100,5.940163941820671,2.941208001368925
30047000200,6.312295134154689,3.088606524298426
30047940301,6.269111329226557,3.088270969883641
30047940303,6.494375984941821,3.200292329226557
30047940400,6.470900913073238,3.183614374401095
30047940500,6.414977132785763,3.145029112936345
30047940600,6.293589783709788,3.062736277891855
30047940700,6.198848693360712,2.971647508555784
30049000100,5.334161540041068,2.645401303216975
30049000200,5.217370292950034,2.414510923340178
30049000300,4.951966136892539,2.277902678302532
30049000400,5.72901537577002,2.512345255989049
30049000501,5.69341317522245,2.493848770704997
30049000502,5.780343790554415,2.542493828199863
30049000600,5.542805733744011,2.533018166324435
30049000700,5.679268099931554,2.556101148528405
30049000800,5.704054813141684,2.575369570841889
30049000900,5.794131772758385,2.57311823340178
30049001000,5.765788997946612,2.592039027378508
30049001100,5.78995725119781,2.588771039698836
30049001201,5.707856282683094,2.577816554414784
30049001202,5.538900229295003,2.514692344969199
30051050100,5.820301188227242,3.05027436550308
30053000100,6.197996386721424,2.977335742642026
30053000200,6.355011470910335,2.886377865845311
30053000300,6.026464140999316,2.886953976728268
30053000400,5.699455988364134,2.877265085557837
30053000500,5.911439553730322,2.934973001368925
30055954000,5.653640106776181,2.898216617385352
30057000100,5.288584620807666,2.769114271047228
30057000200,5.70146099247091,2.865881616016427
30057000300,5.558522989048597,2.885059828199863
30059000100,4.88576667008898,2.473384425051335
30061964500,6.363496475017112,3.089589204654346
30061964600,6.384431248459959,3.149466257357974
30063000100,6.801603003422314,3.066203587953456
30063000201,6.858997074606434,3.073963516769336
30063000202,6.807011201232033,3.071709845995893
30063000300,6.902237273785079,3.089051444900753
30063000400,6.791414082819986,3.065154814510609
30063000500,6.921521873374401,3.099556741273101
30063000700,6.914673159479808,3.092076867214237
30063000800,6.899650266255989,3.087079752224504
30063000901,6.886179739904175,3.093732657768652
30063000902,6.539978667351129,3.077509295687885
30063001000,6.914552779603012,3.085653787132101
30063001100,6.925563838466804,3.090657794661191
30063001200,6.917523567419576,3.085022166324435
30063001302,6.803284559206023,3.073782698836413
30063001303,6.889891837782341,3.08091780698152
30063001304,6.844096151266256,3.087172048596852
30063001400,6.530321123887748,3.010319863107461
30063001500,6.685507498973306,3.105053674880219
30063001600,6.443114177275838,3.04405992881588
30063001800,5.79186204312115,2.824361069130732
30065000100,5.330670275154004,2.750558761806982
30065000200,5.309705850787132,2.735193985626283
30067000100,5.054473904859685,2.614049040383299
30067000200,4.999668422997947,2.607263158110883
30067000300,5.190658739904175,2.684919359342916
30067000400,5.194294787132101,2.686057668035592
30067000500,4.967825314168378,2.58835453798768
30067980600,5.039082577002053,2.625659488706366
30069000100,5.273266984941821,2.715940485284052
30071060200,5.52355221560575,2.687911996577686
30073977000,5.684379797399042,2.943632162902122
30073977200,5.368678665297741,2.794120179329227
30075000100,5.715058472963724,2.721545726899384
30077000100,5.580865830253251,2.71636399247091
30077000200,5.771570085557837,2.770035232717317
30079000100,5.589836292950034,2.86733811156742
30081000100,6.703891940451745,3.128909834360027
30081000201,6.721609374401095,3.168954692676249
30081000202,6.616034474332649,3.110956014373717
30081000300,6.856374866529774,3.23590372073922
30081000401,6.891051368240931,3.255690925393566
30081000402,6.684355594798084,3.124797257357974
30081000500,6.849327876112252,3.261040569472964
30081000600,6.628021830253251,3.128047249144422
30081000700,6.822099263518138,3.284397097878166
30081000800,6.87765232238193,3.346078516084873
30083070100,6.063777552361396,2.927984947296372
30083070200,5.961923570157426,2.862204453114305
30083070300,6.051535565366188,2.886083638603696
30083070400,6.027006820670773,2.88282887816564
30085080100,6.143303079397673,3.005957757700205
30085940001,5.929818849418207,3.03558197467488
30085940002,6.071907611225188,3.064334661190965
30087000100,5.532459072553046,2.85809075633128
30087000200,6.018252941136208,2.939513034223135
30087000300,6.015228785763176,2.952765867214237
30087940400,5.837162927446954,2.77734439835729
30089000100,6.297593772758385,3.118964253251198
30089000200,6.475013379192334,3.123928335386721
30089940300,6.460633674880219,3.179544549623546
30091090200,6.292611673511294,3.208802732375086
30091090400,6.233431333333333,3.129338119780972
30093000100,6.254259149212868,2.859367156741958
30093000200,6.252501018480493,2.864272122518823
30093000300,6.270213896646133,2.863581325119781
30093000400,6.27006681724846,2.840935143737166
30093000500,6.270300112251882,2.852677320328542
30093000600,6.270913368925394,2.88251437577002
30093000700,6.274108138945927,2.871246810403833
30093000800,6.136738898699521,2.895070170431212
30095966400,5.396127618069815,2.767240029431896
30095966500,4.794085514031485,2.500933366872006
30095966600,5.352552878850103,2.75572668788501
30097967000,5.07634626899384,2.636609098562628
30099000100,5.615536583162218,2.864347661190965
30099000200,5.483997658453114,2.755018032854209
30099000300,5.272299854209446,2.698511300479124
30101000100,5.922619863107461,3.124025180013689
30101000200,5.805196824093087,3.039761100616016
30101980000,5.793432872005476,3.029272444900753
30103963500,5.686433075975359,2.901529804928131
30105100100,5.763557538672142,2.937137554414784
30105100500,5.786578829568788,2.955098403832991
30105940600,5.835341149897331,2.999778794661191
30107000100,4.948705250513347,2.540982615331964
30109000100,5.601693356605065,2.786945814510609
30111000200,6.177422058863792,3.095008122518823
30111000300,6.157271544832307,3.083763689253936
30111000401,6.163713508555784,3.085774902121834
30111000402,6.17476380971937,3.093801926762491
30111000500,6.179819928131417,3.093884533196441
30111000600,6.194995891170431,3.103467464750171
30111000701,6.180257409308693,3.094096113620808
30111000702,6.185393002053388,3.101810272416153
30111000704,6.200105523613963,3.111119496235455
30111000705,6.194083924024641,3.106157156741958
30111000706,6.186242683778234,3.100962561943874
30111000800,6.172195235455168,3.095196592060233
30111000901,6.114695733059548,3.061165395619439
30111000902,6.126075477754962,3.066440773442847
30111001000,6.154713149897331,3.087268448323066
30111001100,6.165736633127994,3.086703187542779
30111001200,6.169441534565366,3.098535952087611
30111001300,6.162699178644764,3.091999230663929
30111001401,5.911687488706366,2.98042435523614
30111001402,5.667639090349076,2.88570690349076
30111001501,6.018423240246407,3.040327698151951
30111001502,5.642733631759069,2.886503741957563
30111001702,6.139189859000684,3.072634882956879
30111001703,6.099766024640657,3.054862934291581
30111001704,6.093495524298426,3.058524589322382
30111001801,6.067696377138946,3.050905048596852
30111001802,6.124439254620123,3.073869752224504
30111001803,6.134894894592745,3.075732911019849
30111001804,6.122810735112936,3.070520691991786
30111001901,5.861855269678302,2.953607866529774
30111001902,5.893494188227242,2.965795449007529
30111940000,5.627353823408624,2.839022140314853
31001965400,8.087552761806982,3.83080792881588
31001965500,8.206178406570842,3.880902251882272
31001965600,8.253686782340862,3.900849021218344
31001965700,8.215191787816564,3.896661947296372
31001965800,8.197201921971253,3.884834643394935
31001965900,8.170438165639973,3.87271207118412
31001966000,8.169123542778918,3.88303127926078
31001966100,8.223422290212183,3.908571370294319
31001966200,7.96514192881588,3.842498683778234
31003979600,7.592476883641342,3.714056295003422
31003979700,7.646173448323066,3.732524351129363
31003979800,7.58620764202601,3.718722932238193
31005958300,5.885705317590691,3.029388468856947
31007954000,5.335668258726899,2.579489557837098
31009972400,6.286056181382615,3.22258394661191
31011960100,7.765879376454483,3.768985216974675
31011960200,7.850117818617385,3.793699527036276
31013951100,5.490730650239562,2.703514380561259
31013951200,5.65507282477755,2.80816549486653
31013951300,5.662217254620123,2.814034878850103
31015975800,6.803372399726215,3.430095312799452
31017975000,6.16041359137577,3.165075710472279
31019968900,7.54708305338809,3.691191934291581
31019969000,7.628543454483231,3.765480649555099
31019969100,7.875119284052019,3.794748958932238
31019969202,7.857173180698152,3.84526971321013
31019969203,7.857771549623546,3.82478575633128
31019969204,7.820119240930869,3.830232869952088
31019969300,7.890300370294319,3.844812514031485
31019969400,7.884395682409309,3.855985559206023
31019969500,7.881652106091718,3.850908471594798
31019969600,7.865217128678987,3.847428277891855
31019969700,7.900684291581109,3.859555863107461
31021963200,8.905425416837782,3.921699664613279
31021963300,8.963328087611225,3.900493295003422
31021963400,8.854076548939083,3.920160571526352
31023967600,8.629571084188912,3.96951117522245
31023967700,8.61210854072553,3.951151650924025
31023967800,8.574558869267625,3.93443333744011
31025965600,9.484198716632444,3.881409267624914
31025965700,9.380226191649555,3.880019902121834
31025965800,9.167267236824093,3.907191963039014
31025965900,9.106151764544832,3.912113566735113
31025966000,9.235161483915127,3.923879900068446
31025966100,9.387875230663929,3.892279463381246
31027977100,8.183276119096509,3.740948672142368
31027977200,8.245619826146475,3.790078084188912
31029961900,6.594594552361396,3.386802424366872
31031955800,5.635570646132786,2.875293880219028
31031955900,5.637493959616701,2.901150752908966
31033954800,5.840144845995893,2.917426338124572
31033954900,5.889869898015058,2.937839134154689
31033955000,5.908548514031485,2.951781786447639
31035962100,8.227595248459959,3.897791671457906
31035962200,8.153420453114305,3.915198462696783
31037964600,8.592459564681725,3.975313158110883
31037964700,8.687666026694045,4.008812668035592
31037964800,8.730603610540726,4.002289355920602
31039972700,8.652626637234771,3.956796335386721
31039972800,8.829349943189596,3.962739536618754
31039972900,8.737676850102669,3.936275745379877
31041971700,6.844658184120465,3.453854402464066
31041971800,6.728498027378508,3.42197718275154
31041971900,6.918857597535934,3.486764758384668
31041972000,7.043533505817933,3.520254421629021
31043010100,9.065258093086927,3.797467010951403
31043010200,9.065660890485968,3.813630303216975
31043010300,9.018244371663244,3.812712169062286
31043010400,8.81164696440794,3.806834895277207
31045950600,5.29616590349076,2.620971169062286
31045950700,5.361173180698152,2.652423333333333
31047968000,7.260476118412046,3.637395970568104
31047968100,7.139367504449008,3.609483257357974
31047968200,7.018549062970568,3.566510006844627
31047968300,7.184295290212183,3.628723178644764
31047968400,7.351293864476386,3.698038735797399
31047968500,7.349909780287474,3.690477528405202
31047968600,7.128951018480493,3.609203538672142
31049955400,6.258129379192334,3.167577097193703
31051977600,8.481606529774127,3.69318741889117
31051977800,8.527674828199863,3.80827650513347
31053963600,8.896157986310746,3.944717887748118
31053963700,8.823291859685147,3.953659569472964
31053963800,9.208437156057495,3.949624848733744
31053963900,9.156126407939767,3.960483669404518
31053964000,9.189092863791923,3.961337067761807
31053964100,9.209915014373717,3.953227381930185
31053964200,9.180405928131417,3.955307678302532
31053964300,9.210120622861054,3.948670073237509
31053964400,9.13572009650924,3.954622710472279
31055000200,9.68391109377139,3.800230128678987
31055000300,9.718064571526352,3.79115015742642
31055000400,9.708932094455852,3.794386188227242
31055000500,9.717390002737851,3.780255342915811
31055000600,9.734792338124572,3.78658405065024
31055000700,9.753988693360712,3.783532848049281
31055000800,9.743660822724162,3.776532099931554
31055001100,9.774567620123203,3.772696750855578
31055001200,9.769428935660506,3.771470582477755
31055001600,9.793037651608487,3.762784429158111
31055001800,9.808118516769336,3.768709173853525
31055001900,9.803269749486653,3.761274727583847
31055002000,9.814429605065024,3.769265168377823
31055002100,9.817186587268994,3.765687840520192
31055002200,9.813007968514716,3.777306850787132
31055002300,9.804678445585216,3.768341102669404
31055002400,9.812287388090349,3.767059624914442
31055002500,9.806561895277207,3.775293494182067
31055002600,9.805683770704997,3.774424937029432
31055002700,9.800416901437372,3.781390887748118
31055002800,9.785702289527721,3.783165834360027
31055002900,9.795560397672827,3.777506865845311
31055003000,9.798954130047912,3.780448720054757
31055003100,9.807689242299795,3.769435689938398
31055003200,9.808895574264203,3.768242255304586
31055003300,9.813384072553046,3.762048908966461
31055003401,9.811905741957563,3.76186601026694
31055003402,9.814817932922656,3.757413241615332
31055003500,9.80974884257358,3.762960206707734
31055003600,9.806751438740589,3.76814648733744
31055003700,9.802217818617385,3.752993281998631
31055003800,9.812755201232033,3.753254622176591
31055003900,9.808692907597536,3.759106011635866
31055004000,9.797027917180014,3.754310228610541
31055004200,9.806381127310062,3.760037211498973
31055004300,9.796004737850787,3.746915825462012
31055004400,9.798847106776181,3.756920323750856
31055004500,9.803549311430527,3.768447443531828
31055004600,9.800240238877481,3.778236427789186
31055004700,9.790297077344285,3.774040991101985
31055004800,9.790668696098563,3.774207670773443
31055004900,9.790322951403148,3.769310707049966
31055005000,9.791812459958932,3.757890266255989
31055005100,9.790779442162902,3.762969311430527
31055005200,9.780929525667351,3.768558262833676
31055005300,9.7741147816564,3.774353898015058
31055005400,9.772558675564682,3.775065339493498
31055005500,9.780591260095825,3.783338310746064
31055005600,9.763013927446954,3.800127618069815
31055005700,9.761530494182067,3.796592939767283
31055005800,9.758919568104038,3.787144672826831
31055005901,9.758000561259411,3.788795536618754
31055005902,9.753711301163587,3.782987523613963
31055006000,9.743555147843942,3.796771442162902
31055006101,9.725215837097878,3.802795613963039
31055006102,9.720475461327858,3.795973925393566
31055006202,9.695547116358658,3.802518332648871
31055006301,9.716905143737166,3.809670815195072
31055006302,9.739495826146475,3.802238138261465
31055006303,9.750078024640657,3.797653039014374
31055006400,9.782926499657769,3.789914969199179
31055006503,9.729091509240246,3.818503414099932
31055006504,9.751917622176591,3.817329889801506
31055006505,9.702991579055442,3.815789039698836
31055006506,9.732320613278576,3.812892331964408
31055006602,9.768103967830253,3.80991340109514
31055006603,9.770061669404518,3.814629168377823
31055006604,9.776421590006845,3.797842187542779
31055006701,9.796098542778918,3.807984583162218
31055006703,9.760073301848049,3.836398245037645
31055006704,9.777160482546201,3.826321376454483
31055006803,9.760007691991786,3.828021520876112
31055006804,9.783949917180014,3.819895629705681
31055006805,9.794005424366872,3.802875283367556
31055006806,9.806169667351129,3.795307387405886
31055006903,9.749494871321013,3.822295509924709
31055006904,9.781986449691992,3.813913985626283
31055006905,9.792987721423682,3.802528114989733
31055006906,9.799258277891855,3.7880569137577
31055007001,9.806122932922656,3.77523079192334
31055007002,9.808916655030801,3.769615868583162
31055007003,9.804719706365503,3.772800169746749
31055007101,9.802289486652977,3.773137440793977
31055007102,9.792273347022587,3.772860093086927
31055007303,9.623480795345654,3.832401122518823
31055007304,9.682866668720055,3.815299330595482
31055007309,9.669905470225873,3.843331750171116
31055007310,9.690817770704997,3.842058481861738
31055007311,9.702961596167009,3.838500552361396
31055007312,9.707746800136892,3.835457957563313
31055007313,9.698398867214237,3.830848461327858
31055007314,9.608656922655715,3.863890375085558
31055007315,9.654755592744695,3.856972815195072
31055007316,9.631912455852156,3.871656228610541
31055007317,9.606917029431896,3.855037552361396
31055007318,9.549866422997947,3.878080715947981
31055007405,9.703489394250513,3.860515179329227
31055007406,9.715048772758385,3.857104618069815
31055007407,9.738308171115674,3.838452336071184
31055007408,9.737204265571526,3.834827164271047
31055007409,9.755449147843942,3.820609310061602
31055007424,9.755515197125257,3.829500119096509
31055007429,9.68312657357974,3.858575217659138
31055007431,9.666272759753593,3.850157216290212
31055007432,9.69134356605065,3.852652516769336
31055007433,9.713308958247776,3.844988300479124
31055007434,9.726372414784394,3.837248637234771
31055007435,9.725757589322382,3.824558332648871
31055007436,9.738959939767283,3.823248770704997
31055007438,9.687709351129363,3.858186585900068
31055007439,9.709476419575633,3.841854724161533
31055007440,9.730564728268309,3.838741392197125
31055007441,9.652239994524298,3.877286987679672
31055007442,9.674995009582478,3.86250165229295
31055007443,9.724699446269678,3.847948898015058
31055007444,9.744934368240931,3.8393491321013
31055007445,9.7631031321013,3.829418316221766
31055007446,9.659583203285421,3.874715173853525
31055007447,9.67812248733744,3.859307333333333
31055007448,9.732619140999316,3.842620194387406
31055007449,9.646908029431896,3.890241474332649
31055007450,9.662128052019165,3.875383051334702
31055007451,9.655524073237509,3.868130462696783
31055007452,9.622318247775496,3.87088744421629
31055007453,9.659932550308008,3.865633467488022
31055007454,9.681968413415469,3.855763531143053
31055007455,9.706076549623546,3.838983651608487
31055007456,9.732371086926762,3.828298570157426
31055007457,9.764550473648186,3.804317635865845
31055007458,9.783522713894593,3.791546859000684
31055007459,9.788603227241615,3.783478880219028
31055007460,9.609497135523614,3.868743542094456
31055007461,9.648521776180698,3.867293468172485
31055007462,9.670730859000684,3.854227350444901
31055007463,9.69581887816564,3.843855954140999
31055007464,9.725019950718686,3.829036729637235
31055007465,9.744137890485968,3.810245534565366
31055007466,9.760837043805613,3.800596815879535
31055007467,9.775387678302532,3.782807391512663
31055007468,9.777470331964408,3.786694717316906
31055007469,9.631126156057495,3.88171346201232
31055007470,9.652981608487337,3.871103986310746
31055007471,9.64756626899384,3.878974196440794
31055007472,9.663525686516085,3.862636876796715
31055007504,9.337529136208077,3.925572682409309
31055007505,9.470724697467488,3.902643506502396
31055007506,9.514234528405202,3.902938087611225
31055007508,9.418686915811088,3.914541369609856
31055007509,9.505069225188227,3.897511240246407
31055007511,9.587101622176591,3.888097281998631
31055007512,9.59352695687885,3.889227409308693
31055007513,9.615108380561259,3.894720715263518
31055007514,9.596324780971937,3.88826885284052
31055007515,9.597232696783025,3.896574106776181
31055007516,9.587876621492129,3.88828147980835
31055007517,9.573799210130048,3.88711467008898
31057962300,6.472738216974675,3.335742260095825
31059091600,8.389654828884326,3.973840273785079
31059091700,8.32294527652293,3.961268686516085
31061964600,7.61049910403833,3.782654240930869
31061964700,7.511798063655031,3.751118230663929
31063961100,6.833759292950034,3.508440988364134
31065963900,7.135295485284052,3.635916800821355
31067964600,8.748732628336756,4.028320339493498
31067964700,8.773445800821355,4.104911570841889
31067964800,8.783528227926078,4.10077354825462
31067964900,8.770463083504449,4.080720516084873
31067965000,8.779343692676249,4.090459902806297
31067965100,8.777811254620123,4.098892188227242
31067965200,8.695966105407255,4.088471871321013
31069952100,5.775842020533881,2.937049377138946
31071973200,6.825216514031485,3.433400117727584
31073967600,7.188460676933607,3.64491017522245
31075956300,5.691660884325804,2.929924545516769
31077970900,7.409621206707734,3.620633481861738
31079000100,7.945065217659138,3.680969045174538
31079000200,8.146193582477755,3.688353807665982
31079000300,8.161675424366872,3.690625493497604
31079000400,8.128230806297057,3.683601984941821
31079000500,8.094581542094456,3.676747464065708
31079000600,8.137367892539357,3.708626083504449
31079000700,8.166906199863108,3.699716167008898
31079000800,8.185477208761122,3.717819544832307
31079000900,8.191349092402464,3.718679213552361
31079001000,8.174478466119096,3.715709686516085
31079001100,8.202693735112936,3.742076577002053
31079001200,8.191298325119781,3.733367203285421
31079001300,8.189279103353867,3.798485510609172
31079001400,8.014570331964408,3.77710974880219
31081969100,8.286500120465435,3.881134286105407
31081969200,8.223820740588638,3.814847251882272
31081969300,8.249511017111567,3.856449248459959
31083964200,7.390900095140315,3.732529174537988
31085961500,6.575567407255305,3.385887358658453
31087962700,6.671508638603696,3.440112490075291
31089974000,6.857681922655715,3.451537303901437
31089974100,6.826045722792608,3.432661920602327
31089974200,6.805994291581109,3.42895435523614
31089974300,7.006298699520876,3.505859861738535
31091956700,5.871034642710472,3.03430894934976
31093970500,7.777355764544832,3.679200874058864
31093970600,7.642633445585216,3.654889319644079
31095963600,8.560622568104038,4.079299728952772
31095963700,8.562862199863108,4.083767095140315
31095963800,8.538243798083504,4.076879094455852
31097967500,8.802900498288843,4.006104338124572
31097967600,8.847264004106776,4.043249754962355
31099966600,7.813966071868583,3.822339159479808
31099966700,7.809394236824093,3.825310392881588
31101000100,6.525580156057495,3.3218654366872
31101000200,6.503677936344969,3.311269978097194
31101000300,6.448687533880904,3.285766115674196
31103975400,6.225110036276523,3.190517751540041
31105954500,5.468132474332649,2.654031531827515
31107976200,7.414015943189596,3.637657248459959
31107976300,7.929569453798768,3.78339836550308
31107976400,7.775849080766598,3.714189562628337
31109000100,9.175904199178645,3.933850628336756
31109000201,9.185895845995893,3.937540011635866
31109000202,9.188399978781656,3.932600972621492
31109000300,9.180282158110883,3.921088241615332
31109000400,9.169831449007529,3.926079372347707
31109000500,9.146700275838467,3.929963374401095
31109000600,9.156042560574949,3.918388009582478
31109000700,9.16108173100616,3.912843083504449
31109000800,9.173743912388775,3.916987975359343
31109000900,9.182771325119781,3.919385051334702
31109001001,9.202210862422998,3.936299116358658
31109001002,9.200910236824093,3.931459366872006
31109001003,9.203669835728953,3.933864105407255
31109001101,9.191043769336071,3.935164045174538
31109001102,9.20120909377139,3.940438420260096
31109001200,9.203324851471595,3.943628382614648
31109001301,9.207654107460643,3.946620902806297
31109001302,9.18561718275154,3.942985579055442
31109001400,9.196055197125257,3.936763313483915
31109001500,9.180209592744695,3.934249387405886
31109001600,9.170669755646817,3.914092300479124
31109001700,9.156484576317591,3.906796278576318
31109001800,9.159708806297057,3.914001486652977
31109001900,9.153628682409309,3.923795894592745
31109002001,9.149115811772758,3.91715992881588
31109002002,9.146708239561944,3.917572037645448
31109002100,9.134836105407255,3.926727184804928
31109002200,9.135846733059548,3.928232886379192
31109002300,9.159694476386037,3.930211429158111
31109002400,9.153371455167693,3.934317036276523
31109002500,9.158888665297741,3.930216189596167
31109002701,9.159470136892539,3.950349876796715
31109002702,9.147801764544832,3.939365044490075
31109002800,9.139182341546886,3.9356046954141
31109002900,9.16451473853525,3.931227472279261
31109003001,9.135939271731691,3.920849562628337
31109003002,9.1501111321013,3.924272095140315
31109003003,9.159465481861738,3.925416414784394
31109003102,9.104780511293634,3.932666377138946
31109003103,9.133850362765229,3.930468483915127
31109003104,9.126529145790554,3.931158486652977
31109003202,9.05709413963039,3.950253320328542
31109003301,9.129361741957563,3.932422750855578
31109003302,9.093234576317591,3.94580253045859
31109003401,9.090740653661875,3.950394664613279
31109003402,9.121307202600958,3.939234681724846
31109003500,9.112760040383299,3.940697749486653
31109003601,9.120794700205339,3.93368068788501
31109003604,9.040515290212183,3.94838235797399
31109003605,9.107789796714579,3.94176622587269
31109003607,9.086662655715264,3.950126613963039
31109003608,9.084100067077344,3.954162488021903
31109003609,9.104576014373717,3.946340202600958
31109003704,9.131333800821355,3.942328831622177
31109003706,9.167895646132786,3.945758532511978
31109003707,9.147415902121834,3.953477843258042
31109003708,9.121145321697468,3.949977284052019
31109003709,9.124578302532512,3.946844667351129
31109003713,9.125589091718001,3.948863661190965
31109003714,9.115099266255989,3.953743656399726
31109003715,9.102167415468857,3.948199589322382
31109003716,9.096385757015743,3.951633171115674
31109003717,9.175654703627652,3.937291922655715
31109003718,9.164630587268994,3.955876058179329
31109003719,9.088016492128679,3.955891952087611
31109003720,9.084305819986311,3.96678474606434
31109003801,9.183362399726215,3.948679850102669
31109003802,9.193846800821355,3.94141687063655
31109010100,9.136861131416838,3.926992717316906
31109010201,9.101345195756331,3.934253113620808
31109010202,8.956467665297741,3.9325275633128
31109010300,8.872960655715264,3.97449872347707
31109010400,8.953497134839151,3.967115420260096
31109983200,9.083754751540041,3.93894680698152
31111959700,6.746717146475017,3.447152195071869
31111959800,6.527872876796715,3.33854916495551
31111959900,6.785355065023956,3.461889887063655
31111960200,6.780570865160849,3.466378004106776
31111960300,6.787031003422314,3.466687968514716
31111960400,6.790732593429158,3.466017056810404
31111960500,6.786945167693361,3.467823542778918
31111960600,6.608676717316906,3.394649208761122
31113957500,6.26311560164271,3.222442372347707
31115972800,6.542711542094456,3.329012635181383
31117957900,6.077118026009582,3.134982967145791
31119960600,8.350251994524298,3.93921202532512
31119960700,8.320452274469541,3.930764942505134
31119960801,8.293430906913073,3.923020733059548
31119960802,8.252406451060917,3.909947176591376
31119960900,8.307324438056126,3.924775616016427
31119961000,8.324370101300479,3.930806942505134
31119961100,8.314394145790554,3.935368859000684
31119961200,8.01727510403833,3.850565596167009
31119961300,8.181687932238193,3.905630656399726
31121966600,8.164170459958932,3.854179785763176
31121966700,8.050894696783025,3.744237505817933
31121966800,8.173728728268309,3.827774944558522
31123952500,5.824008290212183,2.865830917864476
31125966100,7.988112683093771,3.806793277891855
31127968100,9.006108594113621,4.075946293634497
31127968200,9.018018971252567,4.087298831622177
31129960000,8.019443876796715,3.911140326488706
31129960100,7.99931387816564,3.922702142368241
31131966600,9.076167388090349,3.994977202600958
31131966700,8.973044584531143,3.961197049965777
31131966800,8.937236493497604,3.945706759069131
31131966900,9.124337319644079,4.016496222450376
31131967000,9.138166254620123,4.009325114989733
31133967800,8.761671185489391,4.070604963723477
31135959300,6.612968790554415,3.381928656399726
31137967000,7.579523923340178,3.791905646817248
31137967100,7.569903028062971,3.792251788501027
31137967200,7.585382206707734,3.793544301163587
31139979100,8.186651420944558,3.861924861738535
31139979200,7.957035633127994,3.811108785763176
31141965100,8.38044485284052,3.972530971937029
31141965298,8.488033501711157,3.997941728952772
31141965300,8.613689145106092,4.043415021902806
31141965400,8.671409039698836,4.037398258042437
31141965500,8.654989131416838,4.026274165639973
31141965600,8.646390592744695,4.037714666666667
31141965700,8.619287327857632,4.032884728952772
31143960000,8.400124144421629,3.9474516954141
31143960100,8.417085290212183,3.943498219028063
31145963100,6.921049613278576,3.55280797467488
31145963200,6.896504315537303,3.542963331279945
31145963300,6.905671386036961,3.540172904175222
31147964500,9.079887663244353,4.13590107871321
31147968500,8.946649506502396,4.114275351813826
31147968600,9.084754926078029,4.145161846680356
31149974600,6.373873072553046,3.254215568104038
31151960600,8.738200073921971,3.975226780971937
31151960700,8.525854518138262,3.959614041067762
31151960800,8.465591627652293,3.973147332648871
31151960900,8.643244800136892,4.000835385352498
31153010103,9.715344843942505,3.800977108145106
31153010104,9.764968368240931,3.788867804243669
31153010105,9.739862181382615,3.798914099247091
31153010106,9.706212683778234,3.81205118275154
31153010107,9.758489316906229,3.787221920602327
31153010108,9.757190926078029,3.801751242299795
31153010203,9.723064828199863,3.807714325804244
31153010204,9.724060551676934,3.804346795345654
31153010205,9.67575290349076,3.824595692676249
31153010206,9.68964975633128,3.813137316906229
31153010207,9.680328475017112,3.826946967830253
31153010208,9.624914195071869,3.837921911019849
31153010302,9.676585707049966,3.820509130732375
31153010305,9.709800767967146,3.807460966461328
31153010306,9.712231108145106,3.804442203285421
31153010401,9.724676563997262,3.810047960301164
31153010402,9.674451969883641,3.823203902121834
31153010501,9.768160221765914,3.791698863791923
31153010502,9.776745297741273,3.788585245037645
31153010503,9.775855377823409,3.780985876796715
31153010614,9.765390540041068,3.781307710472279
31153010615,9.775536360027378,3.77995246201232
31153010616,9.735562735112936,3.802863971252567
31153010617,9.743203690622861,3.799816721423682
31153010618,9.760319639288159,3.797683910335387
31153010619,9.714250221081451,3.805001347022587
31153010620,9.705398463381246,3.814131214921287
31153010621,9.753003061601643,3.78650879192334
31153010622,9.742891631759069,3.802152882272416
31153010623,9.707890119096509,3.812182336755647
31153010624,9.67271729431896,3.825054626283368
31153010625,9.658335101984942,3.857864394250513
31153010626,9.63726200752909,3.868141807665982
31153010627,9.596897785078713,3.866638699520876
31153010628,9.590101592060233,3.86191833744011
31153010629,9.644515162902122,3.837529098562628
31153010630,9.564509897330596,3.886700544832307
31153010631,9.428644242299795,3.894147699520876
31153010632,9.523786828884326,3.888411303901437
31153010633,9.680624427104723,3.837856633127994
31153010634,9.684093310061602,3.84001362696783
31153010701,9.409303101984942,3.889539900752909
31153010702,9.574689739904175,3.848488963723477
31155968100,9.063169087611225,3.942816713894593
31155968200,8.822810158795346,3.924646865845311
31155968300,9.017871513347023,3.928057592060233
31155968400,9.175368915811088,3.910390941136208
31155968500,9.205256841889117,3.906884605065024
31157952900,5.787571889117043,2.730318661875428
31157953000,5.779907498973306,2.698055944558522
31157953100,5.71897287816564,2.68484190622861
31157953200,5.568933082135524,2.623504629705681
31157953300,5.812853146475017,2.689623335386721
31157953400,5.839814196440794,2.702865588637919
31157953500,5.826224348391513,2.693549700889802
31157953600,5.803556245037645,2.682478510609172
31157953700,5.844532386721424,2.706046811088296
31157953800,5.799562656399726,2.704396306639288
31157953900,5.775558066392882,2.684202082135524
31159960100,8.644146855578371,3.957656631074606
31159960200,8.680873278576318,3.954571360711841
31159960300,8.716398340862423,3.958036768651608
31159960400,8.630404883641342,3.957263945242984
31161951600,5.52754432991102,2.772838151950719
31161951700,5.444065552361396,2.7526288275154
31163970100,7.389221701574264,3.618991896646133
31165950100,5.098414123887748,2.505088079397673
31167962100,8.465225581793292,3.94366431485284
31167962200,8.424717850787132,3.939283245037645
31169963100,8.269506292265572,3.988822214236824
31169963200,8.299195733059548,4.011758328542094
31171957100,6.038300069815195,3.115609762491444
31173940100,8.792531802874743,3.908320666666667
31173940200,8.74515416495551,3.86887101026694
31175971300,7.184173926078029,3.56345334017796
31175971400,7.222087041067762,3.573307522245038
31177050101,9.250979273785079,3.806576586584531
31177050102,9.242374335386721,3.794165360027378
31177050201,9.273717324435318,3.801784331279945
31177050202,9.446563494182067,3.838160657768652
31177050300,9.1708528678987,3.871208633812457
31179978600,8.423807679671458,3.884612877481177
31179978700,8.499291125256674,3.871358029431896
31181965000,7.807500759753593,3.817357026694045
31181965100,7.740160507186858,3.827135273100616
31183973600,7.155605342915811,3.553184126625599
31185969600,8.445559174537988,3.95261674606434
31185969700,8.467833582477755,3.964823734428474
31185969800,8.462031101300479,3.966632095824778
31185969900,8.440077963723477,3.965692590006845
32001950100,5.232347594798084,2.775557750855578
32001950301,6.43089276659822,3.209171655030801
32001950302,6.48573065229295,3.225153075290897
32001950400,6.231052376454483,3.132340668720055
32001950500,6.10784907118412,3.089607859685147
32001950600,6.138352403832991,3.052115032854209
32001950700,6.350475423682409,3.139163538672142
32003000101,8.143349950034223,3.285747680355921
32003000103,7.901776654346338,3.231182882956879
32003000105,8.139776517453799,3.28600009377139
32003000106,8.004307884325804,3.252980979466119
32003000107,8.035452743326489,3.262484614647502
32003000108,8.019108715263518,3.25517188843258
32003000109,7.97382141615332,3.244522814510609
32003000201,8.25879244421629,3.302855741957563
32003000203,8.334450956194387,3.321612855578371
32003000204,8.367110342915811,3.335760080766598
32003000301,8.347601371663244,3.314688063655031
32003000302,8.282655900752909,3.304997093086927
32003000401,8.378021952772074,3.30921205338809
32003000402,8.420730563997262,3.315163753593429
32003000403,8.465617637919233,3.323800780287474
32003000510,8.433055262149213,3.312171206023272
32003000513,8.314052533880904,3.295830683778234
32003000514,8.442005889117043,3.315331088295688
32003000515,8.352954568788501,3.303243392197125
32003000516,8.463280286105407,3.321995917864476
32003000517,8.400058909650924,3.316573070499658
32003000518,8.502316136208077,3.332319173169062
32003000519,8.436430664613279,3.321749835728953
32003000520,8.473292950034223,3.326343501026694
32003000521,8.505360386036961,3.326873281314168
32003000522,8.477211070499658,3.31908412183436
32003000523,8.513078394934976,3.328373134839151
32003000524,8.442069458590007,3.314727458590007
32003000525,8.414017997946612,3.306408320328542
32003000526,8.407655292265572,3.30701480698152
32003000527,8.40209764202601,3.313006957563313
32003000528,8.38023234770705,3.307196831622177
32003000600,8.489958458590007,3.336066484599589
32003000700,8.446790843942505,3.328307851471595
32003000800,8.476818790554415,3.335912168377823
32003000900,8.407136004791239,3.328508485284052
32003001003,8.045553883641342,3.266367260095825
32003001004,8.18775642642026,3.299358650239562
32003001005,8.255891012320328,3.30669727926078
32003001006,8.296318879534565,3.322885073237509
32003001100,8.40990775633128,3.342998700205339
32003001200,8.451430158795346,3.344056471594798
32003001300,8.510492372347707,3.346958154004107
32003001401,8.525924516769336,3.341497216974675
32003001402,8.542994253251198,3.34994056605065
32003001501,8.536005002737851,3.340190266940452
32003001502,8.536749352498289,3.339608124572211
32003001607,8.523554685831622,3.365354260095825
32003001608,8.571138494182067,3.350820839835729
32003001609,8.541552493497604,3.343265318275154
32003001610,8.532954568788501,3.33769053798768
32003001611,8.484167815195072,3.333512638603696
32003001612,8.55140886036961,3.346165032854209
32003001613,8.542736815879535,3.362637655715264
32003001706,8.547410447638604,3.376745607802875
32003001707,8.553818386036961,3.377055195756331
32003001708,8.552219862422998,3.368557815195072
32003001709,8.542050593429158,3.367438520876112
32003001710,8.532697125941136,3.365553438740589
32003001711,8.534903862422998,3.387398555099247
32003001712,8.518749553730322,3.382780716632444
32003001713,8.509694857631759,3.372377703627652
32003001714,8.501516798767967,3.3758423908282
32003001715,8.480067638603696,3.373586507871321
32003001716,8.481029810403833,3.368697777549624
32003001717,8.521406882956879,3.380355698836413
32003001718,8.435003607802875,3.368430481177276
32003001801,8.580929750855578,3.362466432580424
32003001803,8.568614619438741,3.365991331279945
32003001804,8.558007690622861,3.359791887748118
32003001901,8.546361825462012,3.360548955509925
32003001902,8.55193232991102,3.372858563997262
32003002000,8.471939639288159,3.362448852156058
32003002201,8.319905140999316,3.335095031485284
32003002203,8.177253973305955,3.300598674880219
32003002204,8.228026611225188,3.317649571526352
32003002206,8.199982221765914,3.318191473648186
32003002207,8.154068676249144,3.303438765229295
32003002302,8.414379173169062,3.353940704996578
32003002303,8.43356727926078,3.355349253251198
32003002403,8.452574433264887,3.36503696440794
32003002404,8.502554454483231,3.377719429842574
32003002405,8.467305637234771,3.383122576317591
32003002406,8.504176638603696,3.380389731690623
32003002501,8.544465783025325,3.382723015742642
32003002504,8.502949343600274,3.392498259411362
32003002505,8.534620504449008,3.388786058863792
32003002506,8.502697332648871,3.385372212183436
32003002603,8.492030252566735,3.394807609856263
32003002604,8.447098507871321,3.392186630390144
32003002605,8.449618275838467,3.3860556091718
32003002706,8.486641377823409,3.393848759753593
32003002707,8.435672344969199,3.377687501711157
32003002708,8.449554403832991,3.388770785763176
32003002808,8.312241719370294,3.354518820670773
32003002810,7.915477271047228,3.263885161533196
32003002811,8.071026502395619,3.306016778234086
32003002814,7.945945832306639,3.282639663928816
32003002821,8.39425626146475,3.36739737577002
32003002822,8.452803611909651,3.370882587268994
32003002823,8.492475476386037,3.384973444900753
32003002824,8.467553110198494,3.382043836413416
32003002825,8.464492869952088,3.37197674880219
32003002826,8.459710598220397,3.374191198494182
32003002827,8.423469887748118,3.370281674195756
32003002828,7.960946778234086,3.278711832991102
32003002829,8.022943683778234,3.295855680355921
32003002830,8.053754757700205,3.305177386036961
32003002831,7.796678449691992,3.234686907597536
32003002832,7.842419370978782,3.255239145790554
32003002833,7.958473684462697,3.279147297741273
32003002834,7.887576006160164,3.259066271731691
32003002835,7.816021973305955,3.246087850787132
32003002836,7.855557320328542,3.253942166324435
32003002837,8.096198691307324,3.308641016427105
32003002838,8.180625936344969,3.331004641341547
32003002841,7.63468314715948,3.191405577686516
32003002842,7.422380866529774,3.131248834360027
32003002843,7.697132529774127,3.218770607118412
32003002844,7.781953802190281,3.235944965092402
32003002845,7.832543887748118,3.256921958247776
32003002846,7.880032567419576,3.26853318275154
32003002847,8.24410751266256,3.348509837097878
32003002848,8.254737219028063,3.347342536618754
32003002905,7.885950629021218,3.227786351129363
32003002915,7.58586915742642,3.14772657357974
32003002916,7.737390809034908,3.190413743326489
32003002919,7.757812277891855,3.199729382614648
32003002935,8.02241603559206,3.272108246406571
32003002936,7.937125267624914,3.258676056125941
32003002937,8.103144312799452,3.290206892539357
32003002938,8.015674973990418,3.268755609856263
32003002939,7.752762388774812,3.19697149486653
32003002940,7.623745266940452,3.160335483230664
32003002941,7.759007362765229,3.20407467008898
32003002942,7.8534874770705,3.226017032854209
32003002944,7.563345655715264,3.154225370294319
32003002946,8.096063739219712,3.288475567419576
32003002947,7.899793061601643,3.228986648186174
32003002948,7.92139124366872,3.245779350444901
32003002949,7.858880985626283,3.225696170431212
32003002950,7.591717333333333,3.159003972621492
32003002951,7.595173665297741,3.14599132238193
32003002952,7.581691360027378,3.151051898015058
32003002953,7.69195975633128,3.185145762491444
32003002954,8.161581837097878,3.310222507186858
32003002956,8.210624371663244,3.329448030116359
32003002957,7.61279962422998,3.165554981519507
32003002958,7.856330691991786,3.230220134154689
32003002961,7.806651614647502,3.226719809034908
32003002962,8.083960743326489,3.303050722792608
32003002964,8.005361980835044,3.268171244353183
32003002965,8.025203156057495,3.278622966461328
32003002966,8.075579318959617,3.285994024640657
32003002967,7.969278308692676,3.266076021218344
32003002968,7.94474103559206,3.260680943189596
32003002969,8.014373120465435,3.284124814510609
32003002970,8.03669740862423,3.28228770294319
32003002974,7.521666102669404,3.141854239561944
32003002975,7.667410644079398,3.180698336071184
32003002976,7.47897935523614,3.131133154004107
32003002977,7.399534720054757,3.110688969199179
32003002978,7.303987741273101,3.084477727583847
32003002979,7.868819783709788,3.245895614647502
32003002980,7.657456481861738,3.179198718685832
32003002981,7.763536158110883,3.21116601779603
32003002982,7.639186493497604,3.181266455852156
32003002983,7.696799718685832,3.197007579055442
32003002984,7.542963184120465,3.152046147843942
32003002985,7.888199135523614,3.253967483915127
32003002995,8.256650262833676,3.337653344284736
32003002996,8.201304793976728,3.319628338124572
32003003001,7.865886655715264,3.21712031211499
32003003003,7.656508613278576,3.163159663244353
32003003004,7.679472715263518,3.170075717316906
32003003005,7.701190527720739,3.173282431211499
32003003006,7.729872351813826,3.18406892881588
32003003102,7.819912134839151,3.203926729637235
32003003103,7.845990224503764,3.215726082135524
32003003104,7.758369264887064,3.189766704996578
32003003204,7.115485018480493,2.994732319644079
32003003208,7.171053772073922,3.011616801505818
32003003210,6.892013772758385,2.93927457357974
32003003211,7.141111531143053,3.006885403832991
32003003213,7.04593029705681,2.982624250513347
32003003214,7.243893462696783,3.04406743394935
32003003215,7.439943488021903,3.094915430527036
32003003218,7.271613593429158,3.052239206707734
32003003219,7.447394925393566,3.099749422997947
32003003220,7.48475660164271,3.116105961670089
32003003222,7.09463521560575,3.009305147843942
32003003223,7.247238917864476,3.048324616016427
32003003226,7.277098146475017,3.062006674195756
32003003227,7.078287171115674,3.003322661875428
32003003228,6.574518084873374,2.828219002053388
32003003229,6.290862633812457,2.740184118412046
32003003230,6.449826698151951,2.788292832991102
32003003231,6.585931833675565,2.83293070568104
32003003232,6.783953033538672,2.894917296372348
32003003233,6.623200287474333,2.8418080862423
32003003234,6.661611062970568,2.85327462696783
32003003235,6.750913344284736,2.881759908281999
32003003236,6.930117579739904,2.940403419575633
32003003237,6.759898935660506,2.893070425051335
32003003238,6.82749074880219,2.919102846680356
32003003239,6.890925222450376,2.93960258110883
32003003240,6.927523509924709,2.946599971937029
32003003241,7.021103158795346,2.976043442162902
32003003242,7.046657976043806,2.975186052703628
32003003243,7.131446323066393,2.998221751540041
32003003244,7.179841871321013,3.021431978781656
32003003245,7.249757248459959,3.034632241615332
32003003246,7.31481921560575,3.057967861738535
32003003247,7.413904752908966,3.085725162217659
32003003248,7.354981445585216,3.069758711841205
32003003249,6.927923615331964,2.960230160164271
32003003250,6.996573639972622,2.981391815879535
32003003251,7.055251978781656,2.990178561943874
32003003252,7.15314946201232,3.016488301163587
32003003253,7.479629212183436,3.11568198220397
32003003254,7.557538780971937,3.139050410677618
32003003260,7.577358566735113,3.142878683778234
32003003261,7.452380874058864,3.109576745379877
32003003262,6.908270612594114,2.94725882477755
32003003303,7.059739113620808,2.973986704996578
32003003305,7.272310951403148,3.039925258726899
32003003306,7.408728546885695,3.079630041752224
32003003307,7.269842659137577,3.038609561259411
32003003308,7.171329618069815,3.006738060232717
32003003309,7.114356022587269,2.992512432580424
32003003310,6.910123648870637,2.928029105407255
32003003311,6.989215991101985,2.960641942505134
32003003312,6.83050325119781,2.915986149897331
32003003313,6.878100062970568,2.926615531143053
32003003314,6.592123587268994,2.837780133470226
32003003315,6.526659344284736,2.814008714579055
32003003316,6.351117081451061,2.763433650239562
32003003317,6.584599767967146,2.827544907597536
32003003318,6.66740235797399,2.855708267624914
32003003319,6.718068073237509,2.873484268309377
32003003320,6.877667371663244,2.924721733744011
32003003321,6.807413030116359,2.903776715947981
32003003408,7.284796745379877,3.046625471594798
32003003409,7.386026316906229,3.073482255989049
32003003410,7.481935579739904,3.102896559890486
32003003411,7.409861196440794,3.082854604380561
32003003412,7.50682125119781,3.113150083504449
32003003413,7.605065310746064,3.137785558521561
32003003414,7.624356735797399,3.143099993155373
32003003415,7.589451716632444,3.137783194387406
32003003416,7.632736606433949,3.146623386036961
32003003418,7.584979510609172,3.13865460164271
32003003419,7.735427637234771,3.183564033538672
32003003420,7.892019945927447,3.219829704312115
32003003421,7.620005940451745,3.150450349760438
32003003422,7.769884731690623,3.188728277207392
32003003423,7.923329899383984,3.230501049281314
32003003426,7.765556323750856,3.184771354551677
32003003427,7.839844229979466,3.206772023956194
32003003428,7.967496490759754,3.245815106091718
32003003429,8.070082952087611,3.275660990417522
32003003430,8.212310020533881,3.300151596167009
32003003431,8.176718505817933,3.296234867214237
32003003500,8.196934580424367,3.284861787132101
32003003607,7.637191171800137,3.135677437371663
32003003609,7.643122908281999,3.146868541409993
32003003610,7.718697718001369,3.163568622176591
32003003612,7.810181280629706,3.194259415468857
32003003613,7.886145535249829,3.209854663244353
32003003615,7.868728739904175,3.195702197809719
32003003616,8.072718893223819,3.266978696783025
32003003617,8.118657737166324,3.258481446269678
32003003618,7.068986519507187,2.980694637919233
32003003619,7.151367966461328,3.002563348391513
32003003620,7.255819856262834,3.028872633812457
32003003621,7.065668353182752,2.977851505817933
32003003622,7.3022171724846,3.041715017111567
32003003623,7.11072697467488,2.992204727583847
32003003624,7.501650711156742,3.09430544421629
32003003625,7.67501137303217,3.147062709103354
32003003626,7.799874360027378,3.177397079397673
32003003627,7.479984187542779,3.091230368240931
32003003628,7.442047813141684,3.093906899383984
32003003629,7.349292774811773,3.062538466119096
32003003630,7.486279263518138,3.096440093086927
32003003631,7.383964439425051,3.067367006160164
32003003632,7.41139964202601,3.076425959616701
32003003633,7.544545429842574,3.117049617385352
32003003634,7.57221211430527,3.125766141683778
32003003635,7.456085345653662,3.084951208761122
32003003636,7.448169416837782,3.081088790554415
32003003637,7.441873397672827,3.081591167693361
32003003638,7.524749242984257,3.107118879534565
32003003639,7.605148664613279,3.128726856947296
32003003640,7.783226696783025,3.173052281998631
32003003641,7.817254876112252,3.18178598973306
32003003642,8.008911812457221,3.228619980150582
32003003643,7.912562131416838,3.2083193045859
32003003644,7.989822681040383,3.233124272416153
32003003700,8.185599180013689,3.273969026009582
32003003800,8.286306604380561,3.287577486652977
32003004000,8.332981819986311,3.290751297741273
32003004100,8.317935643394935,3.288566722108145
32003004200,8.22967688843258,3.279752131416838
32003004301,8.221244728268309,3.272254318275154
32003004302,8.270311433264887,3.283243067077344
32003004401,8.203863925393566,3.270301525667351
32003004402,8.203285101300479,3.268639810403833
32003004500,8.143513165639973,3.256053135523614
32003004601,8.050908783709788,3.236459030116359
32003004602,8.027478180013689,3.232307442162902
32003004703,7.888457051334702,3.211232405201916
32003004707,8.234761016427105,3.280189308692676
32003004709,8.24957742642026,3.290969041067762
32003004710,8.324311848049281,3.296633684462697
32003004712,8.00911715742642,3.239096325804244
32003004713,8.106394356605065,3.255534152635181
32003004714,8.023913719370294,3.233793857631759
32003004715,7.888986876112252,3.204928249144422
32003004716,7.979922231348392,3.2290624366872
32003004717,8.174933006160164,3.267566622176591
32003004907,8.272124965092402,3.305804696783025
32003004910,8.391411707734428,3.32992887816564
32003004911,8.44688480971937,3.342853983572895
32003004912,8.41474480971937,3.333679093086927
32003004914,8.295442832991102,3.299277648870637
32003004915,8.261206391512663,3.294836045174538
32003004916,8.195461049965777,3.278777052019165
32003004917,8.136230293634497,3.2756371724846
32003004918,8.171208336071184,3.279815271731691
32003004919,8.21211976386037,3.288922942505134
32003004920,8.338076859000684,3.312002151266256
32003004921,8.371376063655031,3.312458474332649
32003004923,8.33083543394935,3.326461470910335
32003004924,8.448614501026694,3.335118198494182
32003004925,8.370138344969199,3.330962399726215
32003004926,8.394311777549624,3.341109013689254
32003005005,8.482720812457221,3.362946193702943
32003005006,8.485627382614648,3.35443706091718
32003005007,8.471283212867899,3.362016505817933
32003005010,8.360680975359343,3.354707249144422
32003005011,8.40265294661191,3.365056258726899
32003005012,8.391112058179329,3.366191140314853
32003005013,8.413201709787817,3.359316936344969
32003005014,8.462447818617385,3.370810236824093
32003005015,8.440920571526352,3.37653389596167
32003005016,8.24754998220397,3.340191274469541
32003005017,8.28451634770705,3.347443204654346
32003005101,8.344915638603696,3.355006670773443
32003005102,8.281575892539357,3.346436101984942
32003005103,8.278529227241615,3.338683595482546
32003005104,8.248879106776181,3.335611529774127
32003005105,8.091087884325804,3.305787206023272
32003005106,8.219320665297741,3.334477082135524
32003005107,8.181762056125941,3.322670094455852
32003005108,8.153724861738535,3.310639331964408
32003005109,8.0783691724846,3.302829804243669
32003005200,7.834381775496236,3.268385054072553
32003005311,8.198036468856947,3.334079605065024
32003005312,8.200136668035592,3.335193775496236
32003005313,8.199351674195756,3.33333879945243
32003005314,8.1701793045859,3.317303299110198
32003005315,8.086595848049281,3.300946310061602
32003005316,8.139408102669404,3.315322350444901
32003005317,8.114556176591376,3.313434375085558
32003005318,8.102205969883641,3.309502112936345
32003005319,8.046678494182067,3.303729963039014
32003005320,8.092550769336071,3.311899394250513
32003005321,8.06151603559206,3.300473341546886
32003005322,7.96157953798768,3.283866740588638
32003005333,7.998033430527036,3.285134084873374
32003005335,7.754790545516769,3.2450685633128
32003005336,7.66382550513347,3.228163453114305
32003005337,7.953790060232717,3.276472950718686
32003005338,7.897112720054757,3.272485475701574
32003005341,7.651496648186174,3.230002908966461
32003005342,7.584137654346338,3.211492645448323
32003005343,7.502452082819986,3.189005234086242
32003005346,7.809920235455168,3.24972284531143
32003005347,7.588095728952772,3.196500084188912
32003005348,7.687452039014374,3.220980086926762
32003005349,7.922343794661191,3.27426821560575
32003005350,7.94560867761807,3.281701173169062
32003005351,7.84266498973306,3.254391023956194
32003005352,7.958090212183436,3.280626967830253
32003005353,7.972526656399726,3.289343807665982
32003005354,7.927121303901437,3.280839977412731
32003005355,7.778257295003422,3.239264457221082
32003005356,7.855117660506502,3.258089596167009
32003005357,7.831240548939083,3.261575628336756
32003005358,7.556517761806982,3.201347841889117
32003005359,7.534002145790554,3.193036407939767
32003005360,7.367198628336756,3.156132509240246
32003005421,7.808828865160849,3.25700374880219
32003005422,7.788498082135524,3.249787438056126
32003005423,7.702906255989049,3.231179531143053
32003005432,7.559443941136208,3.203097850787132
32003005433,7.411666027378508,3.168716115674196
32003005434,7.581142274469541,3.204109585215606
32003005435,7.383884649555099,3.161685606433949
32003005436,7.980737320328542,3.286087351813826
32003005437,7.641683793976728,3.20129868514716
32003005438,7.899795960985626,3.273486652977413
32003005439,8.045384724845996,3.298846197809719
32003005501,6.842463028062971,3.016998685831622
32003005502,6.510490633812457,2.928893534565366
32003005503,6.712062248459959,2.98223488843258
32003005504,6.676065620123203,2.975125547570157
32003005607,5.22351497467488,2.686431312799452
32003005612,5.606187696098563,2.747905110882957
32003005613,5.672135133470226,2.694660445585216
32003005614,5.246658997946612,2.686939065023956
32003005615,5.239599596167009,2.681188872689938
32003005702,5.550783719370294,2.735784264887064
32003005703,5.482004101300479,2.613598256673511
32003005704,5.562653600958248,2.741797545516769
32003005705,5.545149039698836,2.732287116358658
32003005711,6.617451221081451,2.909951069130732
32003005712,7.07095073100616,3.030264629021218
32003005713,7.159290357289528,3.070460832991102
32003005714,7.409102188911704,3.143655002737851
32003005715,7.485654592744695,3.163599379192334
32003005716,7.313958497604381,3.11207331485284
32003005803,7.227849772758385,3.045908829568788
32003005804,7.31227347980835,3.069909388090349
32003005805,7.419366833675565,3.101602713894593
32003005806,7.228765590006845,3.046474409993155
32003005807,7.304484019164956,3.066641066392882
32003005808,7.378948759753593,3.092300864476386
32003005809,7.451503859000684,3.110444101300479
32003005811,7.267505583162218,3.058979291581109
32003005813,7.443392161533196,3.116002603011636
32003005818,5.075983746748802,2.47018826899384
32003005822,6.872637498973306,2.938761719370294
32003005823,5.913443173853525,2.641398182067077
32003005824,6.846420108145106,2.929896143737166
32003005825,7.420847531143053,3.103619017111567
32003005826,7.415643430527036,3.10440349486653
32003005827,5.618032636550308,2.545470737850787
32003005828,6.973658802874743,2.975427290896646
32003005829,7.037586606433949,2.997906504449008
32003005830,7.154177638603696,3.032840620807666
32003005831,7.283087793976728,3.07514259890486
32003005832,7.109390836413416,3.01855393908282
32003005833,7.422069319644079,3.1158964366872
32003005834,7.689682700889802,3.195659846680356
32003005835,7.356209607118412,3.105953014373717
32003005836,7.316786108145106,3.089279040383299
32003005837,7.445352575633128,3.133480902121834
32003005838,7.437090943189596,3.134868709103354
32003005839,7.029053401779603,3.002258936344969
32003005840,6.607314296372348,2.858903184120465
32003005841,6.916949884325804,2.951908802874743
32003005842,6.908141433264887,2.954363058863792
32003005843,7.079594728952772,3.003381308008214
32003005844,7.077659197809719,2.997536928131417
32003005845,7.156387117727584,3.025469226557153
32003005846,7.106818833675565,3.014366214236824
32003005847,7.217055901437372,3.046447624914442
32003005848,7.292038113620808,3.066738770020534
32003005849,7.369245678302532,3.093497049281314
32003005850,7.182149690622861,3.040449918548939
32003005851,7.352935120465435,3.094730697467488
32003005852,7.122782840520192,3.024916979466119
32003005853,7.200592633127994,3.053161681040383
32003005854,7.313907353867214,3.089237476386037
32003005855,7.205284612594114,3.050143859685147
32003005856,7.167213947980835,3.041896635181383
32003005902,5.076748893908282,2.456863162217659
32003005903,5.231051843258042,2.686739331964408
32003005904,5.265400130047912,2.693364114989733
32003005905,5.204810504449008,2.678280260780288
32003006001,7.69863801026694,3.164027163586584
32003006103,8.023271080766598,3.255289249144422
32003006104,7.876619731690623,3.239194605065024
32003006201,8.134762995208761,3.270632427104723
32003006202,8.06759798220397,3.259421471594798
32003006203,8.028332117043121,3.253354163586584
32003006204,7.895178954140999,3.227949323066393
32003006700,8.396088083504449,3.371356199178645
32003006800,8.386097701574264,3.380636164271047
32003006900,8.404065747433265,3.369144583162218
32003007100,8.171313108145106,3.272763881587954
32003007200,7.851885228610541,3.217390735112936
32003007500,5.221649298425736,2.448792239561944
32003007600,5.127250067761807,2.588057105407255
32003007800,7.196413828884326,3.051172822039699
32005001000,6.49287732991102,2.842451376454483
32005001100,6.425240073237509,2.829930831622177
32005001200,6.473351606433949,2.838016516769336
32005001300,6.488948318959617,2.846841986310746
32005001400,6.620128186173854,2.885026145106092
32005001500,6.572221675564682,2.874499822039699
32005001600,6.494133789869952,2.821266574264203
32005001700,6.434715108829569,2.823163409993155
32005001800,6.432991808350445,2.827750680355921
32005001900,6.647949587953456,2.879953036276523
32005002000,6.713980134839151,2.878287516084873
32005002100,6.734703807665982,2.89131859890486
32005002200,6.68710685284052,2.909429930184805
32005002300,6.311755570157426,2.871957039698836
32005002400,6.097695676933607,2.811837170431212
32005002500,5.748489440793977,2.763613003422314
32005990000,6.405553813141684,2.798712807665982
32007950200,4.863100490759754,2.62740051266256
32007950701,5.865138321697468,3.078390416837782
32007950702,5.182166052703628,2.798305596167009
32007950800,5.900891722792608,3.087116039698836
32007950900,5.893984957563313,3.084798641341547
32007951000,5.889824350444901,3.078910760438056
32007951201,5.474935079397673,2.900562039014374
32007951202,4.955993826146475,2.684526985626283
32007951300,5.917446470225873,3.098049437371663
32007951401,5.605488538672142,2.954087066392882
32007951402,5.282805948665298,2.814963308008214
32007951500,5.092628773442847,2.70370407118412
32007951600,5.927695681724846,3.071212226557153
32007951700,4.86792399247091,2.649619757700205
32009950100,5.175086889117043,2.726925086926762
32011000100,4.800766269678302,2.631623714579055
32013010500,5.367970980835044,2.891524739219712
32013010600,5.576662381930185,2.97968896440794
32013010701,5.887103830937714,3.150843652977413
32013010702,5.748495005475702,3.076920961670089
32015000300,4.873308900752909,2.659831637234771
32017950100,4.693675101984942,2.545592991786448
32017950200,4.865931449007529,2.550186884325804
32019960101,6.764874273100616,3.211328717316906
32019960102,6.78214234017796,3.20455545927447
32019960103,6.618677498973306,3.179272307323751
32019960201,6.813624422313484,3.14693223613963
32019960202,6.48761762422998,3.125493257357974
32019960301,6.925787823408624,2.995676405886379
32019960302,6.947795269678302,3.046145230663929
32019960303,6.558106926762491,2.977977122518823
32019960800,5.601909925393566,2.772616749486653
32019960900,6.160992892539357,3.0010929137577
32021970700,5.562788553045859,2.840987132785763
32021970800,5.415494048596852,2.808826841889117
32023960100,4.552005700205339,2.493935643394935
32023960200,4.751421822724162,2.563618250513347
32023960300,5.284104603011636,2.683539819301848
32023960401,5.322982788501027,2.622498300479124
32023960402,5.771924099931554,2.786094910335387
32023960403,5.762437982888433,2.794913027378508
32023960404,5.894061707049966,2.833694184120465
32023960405,5.837708523613963,2.801587606433949
32023960406,5.664260843258042,2.6927399137577
32023980500,4.887396714579055,2.556870362765229
32027960100,5.51959248733744,2.91905638329911
32029970200,7.149303321013005,3.114590424366872
32031000101,7.546834630390144,3.004588201232033
32031000102,7.598231580424367,3.016842650924025
32031000201,7.572668608487337,3.01621153045859
32031000202,7.573756138945927,3.008959915126626
32031000300,7.547258891854894,3.004439540041068
32031000400,7.518900872689938,3.000608518138262
32031000700,7.587448529089665,3.010815156741958
32031000900,7.584021545516769,3.031559558521561
32031001005,7.532154620123203,3.029860891854894
32031001008,7.554825508555784,3.031518198494182
32031001009,7.55799490622861,3.022613938398357
32031001010,7.21428413963039,2.998889522245038
32031001011,7.27932632238193,3.012438762491444
32031001012,7.415118932238193,3.022139403832991
32031001013,7.188842292265572,2.962335644079398
32031001014,7.338035370978782,2.981940051334702
32031001015,7.492148292950034,3.011458117727584
32031001101,7.456937855578371,2.9913823908282
32031001103,7.282170750855578,2.95976144421629
32031001104,7.442900299794661,2.995656568788501
32031001105,7.397825703627652,2.979585221765914
32031001201,7.359044836413416,2.974142345653662
32031001202,7.479229089664613,2.997504944558522
32031001300,7.506813291581109,3.0010065633128
32031001400,7.549427076659822,3.006463866529774
32031001501,7.617682230663929,3.048952037645448
32031001502,7.593776666666667,3.022299026694045
32031001701,7.640945282683094,3.050756058863792
32031001702,7.653708234086242,3.060245446269678
32031001801,7.625869247091034,3.029463242299795
32031001802,7.648689764544832,3.040419911704312
32031001901,7.651833306639288,3.047460783025325
32031001902,7.663811472279261,3.063050127994524
32031002103,7.603095182067077,3.10560015468857
32031002104,7.567645731690623,3.079164614647502
32031002105,7.60060853798768,3.081130846680356
32031002106,7.577975834360027,3.063863255304586
32031002107,7.613419032169747,3.026899331964408
32031002204,7.523022020533881,3.047072746748802
32031002205,7.459946169746749,3.045743024640657
32031002206,7.462402227926078,3.060484761806982
32031002207,7.335522710472279,3.037578516769336
32031002208,7.37984807871321,3.037453465434634
32031002209,7.366772064339494,3.054926802190281
32031002210,7.356164727583847,3.079945880219028
32031002211,7.580815071868583,3.038734188911704
32031002212,7.576797754962355,3.047400607802875
32031002301,7.173514439425051,2.950763447638604
32031002302,7.002817630390144,2.900853776865161
32031002401,7.495952617385352,3.010067854209446
32031002406,7.457856038329911,2.997587566735113
32031002407,7.398773151950719,2.993555913073238
32031002408,7.333253186858316,2.975140978097194
32031002409,7.254139759753593,2.957381219028063
32031002410,7.289145764544832,2.960584546201232
32031002411,7.370227786447639,2.980635505817933
32031002412,7.350561918548939,2.993533557152635
32031002500,7.557465719370294,3.02588229431896
32031002603,7.275075483915127,3.060710678302532
32031002610,7.383350795345654,3.064465932922656
32031002611,7.424805882272416,3.097786741957563
32031002612,7.152099987679672,3.010363789185489
32031002613,7.087054300479124,3.024143171115674
32031002614,7.445781289527721,3.078353880219028
32031002615,7.471777369609856,3.088430417522245
32031002616,7.418494182067077,3.081780856947296
32031002617,7.626227622176591,3.093064442847365
32031002618,7.348816794661191,3.101548166324435
32031002619,7.496346039698836,3.074471080082136
32031002703,7.648603127310062,3.084961347022587
32031002704,7.667491622861054,3.096446484599589
32031002705,7.577840097193703,3.127681001368925
32031002706,7.624577976728268,3.123230674880219
32031002707,7.64083180971937,3.121502912388775
32031002801,7.664656248459959,3.075393712525667
32031002802,7.66254589596167,3.065896657768652
32031002901,7.671455260780288,3.101269417522245
32031002902,7.674510676933607,3.084719731690623
32031003000,7.674718466119096,3.077083665297741
32031003101,7.676948692676249,3.106500188911704
32031003105,7.678283709787817,3.11461322587269
32031003106,7.681291740588638,3.10689807871321
32031003108,7.660354173853525,3.121782028747433
32031003109,7.650034620807666,3.133698058179329
32031003110,7.663660235455168,3.118869917864476
32031003202,6.965455503080082,2.962953661875428
32031003203,7.02963937577002,2.952218667351129
32031003204,6.66631288843258,2.840175060232717
32031003305,6.492613240930869,2.771802813141684
32031003306,6.495674494182067,2.771228593429158
32031003307,6.511279443531828,2.780485822039699
32031003308,6.4907837816564,2.766148517453799
32031003309,6.53027873100616,2.789323854209446
32031003501,5.633180768651608,2.905385209445585
32031003503,7.547383988364134,3.133507649555099
32031003504,7.266721970568104,3.098632346338125
32031003507,7.635265676249144,3.128713002737851
32031003508,7.673712125941136,3.121513557152635
32031003509,7.591145343600274,3.157122672826831
32031003510,7.637572763175907,3.130785284736482
32031003511,7.498082678986995,3.144841803559206
32031003512,7.585569196440794,3.142139029431896
32031003513,7.599814344969199,3.138616559890486
32031003514,7.38203884531143,3.127365394250513
32031003515,7.229549043805613,3.094418189596167
32031940200,6.042659969199179,2.932409643394935
32031980000,7.621409854893908,3.055832638603696
32031980100,7.33345311156742,3.092344880903491
32031980200,7.268920400410678,3.002113184120465
32031980300,6.740560106776181,2.821372113620808
32031990000,6.470456450376454,2.773989899383984
32031990100,6.100817586584531,2.930410072553046
32033970100,4.707703041752224,2.556844182067077
32033970200,4.642359877481177,2.539071021218344
32033970300,4.836159301848049,2.616750719370294
32510000100,6.763738326488706,2.880131802874743
32510000200,6.765659396988364,2.883137529089665
32510000300,6.633774357289528,2.839564995208761
32510000400,6.866498455852156,2.938581757015743
32510000501,6.813211655030801,2.90211553798768
32510000502,6.810342265571526,2.903332513347023
32510000600,6.816006039698836,2.903015922655715
32510000701,6.77803919301848,2.888002386721424
32510000702,6.763994707734428,2.876617446269678
32510000800,6.779744464750171,2.90295066255989
32510000900,6.86749792128679,2.936217733059548
32510001001,6.869981138261465,2.937940675564682
32510001002,6.783684353182752,2.956004980835044
32510990000,6.438637516769336,2.778540473648186
33001965100,6.907209374401095,2.97139524366872
33001965200,6.935444504449008,2.996796507186858
33001965300,7.012669972621492,2.991577675564682
33001965400,7.155639675564682,3.016065825462012
33001965598,7.291262740588638,3.048263409993155
33001965600,7.366318414784394,3.062045429158111
33001965700,7.479248493497604,3.080346592060233
33001965800,7.310106690622861,3.056569769336071
33001965900,7.219119583162218,3.034164300479124
33001966000,7.130764130732375,3.007581360027378
33001966100,7.099946370978782,3.01117594661191
33001966200,7.073622065708419,3.00670546201232
33001966401,7.059184132785763,3.008798855578371
33001966402,7.185256001368925,3.033303254620123
33001966500,7.249646130047912,3.064522488706366
33003955100,6.163339467488022,2.855184124572211
33003955300,6.369496874058864,2.917289026009582
33003955400,6.604937221081451,2.98241700752909
33003955500,6.621350361396304,2.978215740588638
33003955600,6.391736462696783,2.891591978097194
33003955800,6.863971997262149,3.037119327173169
33003955900,6.855597480492813,3.017748182067077
33003956000,7.188693562628337,3.090041500342231
33003956100,7.070933585900068,3.055127932238193
33003956300,6.763081267624914,2.970422239561944
33003956400,6.92098004312115,3.013237221081451
33005970100,7.338164308008214,2.960350064339494
33005970200,7.535283575633128,3.044585515400411
33005970400,7.167667236824093,2.832311387405886
33005970500,7.157121046543463,2.77177841889117
33005970600,7.19817365229295,2.777992960301164
33005970700,7.421008532511978,2.89375413963039
33005970800,7.371978831622177,2.862218745379877
33005970900,7.595058818617385,2.949017318275154
33005971000,7.53122892881588,2.93324006844627
33005971100,7.510392353867214,2.89353344421629
33005971300,7.586414850787132,2.924204295003422
33005971401,7.620140248459959,2.945763905544148
33005971402,7.639008003422314,2.983436804928131
33005971500,7.69997812183436,3.053780278576318
33005971600,7.736578545516769,3.081175174537988
33005971700,7.715569971937029,3.040011676933607
33007950100,6.376167839835729,3.134593932922656
33007950200,6.287764543463381,3.042753184804928
33007950300,6.139437338124572,2.945496769336071
33007950400,6.240857208761122,2.978602334702259
33007950500,6.242714839835729,2.942336448323066
33007950600,6.162287049965777,2.91166804312115
33007950700,6.155481370978782,2.910261811088296
33007950800,6.142396740588638,2.90433827926078
33007950900,6.122235733059548,2.864716051334702
33007951000,6.072237169062286,2.84971279192334
33007951100,6.317793362765229,2.951682891854894
33009960100,6.488490767282683,2.995792061601643
33009960200,6.209411516084873,2.886833863107461
33009960300,6.523299960985626,2.977316993839836
33009960400,6.158238223819302,2.831493665982204
33009960500,6.391752475017112,2.893173302532512
33009960600,6.613977768651608,2.975307105407255
33009960700,6.687083556468172,2.953410707049966
33009960800,6.51195862422998,2.904323761806982
33009960900,6.763732772758385,2.940171404517454
33009961000,6.678420159479808,2.929075795345654
33009961100,6.692848390143737,2.940265596851472
33009961200,6.861037484599589,2.958262776865161
33009961300,6.872410622176591,2.945976584531143
33009961400,6.964351328542094,2.962113214236824
33009961500,7.113463478439425,2.981092873374401
33009961601,7.179897482546201,3.021986232717317
33009961602,7.31566540109514,3.0381975229295
33009961700,7.306541572210814,3.008636106091718
33009961800,7.314942446269678,2.997179911704312
33011000101,8.097483229295003,3.058220032169747
33011000102,8.070346045859001,3.058329672142368
33011000202,8.06965059890486,3.047341585900068
33011000203,8.050183030116359,3.047677828884326
33011000204,8.0210408275154,3.043971508555784
33011000300,8.095154106091718,3.049530345653662
33011000600,8.122114822724162,3.060349125256674
33011000700,8.126238885010267,3.063196420260096
33011000800,8.146093063655031,3.066419112936345
33011000901,8.144199674880219,3.071746852156058
33011000902,8.162933313483915,3.075642965776865
33011001000,8.244502833675565,3.07897844421629
33011001100,8.214399994524298,3.073366778234086
33011001200,8.169285947980835,3.072078892539357
33011001300,8.155082575633128,3.064598813826146
33011001400,8.148512797399042,3.062708146475017
33011001500,8.157450127994524,3.065442900752909
33011001600,8.171010969199179,3.067800679671458
33011001700,8.188806673511294,3.073217764544832
33011001800,8.198955305270363,3.069657084188912
33011001900,8.170195787132101,3.062949101984942
33011002000,8.132067492813142,3.05548106844627
33011002100,8.108532076659822,3.054545369609856
33011002200,8.094373121149897,3.047742006844627
33011002300,8.132003733059548,3.05383211156742
33011002400,8.192732693360712,3.063725492813142
33011002500,8.233275313483915,3.076538101300479
33011002600,8.261478576317591,3.060196125941136
33011002701,7.767753457221082,2.981105629705681
33011002702,7.88275687816564,3.014256754277892
33011002800,7.967487893223819,3.023131770704997
33011002901,8.157814717316906,3.035028793292266
33011002902,7.991783806297057,3.012729848733744
33011002903,7.965929922655715,2.993986680355921
33011010100,8.300330283367556,3.008523943874059
33011010200,8.180489600958248,2.990563856262834
33011010301,8.225848754962355,2.99855194934976
33011010302,8.257971956194387,3.003697085557837
33011010400,8.319143596167009,3.005911872005476
33011010500,8.344781971937029,3.006191478439425
33011010600,8.371605538672142,3.004596939767283
33011010700,8.351051737166324,3.008721691307324
33011010800,8.31412754825462,3.002458559206023
33011010900,8.312639206707734,3.000286237508556
33011011000,8.363343227926078,3.004648187542779
33011011101,8.331324317590691,2.999027587268994
33011011102,8.362278127310062,3.000037819986311
33011011200,8.323561058863792,2.999910787816564
33011011300,8.297686791238878,2.996442917180014
33011011401,8.203973347022587,2.981739829568788
33011011402,8.269114502395619,2.995931417522245
33011011500,8.220972877481177,2.991883509924709
33011012100,8.414586856947296,3.020103783025325
33011012200,8.398465898699521,3.013961475701574
33011012300,8.43858655578371,3.014239328542094
33011013100,8.324589427789186,3.021125581793292
33011014100,8.273811979466119,3.020760963039014
33011014201,8.049889658453114,2.991286095824778
33011014202,8.193341839151266,3.020799922655715
33011014300,8.140863436002738,2.99329332238193
33011015100,7.759968809034908,2.922516360027378
33011015200,7.915440421629021,2.947540099247091
33011016100,7.574822928131417,2.857514693360712
33011016201,7.698985472963724,2.88501692128679
33011016202,7.633642776180698,2.864269856262834
33011017100,7.999377772073922,2.948630179329227
33011018000,7.705344305954826,2.880352895277207
33011018501,7.337123805612594,2.776677281314168
33011018502,7.478182592060233,2.816836177275838
33011019000,7.301094718685832,2.757458710472279
33011019501,7.25893912183436,2.767764386036961
33011019502,7.542734514715948,2.865273852156058
33011020000,7.519650230663929,2.892613056810404
33011021000,7.443569817932923,2.925857328542094
33011021500,7.17106447980835,2.826576962354552
33011022000,7.0898864366872,2.73663054825462
33011022500,7.158415056810404,2.719703375085558
33011023000,7.038364524982888,2.698177221081451
33011024000,7.053890301163587,2.768062996577686
33011025000,7.058331472279261,2.820613761122519
33011025500,7.069811028747433,2.873891588637919
33011200100,8.490866131416838,3.017365342915811
33011200200,8.510978295003422,3.011528414099932
33011200300,8.51834337303217,3.000342383983573
33011200400,8.13453304312115,3.062988986310746
33011980101,8.255974201916496,3.061057755646817
33013003001,8.002840758384668,3.050301447638604
33013003006,8.118927019849418,3.07283051266256
33013003100,7.95400011430527,3.072752154004107
33013003200,7.896401732375086,3.070211238193018
33013030000,7.722801158795346,3.004664105407255
33013031001,7.905782962354552,3.039906074606434
33013031002,7.791000341546886,3.035022985626283
33013032100,7.809363797399042,3.062624897330596
33013032200,7.829034714579055,3.072321657084189
33013032300,7.781132787816564,3.068205265571526
33013032400,7.772912199178645,3.076055199863108
33013032500,7.718193648186174,3.04915076659822
33013032600,7.704645270362765,3.068452190965092
33013032701,7.567818496235455,3.051705837097878
33013032706,7.629198259411362,3.070829190965092
33013032800,7.684040065708419,3.07965737303217
33013032900,7.797033938398357,3.084258145106092
33013033000,7.711199883641342,3.082057610540726
33013034000,7.767553937713895,3.080508905544148
33013035000,7.594345467488022,3.083176439425051
33013036000,7.572926134154689,3.079954741957563
33013037000,7.503249571526352,3.07841870568104
33013038000,7.445792245722108,3.047767669404518
33013038500,7.267180907597536,2.988778344284736
33013039000,7.487304664613279,3.003350835728953
33013040000,7.247442277891855,2.932890767282683
33013040500,7.075651890485968,2.941834948665298
33013041000,7.054713869952088,2.962307298425736
33013041500,6.993585650924025,2.965538154004107
33013042500,7.157525867214237,2.991751758384668
33013043001,7.291147405201916,3.036138528405202
33013043002,7.184846891854894,3.023600224503764
33013044000,7.391114274469541,3.061627334017796
33013044100,7.857585570841889,3.084976865845311
33013044200,8.042201281314168,3.064870557152635
33013044300,7.628330578370979,3.059258251882272
33015003301,8.321736674195756,3.056494418206708
33015003302,8.324870628336756,3.054502411362081
33015003400,8.375413362080767,3.045793907597536
33015003500,8.393683329226557,3.038478288158795
33015003601,8.407695238193018,3.037143578370979
33015003602,8.382048941136208,3.042451471594798
33015003701,8.3911083045859,3.027683995893224
33015003703,8.332686603011636,3.049715369609856
33015003801,8.392849195071869,3.013300938398357
33015003802,8.372953143737166,3.024813427789186
33015003901,8.43181240862423,3.02298973853525
33015003902,8.438222937713895,3.020299794661191
33015004000,8.206217568104038,3.079774240246407
33015050000,8.065085184120465,3.081362761806982
33015051000,8.215196123203285,3.074588412731006
33015052000,8.257364603696099,3.069234028747433
33015053000,8.239016246406571,3.068136534565366
33015054000,8.148442720054757,3.087174281314168
33015055001,8.092408119780972,3.084215353867214
33015055002,8.04150211430527,3.092651127994524
33015056000,7.880392211498973,3.078594837782341
33015057000,7.740259379876797,3.093107387405886
33015058000,7.902002683778234,3.10128267761807
33015059000,8.038174844626968,3.102996242299795
33015060000,8.143048138261465,3.092444765913758
33015061001,8.118719750171116,3.097246182067077
33015062000,8.217138488706366,3.07822485284052
33015062500,8.197208468172485,3.070040507871321
33015063001,8.144884594798084,3.057198022587269
33015063002,8.050064321697468,3.039642611909651
33015064000,8.111731798083504,3.070720821355236
33015065001,8.05218225119781,3.064797816563997
33015065005,7.939706061601643,3.036989123887748
33015065006,7.924903366187543,3.041484036960986
33015065007,7.958335563997262,3.037847578370979
33015065008,8.004622757015743,3.04748016495551
33015066000,7.992792883641342,3.063818119780972
33015067000,8.06788044421629,3.097209603696099
33015067501,8.054658125256674,3.112096820670773
33015067502,8.038770076659822,3.121489432580424
33015069100,7.860719647501711,3.031991811772758
33015069200,7.892107912388775,3.046424091033539
33015069300,7.900950186858316,3.05576153798768
33015069700,7.827913386721424,3.023147192334018
33015071000,7.856763384668036,3.034435876796715
33015100100,8.438914760438056,3.020353549623546
33015100200,8.465092023271732,3.004621362765229
33015100301,8.501696959616701,3.012120275154004
33015100302,8.506545987679672,2.993675930869268
33015100400,8.486893650239562,2.983019642710472
33015101100,8.3568305633128,3.009465965092402
33015102100,8.300914309377139,3.044380859000684
33015103100,8.391606615331964,3.014232879534565
33015104101,8.332781462696783,3.038879553045859
33015104102,8.336507509240246,3.047242872689938
33015105100,8.248405762491444,3.065617674195756
33015106101,8.459854367556468,3.02758173853525
33015106102,8.498010302532512,3.022040481861738
33015106200,8.148275973990418,3.091455052703628
33015106400,8.120686599589322,3.088299330595482
33015107100,7.912077854893908,3.063592733744011
33015107200,7.91846023340178,3.047973865845311
33015107400,7.970935953456537,3.071614388774812
33015107500,8.01319067761807,3.089526684462697
33015980011,8.270097764544832,3.054308754962355
33015990000,7.908926642710472,3.018470867214237
33017080100,8.016185924024641,3.127862850102669
33017080202,7.993563859685147,3.140560049281314
33017080203,7.992604358658453,3.139882776865161
33017080204,7.981321762491444,3.14590717522245
33017080500,7.964182837097878,3.138706785078713
33017081100,7.980492767282683,3.154828815195072
33017081200,7.964021442847365,3.147998533196441
33017081300,7.961133355920602,3.1687068678987
33017081400,7.938202661875428,3.166218783025325
33017081500,7.935896833675565,3.174987117043121
33017081600,7.919133470225873,3.170334252566735
33017082000,7.892762429842574,3.171705856947296
33017083001,7.844752443531828,3.179150460643395
33017083002,7.878282411362081,3.182446028062971
33017084100,7.803198238877481,3.177487389459274
33017084200,7.69378458384668,3.170690047227926
33017084300,7.738207097193703,3.169189483915127
33017084400,7.740060475017112,3.163003500342231
33017084500,7.801529544832307,3.163459995893224
33017084600,7.69089568788501,3.15613862696783
33017085000,7.83045321560575,3.140551049965777
33017086000,7.623555761806982,3.099897772073922
33017087000,7.53318044421629,3.12237916495551
33017088000,7.420198415468857,3.126420386721424
33017088500,7.321655467488022,3.093555464750171
33019975100,7.347489898699521,3.027362966461328
33019975200,7.138567102669404,2.982552829568788
33019975300,7.119656529089665,2.977330740588638
33019975400,7.235065718685832,3.011444467488022
33019975500,7.084489935660506,2.926098199863108
33019975600,7.331795454483231,3.024221679671458
33019975700,7.474626817932923,3.086898196440794
33019975800,7.461362676933607,3.087104056125941
33019975901,7.414265524982888,3.067218166324435
33019975902,7.402541589322382,3.06688971321013
34001000100,8.216845032169747,3.11619599247091
34001000200,8.201468520876112,3.116256951403148
34001000300,8.193970861054073,3.10363741889117
34001000400,8.186526422313484,3.104625391512663
34001000500,8.188227041067762,3.09594478439425
34001001100,8.180436274469541,3.085199734428474
34001001200,8.197190960301164,3.09190975633128
34001001300,8.249127152635181,3.100835550992471
34001001400,8.183335027378508,3.079768981519507
34001001500,8.167069698151951,3.075539173169062
34001001900,8.136168813141684,3.086162829568788
34001002300,8.176361481177276,3.090629576317591
34001002400,8.15755879192334,3.086903835728953
34001002500,8.152278434633812,3.078572104722793
34001010101,8.111155412731006,3.06627759890486
34001010102,8.096378876112252,3.066752095140315
34001010104,8.123033468172485,3.072965902121834
34001010105,8.145504360711841,3.076331212867899
34001010200,8.358819924024641,3.118657393566051
34001010300,8.374051678986995,3.134631489390828
34001010401,8.527239372347707,3.152828299110198
34001010403,8.47591749486653,3.153027016427105
34001010501,8.267305368925394,3.062488448323066
34001010503,8.399654045174538,3.109539075290897
34001010505,8.289977347022587,3.080919041067762
34001010506,8.411858776180698,3.125722885010267
34001010600,8.588938090349076,3.162994014373717
34001010700,8.734243486652977,3.188192143737166
34001010800,9.014711344284736,3.2053084770705
34001010900,8.920906967145791,3.1912486954141
34001011000,8.948955661190965,3.237734884325804
34001011100,9.0432011724846,3.244446574948665
34001011201,8.992886058179329,3.255435548939083
34001011202,8.945913728952772,3.297239926078029
34001011300,9.04938779192334,3.304360645448323
34001011401,8.73340499247091,3.240742857631759
34001011403,8.598368017111567,3.216495353182752
34001011404,8.602532441478439,3.24580313963039
34001011500,8.796436465434634,3.276956838466804
34001011600,8.584535804928131,3.295679798083504
34001011701,8.503641509240246,3.203972857631759
34001011702,8.470385400410678,3.175370696098563
34001011802,8.483444615331964,3.218171187542779
34001011803,8.419966208761122,3.206816657084189
34001011804,8.456553015058179,3.257860386721424
34001011805,8.548341557152635,3.267420067077344
34001011900,8.379187691991786,3.152138344969199
34001012000,8.337320466119096,3.139076058179329
34001012100,8.354205301848049,3.160089676933607
34001012200,8.378825205338809,3.167808140999316
34001012302,8.406751773442847,3.191310810403833
34001012401,8.369455418206708,3.177264683778234
34001012402,8.376969217659138,3.19117723340178
34001012501,8.394635887748118,3.20809437303217
34001012502,8.38259881724846,3.22178160164271
34001012602,8.349091859685147,3.209180535934292
34001012701,8.385777772758385,3.233370726214921
34001012702,8.376750587268994,3.241542073237509
34001012801,8.358634545516769,3.229515665297741
34001012802,8.347917242299795,3.241606412046544
34001013000,8.245254048596852,3.155983013004791
34001013101,8.247462993155373,3.169913113620808
34001013102,8.248075657084189,3.173269509924709
34001013201,8.226947914442163,3.123577647501711
34001013202,8.229549579055442,3.136441136892539
34001013301,8.247825956194387,3.14744434770705
34001013302,8.229015690622861,3.135500984257358
34001013500,8.327862464065708,3.194256384668036
34001983400,8.461005197125257,3.135172516769336
34003001000,9.146318386721424,3.15247723613963
34003002100,9.802696787816564,3.193265032854209
34003002200,9.597868787816564,3.206429967145791
34003002300,9.634784446954141,3.201286303901437
34003003100,9.895875971252567,3.157835168377823
34003003200,9.909421739219712,3.152221509240246
34003003300,9.879248891170431,3.152215780971937
34003003401,9.924451219028063,3.146363224503764
34003003402,9.938592783025325,3.138517412731006
34003003500,9.948802850787132,3.14932464202601
34003004001,10.085855727583847,3.112518038329911
34003004002,10.148754830253251,3.112659902121834
34003005000,10.318687547570157,3.086316060232717
34003006100,10.378343184120465,3.07323944421629
34003006201,10.405736635865845,3.069118603011636
34003006202,10.379183608487337,3.067380854209446
34003006300,10.431395663928816,3.064479137577002
34003007001,9.705336237508556,3.183628236824093
34003007002,9.740685968514716,3.188732134154689
34003008000,9.878773808350445,3.168405970568104
34003009100,9.806323816563997,3.178767542094456
34003009200,9.733034943189596,3.176850812457221
34003010100,9.822173978781656,3.162043342915811
34003010200,9.840260472279261,3.162848468172485
34003010300,9.801110070499658,3.168583971252567
34003011100,9.727333976728268,3.111075197809719
34003011200,9.750191937029432,3.10455740862423
34003011300,9.825217501711157,3.102416619438741
34003011400,9.825806077344285,3.109169885010267
34003012001,10.302970602327173,3.07031672073922
34003012002,10.093062655715264,3.092932308008214
34003013001,10.433750830937714,3.061582772758385
34003013002,10.338629587268994,3.067944247091034
34003014000,9.636017258726899,3.172301321013005
34003015100,10.099303220396988,3.133542840520192
34003015200,10.025838125941136,3.136675941820671
34003015300,10.065350564681725,3.127921043805613
34003015400,10.101903159479808,3.117553811088296
34003015500,10.155205757015743,3.110004785078713
34003016000,10.154352541409993,3.114945413415469
34003017100,9.615471280629706,3.12354432991102
34003017200,9.575280875427789,3.113907158110883
34003017300,9.650280052703628,3.108381548939083
34003017400,9.67988234017796,3.124654706365503
34003017500,9.727560331964408,3.121365508555784
34003018100,10.416508754962355,3.066956975359343
34003018200,10.405671875427789,3.072289458590007
34003019102,10.256437442162902,3.088347427789186
34003019103,10.230400475017112,3.091942373716632
34003019104,10.245997488021903,3.08892212936345
34003019202,10.271329230663929,3.07768918275154
34003019203,10.256997898015058,3.085214771389459
34003019204,10.265091140314853,3.080757991786448
34003019303,10.283376625598905,3.076787851471595
34003019304,10.340849010951403,3.073993951403148
34003019305,10.302608394934976,3.069624661190965
34003019306,10.348293422313484,3.073064191649555
34003020100,9.020290388090349,3.12712750513347
34003020200,9.089256526351814,3.103779646817248
34003021100,9.902007720054757,3.100373119780972
34003021200,9.89908540109514,3.100990671457906
34003021300,9.956421409993155,3.10285719301848
34003021400,9.967934505817933,3.106480170431212
34003021500,10.012206199178645,3.099547814510609
34003021600,9.992000042436687,3.098899329226557
34003022100,9.45130407871321,3.127032463381246
34003022200,9.504084249828884,3.122630972621492
34003023100,9.996146279945243,3.130115472963724
34003023200,9.959410815879535,3.129672184120465
34003023301,9.930270169746749,3.131874105407255
34003023302,9.976957509240246,3.122901831622177
34003023401,10.013535087611225,3.119355373716632
34003023402,10.059647043805613,3.117055984257358
34003023501,10.021153678302532,3.119963737166324
34003023502,10.038679045174538,3.118405490075291
34003023601,10.16080844421629,3.109572712525667
34003023602,10.092743214921287,3.106394785078713
34003024100,9.477208566735113,3.205483620123203
34003024200,9.630630739219712,3.191296468856947
34003025100,10.110428409308693,3.105666291581109
34003025200,10.092068887748118,3.104343295687885
34003026100,9.452230959616701,3.184792546885695
34003026200,9.419922559206023,3.174510184804928
34003027000,9.377111637919233,3.157248864476386
34003028001,10.192766084873374,3.094130084873374
34003028002,10.220598655030801,3.088944429158111
34003029100,10.21731560164271,3.101991826830938
34003029200,10.269380420944558,3.095960731690623
34003030100,10.017997054072553,3.115626893908282
34003030200,9.997124560574949,3.10920005338809
34003030300,10.016861829568788,3.106723663928816
34003030400,10.048964080766598,3.108141560574949
34003031100,10.319071739904175,3.053325482546201
34003031200,10.177541117727584,3.068914490759754
34003031300,10.18350545927447,3.069868425051335
34003031400,10.231009886379192,3.06052912183436
34003032102,8.951317951403148,3.133490092402464
34003032103,8.891289622176591,3.153452186858316
34003032104,8.761824399041752,3.139959795345654
34003032201,8.959597175906913,3.167693450376454
34003032202,8.882782420944558,3.165658120465435
34003033100,9.888456461327858,3.130366468856947
34003033200,9.921855288843258,3.118260259411362
34003033300,9.966190683778234,3.119706642710472
34003034000,9.30660271321013,3.137896754277892
34003035100,9.241855082819986,3.197776731690623
34003035200,9.347177302532512,3.178892875427789
34003036100,10.166174581793292,3.100798538672142
34003036200,10.252516288843258,3.095262900068446
34003037100,9.783802203969884,3.159852820670773
34003037201,9.842827965776865,3.159043103353867
34003037202,9.887516154004107,3.141981039698836
34003038100,10.297912335386721,3.04743276386037
34003038200,10.249784817932923,3.047908907597536
34003038300,10.210323802190281,3.055184138945927
34003039100,8.839510937713895,3.107289966461328
34003039200,8.906606676249144,3.112138602327173
34003039300,8.934498399041752,3.102637186173854
34003040001,9.700987284052019,3.163991816563997
34003040002,9.742509623545517,3.15808683504449
34003041100,10.255903435318275,3.086830386036961
34003041200,10.269499535934292,3.082257394250513
34003041301,10.296445023956194,3.079699473648186
34003041302,10.305975676933607,3.082365556468172
34003042100,9.771196587268994,3.147965132785763
34003042301,9.577990828199863,3.146803586584531
34003042302,9.620090923340178,3.15169049486653
34003042400,9.68054178439425,3.141695621492129
34003042500,9.813566595482546,3.135208855578371
34003043001,9.310976514715948,3.196087474332649
34003043002,9.370393699520876,3.194154178644764
34003044100,8.993120297741273,3.149814333333333
34003044201,9.066418352498289,3.161487367556468
34003044202,9.002453188227242,3.164676605065024
34003045100,10.355993537303217,3.077338735797399
34003045200,10.343485837097878,3.085380832306639
34003046100,10.246152392881588,3.095339561943874
34003046200,10.188517542778918,3.106286158110883
34003046300,10.23948957357974,3.098203686516085
34003047100,9.426852796030116,3.148713518138262
34003047200,9.333059362765229,3.140608950718686
34003047300,9.37897975633128,3.12797745927447
34003047400,9.414305559890486,3.134644151950719
34003047500,9.475505524982888,3.134186058863792
34003048100,9.859423893908282,3.142756709103354
34003048200,9.839336270362765,3.144024283367556
34003049001,9.416786895277207,3.203456518822724
34003049002,9.566057161533196,3.18887514715948
34003050000,9.86924295687885,3.119463636550308
34003051100,10.11590471321013,3.086815744010951
34003051200,10.162088189596167,3.085172751540041
34003051300,10.189182292950034,3.083604857631759
34003051400,10.278678232717317,3.068675701574264
34003052100,9.818254582477755,3.113746930869268
34003052200,9.912980173853525,3.11280514715948
34003053100,9.272399164271047,3.1672467816564
34003053200,9.097595727583847,3.178452534565366
34003054100,10.068651830937714,3.128235954825462
34003054200,10.025680793292266,3.131642629021218
34003054300,9.983380342915811,3.138608149897331
34003054400,10.045020263518138,3.125171483915127
34003054500,10.091193663244353,3.118991457905544
34003054600,10.160900237508556,3.107567560574949
34003055100,10.002940244353183,3.149163362080767
34003055200,9.945172032169747,3.154287217659138
34003056100,9.299865501711157,3.1550137816564
34003056200,9.232730042436687,3.143273757700205
34003057101,10.065066443531828,3.09526697467488
34003057102,10.087223976728268,3.091820133470226
34003057200,10.045360524982888,3.094764948665298
34003058100,9.473031997262149,3.163869973990418
34003058200,9.543180617385352,3.16499184257358
34003059100,9.583972332648871,3.18227535523614
34003059200,9.564314009582478,3.175878755646817
34003060000,10.121467642710472,3.097550793292266
34003061100,9.167827112251882,3.132888947980835
34003061200,9.159186791238878,3.125484134154689
34003061300,9.218539327173169,3.116878754962355
34003061400,9.30592825119781,3.126134108829569
34005700102,10.533678657768652,3.018522534565366
34005700103,10.563669989048597,3.010244295687885
34005700104,10.585504698151951,3.009532484599589
34005700200,10.52392394661191,3.016698483230664
34005700303,10.47904886036961,3.024702798083504
34005700304,10.50555564202601,3.024747090349076
34005700305,10.456598047912389,3.034319023271732
34005700306,10.429274264887064,3.034461128678987
34005700307,10.393490567419576,3.046277051334702
34005700401,10.445926302532512,3.050902029431896
34005700402,10.464033456536619,3.04985284257358
34005700403,10.420844652977413,3.059315655030801
34005700405,10.393305976043806,3.065207524982888
34005700407,10.361992603696099,3.076136776865161
34005700408,10.314436126625599,3.086417757700205
34005700501,10.317996848733744,3.075565066392882
34005700502,10.39662348733744,3.052364414099932
34005700503,10.320486978097194,3.064792255989049
34005700504,10.24184325119781,3.078702962354552
34005700505,10.238357485968515,3.060250943189596
34005700602,10.332219672826831,3.042303423682409
34005700603,10.422733194387406,3.026342216290212
34005700605,10.38403940862423,3.043476123203285
34005700701,10.428915579739904,3.023752919233402
34005700702,10.408326900068446,3.02900981724846
34005700703,10.409440457221082,3.026542031485284
34005700800,10.401315376454483,3.023127027378508
34005700900,10.36464611156742,3.005844711156742
34005701001,10.328210613963039,3.017219383983573
34005701002,10.306319443531828,3.003803481861738
34005701102,10.017795658453114,3.005409078028747
34005701103,10.053841224503764,2.967584772758385
34005701104,10.244596624914442,2.999278228610541
34005701105,10.103465983572895,3.016425718001369
34005701201,10.134614841204654,2.98697278439425
34005701203,10.139015709103354,2.972374991786448
34005701204,10.163676447638604,2.97809380971937
34005701205,10.206511525667351,2.979873519507187
34005701301,10.020782899383984,2.953770299110198
34005701302,9.906021482546201,2.958961717316906
34005701303,9.918387490759754,2.975493077344285
34005701401,9.651045708418891,2.987149064339494
34005701402,9.771417919233402,2.997319666666667
34005701502,9.647232585215606,2.936499665982204
34005701700,9.697568022587269,2.948053395619439
34005702101,9.191990659137577,2.994449330595482
34005702203,9.151532954140999,3.035889381930185
34005702204,9.356107229295003,3.035916184804928
34005702206,8.868267922655715,2.973727054072553
34005702207,9.018197898015058,3.011543392197125
34005702208,8.856580441478439,2.996004848733744
34005702209,8.96311800752909,2.989878735797399
34005702210,9.031082353182752,3.001233117043121
34005702300,9.3319457816564,3.039936108829569
34005702400,9.552097284736482,3.016788376454483
34005702500,9.645188055441478,3.040994439425051
34005702601,9.74603058384668,3.041641405201916
34005702603,9.74133148733744,3.050412696783025
34005702700,9.937618366872006,3.041488501026694
34005702801,10.122513188227242,3.023697334702259
34005702802,10.175363004791239,3.025999843942505
34005702803,10.138181199178645,3.040069759753593
34005702804,10.164858811772758,3.039058072553046
34005702805,10.205515947296372,3.029884518822724
34005702806,10.220387664613279,3.019988545516769
34005702807,10.257568123887748,3.016878841204654
34005702808,10.25431857357974,3.028656859000684
34005702809,10.28492351266256,3.02617703559206
34005702810,10.25020461670089,3.034350515400411
34005702811,10.144024852156058,3.055122004106776
34005702905,10.166945009582478,3.108171828199863
34005702906,10.232837213552361,3.097467134154689
34005702907,10.091950557152635,3.108351984257358
34005702908,10.031188260780288,3.106715611909651
34005702909,10.163304802874743,3.090777135523614
34005702910,10.050625359342916,3.095327500342231
34005702913,10.044853021218344,3.077737944558522
34005702914,10.072135119780972,3.064698323066393
34005702915,10.012581575633128,3.085188399726215
34005702917,9.982273248459959,3.082060742642026
34005702918,9.933159342915811,3.09660215742642
34005703000,9.916347356605065,3.071692777549624
34005703102,9.780188625598905,3.089223003422314
34005703103,9.620071207392197,3.066976551676934
34005703104,9.749018815195072,3.065749945242984
34005703201,9.226695500342231,3.065425527720739
34005703202,9.461721134154689,3.090446085557837
34005703203,9.257286948665298,3.080695678302532
34005703600,8.927559624914442,3.084485665982204
34005703700,9.053373604380561,3.137431952772074
34005703801,9.507912407255305,3.120701270362765
34005703802,9.746328140314853,3.117598136208077
34005703803,9.651062761122519,3.131711878850103
34005703804,9.502149945927447,3.155610305954826
34005703900,9.475301084188912,3.133960131416838
34005704004,10.071352012320328,3.125755438740589
34005704005,10.11871723613963,3.122485124572211
34005704006,10.016557235455168,3.142279858316222
34005704007,9.969185174537988,3.140022571526352
34005704008,9.878548065023956,3.152184086926762
34005704009,9.792029195071869,3.138960590006845
34005704011,9.642852544147844,3.181854713894593
34005704012,9.708385099247091,3.157602926762491
34005704013,9.981212831622177,3.129384423682409
34005704014,9.908090572210814,3.122263042436687
34005704200,9.705775802874743,2.957015603011636
34005704302,9.472860943189596,2.978781194387406
34005704500,9.245993862422998,2.988453800136892
34005704600,9.751608056125941,3.054369117727584
34005704700,8.538122744695414,3.058854713894593
34005704801,9.041184061601643,2.990254137577002
34005704802,9.250293427104723,3.010713531827515
34005981802,9.59061368788501,2.952800670773443
34005982111,9.148065470225873,3.000266357289528
34007600200,10.726469503080082,3.003023715263518
34007600400,10.745355291581109,3.000575316906229
34007600700,10.773112709103354,2.970726830937714
34007600800,10.745252504449008,2.982953055441478
34007600900,10.716553843258042,2.993270551676934
34007601000,10.682649873374401,2.991423418206708
34007601101,10.656372255304586,3.00248034017796
34007601102,10.639334495550992,3.008322833675565
34007601200,10.63305064476386,3.018511631759069
34007601300,10.68542140862423,3.007126333333333
34007601400,10.665306765913758,3.020854399041752
34007601500,10.678132955509925,3.025363828199863
34007601600,10.723163184120465,3.019847334702259
34007601700,10.711518912388775,3.025043491444216
34007601800,10.740480951403148,3.022426898699521
34007601900,10.676484262149213,3.039520625598905
34007602000,10.653902392197125,3.059605324435318
34007602503,10.625954318959617,3.0251964770705
34007602601,10.582410719370294,3.037140655030801
34007602602,10.597993651608487,3.030576647501711
34007602901,10.513520661875428,3.035667585900068
34007602902,10.544985320328542,3.025870067077344
34007603001,10.572861152635181,3.025742742642026
34007603002,10.604755171800137,3.014856138261465
34007603100,10.56841992128679,3.031173630390144
34007603200,10.521841377138946,3.055492980835044
34007603301,10.435310249828884,3.074525088295688
34007603302,10.376289059548255,3.078846675564682
34007603303,10.387557499657769,3.080190419575633
34007603400,10.315210482546201,3.095142045174538
34007603501,10.222760114989733,3.119672079397673
34007603503,10.186817214921287,3.140023374401095
34007603504,10.196126959616701,3.142439471594798
34007603505,10.227946460643395,3.14475296440794
34007603506,10.095072941136208,3.132392570841889
34007603507,10.086353005475702,3.144051687200548
34007603601,10.312250934291581,3.120453801505818
34007603602,10.319936542094456,3.110608353867214
34007603603,10.31437648733744,3.109198002053388
34007603700,10.409699292265572,3.096240987679672
34007603800,10.532750268309377,3.075775995208761
34007603901,10.49580598220397,3.08945846954141
34007603902,10.52348799247091,3.082019452429843
34007604100,10.660172618069815,3.045142616016427
34007604200,10.610191839151266,3.044386459958932
34007604300,10.575444811772758,3.064200892539357
34007604400,10.594534122518823,3.061581305954826
34007604600,10.578132603696099,3.069583429842574
34007604700,10.590032443531828,3.079613360711841
34007605100,10.626498741273101,3.073231800136892
34007605200,10.60405734017796,3.085817142368241
34007605300,10.606598533880904,3.092201526351814
34007605400,10.553129600958248,3.105292935660506
34007605602,10.514076791238878,3.106830867214237
34007605700,10.511209030800821,3.098062042436687
34007605800,10.491088778234086,3.116754403832991
34007605900,10.456158748117728,3.117009108145106
34007606000,10.439603671457906,3.11635293908282
34007606100,10.449959908966461,3.100405694045174
34007606200,10.447006667351129,3.096082023956194
34007606300,10.382122823408624,3.113459890485968
34007606400,10.373733092402464,3.120910626283368
34007606500,10.306060527036276,3.137718902806297
34007606600,10.381004232032854,3.129955429158111
34007606700,10.382469468172485,3.134667245037645
34007606800,10.437589438740589,3.127506659137577
34007607000,10.530827175906913,3.109894162902122
34007607100,10.399445549623546,3.139845255304586
34007607200,10.359438149212868,3.144707863791923
34007607300,10.291254736481862,3.146520138945927
34007607401,10.219192378507871,3.161662538672142
34007607402,10.191277221765914,3.162366636550308
34007607502,10.069282169746749,3.161837418206708
34007607503,9.963979502395619,3.160673610540726
34007607504,9.828761967830253,3.175688023956194
34007607505,9.893959048596852,3.178448991101985
34007607506,10.139020636550308,3.162521805612594
34007607507,10.177821354551677,3.155683221765914
34007607600,9.967493754277892,3.17457307118412
34007607701,9.901132741957563,3.189856030800821
34007607702,10.0127026091718,3.180227199178645
34007607801,10.042447388090349,3.186458319644079
34007607802,10.018329666666667,3.189498382614648
34007607900,10.052765321697468,3.181369687200548
34007608001,10.100058874743326,3.172846188911704
34007608202,10.143684599589322,3.175610515400411
34007608205,10.217669609856263,3.16475129431896
34007608206,10.284521917864476,3.156210167693361
34007608209,10.10566787063655,3.180774978781656
34007608210,9.989206305270363,3.203660828199863
34007608211,9.970325743326489,3.201231097193703
34007608302,10.295609475017112,3.160051493497604
34007608303,10.189970462696783,3.177902470910335
34007608304,10.174462572895277,3.176918604380561
34007608401,9.823143281998631,3.214720045174538
34007608402,9.758472852156058,3.217793673511294
34007608403,9.755587617385352,3.22631801779603
34007608404,9.870455099247091,3.214963066392882
34007608503,9.952461169062286,3.201995130732375
34007608504,9.895408570157426,3.207183622861054
34007608600,9.91445911430527,3.195177109514032
34007608700,9.744685876796715,3.204191015058179
34007608800,9.74029568788501,3.191230963723477
34007608901,9.516245278576318,3.199206902806297
34007608903,9.374034344969199,3.189496217659138
34007608904,9.173017743326489,3.189069537303217
34007609000,9.377118022587269,3.219446503080082
34007609103,9.51977609650924,3.215888823408624
34007609201,9.619301475017112,3.240706725530459
34007609202,9.55720770294319,3.238249681724846
34007609203,9.646739451060917,3.2295171321013
34007609204,9.498515619438741,3.242132954140999
34007609205,9.260736002053388,3.241872693360712
34007610300,10.776018253251198,2.980352041752224
34007610400,10.751083463381246,2.986303876112252
34007610500,10.664412113620808,2.995804140314853
34007610600,10.615374665297741,3.035384311430527
34007610800,10.566326546885695,3.008611848049281
34007610900,10.573115384668036,3.086673400410678
34007611000,10.670170029431896,3.05813803559206
34007611100,10.483268088980151,3.124397133470226
34007611200,10.118860783709788,3.171546828199863
34007611300,10.067448704996578,3.195290205338809
34007611400,9.810990374401095,3.207084889117043
34007611500,9.191912503080082,3.224366734428474
34007611600,10.616653357289528,3.056699882272416
34007611700,10.588131137577002,3.092897665982204
34009020101,8.23819212183436,3.222927440793977
34009020102,8.241701286105407,3.228307383983573
34009020201,8.269707667351129,3.223600082819986
34009020203,8.257452919917864,3.239783300479124
34009020205,8.223242186858316,3.267989648870637
34009020206,8.236578195071869,3.252174798083504
34009020301,8.326671325804244,3.270437790554415
34009020302,8.263096737166324,3.289109103353867
34009020400,8.430579407939767,3.310096584531143
34009020500,8.367314067761807,3.310233344969199
34009020600,8.388481618069815,3.313093921971253
34009020700,8.232645804243669,3.306095972621492
34009020800,8.139485429842574,3.294908106776181
34009020901,8.059344789869952,3.324314010951403
34009020902,8.084811188227242,3.311871284052019
34009021001,8.138215798767967,3.321576318959617
34009021002,8.226706293634497,3.31487773853525
34009021100,8.151264733059548,3.322001149897331
34009021300,8.037182729637235,3.327204549623546
34009021400,8.036758768651608,3.328649571526352
34009021500,8.053426861738535,3.335330214921287
34009021600,8.045943550308008,3.334587396988364
34009021701,8.129954441478439,3.332517943874059
34009021702,8.094434297741273,3.33682698973306
34009021803,8.176203670773443,3.325493119780972
34009021804,8.159606310061602,3.327568349075975
34009021805,8.15693179192334,3.334975080082136
34009021806,8.166638228610541,3.33388021560575
34009021900,8.133416600273785,3.338746464750171
34009022000,8.082097177960301,3.33898925119781
34009022101,8.172035205338809,3.326250234086242
34009022102,8.14941412183436,3.325795040383299
34011010101,8.596358867214237,3.314322841204654
34011010103,8.470354222450376,3.30819973100616
34011010200,8.571413317590691,3.294977552361396
34011010301,8.752296210130048,3.264399558521561
34011010302,8.585893117043121,3.264499737850787
34011010401,8.852540754962355,3.24356353798768
34011010402,8.880034523613963,3.282768246406571
34011010500,9.010653445585216,3.199716374401095
34011010600,9.027875550992471,3.237380613963039
34011010700,9.183304417522245,3.269456342915811
34011010800,9.078023960301164,3.30231320054757
34011020100,9.003281737166324,3.259061852156058
34011020200,8.99668498973306,3.25582768514716
34011020300,9.027270967830253,3.266097019849418
34011020400,9.036354179329227,3.274570737850787
34011020502,8.962225019164956,3.270069606433949
34011020503,8.973815054072553,3.267612316906229
34011020600,9.007466188227242,3.252501922655715
34011030100,8.897713326488706,3.32400512936345
34011030200,8.870551893908282,3.327230969883641
34011030300,8.871139653661875,3.313752795345654
34011030400,8.94399264476386,3.326290605749487
34011030501,8.832695606433949,3.312098151266256
34011030502,8.780277625598905,3.321925611909651
34011040300,9.034005882956879,3.317107648186174
34011040400,9.077206926762491,3.315986168377823
34011040500,9.067870104722793,3.32486167008898
34011040600,9.011035379876797,3.318781091033539
34011040700,9.000308063655031,3.321400238877481
34011040800,8.954726522245038,3.322952511978097
34011040901,9.169627399041752,3.308872054072553
34011040902,9.13431201026694,3.314556522245038
34011041000,8.908354458590007,3.32527877412731
34011041100,9.063254989048597,3.316401741957563
34013000100,10.125187788501027,3.039307167008898
34013000200,10.120243407255305,3.024331526351814
34013000300,10.105641741957563,3.034006451060917
34013000400,10.099165045859001,3.029815991101985
34013000500,10.109217357289528,3.021007275838467
34013000600,10.097112033538672,3.025221837097878
34013000700,10.103671508555784,3.012649596167009
34013000800,10.117142464750171,3.016144354551677
34013000900,10.128796422313484,3.008679863791923
34013001000,10.171221701574264,3.00430494934976
34013001100,10.168864963039014,2.993354553045859
34013001300,10.129382846680356,2.990897032169747
34013001400,10.120856019164956,2.996008970568104
34013001500,10.129436676933607,3.000900458590007
34013001600,10.122454338124572,3.007268405886379
34013001700,10.105826596851472,3.004740190965092
34013001800,10.100018508555784,3.002954652977413
34013001900,10.073868039014374,3.003467713894593
34013002000,9.985591754962355,3.009627420260096
34013002100,9.986103287474333,3.001197273785079
34013002201,9.968041859000684,2.99961859137577
34013002202,9.986210163586584,2.997038683093771
34013002300,10.005453794661191,2.996693422997947
34013002400,10.034520170431212,3.001377607118412
34013002500,10.046737519507187,2.99944881724846
34013002600,10.095932703627652,2.99763392881588
34013002800,10.127681853524983,2.988975762491444
34013003100,10.168994125256674,2.985774915811088
34013003500,10.108813295003422,2.993960724845996
34013003700,10.118471857631759,2.984306535249829
34013003800,10.141030544147844,2.982077897330596
34013003900,10.158566158795346,2.975540776180698
34013004100,10.125719271047228,2.974845717316906
34013004200,10.09547131485284,2.978377039014374
34013004300,10.09605068788501,2.9774827816564
34013004400,10.112864084188912,2.969779619438741
34013004500,10.083272655030801,2.969663371663244
34013004600,10.129597896646133,2.964746112251882
34013004700,10.143434689938398,2.963055874743326
34013004801,10.168280229295003,2.961312529089665
34013004802,10.179742971252567,2.951052376454483
34013004900,10.151418919233402,2.961973924709103
34013005000,10.175940668720055,2.966003039698836
34013005100,10.156205913073238,2.966676119780972
34013005200,10.108296280629706,2.972600099247091
34013005300,10.126270923340178,2.973948909650924
34013005400,10.151730106776181,2.971117414099932
34013005700,10.20243890349076,2.965332310061602
34013006200,10.171662124572211,2.975720353182752
34013006400,10.178769584531143,2.988320517453799
34013006600,10.174037006160164,2.973633721423682
34013006700,10.194247553045859,2.974241758384668
34013006800,10.243701271047228,2.971757405886379
34013006900,10.256070809034908,2.98073376659822
34013007000,10.268058642710472,2.97749212183436
34013007100,10.278917194387406,2.975191741957563
34013007200,10.283054791238878,2.979188073921971
34013007300,10.288269700889802,2.984101857631759
34013007400,10.331128310746064,2.984536004791239
34013007501,10.348941686516085,2.991628056810404
34013007502,10.351628667351129,2.98781841889117
34013007600,10.272234707734428,2.983532549623546
34013007700,10.262656098562628,2.983923971252567
34013007800,10.251394743326489,2.981843986310746
34013007900,10.239047971252567,2.9840707816564
34013008000,10.233720205338809,2.989655991786448
34013008100,10.201128709787817,2.987536889117043
34013008200,10.162224533196441,2.994401021902806
34013008700,10.189691403832991,3.00953392128679
34013008800,10.186372636550308,3.00783875633128
34013008900,10.174368594113621,3.009592223134839
34013009000,10.151181455167693,3.007965538672142
34013009100,10.136886023956194,3.012924600958248
34013009200,10.204213030800821,3.015717844626968
34013009300,10.188718327857632,3.02604129431896
34013009400,10.143425800821355,3.022915216290212
34013009500,10.141531980150582,3.029142089664613
34013009600,10.208277060232717,3.03183100752909
34013009700,10.173468145790554,3.035406568788501
34013009900,9.976137708418891,3.036239421629021
34013010000,9.997860298425736,3.037252654346338
34013010100,10.021613653661875,3.034502287474333
34013010200,10.058186984257358,3.028123405201916
34013010300,10.069459923340178,3.023103047912389
34013010400,10.023128303901437,3.024845370978782
34013010500,10.012870031485284,3.025419690622861
34013010600,10.044152442162902,3.02145089596167
34013010700,10.069646993839836,3.016517568788501
34013010800,10.089923101300479,3.014164489390828
34013010900,10.078093932922656,3.00956676386037
34013011100,10.057591891170431,3.014661000684463
34013011200,10.036072183436003,3.017833496919918
34013011300,10.018514383983573,3.027841697467488
34013011400,9.991011306639288,3.0136473908282
34013011500,10.008418975359343,3.014603889801506
34013011600,10.039766442162902,3.018870657768652
34013011700,10.045613719370294,3.010592716632444
34013011800,10.027287071868583,3.00704107118412
34013011900,10.038142905544148,2.986013529774127
34013012000,9.996035151266256,2.980543057494866
34013012100,10.00067067008898,2.982915965092402
34013012200,10.00140401026694,2.993650371663244
34013012300,10.011661891170431,2.990095148528405
34013012400,10.012962574948665,2.980190263518138
34013012500,10.050027967145791,2.993173205338809
34013012600,10.06316404312115,2.992541958932238
34013012700,10.051301618069815,2.97485040862423
34013012800,10.044990275838467,2.970717622861054
34013012900,10.044309206707734,2.980793217659138
34013013000,10.072006982888433,2.983988660506502
34013013100,10.081821505817933,2.976954213552361
34013013200,10.082100963723477,2.989188589322382
34013013300,10.084589134154689,2.995278960301164
34013013400,10.014776605749487,3.072540544147844
34013013500,10.08058197467488,3.074327770704997
34013013600,10.138574561259411,3.067546155373032
34013013700,10.079586525667351,3.06409105065024
34013013800,10.031415034907598,3.074464635181383
34013013900,10.025247171800137,3.064411960301164
34013014000,10.060550839835729,3.05528531485284
34013014100,10.096603808350445,3.059411570841889
34013014200,10.111155523613963,3.052721388774812
34013014300,10.141850763175907,3.057344451060917
34013014400,10.187678811088296,3.053531706365503
34013014500,10.151199960985626,3.042641954825462
34013014600,10.138977851471595,3.047037136208077
34013014700,10.085198481861738,3.039735226557153
34013014800,9.883588648186174,3.07603870568104
34013014900,9.945577153319644,3.078947090349076
34013015000,9.928712536618754,3.067181147843942
34013015100,9.973658681040383,3.066632464065708
34013015200,9.996447829568788,3.059003507871321
34013015300,10.021850997946612,3.049801312799452
34013015400,9.992346840520192,3.052815288158795
34013015500,10.039103082135524,3.044531798083504
34013015600,10.00593983504449,3.045395496919918
34013015700,10.033715984257358,3.038216917180014
34013015800,10.05696879192334,3.042554122518823
34013015900,10.069848572210814,3.034379279945243
34013016000,9.940804429842574,3.055338913073238
34013016100,9.766894246406571,3.073409542094456
34013016200,9.827996990417522,3.070768772073922
34013016300,9.834252699520876,3.069003966461328
34013016400,9.795728447638604,3.064404547570157
34013016500,9.861410234770705,3.064053598220397
34013016600,9.843945061601643,3.064618957563313
34013016700,9.891057121149897,3.055971045174538
34013016800,9.853343926762491,3.060079700205339
34013016900,9.812628146475017,3.050122840520192
34013017000,9.87378685284052,3.050343127994524
34013017100,9.914655273100616,3.053926744010951
34013017200,9.921271750855578,3.047165524298426
34013017301,9.680707386036961,3.04521396440794
34013017302,9.716443691307324,3.03208515468857
34013017400,9.753703422313484,3.04154226146475
34013017500,9.814211636550308,3.038307831622177
34013017600,9.853761013004791,3.03962924366872
34013017700,9.903325457221082,3.038694590691307
34013017800,9.878579110882957,3.02490685284052
34013017900,9.864076754277892,3.026247264202601
34013018000,9.786341750171116,3.026691368925394
34013018100,9.954499272416153,3.038426499657769
34013018200,9.956362058863792,3.035272520876112
34013018300,9.959363167008898,3.032272960301164
34013018400,9.997206569472964,3.027519386721424
34013018600,9.92807731485284,3.028356320328542
34013018700,9.941061499657769,3.016909484599589
34013018800,9.935927273785079,3.023828286105407
34013018900,9.891139648870637,3.020284729637235
34013019000,9.834130431895962,3.014819981519507
34013019100,9.93240727652293,3.011974518138262
34013019200,9.935487162902122,3.005547284736482
34013019300,9.881264284052019,3.006149277207392
34013019400,9.818593334017796,3.012974416837782
34013019500,9.904191185489391,2.99809825393566
34013019600,9.959124168377823,2.998029470225873
34013019700,9.959795972621492,2.988498757700205
34013019800,9.897027045174538,2.993615362080767
34013019900,9.85411911430527,3.00105959890486
34013020000,9.627923783025325,3.016803488706366
34013020100,9.71958460164271,3.015234466803559
34013020200,9.81650121560575,2.999518376454483
34013020300,9.75005660164271,3.004446486652977
34013020400,9.483617967145791,3.031091269678302
34013020500,9.62422967761807,3.03519586036961
34013020600,9.647089041752224,3.026654144421629
34013020700,9.5660386954141,3.02521346201232
34013020800,9.510840603011636,3.022125045174538
34013020901,9.597405072553046,3.054897038329911
34013020902,9.512737570157426,3.044891336071184
34013021000,9.651049600273785,3.064229101984942
34013021100,9.718568715263518,3.06197417522245
34013021200,9.719607281314168,3.058208167693361
34013021300,9.605568535249829,3.067666262833676
34013021400,9.698759708418891,3.067536970568104
34013021601,9.30070252019165,3.058558685831622
34013021602,9.541743762491444,3.065478422313484
34013021701,9.571936080766598,3.058384997262149
34013021702,9.565398010951403,3.054819475017112
34013021801,9.459768467488022,3.048484593429158
34013021802,9.446369307323751,3.056777633812457
34013021803,9.551411658453114,3.065787771389459
34013022700,10.176807130732375,2.968616405201916
34013022800,10.181980835728953,2.986197351813826
34013022900,10.205997834360027,3.002902878850103
34013023000,10.140810291581109,2.983988486652977
34013023100,10.115682551676934,2.985493449007529
34013023200,10.178453385352498,2.963954423682409
34013980100,10.263714,2.970169072553046
34013980200,10.287378124572211,2.964249849418207
34015500100,10.567708805612594,3.107943491444216
34015500201,10.624572048596852,3.097812507186858
34015500202,10.535551069130732,3.120223648870637
34015500203,10.342665678302532,3.1578234366872
34015500204,10.454276349760438,3.140916080766598
34015500205,10.560014935660506,3.12417773100616
34015500300,10.63351146954141,3.10124223340178
34015500400,10.532477868583162,3.128166702258727
34015500500,10.48330326899384,3.120956010951403
34015500600,10.305689151266256,3.157468528405202
34015500701,10.213723673511294,3.181461491444216
34015500702,10.101390816563997,3.194353226557153
34015500703,10.047110633127994,3.193864015058179
34015500800,10.212083538672142,3.173771937713895
34015500900,10.361612108145106,3.158366213552361
34015501001,10.496219475017112,3.127792835728953
34015501002,10.436643740588638,3.141071887748118
34015501003,10.47543537577002,3.136453196440794
34015501101,10.478236539356605,3.13481773100616
34015501102,10.417178893908282,3.142687001368925
34015501103,10.230524189596167,3.180366788501027
34015501104,10.312180533880904,3.156796307323751
34015501105,10.360903798083504,3.157480316221766
34015501106,10.19523616495551,3.18303548733744
34015501107,10.288950221081451,3.165805225188227
34015501201,9.96996678439425,3.207085244353183
34015501202,9.936561865160849,3.214193030800821
34015501203,9.881294533196441,3.217807290896646
34015501204,9.829301399041752,3.225025779603012
34015501205,9.727879001368925,3.232718822724162
34015501206,9.827401570841889,3.226864761806982
34015501208,9.909580174537988,3.218706295003422
34015501209,10.056205771389459,3.199516397672827
34015501210,9.791803798083504,3.228377889117043
34015501212,9.80753890349076,3.224122192334018
34015501213,9.735577718685832,3.23669323613963
34015501301,9.910494544832307,3.219559647501711
34015501302,9.889338688569473,3.215459210130048
34015501303,9.907720449691992,3.215716117043121
34015501402,9.678046752908966,3.243762733059548
34015501403,9.775785684462697,3.227498596167009
34015501404,9.817471670773443,3.230168899383984
34015501405,9.826102181382615,3.227662341546886
34015501406,9.792457362765229,3.232882138945927
34015501500,9.549621990417522,3.253580622176591
34015501603,9.521048823408624,3.248452930869268
34015501604,9.452534848733744,3.256441272416153
34015501605,9.233897134154689,3.261695986310746
34015501606,9.364953273785079,3.263290192334018
34015501608,9.598425072553046,3.238487753593429
34015501609,9.597331225188227,3.248141116358658
34015501701,9.357069726899384,3.274416288843258
34015501702,9.188375869952088,3.28639527652293
34015501703,9.216981286105407,3.299133629705681
34015501704,9.418931516084873,3.267184813141684
34015501800,9.183202412046544,3.30461441889117
34015501900,9.645443981519507,3.237001470910335
34015502001,10.069146880903491,3.182961023956194
34015502002,9.915297800136892,3.206882642710472
34015502100,9.875954920602327,3.191144017111567
34015502200,10.121924065708419,3.154913815195072
34015502300,10.14734058384668,3.156323978781656
34015502400,10.361124596167009,3.138237532511978
34017000100,10.516004318959617,2.997723597535934
34017000200,10.526532474332649,2.996865244353183
34017000300,10.526792673511294,2.990886648186174
34017000400,10.502843506502396,2.987183789185489
34017000500,10.512569872005476,2.987338222450376
34017000600,10.508611193702943,2.980367023956194
34017000700,10.519336163586584,2.981235557837098
34017000800,10.522475907597536,2.981872370294319
34017000902,10.492655804928131,2.972914780287474
34017001000,10.499221832991102,2.976517119780972
34017001100,10.503863237508556,2.971281450376454
34017001201,10.499296927446954,2.964922707049966
34017001202,10.498209065023956,2.956936550992471
34017001300,10.51159512936345,2.963778442162902
34017001400,10.50592807118412,2.961738650239562
34017001701,10.474032815879535,2.973713637234771
34017001800,10.482475047912389,2.970148811772758
34017001900,10.492258594798084,2.962644990417522
34017002000,10.487142079397673,2.962181863791923
34017002200,10.500989318275154,2.944743643394935
34017002300,10.487565934291581,2.94799714715948
34017002400,10.489914550992471,2.947602561259411
34017002700,10.466785914442163,2.976017754962355
34017002800,10.478451345653662,2.967510492813142
34017002900,10.480784439425051,2.960961840520192
34017003000,10.471920167008898,2.954903021218344
34017003100,10.472269010951403,2.954948764544832
34017003500,10.473964227241615,2.948496867214237
34017004000,10.43406557357974,2.970590116358658
34017004101,10.463708240930869,2.96563409650924
34017004102,10.469769665982204,2.963864104722793
34017004200,10.450607034223135,2.966162617385352
34017004300,10.474125511978097,2.965970409993155
34017004400,10.466140774811773,2.969938012320328
34017004500,10.472461342915811,2.968074961670089
34017004600,10.46044382477755,2.966713249828884
34017004700,10.465314216290212,2.968442345653662
34017004800,10.433272663244353,2.975118912388775
34017004900,10.446479997262149,2.970303886379192
34017005200,10.453072615331964,2.975790890485968
34017005300,10.449098094455852,2.974072863107461
34017005400,10.417952659137577,2.975212984941821
34017005500,10.447211902121834,2.976571379876797
34017005600,10.433590945927447,2.974297404517454
34017005801,10.454827362765229,2.981687940451745
34017005802,10.401281318959617,2.977267127994524
34017005900,10.424884490759754,2.975671684462697
34017006000,10.439117264202601,2.982263402464066
34017006100,10.393185448323066,2.979154770020534
34017006200,10.405666720054757,2.977910982888433
34017006300,10.387111045859001,2.976981021218344
34017006400,10.485789269678302,2.952761433264887
34017006500,10.466773101300479,2.948961623545517
34017006600,10.490027778918549,2.948313541409993
34017006700,10.481949948665298,2.95704841615332
34017006800,10.459952577686516,2.971672314168378
34017006900,10.485978302532512,2.988260655715264
34017007000,10.497004423682409,2.953948916495551
34017007100,10.49298892881588,2.952446425051335
34017007200,10.509884542094456,2.954876593429158
34017007300,10.486019268309377,2.960180160164271
34017007400,10.494357536618754,2.963727142368241
34017007500,10.492416704312115,2.957602006844627
34017007600,10.516883446954141,2.961719637919233
34017007700,10.521597360027378,2.963033668720055
34017007800,10.515393399041752,2.959620670773443
34017010100,10.375516511978097,2.978064234770705
34017010200,10.371589275154004,2.97510518275154
34017010300,10.35857922587269,2.977450350444901
34017010400,10.348167502395619,2.981230893223819
34017010500,10.350157737850787,2.971784476386037
34017010600,10.316136802874743,2.963375199178645
34017010700,10.323310024640657,2.970363722108145
34017010800,10.298126252566735,2.973895376454483
34017010900,10.286132557837098,2.964440587953456
34017011000,10.298348503080082,2.959832250513347
34017011100,10.30487429431896,2.965101423682409
34017011200,10.290518587268994,2.957111450376454
34017011300,10.279140858316222,2.958201457221082
34017011400,10.25408517522245,2.957496683778234
34017011500,10.249005597535934,2.946853206707734
34017011600,10.25072081724846,2.9514563908282
34017012300,10.267603789869952,3.032447702258727
34017012400,10.235887848733744,3.038165459958932
34017012500,10.235316363449692,3.028018259411362
34017012600,10.25461955578371,3.030504329226557
34017012700,10.366694163586584,3.007706780287474
34017012800,10.285430058179329,3.012331722108145
34017012900,10.262110596851472,3.015505080766598
34017013000,10.256386187542779,3.017250919917864
34017013100,10.239927552361396,3.02212534770705
34017013200,10.246990737166324,3.014904089664613
34017013300,10.225788073921971,3.013748628336756
34017013400,10.23267203559206,3.005773067761807
34017013500,10.263088288843258,3.006931881587954
34017013600,10.252417288843258,3.007219809034908
34017013700,10.239043577002053,3.006167291581109
34017013800,10.255686968514716,2.996986511293634
34017013900,10.282545070499658,2.999651850102669
34017014000,10.448238138945927,3.06478015742642
34017014101,10.50112348733744,3.053528394934976
34017014102,10.478594863791923,3.063337341546886
34017014200,10.497926739219712,3.055466366872006
34017014300,10.474139019164956,3.065172114989733
34017014400,10.450943815879535,3.066713691991786
34017014501,10.480900831622177,3.059380554414784
34017014502,10.512793238193018,3.059955213552361
34017014600,10.473527945242984,3.069892303216975
34017014700,10.51873507871321,3.033263554414784
34017014800,10.514008691991786,3.021356316906229
34017014900,10.525424694045174,3.006736972621492
34017015001,10.520775030116359,3.053679042436687
34017015002,10.50941931485284,3.056151321697468
34017015100,10.499677011635866,3.058781142368241
34017015201,10.531335331964408,3.047819822039699
34017015202,10.517877424366872,3.049619093086927
34017015300,10.515497473648186,3.052290049965777
34017015500,10.514813877481177,3.052549553730322
34017015600,10.520672436002738,3.050221529089665
34017015700,10.521671498973306,3.049330699520876
34017015801,10.525171490759754,3.039509280629706
34017015802,10.525489623545517,3.036797733059548
34017015900,10.525134108829569,3.046119618069815
34017016000,10.524164040383299,3.048763798767967
34017016100,10.531520024640657,3.036233318959617
34017016200,10.540099171115674,3.036097511978097
34017016300,10.539704973305955,3.033750904175222
34017016400,10.542814661875428,3.030105733744011
34017016500,10.550377763175907,3.026405432580424
34017016600,10.543027213552361,3.029746080766598
34017016700,10.52727022587269,3.019923149897331
34017016800,10.529411984257358,3.022350922655715
34017016900,10.530996663928816,3.017350037645448
34017017000,10.521661347022587,3.018132405886379
34017017100,10.541315871321013,3.01282212183436
34017017200,10.538536429158111,3.011272031485284
34017017300,10.540078270362765,3.005583307323751
34017017400,10.543644019164956,3.007863131416838
34017017500,10.540508575633128,3.006919971937029
34017017600,10.535413698836413,3.004265983572895
34017017700,10.529790177275838,2.999564622176591
34017017800,10.538141882956879,2.99765032991102
34017017900,10.54871403559206,3.023725440793977
34017018000,10.534487709787817,3.034536592060233
34017018100,10.54518046201232,3.022864464750171
34017018200,10.560070225188227,3.015278718685832
34017018301,10.574721802190281,2.987394966461328
34017018302,10.56083995687885,3.004051480492813
34017018400,10.549514928131417,2.999606810403833
34017018500,10.539845491444216,2.98925339835729
34017018600,10.543566447638604,2.988315325119781
34017018701,10.563974080082136,2.986345414784394
34017018702,10.554564830253251,2.994275363449692
34017018800,10.541059012320328,2.982112347022587
34017018900,10.537555253251198,2.985036461327858
34017019000,10.529611791238878,2.982348721423682
34017019100,10.532555448323066,2.971681848049281
34017019200,10.528849424366872,2.974233353182752
34017019300,10.537760830937714,2.974856751540041
34017019400,10.540218896646133,2.978765712525667
34017019800,10.45700025393566,3.066541683778234
34017019900,10.45136126899384,3.037090994524298
34017020000,10.456931154004107,3.052668914442163
34017020100,10.435235400410678,3.022277635181383
34017032400,10.512183399041752,3.058520120465435
34017980100,10.460363295003422,2.966834809034908
34019010100,9.005531093086927,3.045880889117043
34019010200,9.088132742642026,3.0662985229295
34019010300,9.290486554414784,3.102660919917864
34019010400,9.501732356605065,3.134646606433949
34019010500,9.880227015742642,3.168908424366872
34019010600,9.608770062970568,3.153577205338809
34019010701,9.413007214921287,3.134621181382615
34019010702,9.402708042436687,3.132529953456537
34019010801,9.29500134770705,3.116644951403148
34019010802,9.179120826146475,3.097655101984942
34019010900,9.212898825462012,3.100187407939767
34019011001,9.171622613278576,3.090223640657084
34019011002,9.25639632991102,3.114520045174538
34019011100,9.157968092402464,3.086977851471595
34019011201,9.254687349760438,3.105919388090349
34019011202,9.306093497604381,3.110507329226557
34019011301,9.367262368925394,3.119542700205339
34019011302,9.418329590006845,3.106281689938398
34019011303,9.365631647501711,3.100410918548939
34019011304,9.351175412046544,3.102616513347023
34019011400,9.376280262833676,3.111071189596167
34019011500,9.589447401779603,3.14953489596167
34019011600,9.527340641341547,3.11591017522245
34019011700,9.42615884257358,3.067265135523614
34019011800,9.556451720054757,3.0447683045859
34019011900,9.632063606433949,3.071479869952088
34021000100,9.761341890485968,2.87141815742642
34021000200,9.739074509240246,2.862748388090349
34021000300,9.717922911019849,2.868286137577002
34021000400,9.722356453114305,2.852110795345654
34021000500,9.71476920054757,2.860803721423682
34021000600,9.698481076659822,2.860761864476386
34021000700,9.713418954825462,2.847483164271047
34021000800,9.730817730321698,2.843822346338125
34021000900,9.721358214236824,2.823128767967146
34021001000,9.746650254620123,2.840724587953456
34021001101,9.757194954825462,2.841827838466804
34021001102,9.751971532511978,2.84730737303217
34021001200,9.786442732375086,2.878036542778918
34021001300,9.764459359342916,2.877020325804244
34021001401,9.7327834366872,2.848183206023272
34021001402,9.745080631074606,2.847934670773443
34021001500,9.730008036960986,2.831654203969884
34021001600,9.710624468856947,2.822051555099247
34021001700,9.706037246406571,2.84256626899384
34021001800,9.675525815195072,2.862921924709103
34021001900,9.681400616016427,2.851075820670773
34021002000,9.701021700205339,2.83489835797399
34021002100,9.704455205338809,2.843498987679672
34021002200,9.68418513963039,2.853205448323066
34021002400,9.738514911019849,2.847755268309377
34021002500,9.718884943874059,2.90639223613963
34021002601,9.699850028062971,2.877320183436003
34021002602,9.672774871321013,2.89521931485284
34021002701,9.66736387063655,2.885278112251882
34021002702,9.645060724161533,2.902280395619439
34021002800,9.669494023271732,2.879822126625599
34021002902,9.645554973990418,2.894724466803559
34021002903,9.627998733059548,2.923545453114305
34021002904,9.609741125256674,2.950064106776181
34021003001,9.488962349075975,2.969277505817933
34021003002,9.556675349760438,2.954982674195756
34021003003,9.597419941820671,2.947763555099247
34021003004,9.630884037645448,2.927688149897331
34021003006,9.597660848049281,2.95099157357974
34021003007,9.564552428473648,2.95994902532512
34021003008,9.615592515400411,2.930276560574949
34021003009,9.611203414099932,2.931462081451061
34021003100,9.662870545516769,2.884506143052704
34021003201,9.642725395619439,2.913767390143737
34021003202,9.62392741615332,2.933025802190281
34021003301,9.588337865160849,2.955455401779603
34021003302,9.567630871321013,2.9753064366872
34021003400,9.706620789185489,2.8557475229295
34021003500,9.678241509924709,2.883787863791923
34021003601,9.729772386721424,2.878368740588638
34021003602,9.71463879945243,2.889809516769336
34021003703,9.672703318275154,2.9059727816564
34021003704,9.66381737303217,2.925285813826146
34021003705,9.747915755646817,2.917298528405202
34021003706,9.738822362080767,2.939527422997947
34021003800,9.59747376386037,2.978233292265572
34021003902,9.466806783025325,3.03331525393566
34021003903,9.580562718001369,2.971389704996578
34021003904,9.588538751540041,2.962622410677618
34021003905,9.48774480971937,3.019448424366872
34021004000,9.495535452429843,3.034484291581109
34021004201,9.47696667761807,3.04882043394935
34021004203,9.49768574606434,3.030924667351129
34021004204,9.517931018480493,3.013247709103354
34021004301,9.526694241615332,3.006491802190281
34021004304,9.482466805612594,3.01054953798768
34021004306,9.537365532511978,2.983554748117728
34021004307,9.513334829568788,3.012613574264203
34021004309,9.428532698151951,2.995685258726899
34021004310,9.494711134839151,2.987619560574949
34021004403,9.374219151950719,3.029273741957563
34021004404,9.315411900068446,3.028544749486653
34021004405,9.346439770704997,3.017615659137577
34021004406,9.419812761806982,3.030306767282683
34021004407,9.437304381245722,3.016615576317591
34021004501,9.502576242299795,3.029762579055442
34021004502,9.502761991101985,3.017861472279261
34023000100,9.422169650239562,3.061341389459274
34023000200,9.435542742642026,3.055463437371663
34023000300,9.469015034907598,3.045528021218344
34023000401,9.481298830937714,3.052731344969199
34023000403,9.458719637234771,3.051972242984257
34023000404,9.496114711156742,3.050254020533881
34023000501,9.510646447638604,3.045761263518138
34023000502,9.511426483915127,3.043480136208077
34023000603,9.491428305270363,3.046526358658453
34023000606,9.531619790554415,3.039958266255989
34023000608,9.481228806297057,3.044232483230664
34023000701,9.44204396440794,3.064580178644764
34023000702,9.464347300479124,3.053422610540726
34023000801,9.539416293634497,3.035641869267625
34023000802,9.556333055441478,3.039244160164271
34023000901,9.567413520876112,3.031013497604381
34023000902,9.586136196440794,3.023900258726899
34023001001,9.59654245174538,3.02457962696783
34023001002,9.559702021902806,3.035626284736482
34023001100,9.484039872689938,3.027987138945927
34023001200,9.491701610540726,3.018897625598905
34023001300,9.471056057494866,3.021577287474333
34023001409,9.691335228610541,3.002212475701574
34023001410,9.700660320328542,3.006154616016427
34023001411,9.724147091033539,2.999014511293634
34023001412,9.630408514031485,3.018536624914442
34023001413,9.66669225393566,3.016003082135524
34023001414,9.591003483915127,3.02552434017796
34023001415,9.628044793976728,3.017186018480493
34023001416,9.682146509240246,3.003454767282683
34023001417,9.665167353182752,3.007336691991786
34023001502,9.535033329226557,3.024109594798084
34023001504,9.568709648870637,3.022875761122519
34023001505,9.553678325119781,3.025976308692676
34023001506,9.515922431211499,3.027477137577002
34023001600,9.50549279945243,3.017698437371663
34023001701,9.559818183436003,3.018486078028747
34023001702,9.523579648870637,3.019478195756331
34023001803,9.499932336071184,3.01507146954141
34023001804,9.520749817932923,3.016966953456537
34023001805,9.578160832306639,3.011342521560575
34023001901,9.654806740588638,3.010556187542779
34023001902,9.629991141683778,3.006856848049281
34023001903,9.61357346954141,3.010333762491444
34023002000,9.596582171115674,3.017018165639973
34023002101,9.613001366187543,3.008241242299795
34023002102,9.620807942505134,3.014767477754962
34023002200,9.589854937029432,3.01533349486653
34023002301,9.772040725530459,2.987333376454483
34023002302,9.747898173169062,2.991430761806982
34023002401,9.804676620123203,2.975222873374401
34023002402,9.775709631074606,2.984801199863108
34023002500,9.724381214921287,2.99295982477755
34023002603,9.728261232717317,2.994621295687885
34023002604,9.766171296372348,2.984070094455852
34023002605,9.80585114715948,2.977547472963724
34023002701,9.822306672826831,2.965080173853525
34023002703,9.821266404517454,2.971683030800821
34023002805,9.787388032169747,2.978241531827515
34023002901,9.786927125256674,2.974754396303901
34023002902,9.754557315537303,2.982137241615332
34023003001,9.74040659137577,2.984059574264203
34023003002,9.700810044490075,2.993729034223135
34023003101,9.695497227926078,2.997892470225873
34023003102,9.66905453798768,3.003426099247091
34023003201,9.646072441478439,3.003268089664613
34023003203,9.62962476659822,2.996482618754278
34023003300,9.657310272416153,3.000546616016427
34023003401,9.761978199178645,2.981452867214237
34023003500,9.937402054757016,2.954031900068446
34023003600,9.961407203285421,2.950037965092402
34023003700,9.936715770020534,2.958812250513347
34023003800,9.884644178644764,2.962162498288843
34023004000,9.677702718001369,2.994609940451745
34023004100,9.644191590691307,3.000201674880219
34023004200,9.633956443531828,2.99920207118412
34023004300,9.648966689938398,2.995316810403833
34023004400,9.628996994524298,3.001671319644079
34023004500,9.657669708418891,2.99324570568104
34023004600,9.601977039014374,2.998221133470226
34023004700,9.609320084188912,3.002139550992471
34023004800,9.582081915126626,3.004826793976728
34023004900,9.588161124572211,3.005577341546886
34023005000,9.568811733059548,3.006190518138262
34023005100,9.469592737166324,3.032223597535934
34023005200,9.467493195756331,3.033488173853525
34023005300,9.461503991786448,3.027277258042437
34023005500,9.449086951403148,3.036403748117728
34023005601,9.453835085557837,3.03569874606434
34023005602,9.461236116358658,3.030797303901437
34023005700,9.454639216974675,3.024457765229295
34023005800,9.456355629705681,3.021255715263518
34023006001,9.480905224503764,3.012064583162218
34023006002,9.456368486652977,3.012203227926078
34023006101,9.452745131416838,3.025066653661875
34023006103,9.440167852156058,3.04007877412731
34023006104,9.442515033538672,3.048414574948665
34023006203,9.430507468856947,3.050363275154004
34023006204,9.437397177960301,3.059204238877481
34023006205,9.438901665297741,3.056230161533196
34023006206,9.436792389459274,3.016754270362765
34023006207,9.441933531827515,3.040326765229295
34023006300,9.425355309377139,3.020984384668036
34023006403,9.457278829568788,3.007024658453114
34023006500,9.403669672826831,3.023670257357974
34023006601,9.429432058179329,3.042230973305955
34023006604,9.357619507186858,3.038470782340862
34023006605,9.385405980835044,3.035394151266256
34023006606,9.410544557152635,3.032519388090349
34023006607,9.367646690622861,3.025377286105407
34023006608,9.382786158795346,3.021787810403833
34023006701,9.363879735112936,3.023834347022587
34023006703,9.367038776180698,3.020417924709103
34023006800,9.42058486036961,3.014494101984942
34023006900,9.421596210130048,3.017575782340862
34023007000,9.393327902121834,3.013657429842574
34023007101,9.441891130732375,3.011978455167693
34023007102,9.437189207392197,3.010637087611225
34023007103,9.38963303559206,3.015165616016427
34023007202,9.4377470862423,3.004859844626968
34023007203,9.438672741957563,3.010421577686516
34023007301,9.41282158384668,3.008289263518138
34023007303,9.415895818617385,3.008260021218344
34023007304,9.386109549623546,3.004052819986311
34023007402,9.423935451060917,3.006606885010267
34023007500,9.493037996577686,3.005200414784394
34023007600,9.46864623340178,3.007588996577686
34023007702,9.20899579192334,3.020129546885695
34023007703,9.305959274469541,3.023983413415469
34023007704,9.292037176591376,3.017351062286105
34023007801,9.326358569472964,3.014902297741273
34023007804,9.257394441478439,3.018879796714579
34023007805,9.241380577002053,3.012474789869952
34023007806,9.28006476386037,3.016591238193018
34023007905,9.378132736481862,3.011864832306639
34023007906,9.26929545927447,3.011185413415469
34023007907,9.310662980150582,3.010752570841889
34023007908,9.359931232032854,3.010090848049281
34023007909,9.253812212183436,3.00453865229295
34023007910,9.296227312799452,3.006310175906913
34023007911,9.20541993155373,3.003276160848734
34023007912,9.209745103353867,3.008405310746064
34023008001,9.348213405886379,3.002250462696783
34023008101,9.325516186858316,3.026430960301164
34023008102,9.347960501711157,3.029471429158111
34023008103,9.335481241615332,3.036303984941821
34023008202,9.24321960164271,3.03170733744011
34023008204,9.331895486652977,3.042900516084873
34023008205,9.289725253251198,3.031991412046544
34023008206,9.342395285420945,3.044715123203285
34023008207,9.307445507871321,3.040741140314853
34023008208,9.317079384668036,3.038649746748802
34023008209,9.270366694729637,3.023670800136892
34023008300,9.329667140999316,3.041989535249829
34023008403,9.444504412046544,3.056176546201232
34023008404,9.440970100616016,3.062413162902122
34023008405,9.431175438056126,3.061967990417522
34023008406,9.435442984257358,3.063092211498973
34023008501,9.433587265571526,3.056816654346338
34023008502,9.405246759753593,3.053532510609172
34023008503,9.427493162217659,3.054096696098563
34023008504,9.456322533196441,3.052416823408624
34023008601,9.4757861321013,3.040676258042437
34023008602,9.451377156741958,3.046632032169747
34023008604,9.467960645448323,3.031271195756331
34023008605,9.456068671457906,3.038914995893224
34023008606,9.449503728268309,3.042979248459959
34023008700,9.388790958932238,3.039337997262149
34023008800,9.48504856605065,3.037671394250513
34023008900,9.531689570841889,3.010753774811773
34023009000,9.873595407255305,2.958644123887748
34023009100,9.878835899383984,2.965583757700205
34023009200,9.491258925393566,3.010914045859001
34023009300,9.468144759069131,3.02482311430527
34023009400,9.426711202600958,3.016680423682409
34025800100,8.676766180698152,2.942158676249144
34025800200,8.821409346338125,2.962510531827515
34025800400,8.913841379876797,2.965430056810404
34025800500,9.016698159479808,2.977146366187543
34025800601,9.106091453798768,2.983740911704312
34025800602,9.084989574948665,2.980583284736482
34025800701,9.045539559890486,2.980604370978782
34025800702,9.007768730321698,2.977085101984942
34025800800,8.949045146475017,2.97113458110883
34025800900,8.766839332648871,2.958995381245722
34025801000,8.867343741273101,2.96670827652293
34025801100,8.957806378507871,2.974877145790554
34025801200,8.877237214921287,2.968429018480493
34025801300,8.79609322587269,2.962906557837098
34025801400,8.785153635181383,2.957298197125257
34025801500,8.794281295003422,2.961126160848734
34025801600,9.163735047912389,2.988259303216975
34025801700,9.220348865160849,2.988622463381246
34025801800,9.232117630390144,2.993002557152635
34025801900,9.226984201916496,2.995628887063655
34025802000,9.233968178644764,2.996170342231348
34025802100,9.172790559890486,2.989759364818617
34025802200,9.155501943189596,2.987522061601643
34025802300,9.15323824366872,2.987193679671458
34025802400,9.163323552361396,2.994233986995209
34025802500,9.296574307323751,2.99771703559206
34025802600,9.281185360711841,3.003696948665298
34025802700,9.198291837782341,2.996847638603696
34025802800,9.127720245722108,2.992118492813142
34025802900,9.158738923340178,2.996618958247776
34025803000,9.185243112936345,2.999911288158795
34025803100,9.240906455852156,2.996909091033539
34025803201,9.093810518138262,2.983076542094456
34025803202,9.045094655030801,2.980641999315537
34025803300,8.946620262149213,2.978457098562628
34025803400,8.707486590006845,2.953961442847365
34025803500,8.671187054757016,2.95000085284052
34025803600,8.71025812936345,2.951990915811088
34025803700,8.665829028747433,2.942768812457221
34025803800,8.585190292265572,2.936487764544832
34025803900,8.584116323066393,2.932249307323751
34025804100,8.438685183436003,2.921646693360712
34025804200,8.58919670294319,2.934990652977413
34025804500,8.651197483915127,2.943335234086242
34025804600,8.64967712936345,2.943645508555784
34025804700,8.601606757015743,2.937506841889117
34025804800,8.57841280698152,2.926587457905544
34025805001,8.571480027378508,2.933090169062286
34025805100,8.52378372073922,2.926572701574264
34025805300,8.474663542778918,2.924902052019165
34025805400,8.414331298425736,2.917689500342231
34025805500,8.40991084257358,2.91385962422998
34025805600,8.376140741957563,2.911822972621492
34025805700,8.40050050513347,2.913613178644764
34025805800,8.35216445174538,2.909916497604381
34025805900,8.379691029431896,2.911630997262149
34025806000,8.347988378507871,2.908813544832307
34025806100,8.338128710472279,2.902379082135524
34025806201,8.402498142368241,2.909026645448323
34025806202,8.439991100616016,2.918826054072553
34025806300,8.350407861738535,2.901542302532512
34025806400,8.414222470910335,2.909476561943874
34025806501,8.503512576317591,2.923921405201916
34025806502,8.479559592744695,2.914092344284736
34025806503,8.469710529089665,2.912644221765914
34025806504,8.42235877412731,2.906647554414784
34025806600,8.37243420807666,2.900583229295003
34025807003,8.28905407118412,2.884725208761122
34025807004,8.286964417522245,2.88771074606434
34025807100,8.323015798083504,2.888815997262149
34025807200,8.312677471594798,2.887128136892539
34025807300,8.322609318959617,2.886465049281314
34025807400,8.27813368514716,2.881471938398357
34025807500,8.315567798083504,2.879209515400411
34025807600,8.33624926146475,2.88461258110883
34025807700,8.375199034223135,2.89065141615332
34025807800,8.432432890485968,2.899508044490075
34025807900,8.477187033538672,2.901721342915811
34025808001,8.332736019164956,2.87415424366872
34025808002,8.431544076659822,2.888357874743326
34025808100,8.321330004106776,2.879968772073922
34025808200,8.267711136892539,2.874327041067762
34025808300,8.264857085557837,2.868306412046544
34025808401,8.255982295003422,2.866503055441478
34025808402,8.281359578370979,2.863381485968515
34025808500,8.330880098562628,2.859820547570157
34025808600,8.513785456536619,2.892836757015743
34025808701,8.36939587816564,2.847096460643395
34025808702,8.423937699520876,2.834626370294319
34025808800,8.287096401779603,2.831825636550308
34025808900,8.273791472279261,2.84441259137577
34025809000,8.258174179329227,2.857288287474333
34025809100,8.235317318275154,2.844189760438056
34025809200,8.226831683778234,2.82522511430527
34025809301,8.257729275838467,2.820694058863792
34025809302,8.215390941136208,2.813680301163587
34025809400,8.259096648870637,2.80159014715948
34025809501,9.07510980698152,2.995460073237509
34025809502,9.09299087063655,2.998953999315537
34025809600,9.1050146091718,3.007175000684463
34025809701,8.966894001368925,2.98502433744011
34025809703,9.040933675564682,2.999545547570157
34025809704,8.965400535934292,2.98385785284052
34025809901,8.886600362080767,2.974913867214237
34025809902,8.779283212183436,2.962015147843942
34025809903,8.704032170431212,2.947044446954141
34025810001,9.142288321697468,3.011557176591376
34025810002,9.113743982888433,3.009611000684463
34025810003,9.110757028747433,3.009276861054073
34025810004,9.076793441478439,3.006359820670773
34025810101,9.033843833675565,2.996827290896646
34025810102,9.03387215468857,2.99626807118412
34025810200,9.069091901437372,3.001952772073922
34025810300,9.1280174770705,3.014324757015743
34025810401,8.976151081451061,2.985046189596167
34025810402,8.891128712525667,2.970566543463381
34025810501,8.863765455852156,2.961216844626968
34025810502,8.921304688569473,2.968917049965777
34025810503,8.957259769336071,2.979891868583162
34025810600,8.891519149212868,2.950207968514716
34025810700,8.936894524298426,2.97697406091718
34025810800,8.912489238193018,2.973709869952088
34025810900,8.920382832991102,2.973834716632444
34025811000,8.942621660506502,2.979338293634497
34025811101,8.811857006160164,2.946290526351814
34025811102,8.715755715947981,2.931525169746749
34025811200,8.66270081724846,2.892928016427105
34025811301,8.768033785078713,2.915644689253936
34025811303,8.692616689253936,2.886507965092402
34025811304,8.63427031211499,2.855715065023956
34025811401,8.637695216290212,2.874531841889117
34025811402,8.651399092402464,2.875086123203285
34025811501,8.472944151950719,2.815079815879535
34025811502,8.574309694045174,2.873285023956194
34025811600,8.641982529089665,2.906785764544832
34025811900,9.241181256673511,2.990584689253936
34025812000,9.406395631074606,2.982530115674196
34025812100,8.844672833675565,2.958298685831622
34025812200,8.540287461327858,2.931788195756331
34025812300,8.620716352498289,2.939795750855578
34025812400,8.311209492813142,2.899911761122519
34025812501,9.089325171115674,2.994265793976728
34025812502,9.175536277891855,3.00621821560575
34027040101,9.064090472963724,3.065006847364819
34027040102,9.204978524982888,3.063090790554415
34027040200,9.024391023956194,3.072932354551677
34027040300,8.924503219028063,3.064671814510609
34027040400,8.84739415468857,3.077961996577686
34027040500,8.747304889117043,3.069655396988364
34027040600,8.733857078028747,3.067964513347023
34027040701,8.781944183436003,3.053310295687885
34027040702,8.618159665297741,3.045796051334702
34027040801,8.906845439425051,3.047431622861054
34027040803,9.212062015058179,3.045557386721424
34027040804,8.994377490075291,3.041160826830938
34027040805,9.07237223613963,3.044276761122519
34027040900,8.790718000684463,3.030877262833676
34027041000,8.951341306639288,3.035291175906913
34027041100,8.899860676249144,3.03018606844627
34027041200,8.89746639835729,3.018576199178645
34027041300,8.784420381930185,3.021644960985626
34027041400,8.804667741273101,3.01415959890486
34027041500,8.831897800821355,2.995872221765914
34027041601,8.915167441478439,2.996745776865161
34027041602,8.913375595482546,3.011941409993155
34027041603,8.987816475017112,3.029761008213552
34027041604,8.961242609856263,3.006208850102669
34027041701,9.052922798083504,3.029959572210814
34027041702,9.094074727583847,3.042629480492813
34027041704,9.179627356605065,3.039439178644764
34027041705,9.095962937029432,3.027239467488022
34027041706,9.040009001368925,3.032880061601643
34027041801,9.018547919233402,3.011947439425051
34027041802,9.025299055441478,3.009142692676249
34027041803,9.155187258042437,3.025553436002738
34027041901,9.350653843258042,3.036432216290212
34027041902,9.333369847364819,3.022053687200548
34027042000,9.157511402464066,3.015022159479808
34027042100,9.199502069815195,3.003479065023956
34027042200,9.061603364818617,2.991424060232717
34027042301,8.983951360027378,2.984474008898015
34027042302,8.981832216974675,2.994878674195756
34027042500,9.353260063655031,3.011177017111567
34027042600,9.344044164271047,3.012356626283368
34027042700,9.460458185489391,3.008879590691307
34027042800,9.480953262833676,3.014757389459274
34027042900,9.311601762491444,3.010302114989733
34027043000,9.363726826830938,3.012644020533881
34027043100,9.346985195756331,3.008498713894593
34027043200,9.277574407939767,3.006344299794661
34027043301,9.122450173853525,2.99192237303217
34027043302,9.186236954825462,2.994018814510609
34027043303,9.124866026694045,2.984256540041068
34027043401,8.955734216974675,2.982678741273101
34027043402,8.980808985626283,2.972381435318275
34027043500,9.050937450376454,2.973788598220397
34027043600,9.106627561943874,2.98274579945243
34027043700,9.104679348391513,2.980243686516085
34027043800,9.040090546885695,2.971741389459274
34027043900,9.411474095140315,3.012818081451061
34027044000,9.358778011635866,3.015547538672142
34027044101,9.264823373716632,3.029142260095825
34027044102,9.31012581724846,3.019369062970568
34027044200,9.152970065708419,3.000916125256674
34027044300,8.74170388843258,3.011282572895277
34027044401,8.571821874058864,3.036460190965092
34027044403,8.667389971252567,3.018099155373032
34027044404,8.69676772347707,3.017392836413416
34027044501,8.672888665297741,3.015856353182752
34027044502,8.7256511321013,3.008842268309377
34027044601,8.454343944558522,3.051731726899384
34027044602,8.407833073237509,3.052003445585216
34027044701,8.507003759753593,3.03053424366872
34027044702,8.530744941136208,3.028604700205339
34027044800,8.730844506502396,3.001135752224504
34027044900,8.724653112936345,2.998222110882957
34027045000,8.697246115674196,3.000792494182067
34027045100,8.668756908966461,3.007292841889117
34027045200,8.692830367556468,3.000395959616701
34027045300,8.641303561259411,3.004972353867214
34027045401,8.594844875427789,3.016306562628337
34027045402,8.61286890622861,3.011863190965092
34027045501,8.691097609856263,2.983799407255305
34027045502,8.664344656399726,2.993816446269678
34027045602,8.751091794661191,2.996787178644764
34027045603,8.755304401779603,2.996547725530459
34027045701,8.750149273785079,2.977298317590691
34027045703,8.836921985626283,2.974954301848049
34027045704,8.812295419575633,2.98362223340178
34027045804,8.867146536618754,2.972446665982204
34027045901,8.76707521560575,2.9588051724846
34027045902,8.781980379876797,2.957175006844627
34027046000,8.626571387405886,3.010637369609856
34027046103,8.711037223819302,2.977869252566735
34027046104,8.706895708418891,2.987541485284052
34027046105,8.676146461327858,3.005275136208077
34027046106,8.676173099931554,3.009764836413416
34027046201,8.774518739219712,3.006746403832991
34027046202,8.784164673511294,2.99542674606434
34027046297,8.900661850787132,3.026515151950719
34027046298,8.860860256673511,3.009589368925394
34027046300,8.753545718001369,2.992595783709788
34027046400,8.894157221081451,2.978090045174538
34029710100,8.184742822039699,2.790097422313484
34029711100,8.207703345653662,2.783387877481177
34029711200,8.260994648870637,2.77818850513347
34029711300,8.231738145790554,2.773989098562628
34029711400,8.207352740588638,2.761137438056126
34029712000,8.139789960301164,2.7601710862423
34029713000,8.313336717316906,2.774168552361396
34029713100,8.349792193702943,2.784753978097194
34029713201,8.386954456536619,2.81923413963039
34029713202,8.418646988364134,2.807630061601643
34029713203,8.390429151266256,2.795438232717317
34029713300,8.38891167008898,2.77411505338809
34029713401,8.412804270362765,2.778957437371663
34029713402,8.392293320328542,2.746944649555099
34029713500,8.323569722792608,2.746029823408624
34029713600,8.278817341546886,2.751701872689938
34029713700,8.2426764770705,2.745715123887748
34029713800,8.185370986310746,2.728975655715264
34029713900,8.317922030116359,2.722180414784394
34029714000,8.361575184120465,2.709278052019165
34029714100,8.304772202600958,2.674606449007529
34029714200,8.274124452429843,2.701014909650924
34029714300,8.19382901026694,2.707499286105407
34029714400,8.102825302532512,2.724695488021903
34029715000,8.481157754962355,2.785470849418207
34029715200,8.537754259411362,2.804297439425051
34029715301,8.565554325804244,2.819136815195072
34029715302,8.552117134839151,2.805214257357974
34029715401,8.611662843258042,2.834754091718001
34029715402,8.572460924024641,2.815092912388775
34029715500,8.588629631074606,2.81717551266256
34029715600,8.529351926078029,2.783461493497604
34029715700,8.535480617385352,2.781817502395619
34029715800,8.466870156057495,2.747510371663244
34029715901,8.46357783504449,2.730949978097194
34029715902,8.423692297741273,2.711334788501027
34029716000,8.390126501026694,2.701522933607118
34029717001,8.689232659137577,2.877740170431212
34029717002,8.684340911019849,2.872610227241615
34029717101,8.768854088295688,2.904306072553046
34029717102,8.775066438056126,2.8994173908282
34029717200,8.870015429842574,2.933813985626283
34029717300,8.942318350444901,2.945706238877481
34029717400,8.755008248459959,2.892379748117728
34029717501,8.678935242984257,2.863000812457221
34029717502,8.651585468856947,2.844149130732375
34029718000,8.995032033538672,2.962025169746749
34029720001,8.536489317590691,2.912885124572211
34029720101,8.591439969199179,2.857124880903491
34029720102,8.535723266940452,2.851405003422314
34029720103,8.490166130732375,2.837878588637919
34029720202,8.496337733744011,2.760444674195756
34029720203,8.499252336755647,2.767790979466119
34029720204,8.459768841204654,2.745505552361396
34029720205,8.566307722108145,2.806438454483231
34029720206,8.556187301848049,2.792241794661191
34029721000,8.580005988364134,2.827535033538672
34029722001,8.524543970568104,2.766235769336071
34029722002,8.444102002053388,2.716407039014374
34029722100,8.423947017111567,2.696534488706366
34029722200,8.355190514031485,2.667652302532512
34029722300,8.324263660506502,2.627606330595482
34029722401,8.25295145927447,2.666718049965777
34029722402,8.25356431485284,2.654661664613279
34029722500,8.081457253251198,2.710680820670773
34029722600,8.199563973990418,2.663948254620123
34029722701,8.281753501711157,2.623294504449008
34029722702,8.239440277207392,2.648312598220397
34029722800,8.317230655715264,2.665221011635866
34029722900,8.350895698836413,2.677130471594798
34029723000,8.392310202600958,2.714893952772074
34029723100,8.299244254620123,2.691197092402464
34029723200,8.263481796030116,2.661982925393566
34029723300,8.192526815195072,2.677416538672142
34029723400,8.149732993155373,2.683687012320328
34029723500,8.165640719370294,2.696014257357974
34029723600,8.256694368240931,2.695316414099932
34029724000,8.319215892539357,2.730131449691992
34029725001,8.300673693360712,2.749577361396304
34029725002,8.271771488706366,2.74845447980835
34029725100,8.269050806297057,2.720089505817933
34029726000,8.193709399726215,2.700047328542094
34029727001,8.057410145790554,2.714693225188227
34029727002,8.046562183436003,2.721964553045859
34029728000,8.015222678302532,2.740146711156742
34029729000,8.139681395619439,2.725058041752224
34029730000,8.230346561259411,2.712591311430527
34029731001,8.123479299110198,2.738183889801506
34029731002,8.113554278576318,2.778607234770705
34029731101,8.195341075290897,2.728362672142368
34029731102,8.1839498678987,2.757250027378508
34029731103,8.215031901437372,2.778336729637235
34029731201,8.451121106776181,2.767709540041068
34029731202,8.435684801505818,2.778854735797399
34029731203,8.447401316906229,2.800724397672827
34029731204,8.372521479123888,2.787434017111567
34029731205,8.361974743326489,2.730686158110883
34029731206,8.415032853524983,2.740047724845996
34029732001,8.34805745174538,2.877307351813826
34029732002,8.170266676249144,2.860238346338125
34029732101,8.089455004791239,2.81851968514716
34029732103,8.090577211498973,2.843118302532512
34029732104,8.101223592060233,2.868138571526352
34029733000,8.202994029431896,2.92026644421629
34029734001,8.314601607802875,2.956415776865161
34029734002,8.113126597535934,2.932343055441478
34029734003,8.067503231348392,2.946947370978782
34029735001,8.217100292265572,2.967682474332649
34029735002,8.25026845927447,2.985728819301848
34029735101,8.146958891854894,2.997538095824778
34029735103,8.059725024640657,2.997305155373032
34029735104,8.063556639288159,2.972746596167009
34029736001,8.246613911704312,3.025433033538672
34029736002,8.135860147843942,3.016236702258727
34029736101,8.233336943189596,3.048419086926762
34029736102,8.190867078028747,3.045549793292266
34029736105,8.217737380561259,3.051974816563997
34029737000,8.154461209445585,3.037363716632444
34029738001,7.9401875633128,3.011978421629021
34029738002,7.974706316906229,3.038542303901437
34029738100,7.89075350513347,2.919608171115674
34029739000,7.915262674880219,2.981811041752224
34029739100,8.718300498288843,2.918219028062971
34029980000,7.918818703627652,2.840806803559206
34029980100,8.094949416837782,3.049791042436687
34031116500,8.67900524366872,3.079926753593429
34031124200,9.73743856605065,3.084686661875428
34031124311,9.792384281998631,3.080675339493498
34031124312,9.7922298678987,3.075309646132786
34031124321,9.840095290896646,3.087529320328542
34031124322,9.925415595482546,3.082332919233402
34031124323,9.86996996440794,3.079712281998631
34031124401,9.979723095824778,3.0850095633128
34031124402,10.104007221081451,3.083701553730322
34031124500,9.874720891854894,3.086411481177276
34031124601,9.762858672826831,3.086100287474333
34031124602,9.811864535249829,3.089088628336756
34031124700,9.805172510609172,3.09172152019165
34031124800,9.832923692676249,3.089494778918549
34031124900,9.869084104722793,3.086920031485284
34031125000,9.871705026009582,3.091022744695414
34031125100,9.914589918548939,3.093391932238193
34031133701,9.454383867214237,3.08236150513347
34031133702,9.40231699247091,3.083758631074606
34031143200,9.380255627652293,3.112092086926762
34031143300,9.437409552361396,3.111401460643395
34031143400,9.458658965092402,3.100675805612594
34031154001,9.642660583162218,3.069468279945243
34031154002,9.521480823408624,3.071837533880904
34031163500,9.317650016427105,3.097576556468172
34031175200,9.987609501026694,3.097734891170431
34031175301,9.981576835728953,3.097294253251198
34031175302,9.956552217659138,3.097992160848734
34031175401,9.954830184804928,3.100070455167693
34031175402,9.991977308692676,3.090022869267625
34031175500,9.919377688569473,3.091333943874059
34031175601,10.010616501026694,3.082601119780972
34031175602,9.965710177275838,3.0889898275154
34031175701,10.068216615331964,3.086959717316906
34031175703,10.011924820670773,3.094156180698152
34031175704,10.034515123203285,3.086637584531143
34031175801,10.012095063655031,3.091642952772074
34031175802,9.972775869952088,3.092228988364134
34031175900,10.028962837097878,3.097888802874743
34031180100,9.497316753593429,3.078874790554415
34031180201,9.462469285420945,3.08070331211499
34031180202,9.530119780287474,3.080980633812457
34031180300,9.496830508555784,3.081497663928816
34031180600,9.501923041752224,3.083706049281314
34031180700,9.529689553045859,3.08261242642026
34031180800,9.539110302532512,3.086498381930185
34031180900,9.532561700889802,3.092311808350445
34031181000,9.57384747980835,3.105919057494866
34031181100,9.596012828199863,3.099935338124572
34031181200,9.626926639288159,3.096899056810404
34031181300,9.638502080766598,3.092059733059548
34031181400,9.615170998631075,3.086071468172485
34031181500,9.598287453114305,3.085942560574949
34031181702,9.617425123887748,3.076536219712526
34031181800,9.567967034223135,3.074242927446954
34031181900,9.564848147843942,3.073440804928131
34031182000,9.609147246406571,3.076632524982888
34031182100,9.676374284052019,3.085903460643395
34031182200,9.630910070499658,3.079051663928816
34031182301,9.659057453114305,3.08524084257358
34031182302,9.637362763175907,3.081581504449008
34031182400,9.683365258726899,3.089301000684463
34031182500,9.685300283367556,3.103466445585216
34031182600,9.74262006091718,3.094952793976728
34031182700,9.696258375085558,3.085686044490075
34031182800,9.678566252566735,3.082479405886379
34031182900,9.677001203969884,3.083298242299795
34031183000,9.741918837782341,3.086964925393566
34031183101,9.762209425735797,3.093145151266256
34031183102,9.734810767967146,3.089482358658453
34031183200,9.573226190965092,3.078476881587954
34031196401,8.913206624914442,3.079490846680356
34031196402,8.85701355578371,3.085093576317591
34031203600,9.458626780971937,3.085217212867899
34031216701,8.586323648186174,3.134262271047228
34031216702,8.578941828884326,3.109888916495551
34031223801,9.525738235455168,3.07407513963039
34031223802,9.466194644079398,3.072202882956879
34031223900,9.455097073237509,3.070892377138946
34031236601,8.765275333333333,3.086934593429158
34031236602,8.714229015742642,3.098903047912389
34031246001,9.2085727816564,3.091758926762491
34031246002,8.93356348733744,3.084819358658453
34031246003,9.037809011635866,3.082998798767967
34031246101,9.333919004791239,3.081300100616016
34031246102,9.241421432580424,3.083857564681725
34031246103,9.263952546885695,3.076962032854209
34031246104,9.38752494934976,3.077315247091034
34031246201,9.114689981519507,3.077913212867899
34031246202,9.201047765913758,3.075722455852156
34031246203,9.297247789869952,3.070018173853525
34031246300,9.303665520876112,3.064703374401095
34031256801,8.331314948665298,3.136176449691992
34031256802,8.40944612183436,3.124357052019165
34031256803,8.377286557152635,3.105902879534565
34031256804,8.471054252566735,3.086368882272416
34031256805,8.401258071868583,3.079179038329911
34031264101,9.580971700205339,3.076154064339494
34031264102,9.640647088980151,3.075088134839151
34031264200,9.529328370978782,3.079146049281314
34033020100,10.126969542778918,3.106196235455168
34033020200,10.096389800136892,3.054356507186858
34033020300,10.073757930184805,3.054560396303901
34033020400,10.095174965092402,3.062282260095825
34033020500,10.019217885010267,3.062285511293634
34033020600,9.929006658453114,3.085290857631759
34033020700,9.726116281998631,3.173853076659822
34033020800,9.711987108829569,3.176071527720739
34033020900,9.499351166324435,3.23416484531143
34033021000,9.416153927446954,3.257294936344969
34033021101,9.331481820670773,3.274275223134839
34033021102,9.207052830253251,3.305501335386721
34033021201,9.384820199178645,3.202525136208077
34033021202,9.312383467488022,3.176766967830253
34033021300,9.648777984941821,3.129343610540726
34033021400,9.846523457905544,3.068677603011636
34033021500,9.916432761122519,3.047069707734428
34033021600,9.682164572210814,3.071677817932923
34033021700,9.69072643394935,3.091442811088296
34033021900,9.497990042436687,3.121465998631075
34033022000,9.464659767967146,3.126005859685147
34033022100,9.502034942505134,3.111888583162218
34033022201,9.171542338809035,3.154955874743326
34033022202,9.395323939767283,3.113917969883641
34035050100,9.297089080082136,3.080636889801506
34035050200,9.296556698836413,3.0816176954141
34035050300,9.313756265571526,3.081781394250513
34035050400,9.311084898699521,3.083006632443532
34035050500,9.295612775496236,3.088082570157426
34035050600,9.281761222450376,3.090770890485968
34035050701,9.292393216290212,3.092796811772758
34035050703,9.268318783025325,3.084534366187543
34035050704,9.261162649555099,3.090641201232033
34035050801,9.217507995893224,3.080262547570157
34035050802,9.215145882272416,3.075231377823409
34035050901,9.198194996577686,3.063826872689938
34035050902,9.333218119096509,3.06918473853525
34035050903,9.296597654346338,3.070108489390828
34035051000,9.353548865160849,3.0831624366872
34035051100,9.40142404312115,3.072699747433265
34035051200,9.385167624914442,3.0745775229295
34035051300,9.386383222450376,3.064271805612594
34035051400,9.372900700205339,3.085468755646817
34035051500,9.358191501026694,3.078659821355236
34035051600,9.351292909650924,3.081678444900753
34035051700,9.522637747433265,3.032450516769336
34035051800,9.510028232717317,3.033539819301848
34035051900,9.484366443531828,3.039797637919233
34035052001,9.538341565366188,3.035575844626968
34035052002,9.489251388090349,3.034091151950719
34035052100,9.430700312799452,3.048094474332649
34035052201,9.378335956194387,3.038188250513347
34035052203,9.347195778918549,3.057457975359343
34035052204,9.277630821355236,3.047216400410678
34035052300,9.474609046543463,3.033214349760438
34035052400,9.131593300479124,3.01243393908282
34035052601,9.145408344284736,3.043078004106776
34035052603,9.219417368240931,3.030071093086927
34035052700,9.004615966461328,3.003809371663244
34035052800,8.954634898015058,3.006959291581109
34035052901,9.045804412046544,3.026240121149897
34035052903,9.123231757700205,3.051516336755647
34035052904,9.0578803908282,3.043664841889117
34035053000,9.414698883641342,3.06815124366872
34035053102,9.464222351813826,3.049387965092402
34035053103,9.448149734428474,3.053859299110198
34035053105,9.448498667351129,3.059760226557153
34035053200,9.459629367556468,3.047355661875428
34035053300,9.456024046543463,3.045236535934292
34035053402,9.435672975359343,3.063971364818617
34035053403,9.434624987679672,3.06678331211499
34035053404,9.427706107460643,3.068815191649555
34035053501,9.402724031485284,3.074372907597536
34035053602,9.303332535934292,3.097656421629021
34035053603,9.261031874743326,3.096435252566735
34035053604,9.197583112251882,3.089935355920602
34035053703,9.363771980150582,3.086420868583162
34035053704,9.366808439425051,3.091136420944558
34035053705,9.346477988364134,3.088124916495551
34035053706,9.331297340862423,3.092942479123888
34035053707,9.314846219028063,3.092020336071184
34035053801,9.389814327173169,3.079800151266256
34035053803,9.392015275838467,3.073392977412731
34035053804,9.33428705065024,3.090557877481177
34035053805,9.36658807118412,3.084781496919918
34035053901,9.45424741889117,3.058646579055442
34035053904,9.42355941615332,3.070421762491444
34035053905,9.40907184531143,3.078431453114305
34035054100,9.162209952087611,3.031300342915811
34035054201,9.460096832306639,3.046725646817248
34035054202,9.419102074606434,3.064132506502396
34035054300,9.435494696783025,3.07054846201232
34037371000,8.018833414784394,3.171642344284736
34037371100,8.135680620123203,3.181230394250513
34037371200,8.175217297741273,3.150625055441478
34037371300,8.182207607802875,3.170874610540726
34037371400,8.227552318959617,3.167616336755647
34037371502,8.278950783025325,3.116388807665982
34037371503,8.270236065708419,3.153441867214237
34037371600,8.241413266255989,3.129425188227242
34037371700,8.208911017111567,3.14552929431896
34037371800,8.152454636550308,3.149961508555784
34037371900,8.135005592744695,3.098916720054757
34037372000,8.275906694045174,3.075398572895277
34037372100,8.317473206023272,3.076913759069131
34037372200,8.192110221765914,3.095947911019849
34037372300,8.198589809034908,3.114964804928131
34037372400,8.274261260780288,3.097772560574949
34037372500,8.247613483230664,3.112784831622177
34037372600,8.273371808350445,3.096842901437372
34037372700,8.239950437371663,3.118227232717317
34037372800,8.280858019849418,3.091154609856263
34037372900,8.268793061601643,3.093759352498289
34037373000,8.32145027926078,3.08541887063655
34037373100,8.338246763175907,3.078533316906229
34037373200,8.37722592881588,3.063518104722793
34037373300,8.422970747433265,3.05160875633128
34037373400,8.41410605338809,3.057324101300479
34037373500,8.453446966461328,3.056903904859685
34037373600,8.418500039014374,3.062525613278576
34037373700,8.376113619438741,3.070831926078029
34037373800,8.389018247775496,3.067470186173854
34037373900,8.38205535797399,3.056574271731691
34037374000,8.447562054757016,3.052839110198494
34037374100,8.554674006844627,3.034420374401095
34037374200,8.59326489596167,3.022385584531143
34037374300,8.550919381930185,3.034670693360712
34037374400,8.483381128678987,3.046978206707734
34037374500,8.508807998631075,3.041113967145791
34037374600,8.607112722108145,3.016236596167009
34037374700,8.54511659890486,3.02546319301848
34037374800,8.587354075975359,3.023330577686516
34037374900,8.566746360711841,3.024952203969884
34039030200,10.227730335386721,2.914224489390828
34039030400,10.231457715263518,2.916336344969199
34039030500,10.205657216974675,2.906860405201916
34039030600,10.196494086926762,2.895660046543463
34039030701,10.159696793976728,2.912003954825462
34039030702,10.164695185489391,2.915169972621492
34039030802,10.177530979466119,2.912168425735797
34039030900,10.190319070499658,2.905958206023272
34039031000,10.206741224503764,2.911173921971253
34039031100,10.18070216495551,2.91369438329911
34039031200,10.209421161533196,2.917492090349076
34039031300,10.212146873374401,2.93039283504449
34039031400,10.166112704996578,2.922756449007529
34039031500,10.207426951403148,2.941111517453799
34039031601,10.153653372347707,2.929905108829569
34039031602,10.173315793292266,2.939321874743326
34039031700,10.143742971937029,2.927877081451061
34039031801,10.12671301779603,2.931075004791239
34039031802,10.136867789185489,2.928785575633128
34039031903,10.140606745379877,2.919453401779603
34039031904,10.149182841204654,2.922863673511294
34039032001,10.118179524298426,2.92686452019165
34039032002,10.135681430527036,2.916791664613279
34039032100,10.092607582477755,2.938560728268309
34039032200,10.103540741957563,2.958596566735113
34039032300,10.064970663244353,2.961131212183436
34039032400,10.072236266940452,2.961680327857632
34039032500,10.123045384668036,2.94326093908282
34039032600,9.998869382614648,2.972955937713895
34039032700,9.917999898015058,2.982879221081451
34039032800,9.878036143737166,2.993144366872006
34039032901,9.862690120465435,2.991431
34039032902,9.850660839835729,2.991597549623546
34039033000,9.876856611225188,2.983993295687885
34039033100,9.959009201916496,2.975262206707734
34039033200,10.029449650924025,2.963699162902122
34039033300,9.97128548733744,2.966204943874059
34039033400,10.038646158795346,2.956910908966461
34039033500,10.076425724845996,2.950810115674196
34039033600,9.906822374401095,2.973873260095825
34039033700,10.058424914442163,2.947564234770705
34039033800,9.973745021902806,2.960965439425051
34039033900,10.000831770020534,2.953290449007529
34039034000,10.02751049486653,2.951186210814511
34039034100,10.093616506502396,2.936425900068446
34039034200,10.009073011635866,2.951978177960301
34039034300,9.998037753593429,2.947974802874743
34039034400,10.07268019301848,2.938452997946612
34039034500,10.117620536618754,2.924594281998631
34039034600,10.077276314168378,2.937975507186858
34039034700,10.050082180698152,2.940311219028063
34039034800,9.978759874743326,2.957732109514032
34039034900,9.986700565366188,2.951758770020534
34039035000,10.005223843258042,2.95107883504449
34039035100,10.079817212867899,2.93673434770705
34039035200,10.141868303216975,2.916840770020534
34039035300,10.065325954825462,2.932589623545517
34039035400,10.074966088295688,2.928763256673511
34039035500,9.937166774811773,2.95359739835729
34039035600,9.84991690349076,2.96780767008898
34039035700,9.881281742642026,2.958751555099247
34039035800,9.881153084873374,2.953327907597536
34039035900,9.907390562628337,2.955952199863108
34039036000,9.931431395619439,2.945817771389459
34039036100,9.909901388090349,2.96179614715948
34039036200,9.881395474332649,2.964229701574264
34039036301,9.834856626283368,2.977815932922656
34039036302,9.777643006160164,2.99266452019165
34039036400,9.763209299110198,2.995662611909651
34039036500,9.682428141683778,3.007364287474333
34039036600,9.721023339493498,3.00199831485284
34039036700,9.755552118412046,3.000696950718686
34039036800,9.788169751540041,2.992735409993155
34039036900,9.809199553730322,2.986273321013005
34039037000,9.887161021902806,2.973192986995209
34039037100,9.830965767967146,2.985900205338809
34039037200,9.904638460643395,2.973787468172485
34039037300,9.913283112936345,2.965553924024641
34039037400,9.84725646954141,2.978401184804928
34039037500,9.790337162217659,3.003629816563997
34039037601,9.723263158110883,3.003090863791923
34039037602,9.801897909650924,2.99774400752909
34039037700,9.582147373716632,3.009426715263518
34039037800,9.556303183436003,3.015909676933607
34039037900,9.597514861054073,3.012081826830938
34039038000,9.66240694934976,3.009237993839836
34039038101,9.539719145790554,3.021633040383299
34039038102,9.478537409308693,3.018082817932923
34039038201,9.511884143737166,3.019767449007529
34039038202,9.433288410677618,3.028216303216975
34039038300,9.66238296440794,3.011432038329911
34039038400,9.588312639288159,3.016524479123888
34039038500,9.629263220396988,3.012307465434634
34039038601,9.720538668035592,3.003215240246407
34039038602,9.656945930184805,3.014639499657769
34039038700,9.619463338809035,3.013558466803559
34039038800,9.565173255304586,3.02203516495551
34039038900,9.554482084188912,3.027296778918549
34039039000,9.561406838466804,3.029794854893908
34039039100,9.607863435318275,3.02402676659822
34039039200,9.578275331279945,3.026150793976728
34039039300,9.536975527036276,3.032380130732375
34039039400,9.50063372347707,3.041488993155373
34039039500,9.505281249828884,3.037720090349076
34039039600,9.551694763175907,3.036833103353867
34039039700,9.583089587268994,3.027040596851472
34039039800,10.254083454483231,2.936774691991786
34039039900,10.159832379876797,2.913692323750856
34041030600,10.052526537303217,3.130647232032854
34041030700,10.100751955509925,3.13668184531143
34041030800,10.012465107460643,3.12920490349076
34041030900,10.078126339493498,3.137986437371663
34041031101,8.710823490075291,3.007370713894593
34041031102,8.624450238877481,3.024647412046544
34041031200,8.958490674880219,2.985237343600274
34041031301,8.796416750171116,3.014878559206023
34041031302,8.67387070294319,3.019398628336756
34041031401,8.749997305270363,3.011103186858316
34041031402,8.799414564681725,3.014968607118412
34041031500,8.986571966461328,3.038052436002738
34041031601,9.261313958247776,3.056541127994524
34041031602,9.183415472279261,3.05331395687885
34041031700,9.306563486652977,3.051604518822724
34041031800,9.669113302532512,3.116118618754278
34041031900,9.271441833675565,3.087579347022587
34041032000,9.257235939767283,3.081153977412731
34041032101,9.537993924709103,3.119051845995893
34041032102,9.812801707734428,3.141219762491444
34041032200,9.913484995208761,3.128797504449008
34041032300,10.029151230663929,3.160016575633128
34041032400,9.999346587953456,3.151854326488706
35001000107,6.705912177275838,2.415848162217659
35001000108,6.81823287063655,2.426622266255989
35001000109,6.925996546885695,2.433333522245038
35001000110,6.914963608487337,2.424563810403833
35001000111,6.807869513347023,2.417917578370979
35001000112,6.701233815879535,2.406640177275838
35001000113,6.799406554414784,2.413596589322382
35001000114,6.889281581793292,2.417355470910335
35001000115,6.86761941615332,2.408217497604381
35001000116,6.777839648186174,2.403967112251882
35001000117,7.01166058110883,2.4347683045859
35001000118,7.100061674880219,2.4411523908282
35001000119,7.107270489390828,2.436947501711157
35001000120,7.002184341546886,2.425958966461328
35001000121,6.974481440109514,2.415603277891855
35001000122,7.067565550992471,2.427138021902806
35001000123,6.946122216290212,2.40526571321013
35001000124,7.053289315537303,2.415368221765914
35001000125,6.669094690622861,2.39653007871321
35001000126,6.765243063655031,2.394231097193703
35001000127,6.860832229295003,2.398795119096509
35001000128,6.847728537303217,2.399493338124572
35001000129,6.755857402464066,2.394591334017796
35001000203,7.201444210814511,2.453088636550308
35001000204,7.273297941136208,2.477149507186858
35001000205,7.252746071868583,2.470377676249144
35001000206,7.195782875427789,2.447847145106092
35001000207,7.165079310061602,2.442181012320328
35001000208,7.238367608487337,2.465599887063655
35001000300,7.325034528405202,2.505001001368925
35001000401,7.228474561943874,2.460724263518138
35001000402,7.201695173853525,2.456536274469541
35001000501,7.125695344969199,2.420923594113621
35001000502,7.212728270362765,2.454638058863792
35001000601,7.072021757015743,2.414832600958248
35001000603,6.983545750171116,2.398352013689254
35001000604,7.06045229705681,2.407577455852156
35001000704,6.804011771389459,2.395516342915811
35001000707,6.901571008898015,2.389709893908282
35001000708,6.769189108145106,2.384184310746064
35001000710,6.489625824093087,2.368271325119781
35001000711,6.615935350444901,2.382231002053388
35001000712,6.694898891170431,2.385110102669404
35001000713,6.6641421321013,2.371838348391513
35001000714,6.727687865845311,2.370594485968515
35001000801,6.563422159479808,2.384097234770705
35001000901,6.98108652019165,2.390139483230664
35001000903,7.055069005475702,2.395108536618754
35001000904,7.019578735112936,2.386063292950034
35001001101,7.144650892539357,2.433650907597536
35001001102,7.223999116358658,2.467881058179329
35001001200,7.218089459958932,2.496672830253251
35001001300,7.310772095140315,2.536022977412731
35001001400,7.378474552361396,2.564033839835729
35001001500,7.35769220054757,2.541411889117043
35001001600,7.347170598220397,2.529982475701574
35001001700,7.281236798767967,2.494326736481862
35001001800,7.334359116358658,2.512084467488022
35001001900,7.36090465229295,2.531013174537988
35001002000,7.377701174537988,2.544910321697468
35001002100,7.39268764202601,2.560489101984942
35001002200,7.406074032854209,2.589894161533196
35001002300,7.39979554825462,2.607352675564682
35001002401,7.400479328542094,2.631414962354552
35001002402,7.400113003422314,2.640782081451061
35001002500,7.421681683093771,2.605072663244353
35001002600,7.41806946201232,2.598421652977413
35001002700,7.400945324435318,2.564523759069131
35001002900,7.406124722792608,2.56412922587269
35001003001,7.434597334702259,2.600649539356605
35001003002,7.413000407255305,2.620909657084189
35001003100,7.417715552361396,2.619309654346338
35001003201,7.410661082819986,2.580151388774812
35001003202,7.43179337577002,2.583038378507871
35001003400,7.356288812457221,2.523523335386721
35001003501,7.410115832991102,2.594977526351814
35001003502,7.422792307323751,2.621086924709103
35001003600,7.42781645174538,2.662834073921971
35001003707,7.131263871321013,2.457101264202601
35001003712,7.089820859685147,2.504773302532512
35001003714,7.215554735797399,2.462734496235455
35001003715,7.040163726214921,2.473188041752224
35001003717,7.027659831622177,2.456630257357974
35001003718,7.02186927652293,2.445376798767967
35001003719,6.867929442847365,2.437243767967146
35001003721,6.545517381930185,2.439310465434634
35001003722,7.207965466119096,2.567762928131417
35001003723,7.220499074606434,2.524536567419576
35001003724,7.15352443394935,2.481249985626283
35001003725,7.242480017111567,2.503254412731006
35001003726,6.854938046543463,2.45938117522245
35001003728,6.940782912388775,2.447672496235455
35001003729,6.861554069130732,2.474339594113621
35001003730,6.997770367556468,2.489302796030116
35001003731,6.897723080082136,2.506658815195072
35001003732,7.080343414784394,2.537399856262834
35001003733,7.277554323066393,2.481696976728268
35001003735,7.374174800136892,2.56064439835729
35001003736,7.324759684462697,2.575277997262149
35001003737,6.81622079192334,2.441511064339494
35001003738,6.87433907118412,2.449715832991102
35001003803,6.03540345174538,2.42916432991102
35001003804,6.04956122587269,2.416210151266256
35001003805,6.38986673853525,2.400130429842574
35001003806,6.01182440109514,2.400237388774812
35001003807,5.766948284052019,2.360719326488706
35001004001,7.000532937029432,2.51498574606434
35001004300,7.360297437371663,2.582995813826146
35001004401,7.374680945242984,2.625137874058864
35001004402,7.323805280629706,2.626718252566735
35001004501,7.287303107460643,2.576973399041752
35001004502,7.31236165982204,2.598663065708419
35001004602,7.145830417522245,2.649566761806982
35001004603,7.253632088980151,2.609384732375086
35001004604,7.19231098220397,2.618796565366188
35001004712,7.251294056810404,2.674059391512663
35001004713,7.245928099247091,2.668107979466119
35001004715,7.100439371663244,2.659218478439425
35001004716,7.412080360027378,2.68832031485284
35001004717,7.377396994524298,2.69305689596167
35001004720,7.346152224503764,2.689195627652293
35001004722,7.410969156057495,2.64651234017796
35001004723,7.399647290896646,2.668641384668036
35001004724,7.344585989048597,2.666659117727584
35001004725,7.36709834770705,2.662539265571526
35001004726,7.336614608487337,2.662019073921971
35001004727,7.374341775496236,2.665757472963724
35001004728,7.396067577686516,2.656307963039014
35001004729,7.398676388090349,2.636927404517454
35001004733,7.303721238193018,2.658991955509925
35001004734,7.311474336071184,2.651184247091034
35001004735,7.326440023271732,2.635970162902122
35001004736,7.123865587268994,2.662230941136208
35001004737,7.220343036276523,2.661741618754278
35001004738,7.257954840520192,2.64621618275154
35001004739,7.361847740588638,2.681437885010267
35001004740,7.385221130732375,2.655573061601643
35001004741,7.384986862422998,2.665085279945243
35001004742,7.332661803559206,2.655023803559206
35001004743,7.328903,2.66817754825462
35001004744,7.176756625598905,2.663698835728953
35001004745,7.317960073921971,2.69562490349076
35001004746,7.15067611156742,2.683680391512663
35001004747,7.25289719028063,2.687163485968515
35001004748,7.171281127310062,2.680226890485968
35001004749,7.390844993155373,2.648450184804928
35001004750,7.369024988364134,2.652074945242984
35001004751,7.329598386721424,2.68023906844627
35001004752,7.40697792128679,2.676029245722108
35001004753,7.423230254620123,2.680157611225188
35001940500,6.895761597535934,2.52867701779603
35001940600,5.980106720054757,2.469605396303901
35001940700,6.929226758384668,2.655280141683778
35003976400,4.855001177960301,2.534049483915127
35005000201,7.322614618069815,3.604208636550308
35005000202,7.289593811772758,3.598398528405202
35005000300,7.274399121149897,3.593709425735797
35005000400,7.332944911019849,3.61484998220397
35005000500,7.333862995893224,3.61259598220397
35005000600,7.362135696098563,3.626372
35005000700,7.311648095824778,3.608158381245722
35005000800,7.281069345653662,3.588433252566735
35005000900,7.22506851266256,3.578260696783025
35005001001,7.227050399041752,3.573847332648871
35005001002,7.201633381245722,3.562948710472279
35005001101,7.252205917864476,3.580295847364819
35005001102,6.020712743326489,3.054700830253251
35005001200,6.273996665297741,3.201378257357974
35005001300,7.135357696098563,3.55450824366872
35005001400,6.921367166324435,3.461087021902806
35006941500,4.703787212183436,2.330257822724162
35006945800,4.736185754962355,2.472597366872006
35006946100,5.092794273785079,2.387853399726215
35006974201,5.162233936344969,2.573312652977413
35006974202,5.185215036276523,2.591587199863108
35006974400,5.189629501026694,2.602523728268309
35006974700,4.666019696098563,2.421849463381246
35007950500,4.843004415468857,2.572490522245038
35007950600,4.534288611225188,2.423462811772758
35007950700,4.6907373908282,2.488401867214237
35009000100,7.097492292265572,3.624964995893224
35009000201,7.077320804928131,3.613541692676249
35009000202,7.099209733744011,3.624287715263518
35009000301,7.088226983572895,3.621641848049281
35009000303,7.118331224503764,3.640982301163587
35009000304,7.096534527720739,3.631452154004107
35009000400,7.124372099931554,3.637446773442847
35009000500,7.12783142642026,3.645079242299795
35009000601,6.423494257357974,3.322268271047228
35009000602,6.514307881587954,3.373978032169747
35009000603,7.152037366872006,3.644574656399726
35009000900,6.992470546885695,3.571672687200548
35011960100,5.857105491444216,3.035479432580424
35013000102,8.433614577002053,3.551528638603696
35013000103,8.427703889801506,3.56651265229295
35013000104,8.448034718685832,3.585980268309377
35013000201,8.415715202600958,3.5343754366872
35013000202,8.382301415468857,3.543055431895962
35013000300,8.421299165639973,3.544790305954826
35013000401,8.434012702258727,3.529986381245722
35013000402,8.414620332648871,3.529704030116359
35013000500,8.432454305270363,3.540349455167693
35013000600,8.430589001368925,3.531186508555784
35013000700,8.423483874743326,3.534314147843942
35013000800,8.411880560574949,3.518018661190965
35013000900,8.43669035523614,3.53257548733744
35013001000,8.436063358658453,3.528361971252567
35013001102,8.402179937713895,3.526088794661191
35013001103,8.484678524982888,3.558737476386037
35013001104,8.465985704312115,3.530043405201916
35013001201,7.882230467488022,3.39600819301848
35013001203,8.401661593429158,3.519456718685832
35013001204,8.176121388090349,3.440007214236824
35013001205,8.360569179329227,3.513864395619439
35013001303,8.135517191649555,3.507225967145791
35013001304,7.977290263518138,3.435262282683094
35013001305,7.323459191649555,3.277747227926078
35013001306,8.294253937029432,3.537098546885695
35013001307,6.897414740588638,3.183291002053388
35013001400,6.605616041752224,3.132663968514716
35013001500,7.193901116358658,3.234507199863108
35013001600,8.414938088980151,3.499844844626968
35013001701,7.345218273100616,3.200710424366872
35013001702,8.45015862696783,3.451459919233402
35013001703,8.967943808350445,3.496338110882957
35013001705,9.584491329226557,3.424702800136892
35013001706,9.520768872005476,3.420231235455168
35013001707,9.419807156057495,3.445099246406571
35013001801,8.546055067761807,3.529977364134155
35013001802,8.805880501026694,3.555779529774127
35013001804,8.773956792607803,3.521728673511294
35013001805,9.091232836413416,3.579069915126626
35013001806,9.054661321013005,3.574265841889117
35013001900,6.624420238877481,3.074171840520192
35015000100,7.293613619438741,3.611488841889117
35015000200,7.323308876796715,3.628386568788501
35015000300,7.274339916495551,3.601900787132101
35015000401,7.034123333333333,3.493259093086927
35015000402,7.199466222450376,3.572717887748118
35015000500,7.214826058863792,3.576176295003422
35015000600,7.214537212183436,3.576797382614648
35015000700,6.403433478439425,3.229549534565366
35015000800,6.700607370294319,3.369298839151266
35015000900,7.021418319644079,3.50550275633128
35015001000,7.06210376659822,3.517262446269678
35015001100,7.068058510609172,3.517762720054757
35017964100,5.254597394250513,2.710269255304586
35017964200,5.387721605749487,2.795173678986995
35017964300,5.88315852019165,2.964550045174538
35017964400,5.993907505817933,3.012359514031485
35017964500,5.858004310061602,2.953107924024641
35017964600,5.786862659137577,2.92035420054757
35017964700,5.964284566735113,2.998073762491444
35017964800,5.908989536618754,3.00289523340178
35019961600,5.505574028062971,2.838959150581793
35021000100,5.265112773442847,2.781173283367556
35023970000,5.667792608487337,2.892712656399726
35023970200,5.972482962354552,3.031447511978097
35025000100,7.678238951403148,3.508453600273785
35025000200,7.617574484599589,3.501076878850103
35025000300,7.658051430527036,3.513248625598905
35025000400,7.701886,3.521153785763176
35025000502,7.763287986995209,3.53989123340178
35025000503,7.730596560574949,3.526106621492129
35025000504,7.696124457905544,3.524168973990418
35025000600,7.673644847364819,3.51242233744011
35025000701,7.698765843942505,3.562370342915811
35025000702,7.164913759753593,3.406174981519507
35025000703,7.680394149897331,3.533571105407255
35025000704,7.723004451060917,3.543420281314168
35025000800,7.116652958247776,3.421213160848734
35025000900,6.765677952772074,3.354698392197125
35025001003,7.225728509240246,3.465988209445585
35025001004,7.163772262833676,3.444936735797399
35025001005,7.19823470294319,3.45948853045859
35025001100,6.749994221081451,3.318791770020534
35027960200,5.255712062286105,2.685015361396304
35027960300,5.383294135523614,2.767168425051335
35027960400,5.520421189596167,2.819974364818617
35027960600,5.398136896646133,2.748536715947981
35027960800,5.40404160164271,2.753106214921287
35028000100,5.275774397672827,2.477001762491444
35028000200,4.997547900752909,2.365331814510609
35028000400,5.334876668035592,2.475486271047228
35028000500,5.421988073237509,2.496696966461328
35029000100,7.020122049965777,3.380416580424367
35029000200,7.060686193702943,3.414108911704312
35029000300,7.043790164271047,3.400727295687885
35029000400,6.614119451060917,3.180498815195072
35029000500,6.832603636550308,3.334615635181383
35029000600,6.983843140314853,3.37188395687885
35031940300,5.203162137577002,2.71097132991102
35031940500,5.091632599589322,2.663265837782341
35031943500,5.0433553908282,2.611685041752224
35031943600,5.486103587953456,2.814903369609856
35031943700,5.434627726899384,2.808049688569473
35031943800,5.015087256673511,2.624995054072553
35031943901,5.724698808350445,2.937388717316906
35031943902,5.908298323066393,3.011091058179329
35031944000,4.705263506502396,2.381467540041068
35031945200,6.273761325119781,3.172483833675565
35031945300,6.282076184120465,3.161233527036276
35031945400,6.220411138261465,3.136476983572895
35031945500,6.066122917180014,3.075051675564682
35031945600,6.139378113620808,3.107799301163587
35031945700,5.267405847364819,2.750451385352498
35031946000,5.152576277207392,2.62371306091718
35031973100,4.914809548939083,2.570439220396988
35033955200,4.661934544147844,2.435098116358658
35035000100,6.541796195756331,3.190859289527721
35035000200,6.545646780971937,3.192549399041752
35035000303,6.523325688569473,3.185536691991786
35035000304,6.518587969883641,3.18572919301848
35035000305,6.527253257357974,3.186001095824778
35035000306,6.440932429158111,3.148137657768652
35035000401,6.441632311430527,3.151556492813142
35035000402,6.519841564681725,3.174830581793292
35035000500,6.663710249144422,3.236307844626968
35035000601,6.504461704996578,3.08822047980835
35035000602,6.432310080082136,3.129156062970568
35035000603,6.400036893908282,3.139276425051335
35035000700,6.09341572347707,3.017377210814511
35035000901,5.442677034907598,2.758883234086242
35035000902,6.214170916495551,3.013098559890486
35035940000,5.385787604380561,2.746558894592745
35037958601,5.898631694045174,3.078399708418891
35037958602,5.874593195071869,3.064378775496236
35037958900,5.961729869267625,3.113226344284736
35039000100,4.75298487816564,2.364753656399726
35039000200,5.281634668720055,2.578998375085558
35039000300,5.613770610540726,2.698934638603696
35039000400,4.534793320328542,2.341003092402464
35039000500,4.467080863791923,2.336482027378508
35039940700,5.945931893908282,2.774314183436003
35039940800,5.651524145106092,2.644080767282683
35039941000,4.773352015058179,2.483747071868583
35039944100,5.814510828199863,2.745732516084873
35041000100,6.978891582477755,3.553743004791239
35041000200,6.993969807665982,3.559943640657084
35041000300,6.946795290896646,3.535749079397673
35041000401,6.272666631074606,3.243767541409993
35041000402,6.489881101300479,3.323944340862423
35043010503,6.865453344284736,2.675355691307324
35043010601,7.316862069130732,2.685017443531828
35043010602,7.310354156741958,2.706962635181383
35043010702,7.084098212183436,2.709935862422998
35043010703,7.228682511293634,2.737182921971253
35043010705,7.180399099247091,2.713749055441478
35043010712,7.134611718685832,2.703356373716632
35043010713,7.025198092402464,2.679683234770705
35043010714,7.264856320328542,2.71801528678987
35043010715,7.26091027652293,2.718178981519507
35043010716,7.314560694729637,2.711212819986311
35043010717,6.789215393566051,2.684662848049281
35043010718,7.015284940451745,2.728135073921971
35043010719,7.326534148528405,2.704738522245038
35043010720,7.174679235455168,2.691795953456537
35043010721,6.945114696783025,2.694217500342231
35043010722,6.791131648870637,2.651636746748802
35043010723,6.183104486652977,2.538956929500342
35043010900,4.781057880219028,2.27846632991102
35043011000,5.333321822039699,2.385805739219712
35043011100,6.278898284052019,2.531798630390144
35043011200,4.670154008213552,2.220255669404518
35043940200,5.895610868583162,2.555691447638604
35043940300,5.451297794661191,2.524002590691307
35043940500,6.981797582477755,2.68290767008898
35043940600,5.069839768651608,2.306373917180014
35043940700,6.211448596167009,2.588174839151266
35043940900,4.764151316221766,2.421664917864476
35045000100,6.841525416837782,3.238719725530459
35045000201,6.717139650924025,3.166890819301848
35045000202,6.762299619438741,3.186435646132786
35045000204,6.817631718685832,3.208162775496236
35045000205,6.848383311430527,3.228157051334702
35045000301,6.846945517453799,3.223597364134155
35045000302,6.846203067761807,3.235445959616701
35045000401,6.814961041067762,3.230510865845311
35045000402,6.821369576317591,3.235411072553046
35045000503,6.749844208761122,3.216629089664613
35045000504,6.362653292265572,3.087008308692676
35045000505,6.682753018480493,3.205881704996578
35045000607,6.814531867214237,3.23268348733744
35045000608,6.762986415468857,3.203748428473648
35045000609,6.506463318959617,3.121245829568788
35045000610,6.316260401779603,3.053492994524298
35045000611,5.681005052703628,2.802870170431212
35045000612,6.388348360027378,3.066900924024641
35045000613,6.423300572210814,3.059604698836413
35045000702,5.878802407939767,2.925048177960301
35045000705,6.539879886379192,3.151891832991102
35045000706,5.510665592060233,2.760081103353867
35045000707,6.639144588637919,3.182631145790554
35045000708,6.786031790554415,3.237669413415469
35045000900,6.704531264202601,3.216162544147844
35045942801,5.885723109514032,2.957605605065024
35045942802,6.079211507186858,3.020205187542779
35045942803,6.070075830253251,3.022289176591376
35045942900,4.754782431895962,2.499715783709788
35045943000,5.514103244353183,2.805105270362765
35045943100,4.851946062286105,2.555612715263518
35045943201,5.150777712525667,2.650985060232717
35045943300,5.777244274469541,2.822638863107461
35047957200,5.211956622861054,2.595652955509925
35047957300,5.243669846680356,2.612719432580424
35047957400,5.222808632443532,2.603270529774127
35047957500,5.080046412046544,2.65978045927447
35047957600,4.785666704312115,2.354851187542779
35047957700,5.208204561943874,2.541119048596852
35047957800,5.175127719370294,2.574536026694045
35049000101,5.670242557152635,2.568516444900753
35049000200,5.872086564681725,2.631341478439425
35049000300,5.859571737166324,2.619016104722793
35049000400,5.824105152635181,2.607039589322382
35049000500,5.78262987063655,2.597180664613279
35049000600,5.870868840520192,2.619848941136208
35049000700,5.914152377138946,2.636190351129363
35049000800,5.983821805612594,2.666101465434634
35049000900,6.036643291581109,2.679869648186174
35049001001,5.909826412731006,2.630153066392882
35049001002,5.988567963039014,2.660509332648871
35049001102,5.946274833675565,2.644482896646133
35049001103,6.053028919917864,2.683306028062971
35049001105,6.047085837097878,2.680134627652293
35049001106,6.20105484531143,2.741906179329227
35049001107,6.116441725530459,2.70868141615332
35049001202,6.192794762491444,2.740978356605065
35049001203,6.21004853798768,2.754161752224504
35049001204,6.262191754962355,2.767527178644764
35049001205,6.315737667351129,2.784440045174538
35049001301,6.32823335523614,2.787182115674196
35049001302,6.288408473648186,2.774481162217659
35049001303,6.337723448323066,2.788380384668036
35049001304,6.373612696783025,2.79487958384668
35049010102,5.187150897330596,2.490500430527036
35049010203,5.024349212867899,2.386968536618754
35049010204,5.919642868583162,2.685965463381246
35049010304,6.300000403148528,2.782689863107461
35049010308,6.306896997262149,2.744621042436687
35049010309,5.821001872005476,2.61734743394935
35049010310,5.778303370978782,2.591040244353183
35049010311,5.992786924024641,2.50055603559206
35049010312,6.035912364818617,2.526392538672142
35049010314,6.273096995208761,2.765996002737851
35049010315,6.196561973990418,2.737370531143053
35049010316,6.104171488706366,2.704783877481177
35049010400,5.673133171115674,2.569458430527036
35049010500,5.429231085557837,2.495105167693361
35049010601,6.287618040383299,2.773611049281314
35049010602,6.134593028062971,2.718700281314168
35049010603,6.183803014373717,2.72840198220397
35049010700,5.924502603696099,2.657544437371663
35049010800,5.327878005475702,2.469718323066393
35049010900,6.147206039698836,2.726663136892539
35049940300,5.750966895277207,2.652884110882957
35049940400,5.675965724161533,2.606049351129363
35049940500,5.465589403832991,2.563761603011636
35049940600,5.860673802190281,2.709372603696099
35049940900,5.922818507871321,2.760978115674196
35049980000,6.400368750171116,2.799579507186858
35051962200,5.902091453114305,2.942663143737166
35051962300,5.888216074606434,2.935817562628337
35051962401,5.631085396303901,2.803993376454483
35051962402,5.31613142642026,2.709786893223819
35053940000,4.716096356605065,2.376348079397673
35053978100,5.313186146475017,2.65166562696783
35053978200,4.826088427789186,2.461103413415469
35053978301,5.296673707049966,2.625169639288159
35053978302,5.414458816563997,2.6675912183436
35053978303,5.417976090349076,2.680341368240931
35055940000,4.844641680355921,2.451512929500342
35055940100,4.84469717522245,2.501365567419576
35055952100,4.431184400410678,2.363711557837098
35055952300,4.709229752224504,2.465781466119096
35055952600,5.06426831211499,2.571781255989049
35055952700,4.669083644079398,2.394841114989733
35057963201,5.989334186858316,2.538431590006845
35057963202,5.840769440793977,2.648608509240246
35057963600,5.704501230663929,2.601085972621492
35057963700,5.384585143737166,2.636036184120465
35059950200,5.202083697467488,2.751993930869268
35061940300,6.242448535934292,2.478133700205339
35061970101,6.148709146475017,2.517771760438056
35061970102,6.62484459890486,2.671698582477755
35061970200,6.781963793292266,2.693300263518138
35061970301,6.085695743326489,2.533054524982888
35061970302,6.088929210814511,2.588851039014374
35061970303,6.558687142368241,2.738555559890486
35061970401,6.651359106776181,2.700007013689254
35061970404,6.606512557837098,2.706865351129363
35061970405,6.420921440793977,2.688042977412731
35061970700,6.507047696098563,2.735150498288843
35061970800,6.312840113620808,2.728644327857632
35061970901,6.274042778234086,2.730722015058179
35061970902,6.05067131485284,2.699949324435318
35061971000,6.202948559890486,2.710200848049281
35061971100,5.709087264202601,2.567339098562628
35061971300,5.318633874058864,2.417367467488022
35061971400,6.18763134770705,2.599946498288843
36001000100,8.409793546885695,3.3014399137577
36001000200,8.409934980150582,3.301642572895277
36001000300,8.43480999247091,3.333629363449692
36001000401,8.396545069815195,3.410962323066393
36001000403,8.421383862422998,3.353154904859685
36001000404,8.427551075290897,3.381775929500342
36001000501,8.417996813141684,3.321784625598905
36001000502,8.411964727583847,3.322891529089665
36001000600,8.410641674880219,3.311904245722108
36001000700,8.415746174537988,3.306860988364134
36001000800,8.406151575633128,3.30517055578371
36001001100,8.397711508555784,3.286086748117728
36001001400,8.39831431485284,3.29417092881588
36001001500,8.394160646817248,3.305092124572211
36001001600,8.394522507871321,3.316418991786448
36001001700,8.398924071868583,3.329044897330596
36001001801,8.347929559206023,3.328029281314168
36001001802,8.398373804928131,3.351673544147844
36001001901,8.380141110882957,3.305960210130048
36001001902,8.366576674195756,3.30744007871321
36001002000,8.350182014373717,3.287960957563313
36001002100,8.385537859000684,3.299112549623546
36001002200,8.390034818617385,3.28812679945243
36001002300,8.384556597535934,3.285650911019849
36001002500,8.38344592881588,3.27502384257358
36001002600,8.356489970568104,3.277039359342916
36001012700,8.489461143737166,3.434580485968515
36001012800,8.5015980862423,3.438290675564682
36001012900,8.544664383983573,3.4640502183436
36001013000,8.559654905544148,3.470571171800137
36001013100,8.484531270362765,3.416990950718686
36001013200,8.467414084188912,3.394008911704312
36001013300,8.480080801505818,3.397817353867214
36001013400,8.45297834770705,3.364880824093087
36001013503,8.578238650239562,3.478609325119781
36001013505,8.550071830253251,3.437461286105407
36001013506,8.540966945927447,3.431714054757016
36001013507,8.576594164271047,3.464710249828884
36001013508,8.628342622176591,3.508784296372348
36001013601,8.484001656399726,3.381097685831622
36001013602,8.433250736481862,3.332128729637235
36001013703,8.56836411430527,3.472911295003422
36001013705,8.484945302532512,3.376346330595482
36001013706,8.456363047912389,3.355147274469541
36001013707,8.522918427104723,3.413658381245722
36001013801,8.463490258042437,3.473510470225873
36001013802,8.552856731690623,3.501434611225188
36001013901,8.462335490759754,3.418918185489391
36001013902,8.498006697467488,3.438479599589322
36001014001,8.464455771389459,3.390464199178645
36001014002,8.457304521560575,3.365354109514032
36001014100,8.284577097878166,3.324644763175907
36001014201,8.273094917864476,3.280528772073922
36001014202,8.154569133470226,3.304081240930869
36001014203,8.164869056125941,3.295148147843942
36001014301,8.173374543463381,3.278127701574264
36001014302,8.070543138945927,3.270189742642026
36001014401,7.794895307323751,3.227887732375086
36001014402,7.968472130732375,3.266667318275154
36001014501,7.942725893223819,3.299270564681725
36001014502,7.829687753593429,3.244705667351129
36001014503,8.013933674880219,3.312568540041068
36001014606,8.152521071868583,3.417614698151951
36001014607,8.321927529774127,3.429279071868583
36001014608,8.379823544147844,3.39058501026694
36001014609,8.352853711156742,3.367432589322382
36001014611,8.140095546885695,3.360595108829569
36001014612,7.817025202600958,3.314441033538672
36001014613,7.91261664202601,3.339073206707734
36001014614,8.279329832991102,3.373621108145106
36001014615,8.223719912388775,3.385202194387406
36001014700,7.550537699520876,3.257742676933607
36001014801,7.334703336755647,3.164248516769336
36001014802,7.015643008898015,3.071738858316222
36001014803,7.336242654346338,3.130189123203285
36003940200,8.05231423613963,3.638739682409309
36003950100,7.79136711430527,3.522020868583162
36003950300,8.04473211156742,3.621322095824778
36003950400,7.988043809034908,3.610470527720739
36003950500,8.022530028747433,3.627085336755647
36003950600,7.897653792607803,3.572053988364134
36003950700,7.834350696783025,3.540097404517454
36003950800,7.77999051266256,3.513696260780288
36003950900,7.768318711156742,3.49014655578371
36003951000,7.80871931211499,3.517682709103354
36003951100,7.888772067077344,3.571671731690623
36003951200,8.002609397672827,3.618925941820671
36003951300,7.883507305270363,3.56859360164271
36005000100,10.347156133470226,3.031443832991102
36005000200,10.233870180013689,3.037488830937714
36005000400,10.214990782340862,3.040596981519507
36005001600,10.229371192334018,3.045073401779603
36005001900,10.404592578370979,3.037864856262834
36005002000,10.256770210130048,3.050576359342916
36005002300,10.411225876112252,3.040503617385352
36005002400,10.274104581793292,3.04562593155373
36005002500,10.41299005338809,3.041876427789186
36005002701,10.398340724845996,3.039641908966461
36005002702,10.390129711156742,3.039698800821355
36005002800,10.280256643394935,3.050597237508556
36005003100,10.375209090349076,3.038258938398357
36005003300,10.38113472347707,3.037423485284052
36005003500,10.373290932238193,3.037619932238193
36005003700,10.371683490759754,3.039477904859685
36005003800,10.243057714579055,3.047964251882272
36005003900,10.407555110882957,3.043381024640657
36005004001,10.22083982477755,3.060644005475702
36005004100,10.398008711841205,3.042635783025325
36005004200,10.237723585900068,3.053146315537303
36005004300,10.373958542778918,3.039763729637235
36005004400,10.246582319644079,3.05744702532512
36005004600,10.258823926762491,3.050001678302532
36005004800,10.26549328678987,3.055059917864476
36005005001,10.281046989048597,3.054672663928816
36005005002,10.278390302532512,3.056979507871321
36005005100,10.403979843258042,3.045662990417522
36005005200,10.287674174537988,3.054700797399042
36005005300,10.294347792607803,3.086693811088296
36005005400,10.279414464750171,3.058747752908966
36005005600,10.269025554414784,3.05869618275154
36005005902,10.380955542094456,3.053984933607118
36005006000,10.265388126625599,3.070646213552361
36005006100,10.372509533196441,3.048480074606434
36005006200,10.261332422997947,3.06396532238193
36005006300,10.386521554414784,3.054839072553046
36005006400,10.253222258726899,3.061914498973306
36005006500,10.386026515400411,3.047646148528405
36005006700,10.360243902121834,3.045420783025325
36005006800,10.25608413963039,3.057961762491444
36005006900,10.357633501711157,3.046193994524298
36005007000,10.24121065229295,3.058136311430527
36005007100,10.357728199178645,3.043160997946612
36005007200,10.226899873374401,3.062820275154004
36005007300,10.364392223134839,3.039545741273101
36005007400,10.22863019028063,3.04933345174538
36005007500,10.350950329226557,3.042584028747433
36005007600,10.244271764544832,3.065906347022587
36005007700,10.33848825119781,3.037590932238193
36005007800,10.19626232238193,3.060140112251882
36005007900,10.349240366872006,3.03629861670089
36005008300,10.351010980150582,3.035549342231348
36005008400,10.196983969199179,3.046561676249144
36005008500,10.339072158795346,3.0384503908282
36005008600,10.219243414784394,3.052317651608487
36005008700,10.329410809034908,3.043354749486653
36005008900,10.321788785078713,3.038269415468857
36005009000,10.172384127310062,3.054592379876797
36005009200,10.193664754277892,3.06265529431896
36005009300,10.339044621492129,3.038578213552361
36005009600,10.171673467488022,3.06676854072553
36005009800,10.188748700205339,3.057071312799452
36005011000,10.117312486652977,3.040632890485968
36005011502,10.305401852156058,3.045263897330596
36005011700,10.299683249144422,3.037367041752224
36005011800,10.007040319644079,3.039241358658453
36005011900,10.304585392881588,3.047438609856263
36005012101,10.295582712525667,3.05611318275154
36005012102,10.297168286105407,3.054329872689938
36005012300,10.295637802874743,3.058153275838467
36005012500,10.305563542778918,3.055675650924025
36005012701,10.309846170431212,3.049726223819302
36005012901,10.324748730321698,3.043352423682409
36005013000,10.047686124572211,3.043920150581793
36005013100,10.315033525667351,3.049398421629021
36005013200,10.075347098562628,3.042856008898015
36005013300,10.331797995893224,3.043069284052019
36005013500,10.32154549486653,3.046478832306639
36005013800,10.035643680355921,3.050417321013005
36005014100,10.345017278576318,3.045529920602327
36005014300,10.335143688569473,3.052858465434634
36005014400,10.08359226899384,3.044584997262149
36005014500,10.322035692676249,3.057442483230664
36005014701,10.312487481861738,3.057210468172485
36005014702,10.308372352498289,3.062984928131417
36005014900,10.30949029431896,3.055359093086927
36005015100,10.306575889117043,3.053883813141684
36005015200,10.092184758384668,3.058775539356605
36005015300,10.297317996577686,3.055865592060233
36005015500,10.288606023271732,3.063892892539357
36005015700,10.282687802190281,3.061366014373717
36005015800,10.069004229979466,3.056851175906913
36005015900,10.319002113620808,3.049845471594798
36005016000,10.065046262149213,3.063598712525667
36005016100,10.277096387405886,3.06479168514716
36005016200,10.077156618069815,3.061147672826831
36005016300,10.292879242984257,3.06852193155373
36005016400,10.106279260095825,3.06579340862423
36005016500,10.289692144421629,3.072021855578371
36005016600,10.12709828678987,3.06147350513347
36005016700,10.298972075975359,3.065337089664613
36005016900,10.301998149212868,3.062812425051335
36005017100,10.305940821355236,3.069865932238193
36005017300,10.344279082135524,3.051326629021218
36005017500,10.333327779603012,3.054395518822724
36005017701,10.322422013004791,3.057286839151266
36005017702,10.315227328542094,3.063003548939083
36005017901,10.324948021218344,3.06010541889117
36005017902,10.316779082135524,3.061420150581793
36005018101,10.331911497604381,3.056748225188227
36005018102,10.347426107460643,3.05860595687885
36005018301,10.372247422313484,3.057244373716632
36005018302,10.363810302532512,3.059473553045859
36005018400,10.120246420944558,3.071972940451745
36005018500,10.332189396303901,3.051173592060233
36005018900,10.349604743326489,3.061265429158111
36005019300,10.338449707734428,3.06779040109514
36005019400,10.146550368240931,3.066416217659138
36005019500,10.363022657084189,3.059640932238193
36005019700,10.340607271047228,3.059204758384668
36005019900,10.341516944558522,3.064435595482546
36005020000,10.15535458110883,3.075659713894593
36005020100,10.322930960985626,3.069867134154689
36005020200,10.173267615331964,3.073368516084873
36005020400,10.182474973305955,3.075455752908966
36005020501,10.308149987679672,3.075446441478439
36005020502,10.295384340862423,3.083150729637235
36005020601,10.185970409308693,3.073711121149897
36005020900,10.301536600958248,3.067218533196441
36005021001,10.198604360027378,3.074718922655715
36005021002,10.195262633127994,3.071064021902806
36005021100,10.32990399247091,3.071837689253936
36005021200,10.203067414099932,3.06626909650924
36005021301,10.312252763175907,3.076596162902122
36005021302,10.320959259411362,3.076178678302532
36005021501,10.300339518822724,3.079948138261465
36005021502,10.306727955509925,3.078975221081451
36005021601,10.234798306639288,3.0709651321013
36005021602,10.22854789596167,3.071433886379192
36005021700,10.287844586584531,3.074211462696783
36005021800,10.246191854893908,3.07040635797399
36005021900,10.331756733744011,3.068501622861054
36005022000,10.245029295687885,3.075033191649555
36005022101,10.334127912388775,3.06998162422998
36005022102,10.315677258726899,3.061492538672142
36005022200,10.193238920602327,3.068341036960986
36005022300,10.309425367556468,3.069635044490075
36005022401,10.224311214236824,3.09170254825462
36005022403,10.204266588637919,3.095148125256674
36005022404,10.205230412046544,3.087348575633128
36005022500,10.295658394934976,3.063214826830938
36005022701,10.29260115468857,3.076686162217659
36005022702,10.29857279192334,3.070490502395619
36005022703,10.294703983572895,3.070353861054073
36005022800,10.201209400410678,3.09157140862423
36005022901,10.278098505817933,3.073567513347023
36005022902,10.28104346954141,3.068523453798768
36005023000,10.223373765229295,3.091651154004107
36005023100,10.276190137577002,3.07403710403833
36005023200,10.19747788569473,3.079762353867214
36005023301,10.282528663928816,3.078851028747433
36005023302,10.272486049965777,3.077929819301848
36005023501,10.275977229295003,3.080984373716632
36005023502,10.276625642710472,3.085269544147844
36005023600,10.236526290896646,3.083922431895962
36005023702,10.246199623545517,3.095780607118412
36005023703,10.245902622861054,3.094391991786448
36005023704,10.255546793292266,3.089655963039014
36005023800,10.206072416837782,3.07565443394935
36005023900,10.24903920054757,3.089742434633812
36005024000,10.241171686516085,3.075909336071184
36005024100,10.275703271047228,3.087238795345654
36005024300,10.275896580424367,3.079998160164271
36005024400,10.186830242299795,3.080120626283368
36005024501,10.276539396303901,3.081274908281999
36005024502,10.271775876112252,3.085763448323066
36005024600,10.195465734428474,3.090385030116359
36005024700,10.284390823408624,3.086920123887748
36005024800,10.186628466803559,3.093563884325804
36005024900,10.253257470225873,3.08627807118412
36005025000,10.179514112251882,3.090108073237509
36005025100,10.253454329226557,3.088769561259411
36005025200,10.179916004791239,3.082797054757016
36005025300,10.243385867214237,3.09506342642026
36005025400,10.178721550992471,3.085862893223819
36005025500,10.244756399041752,3.08973705338809
36005025600,10.172866610540726,3.080341615331964
36005025700,10.24904235797399,3.095897633812457
36005026100,10.231825585215606,3.103354796714579
36005026300,10.236560665982204,3.101341798083504
36005026400,10.121054117043121,3.08073470568104
36005026500,10.234503376454483,3.102636434633812
36005026601,10.123981407939767,3.086976983572895
36005026602,10.11513257357974,3.08671253798768
36005026701,10.214473391512663,3.106315184804928
36005026702,10.208727741273101,3.113046814510609
36005026900,10.220361603011636,3.10742453045859
36005027300,10.202265701574264,3.110688492813142
36005027401,10.088593673511294,3.079592882956879
36005027402,10.068953823408624,3.083240256673511
36005027600,10.063538156741958,3.096144548939083
36005027700,10.201161846680356,3.12483215742642
36005027900,10.187664288158795,3.123854433264887
36005028100,10.186092453798768,3.132018101984942
36005028300,10.190418044490075,3.124515970568104
36005028400,10.135641151266256,3.091763796714579
36005028500,10.16989062696783,3.132087160164271
36005028600,10.163410951403148,3.090343515400411
36005028700,10.182822420260096,3.126209491444216
36005028800,10.171693555099247,3.096644112936345
36005028900,10.190897318275154,3.121626335386721
36005029301,10.183805940451745,3.119604776180698
36005029302,10.196845901437372,3.115895665982204
36005029500,10.185082862422998,3.128268387405886
36005029600,10.153791609856263,3.099459676249144
36005029700,10.181461280629706,3.123968810403833
36005030000,10.101135536618754,3.092487906913073
36005030100,10.187536806297057,3.123937973305955
36005030200,10.061217791238878,3.108918589322382
36005030701,10.1518293045859,3.138797208761122
36005030900,10.135999769336071,3.144128082819986
36005031000,10.110422938398357,3.107137344284736
36005031200,10.128557140314853,3.106218481861738
36005031400,10.14064323613963,3.110370074606434
36005031600,10.147432932922656,3.105306587268994
36005031800,10.158224311430527,3.107090759753593
36005031900,10.052817439425051,3.157260283367556
36005032300,10.092070607802875,3.152523465434634
36005032400,10.191496148528405,3.10382264476386
36005032600,10.18202292881588,3.104053874743326
36005032800,10.193894021218344,3.105961908966461
36005033000,10.20411553045859,3.104120393566051
36005033201,10.208265793292266,3.099562498288843
36005033202,10.212224036276523,3.103993868583162
36005033400,10.236455551676934,3.098130735112936
36005033500,10.15121004312115,3.140799324435318
36005033600,10.197687975359343,3.115122331279945
36005033700,10.082944765913758,3.147804224503764
36005033800,10.205305002053388,3.114448539356605
36005034000,10.185362353182752,3.114447386036961
36005034200,10.174358762491444,3.114469056810404
36005034300,10.070071885010267,3.155441774811773
36005034400,10.173274944558522,3.112442403148528
36005034500,10.082400565366188,3.147671817932923
36005034800,10.160969483915127,3.119037668720055
36005035000,10.142274019849418,3.114474765229295
36005035100,10.126993572210814,3.143823073921971
36005035600,10.096233939767283,3.111975778918549
36005035800,10.113367678986995,3.121688802190281
36005035900,10.271343422997947,3.072692392197125
36005036000,10.12980041615332,3.110763199178645
36005036100,10.263071332648871,3.075245611909651
36005036300,10.2683403045859,3.080515151266256
36005036400,10.139131648870637,3.128119412731006
36005036501,10.270153666666667,3.08143568514716
36005036502,10.275330378507871,3.071352581793292
36005036700,10.280604516084873,3.071060500342231
36005036800,10.15524401026694,3.131061679671458
36005036901,10.278754094455852,3.074890541409993
36005036902,10.284707350444901,3.071965058179329
36005037000,10.180451138945927,3.123064065708419
36005037100,10.271733425735797,3.077792033538672
36005037200,10.163287958932238,3.12474744421629
36005037300,10.272310158110883,3.082510585215606
36005037400,10.176733452429843,3.128078344969199
36005037504,10.273610479123888,3.085294442847365
36005037600,10.17904759890486,3.126414054072553
36005037800,10.16709646201232,3.134455206707734
36005037900,10.263683952772074,3.086149376454483
36005038000,10.157894607118412,3.13352040109514
36005038100,10.26303120807666,3.081153565366188
36005038200,10.142538719370294,3.130742821355236
36005038301,10.252232389459274,3.089447954140999
36005038302,10.240423360027378,3.089513947980835
36005038500,10.240496587268994,3.085601655030801
36005038600,10.114006377138946,3.131403559890486
36005038700,10.23784600752909,3.094360023271732
36005038800,10.137346978781656,3.132653430527036
36005038900,10.2326158678987,3.091266416837782
36005039000,10.145480463381246,3.134815145790554
36005039100,10.25277688569473,3.087786987679672
36005039200,10.14186970294319,3.138370661190965
36005039300,10.24862940862423,3.085331382614648
36005039400,10.131662199178645,3.141812616016427
36005039500,10.280680984941821,3.079719744010951
36005039600,10.128160889117043,3.137769933607118
36005039700,10.228530913073238,3.097546288158795
36005039800,10.115641613963039,3.135610421629021
36005039901,10.241730377138946,3.099486757700205
36005039902,10.236626383983573,3.094185246406571
36005040100,10.236053556468172,3.100873459958932
36005040302,10.231509008213552,3.108683541409993
36005040303,10.216497564681725,3.109552540041068
36005040304,10.229833229295003,3.104897052703628
36005040400,10.102723480492813,3.140857492813142
36005040501,10.233371995893224,3.106719859000684
36005040502,10.223447292265572,3.103509015058179
36005040600,10.11407475633128,3.141679841204654
36005040701,10.212734669404518,3.115888092402464
36005040702,10.229146778918549,3.111185647501711
36005040800,10.114387712525667,3.145068349075975
36005040900,10.19994711430527,3.122587697467488
36005041100,10.205180234086242,3.123643236824093
36005041300,10.20760225119781,3.124458902806297
36005041400,10.045479067761807,3.157602804243669
36005041500,10.209830020533881,3.112466939767283
36005041800,10.086342425735797,3.154626015742642
36005041900,10.210150785078713,3.131008230663929
36005042000,10.105519887063655,3.14972343394935
36005042100,10.18685793908282,3.133486483230664
36005042200,10.092252020533881,3.14080487063655
36005042300,10.187883118412046,3.123180115674196
36005042400,10.088222067761807,3.143940311430527
36005042500,10.206531325119781,3.111993771389459
36005042600,10.066135183436003,3.141121374401095
36005042800,10.057622151266256,3.150695969883641
36005042901,10.177742009582478,3.121805923340178
36005042902,10.179065567419576,3.122945593429158
36005043000,10.073988213552361,3.146715731690623
36005043100,10.182276458590007,3.135309067761807
36005043400,10.06621511430527,3.150543507186858
36005043500,10.12862119028063,3.146045710472279
36005043600,10.059602227926078,3.152701292950034
36005044200,10.028872907597536,3.157528421629021
36005044400,10.037597344969199,3.154376427104723
36005044800,10.042252135523614,3.145454809034908
36005044901,10.09756354072553,3.150916914442163
36005044902,10.090401740588638,3.150791649555099
36005045101,10.095083021218344,3.155440108145106
36005045102,10.078589032169747,3.152109372347707
36005045600,10.011391026694045,3.140880153319644
36005045800,10.087144360711841,3.13635954825462
36005046000,10.08922190622861,3.135569364134155
36005046201,10.061077751540041,3.123835980150582
36005046202,10.063975919233402,3.126346103353867
36005048400,10.049482874743326,3.131517857631759
36005050400,9.98776226899384,3.11462614715948
36005051600,9.922570255304586,3.088881057494866
36007000100,8.354852594798084,3.780278229979466
36007000200,8.348285945927447,3.780797790554415
36007000300,8.343384741273101,3.778119248459959
36007000400,8.33828572073922,3.779116484599589
36007000500,8.34342814715948,3.784130890485968
36007000600,8.336347386036961,3.77712458110883
36007000700,8.316619062286105,3.764636390143737
36007000900,8.333562816563997,3.769923724845996
36007001100,8.338119960301164,3.772266647501711
36007001200,8.343792985626283,3.779394225188227
36007001300,8.349917162902122,3.781570815195072
36007001400,8.347346600273785,3.77943668514716
36007001500,8.356336327857632,3.781733994524298
36007001600,8.345478319644079,3.768590631759069
36007001700,8.335459541409993,3.769301489390828
36007001800,8.334535221765914,3.767784361396304
36007010200,8.272199481177276,3.762251846680356
36007011901,7.943863364134155,3.648901298425736
36007011902,8.086534928131417,3.700376811088296
36007011903,7.995199113620808,3.662679655030801
36007012000,8.110311925393566,3.703829313483915
36007012101,8.211878106091718,3.745370023956194
36007012102,8.253704197125257,3.752192719370294
36007012103,8.284453210130048,3.7674682183436
36007012201,8.290733307323751,3.76049021560575
36007012202,8.116436815195072,3.700349397672827
36007012300,7.945460229295003,3.630291882956879
36007012400,7.656699801505818,3.499735511978097
36007012500,7.966270099247091,3.612123015742642
36007012600,8.228803056810404,3.731190640657084
36007012701,8.241760641341547,3.723826721423682
36007012702,8.314850290896646,3.749550366872006
36007012800,8.34054671321013,3.784767737850787
36007012900,8.356564444900753,3.798615488706366
36007013000,8.369538416837782,3.787584041067762
36007013100,8.369498095824778,3.788366981519507
36007013201,8.370081438740589,3.790055682409309
36007013202,8.366033674195756,3.798297028747433
36007013301,8.351863666666667,3.778579245037645
36007013303,8.329950993839836,3.783141737166324
36007013304,8.352238449007529,3.786194300479124
36007013400,8.360465432580424,3.782129300479124
36007013500,8.370688178644764,3.789658919917864
36007013600,8.36412601026694,3.785452107460643
36007013700,8.358468048596852,3.779847896646133
36007013800,8.359832728268309,3.78968853798768
36007013900,8.364007309377139,3.787763252566735
36007014000,8.364697245722108,3.786020419575633
36007014100,8.371383632443532,3.788869488021903
36007014200,8.359943360027378,3.793472476386037
36007014301,8.378638879534565,3.793018069815195
36007014302,8.365828197125257,3.781253125256674
36007014400,8.374986856947296,3.787011395619439
36007014500,8.356789937713895,3.780506308692676
36007014600,8.341539569472964,3.763544945927447
36009940000,8.585859020533881,3.724741499657769
36009940200,8.059464830253251,3.646263228610541
36009940300,8.264193642710472,3.701676699520876
36009960100,8.1345893045859,3.646881214236824
36009960200,8.20149490349076,3.659226492813142
36009960300,8.276157331964408,3.670140811088296
36009960400,8.506472568788501,3.708529148528405
36009960500,8.429963741957563,3.707952503764545
36009960600,8.295402656399726,3.695111873374401
36009960702,8.214084711156742,3.677293292950034
36009960800,8.128667206707734,3.656503768651608
36009961000,8.143817422997947,3.678729442162902
36009961100,8.184489076659822,3.684868084188912
36009961200,8.12605968788501,3.67089870294319
36009961300,8.218598173169062,3.690741719370294
36009961400,8.458972785763176,3.739611315537303
36009961500,8.163759308692676,3.682070971252567
36009961600,8.16992359137577,3.684828689938398
36009961700,8.162801166324435,3.680431715947981
36009961800,8.160487339493498,3.681970721423682
36009962200,8.108306889117043,3.657497409993155
36011040100,8.083469715947981,3.715703052703628
36011040200,8.253779611909651,3.759705308692676
36011040300,8.298919700205339,3.773970557837098
36011040400,8.320329108145106,3.775858911019849
36011040500,8.363743417522245,3.79626093155373
36011040600,8.300543593429158,3.754760505817933
36011040700,8.227347709787817,3.724949572210814
36011040800,8.050348039698836,3.655131650924025
36011040900,7.996287145106092,3.63818383504449
36011041000,8.165062042436687,3.712237299794661
36011041100,8.209690289527721,3.7298642183436
36011041200,8.346123241615332,3.794839828199863
36011041300,8.32820974880219,3.7720129137577
36011041400,8.313017280629706,3.771117959616701
36011041500,8.307594475701574,3.762576029431896
36011041600,8.303322397672827,3.765188405886379
36011041700,8.304584191649555,3.76406012936345
36011041800,8.31220077412731,3.766036557837098
36011042100,8.319380757700205,3.769041953456537
36013030100,8.760682572895277,3.807739165639973
36013030200,8.777845332648871,3.813993264202601
36013030300,8.791838822039699,3.815426524982888
36013030400,8.793811809034908,3.813213832991102
36013030500,8.778590871321013,3.808367609856263
36013030600,8.756585855578371,3.805498918548939
36013030700,8.760400300479124,3.809608618069815
36013030800,8.78399251266256,3.808472983572895
36013035100,8.693134782340862,3.748997264202601
36013035300,8.696254492813142,3.72769186036961
36013035400,8.751732577686516,3.730100905544148
36013035500,8.758513648870637,3.728916602327173
36013035600,8.778940825462012,3.73988979192334
36013035700,8.756660980150582,3.738478472279261
36013035800,8.722747214236824,3.730360442162902
36013035901,8.734277927446954,3.730091832991102
36013035902,8.743813984941821,3.733109638603696
36013036000,8.719590485968515,3.726402813826146
36013036100,8.594862926078029,3.72238246201232
36013036300,8.767814592060233,3.726920054072553
36013036401,8.805452036960986,3.727525561943874
36013036402,8.728105772758385,3.726397987679672
36013036500,8.827692446954141,3.698342468856947
36013036600,8.941676280629706,3.742019711156742
36013036700,8.923648616016427,3.766781453798768
36013036800,8.825641281314168,3.778807277891855
36013036901,8.744420475701574,3.772621321013005
36013036902,8.804615801505818,3.782978693360712
36013037000,8.798075664613279,3.805850630390144
36013037100,8.821415257357974,3.804690739219712
36013037200,8.806088110198494,3.81064967761807
36013037300,8.771903813826146,3.802127447638604
36013037400,8.631463234770705,3.777443525667351
36013037500,8.672726229295003,3.80195823613963
36013037600,8.621815008213552,3.726291091718001
36015000100,8.181922694045174,3.623761735797399
36015000200,8.177795722792608,3.613270831622177
36015000300,8.170315618754278,3.608023611909651
36015000400,8.177517159479808,3.611686349075975
36015000500,8.181186364134155,3.61330628678987
36015000600,8.18624540862423,3.619101865160849
36015000700,8.188780061601643,3.62166764202601
36015000900,8.199979598220397,3.624547854893908
36015001000,8.19116264202601,3.616319477754962
36015001100,8.18943472073922,3.618761492128679
36015010100,8.111560959616701,3.645424325804244
36015010200,8.070463492813142,3.595886861738535
36015010300,8.125942655715264,3.568379509924709
36015010400,8.138463559206023,3.60433419301848
36015010500,8.140936121149897,3.611354093086927
36015010600,8.157353094455852,3.600543230663929
36015010700,8.135876353867214,3.621218882956879
36015010800,8.161455203285421,3.61370301026694
36015010900,8.168119960301164,3.598253446954141
36015011000,8.220262395619439,3.669065150581793
36015011100,8.178293514715948,3.609945342915811
36015011200,8.152367660506502,3.590010474332649
36017970100,7.475613436002738,3.469227910335387
36017970200,7.535889829568788,3.484004775496236
36017970300,7.558877445585216,3.503075138945927
36017970400,7.55274096440794,3.50454660164271
36017970500,7.467523555099247,3.467774189596167
36017970601,7.574679814510609,3.511908199178645
36017970602,7.585891559206023,3.514124285420945
36017970700,7.667905149212868,3.542968342915811
36017970801,7.663242003422314,3.535760507871321
36017970802,7.799240273785079,3.594907895277207
36017970900,7.731431455167693,3.554655074606434
36017971000,7.941581645448323,3.645669850102669
36019100100,7.80799842642026,3.574799405201916
36019100200,7.470816352498289,3.380388134154689
36019100300,7.138937672142368,3.318426674880219
36019100400,6.678786874743326,3.161057506502396
36019100600,7.232135843942505,3.238318287474333
36019100700,6.855269778918549,3.094367040383299
36019100800,7.347906672142368,3.226168668720055
36019100900,7.306531653661875,3.215182376454483
36019101000,7.199189990417522,3.169722038329911
36019101100,7.221573644079398,3.174924055441478
36019101300,7.253888381245722,3.185087498973306
36019101400,7.279426403148528,3.186702872689938
36019101600,7.083411460643395,3.135644958932238
36019101700,6.792892226557153,3.037947605065024
36019101800,6.236732761122519,2.871486130732375
36019101900,6.733202657768652,2.972066492813142
36019102000,6.671072960985626,2.92221148733744
36019102100,7.21144835797399,3.135473407939767
36019102200,7.209116792607803,3.164569315537303
36021000100,7.659489980835044,3.073676557152635
36021000200,7.668204934976044,3.085574793292266
36021000300,7.867619138945927,3.188948416837782
36021000401,7.917234997946612,3.241183912388775
36021000402,7.990696483230664,3.255334547570157
36021000500,7.957918823408624,3.273119977412731
36021000600,7.868843290212183,3.257354346338125
36021000700,7.825995627652293,3.215711990417522
36021000800,7.653699047912389,3.10314207871321
36021000900,7.588389865160849,3.093270533880904
36021001000,7.771081303901437,3.213907701574264
36021001100,7.802239212867899,3.254006605065024
36021001200,7.804966284736482,3.250950324435318
36021001300,7.805534924709103,3.256521091718001
36021001400,7.789167283367556,3.250322631074606
36021001500,7.707235557152635,3.179860877481177
36021001600,7.532371507871321,3.071728645448323
36021001700,7.537438378507871,3.062085182067077
36021001800,7.748318411362081,3.189068890485968
36021001900,7.825563880903491,3.279478617385352
36021002000,7.762413698836413,3.265166432580424
36023970100,7.680636861054073,3.513959381930185
36023970200,7.859849492813142,3.573791249828884
36023970300,7.90742154072553,3.608396517453799
36023970400,7.874454476386037,3.59757635523614
36023970500,7.909411825462012,3.613394869952088
36023970600,7.906576991101985,3.60942698220397
36023970700,7.917033021218344,3.613534922655715
36023970800,7.930317737166324,3.622288503080082
36023970900,7.914526741957563,3.622393693360712
36023971000,7.950717416837782,3.628535707734428
36023971100,7.799573791238878,3.587729336755647
36023971200,7.941362101300479,3.636453939767283
36025970100,6.9953574366872,3.229066859685147
36025970200,7.008909712525667,3.233060132785763
36025970300,7.238058574264203,3.354504128678987
36025970400,7.410218090349076,3.429566933607118
36025970500,7.405144907597536,3.399046257357974
36025970600,7.202860006844627,3.312093321013005
36025970700,6.954889954825462,3.183154446269678
36025970800,7.019724535934292,3.232720310061602
36025970900,7.033581744695414,3.240064802874743
36025971000,6.85730340109514,3.141820090349076
36025971100,6.756591502395619,3.071434579055442
36025971200,6.778657069815195,3.078055220396988
36025971300,7.08376063449692,3.219561982888433
36025971400,7.322222856262834,3.303275488706366
36027010000,7.637929926078029,3.008685503080082
36027020003,8.378792457221082,3.241458594798084
36027020004,8.26173562696783,3.17801988569473
36027020005,8.381101123203285,3.204924652977413
36027030000,8.068499587953456,3.285409824093087
36027040001,7.868855123203285,3.043197203969884
36027040003,8.075991061601643,3.096499056810404
36027050102,8.592909245037645,3.313304997262149
36027050103,8.525684376454483,3.303961353867214
36027050104,8.481295619438741,3.267065012320328
36027050203,8.575378859000684,3.284329047912389
36027050204,8.601431660506502,3.281633899383984
36027050205,8.499063065708419,3.231498855578371
36027060100,8.67122937303217,3.311960718685832
36027060201,8.684884908966461,3.325597811088296
36027060202,8.673685741273101,3.287105503080082
36027060301,8.654105138945927,3.317845472963724
36027060302,8.652968682409309,3.300342160164271
36027060400,8.674253003422314,3.317546321013005
36027070101,8.172133219028063,3.34020950513347
36027070102,8.217943537303217,3.338168026694045
36027070201,8.296290938398357,3.358193362080767
36027070301,8.335759986310746,3.356168254620123
36027070401,8.360489219028063,3.364368171800137
36027080103,8.414368449691992,3.318144026694045
36027080104,8.343596785763176,3.274565004791239
36027080201,8.537956311430527,3.35545602532512
36027080202,8.483568456536619,3.321915342231348
36027090000,7.869742251882272,3.23649307118412
36027100000,7.5059574366872,3.003116360711841
36027110003,8.344574704312115,3.1598444770705
36027110004,8.266560084188912,3.101294034907598
36027110005,8.312807045859001,3.133985198494182
36027120000,7.669534596851472,3.115774912388775
36027130003,8.262164414099932,3.289577531827515
36027130004,8.238089047227926,3.319417013689254
36027130005,8.18356049486653,3.278408752224504
36027140101,8.408035284052019,3.366127806297057
36027140200,8.428523431895962,3.354862131416838
36027140300,8.48367032991102,3.373934202600958
36027140400,8.595446334017796,3.386337686516085
36027140500,8.554113708418891,3.382083295687885
36027140602,8.591203024640657,3.37341582477755
36027140700,8.613864195756331,3.37321065229295
36027140801,8.629498167008898,3.362866778234086
36027150003,7.864036600273785,3.294918045174538
36027150004,7.890472596851472,3.294044061601643
36027150005,7.918303325119781,3.286258884325804
36027150006,7.949029195756331,3.304079485284052
36027160003,8.022090506502396,3.327689431895962
36027160004,8.041809655715264,3.314571698836413
36027160005,8.039474330595482,3.327741470225873
36027170000,7.803826392881588,3.15159211430527
36027180001,8.16056156605065,3.185286479123888
36027190101,8.607052978097194,3.340225014373717
36027190102,8.582444483230664,3.345560643394935
36027190203,8.628323477754962,3.35709249486653
36027190204,8.648100919233402,3.340106643394935
36027190301,8.678425221765914,3.344406782340862
36027190401,8.680602273100616,3.346429234086242
36027190402,8.658826828884326,3.329569150581793
36027200001,7.923692501711157,3.148049376454483
36027200002,7.975661227241615,3.172511976728268
36027210101,8.674697868583162,3.294311953456537
36027210201,8.671220859685147,3.284280185489391
36027210301,8.674078812457221,3.291579546201232
36027220100,8.449735088295688,3.379680871321013
36027220201,8.455791417522245,3.379044724161533
36027220300,8.458009971937029,3.375178715947981
36027220700,8.485484394250513,3.378910810403833
36027220801,8.505107443531828,3.379244808350445
36027220901,8.504855105407255,3.381080300479124
36027221001,8.55395131211499,3.384690219712526
36027221100,8.481041819986311,3.377325463381246
36027300000,8.644387595482546,3.351173539356605
36027410000,8.534168772073922,3.375430787132101
36027610000,8.422250173853525,3.231957014373717
36027640001,8.685374545516769,3.316020018480493
36027640002,8.682846511978097,3.31087673853525
36029000110,9.594070892539357,3.96536719301848
36029000200,9.6203173908282,3.968772645448323
36029000500,9.678448765913758,4.009972963039014
36029000600,9.544347414784394,3.950999069815195
36029000700,9.5380990862423,3.942360179329227
36029000800,9.589746008213552,3.960189422313484
36029000900,9.602323073921971,3.955701085557837
36029001000,9.588318407939767,3.959103399041752
36029001100,9.627035651608487,3.953322232032854
36029001402,9.754761859685147,4.02728984257358
36029001500,9.745408839835729,4.02130001779603
36029001600,9.740106653661875,4.001621403148528
36029001700,9.719581526351814,3.994532305954826
36029001900,9.64796053798768,3.963433400410678
36029002300,9.703481889801506,3.986062561259411
36029002400,9.732018585900068,4.006000642710472
36029002502,9.782464463381246,4.047018533196441
36029002702,9.767826485284052,4.026829761122519
36029002800,9.763139971937029,4.017298456536619
36029002900,9.780900633127994,4.031618240246407
36029003000,9.759339456536619,4.020603153319644
36029003100,9.797011100616016,4.063463676249144
36029003301,9.839704692676249,4.078967556468172
36029003302,9.815988292950034,4.064999177275838
36029003400,9.82010943394935,4.057083868583162
36029003500,9.799295603696099,4.047327621492129
36029003600,9.816449112936345,4.05682204312115
36029003700,9.80246315468857,4.045220618754278
36029003800,9.786964104722793,4.038892659137577
36029003901,9.862522627652293,4.09411854825462
36029004001,9.875002105407255,4.097812674195756
36029004100,9.823714665297741,4.059909618754278
36029004200,9.859997770020534,4.091963271731691
36029004300,9.870236127310062,4.10449663449692
36029004401,9.840199080082136,4.086754554414784
36029004402,9.831920425735797,4.073966269678302
36029004500,9.90672638329911,4.126741744010951
36029004601,9.908702317590691,4.130231119096509
36029004602,9.891180960301164,4.127408345653662
36029004700,9.88760073853525,4.108999535934292
36029004800,9.922166125941136,4.140124828884326
36029004900,9.935922805612594,4.149590092402464
36029005000,9.945532506502396,4.155224571526352
36029005100,9.94255522587269,4.151361146475017
36029005201,9.882656858316222,4.106453323066393
36029005202,9.865166074606434,4.087636585900068
36029005300,9.882568454483231,4.106201559890486
36029005400,9.914459192334018,4.127303108145106
36029005500,9.933469848733744,4.151611299110198
36029005600,9.956749644079398,4.162522197125257
36029005700,9.965612776865161,4.172467616016427
36029005801,10.00681546954141,4.204415932238193
36029005802,9.976726250513347,4.173809229295003
36029005900,9.941263019849418,4.162735452429843
36029006100,9.884265825462012,4.119946639972622
36029006201,9.916776372347707,4.135155945927447
36029006301,9.89207168788501,4.123074599589322
36029006302,9.887367389459274,4.110854722792608
36029006501,9.872063848049281,4.103696329226557
36029006601,9.859981344969199,4.095664709103354
36029006602,9.854208511293634,4.089904298425736
36029006701,9.850900676249144,4.093852206707734
36029006702,9.825342427789186,4.079449186173854
36029006800,9.807083362765229,4.07405907118412
36029006901,9.858398868583162,4.098882630390144
36029006902,9.836205856947296,4.078437953456537
36029007000,9.842859203285421,4.100665225188227
36029007101,9.803870258726899,4.071137889801506
36029007102,9.782289560574949,4.057845490075291
36029007202,9.781050421629021,4.068680693360712
36029007302,10.092202158110883,4.288939313483915
36029007303,10.131692121149897,4.318236187542779
36029007304,10.100856103353867,4.289202874743326
36029007600,10.013512036276523,4.215348616016427
36029007700,10.032877611225188,4.22640232238193
36029007800,10.048552661875428,4.242946196440794
36029007901,9.960204439425051,4.207306484599589
36029007902,9.964191295003422,4.18848245174538
36029007903,9.966202542094456,4.189892021218344
36029007904,9.945883112251882,4.173370446269678
36029007905,9.957922576317591,4.204124115674196
36029008001,9.935972614647502,4.157843431211499
36029008002,9.93885899247091,4.153240357289528
36029008003,9.921611794661191,4.147466954825462
36029008101,9.994740742642026,4.198910814510609
36029008102,9.968183507871321,4.185598666666667
36029008201,10.014020370294319,4.211268004791239
36029008202,10.000184247091034,4.202174330595482
36029008300,10.049435481861738,4.231953933607118
36029008400,10.038193813826146,4.22724446201232
36029008500,9.954614934976044,4.162354263518138
36029008600,9.964342264202601,4.173084002053388
36029008700,9.983959514715948,4.183765441478439
36029008800,9.993273409993155,4.187459154004107
36029008900,9.757343446954141,4.083459199863108
36029009004,9.682634798767967,4.142266726899384
36029009006,9.718885247775496,4.097173621492129
36029009007,9.718510582477755,4.120247309377139
36029009008,9.718462278576318,4.106905234770705
36029009009,9.745594217659138,4.162876830937714
36029009010,9.730898636550308,4.139377969883641
36029009104,9.792915927446954,4.103576167693361
36029009106,9.86302385284052,4.189242331279945
36029009107,9.923584280629706,4.21437323613963
36029009109,9.84510452019165,4.127652739904175
36029009110,9.86977127926078,4.148663350444901
36029009112,9.864486672142368,4.166830342915811
36029009113,9.799605272416153,4.144921635181383
36029009114,9.793716269678302,4.124027741273101
36029009115,9.905912016427105,4.174189320328542
36029009116,9.914035501711157,4.180561114989733
36029009200,9.910589991101985,4.162270848049281
36029009301,9.905502042436687,4.133476254620123
36029009302,9.890441019164956,4.138727231348392
36029009401,9.874432660506502,4.126617653661875
36029009402,9.826384643394935,4.114312861738535
36029009501,9.8665913908282,4.115151336755647
36029009502,9.80965632238193,4.093358360711841
36029009600,9.706707983572895,4.076536668720055
36029009701,9.631234721423682,4.021866774811773
36029009702,9.584210259411362,4.014321446954141
36029009800,9.557489455167693,3.99638827652293
36029009900,9.697609052019165,3.995548604380561
36029010001,9.694416429842574,4.056501225188227
36029010002,9.643226299110198,4.034385305270363
36029010003,9.693940576317591,4.039516076659822
36029010101,9.811385203969884,4.079616636550308
36029010102,9.771069190965092,4.057242893908282
36029010103,9.784281753593429,4.077366124572211
36029010201,9.841758122518823,4.100524336071184
36029010202,9.81430974880219,4.069391299110198
36029010300,9.776894708418891,4.035803979466119
36029010400,9.736498173853525,4.018427412046544
36029010500,9.762856804928131,4.0340951321013
36029010600,9.745162275838467,4.051388306639288
36029010700,9.718356273785079,4.023704353867214
36029010803,9.627132112251882,3.99970976659822
36029010804,9.527338490075291,3.977659850787132
36029010805,9.461991733059548,3.953627351813826
36029010807,9.479576094455852,3.950674496235455
36029010808,9.558416335386721,3.965395147843942
36029010809,9.523722838466804,3.963689743326489
36029010901,9.674730924024641,3.991575953456537
36029010902,9.635505275838467,3.984136854209446
36029011000,9.644207574948665,3.960559331279945
36029011100,9.665797447638604,3.972426310061602
36029011200,9.456614636550308,3.94458162696783
36029011300,9.592085620123203,3.957955654346338
36029011400,9.573588740588638,3.954091566735113
36029011500,9.555383514715948,3.957620893908282
36029011600,9.507839700205339,3.950516556468172
36029011700,9.485694807665982,3.944993492813142
36029011800,9.399747462696783,3.928921045859001
36029012001,9.434535771389459,3.933185759753593
36029012002,9.391802703627652,3.916158143052704
36029012003,9.323334972621492,3.906898501711157
36029012300,9.480896910335387,3.947028329226557
36029012400,9.432427838466804,3.931103664613279
36029012501,9.478467101300479,3.937037099247091
36029012502,9.407121711841205,3.926267851471595
36029012800,9.372320355920602,3.912489459958932
36029012901,9.308072587268994,3.905641482546201
36029012902,9.192255627652293,3.8755765633128
36029013001,9.319413201916496,3.900929649555099
36029013002,9.228648725530459,3.885232554414784
36029013101,9.190019251882272,3.885036055441478
36029013102,9.077565790554415,3.855906232717317
36029013201,9.068465374401095,3.850518707049966
36029013202,9.021871099247091,3.840225174537988
36029013300,9.02855280971937,3.843318447638604
36029013400,9.073777544832307,3.844948668720055
36029013501,9.01795535523614,3.830179902121834
36029013502,8.951629082135524,3.812829715947981
36029013600,9.118361971252567,3.851774161533196
36029013701,9.248804513347023,3.884802118412046
36029013702,9.185302674195756,3.873821874058864
36029013800,8.835449171115674,3.796855185489391
36029013900,8.877084340862423,3.820259715947981
36029014000,8.891530022587269,3.816273986310746
36029014101,9.046907388090349,3.860001125256674
36029014102,9.18600380698152,3.884885407255305
36029014204,9.288219095824778,3.953974993839836
36029014206,9.263447772073922,3.937140162902122
36029014207,9.416651495550992,3.946039984941821
36029014208,9.426328135523614,4.013405668720055
36029014209,9.521562282683094,4.011191769336071
36029014300,9.421523432580424,3.963604031485284
36029014400,9.45064537303217,3.98377737577002
36029014501,9.53321123613963,4.006828904859685
36029014502,9.492815156741958,3.983185074606434
36029014601,9.547174811772758,4.041663915811088
36029014603,9.569474984257358,4.069009733744011
36029014604,9.588231134154689,4.094479221081451
36029014701,9.463830676933607,4.074284772758385
36029014702,9.395382362080767,4.025448163586584
36029014801,9.116632014373717,3.978361409308693
36029014803,9.17971359890486,3.993748861054073
36029014901,8.973334446954141,3.889912074606434
36029014903,9.059266386721424,3.912310702258727
36029014904,9.161420067761807,3.9468867816564
36029015001,8.886747490759754,3.831685939767283
36029015002,8.647255835728953,3.763218945927447
36029015003,8.468044971252567,3.713469650924025
36029015101,8.593321760438056,3.734864674195756
36029015102,8.342925167693361,3.686503806297057
36029015201,8.745612177275838,3.76426388843258
36029015202,8.730257229295003,3.764690654346338
36029015301,8.844622899383984,3.79775207871321
36029015302,8.824724027378508,3.797311976043806
36029015401,9.003739529089665,3.849931728268309
36029015402,8.930547206023272,3.820759652977413
36029015501,8.829544341546886,3.801370518822724
36029015503,8.807723579055442,3.795113216290212
36029015504,8.803368316906229,3.793920466119096
36029015600,8.72084183504449,3.766068381930185
36029015700,8.614238122518823,3.737517665297741
36029015800,8.451169857631759,3.70614344421629
36029015900,8.350158393566051,3.682691220396988
36029016100,8.514753453114305,3.716626431211499
36029016200,9.438406772073922,3.928405308008214
36029016300,9.681301687200548,3.980194348391513
36029016400,9.707205483230664,4.008321179329227
36029016500,9.763666347022587,4.044382250513347
36029016600,9.776920537303217,4.035347830253251
36029016700,9.674679133470226,3.958997629705681
36029016800,9.82543672073922,4.066097331964408
36029016900,9.862355207392197,4.094081977412731
36029017000,9.844290002053388,4.078348693360712
36029017100,9.913082656399726,4.13842107118412
36029017200,10.019033209445585,4.228811438056126
36029017300,9.318429024640657,3.908863370978782
36029017400,9.491904336755647,3.950343550308008
36029017501,8.506216108829569,3.71637148733744
36029017502,8.471410806297057,3.703809593429158
36029940000,8.637467521560575,3.742241227926078
36029940100,9.089740846680356,3.995762579055442
36031960100,6.740940700889802,2.90624183504449
36031960200,6.174353760438056,2.784037251882272
36031960300,6.016426972621492,2.777827776180698
36031960498,6.022414266255989,2.809776963039014
36031960598,5.995025987679672,2.803462835728953
36031960700,6.505363904859685,2.858569538672142
36031960800,6.857674871321013,2.916906759069131
36031960900,6.197459362080767,2.810179109514032
36031961000,6.625833011635866,2.959313144421629
36031961100,6.762302712525667,3.01335823340178
36031961200,6.987014090349076,3.098291906913073
36031961300,6.474990928131417,2.971434559890486
36031961400,6.102384503080082,2.8703324366872
36033940000,8.13071540109514,3.935485575633128
36033950100,7.26376470568104,3.48853379192334
36033950200,7.693486672142368,3.717641579055442
36033950300,6.985210510609172,3.394839980835044
36033950400,6.684435171800137,3.222452289527721
36033950501,6.997167909650924,3.379418461327858
36033950502,6.827957206023272,3.301388754962355
36033950600,6.357610240246407,3.04499109377139
36033950700,6.286036900752909,3.05444468514716
36033950800,6.10963961670089,2.893197075975359
36033950900,6.071971028747433,2.896052660506502
36033951000,6.108214097193703,2.90716159137577
36033951100,6.191968957563313,3.003018127310062
36033951200,6.138864978097194,2.970212242984257
36035970100,7.180880965776865,3.291555937029432
36035970200,7.198037346338125,3.319139282683094
36035970300,7.574618640657084,3.43978265982204
36035970400,7.004229228610541,3.271869874058864
36035970500,7.115536541409993,3.336453168377823
36035970600,7.453256750855578,3.4122447816564
36035970700,7.478759676249144,3.423594052019165
36035970800,7.544269268309377,3.443669511293634
36035970900,7.52840021560575,3.431112807665982
36035971000,7.473950297741273,3.415329635181383
36035971100,7.475672160164271,3.422767747433265
36035971200,7.590996119096509,3.467628481177276
36035971300,7.585780476386037,3.455822715263518
36035971400,7.811625828884326,3.508687914442163
36035971500,7.634467087611225,3.441948621492129
36037940100,9.00935661670089,3.9706924366872
36037950100,8.750683628336756,3.890847802874743
36037950200,8.776299303901437,3.908051118412046
36037950300,8.919147060232717,3.937698893223819
36037950400,8.765682935660506,3.890360160848734
36037950500,8.759013790554415,3.894115920602327
36037950600,8.752341130047912,3.889945403832991
36037950700,8.747279354551677,3.888749822039699
36037950800,8.750406386721424,3.89017331485284
36037950900,8.740927746748802,3.885923490075291
36037951000,8.735655838466804,3.885124003422314
36037951100,8.706443455167693,3.872222830253251
36037951200,8.690681540041068,3.860015240246407
36037951300,8.604945981519507,3.824505257357974
36037951400,8.73663999247091,3.850210471594798
36039080100,7.789840828884326,3.235164431895962
36039080201,7.303962475701574,3.123404906913073
36039080202,6.948648140314853,3.049187171800137
36039080300,6.758111387405886,3.018620969883641
36039080401,6.961356800136892,3.045424004106776
36039080402,6.714696775496236,3.001769155373032
36039080501,7.350687091718001,3.134814405886379
36039080502,7.151112600273785,3.095879292265572
36039080600,7.695163324435318,3.224936550308008
36039080700,7.844356292265572,3.261311600958248
36039080800,7.803125102669404,3.257710811088296
36039080900,7.706121093086927,3.240704863791923
36039081000,7.698926750855578,3.242194568104038
36039081101,7.349360273785079,3.148401619438741
36039081102,7.588867770704997,3.215973462696783
36041950100,6.176780594798084,3.003455266940452
36041950300,6.175459138945927,2.964044370978782
36041950400,6.542416072553046,3.090758275154004
36041950500,6.334334646132786,3.04584496440794
36043010100,7.5425001321013,3.514343551676934
36043010201,7.727282245722108,3.599889125941136
36043010202,7.798018689938398,3.627996295003422
36043010300,7.689250191649555,3.584031706365503
36043010400,7.666428927446954,3.569977474332649
36043010501,7.650373876112252,3.559233658453114
36043010502,7.611421083504449,3.547846156741958
36043010701,7.499752134154689,3.504826455167693
36043010702,7.483701450376454,3.491391091718001
36043010900,7.487365238193018,3.485167989048597
36043011001,7.29046732991102,3.416853042436687
36043011002,7.069190981519507,3.342884699520876
36043011100,7.641716963723477,3.561522602327173
36043011200,7.665546197809719,3.574491621492129
36043011301,7.612807976728268,3.556434721423682
36043011302,7.751057522245038,3.617286201232033
36043011400,7.369812612594114,3.468322626283368
36043011501,7.011515376454483,3.336120569472964
36043011502,6.421881793976728,3.13416918275154
36045060100,7.805434554414784,3.82980949486653
36045060200,7.935275127310062,3.87631493908282
36045060300,7.846768369609856,3.824064528405202
36045060400,7.705300808350445,3.749925407255305
36045060500,7.726163583162218,3.783723125941136
36045060600,7.572122453114305,3.711121795345654
36045060700,7.533425416837782,3.70814800752909
36045060803,7.578782156057495,3.699561195756331
36045060804,7.480051291581109,3.661404943874059
36045060900,7.202256883641342,3.528466811088296
36045061000,7.308785159479808,3.575392963723477
36045061100,7.442147203285421,3.627774282683094
36045061200,7.551210024640657,3.675870910335387
36045061300,7.582974635181383,3.690213270362765
36045061400,7.603289780287474,3.700593290896646
36045061500,7.600870394934976,3.697878453798768
36045061600,7.648067039014374,3.717274318275154
36045061700,7.495887498973306,3.616263335386721
36045061800,7.450640817932923,3.611021676249144
36045061900,7.566797338124572,3.68777034017796
36045062100,7.575323886379192,3.69173141615332
36045062200,7.544608585900068,3.677202876796715
36045062400,7.32660015468857,3.562661291581109
36045062500,7.285627303901437,3.509329673511294
36045980000,7.279496346338125,3.583561245037645
36047000100,10.504012543463381,3.001244328542094
36047000200,10.327827268309377,3.022647798767967
36047000301,10.494110431895962,3.002405965092402
36047000501,10.495125424366872,3.004710380561259
36047000502,10.4950824366872,3.011475853524983
36047000700,10.487863991786448,3.008599214921287
36047000900,10.484119572895277,3.007116755646817
36047001100,10.486587718001369,3.012682684462697
36047001300,10.497546796030116,3.005085038329911
36047001500,10.484086162902122,3.015148984257358
36047001800,10.367371047912389,3.024285808350445
36047002000,10.293738470910335,3.022967242984257
36047002100,10.517673417522245,3.005265328542094
36047002200,10.273282081451061,3.020082815879535
36047002300,10.506300501711157,3.003025707049966
36047002901,10.478313346338125,3.009959796030116
36047003000,10.253208518822724,3.016887717316906
36047003100,10.475428310061602,3.020941697467488
36047003300,10.4717685229295,3.019565856262834
36047003400,10.25780433744011,3.017061391512663
36047003500,10.451028627652293,3.025979252566735
36047003600,10.234828455167693,3.023294086926762
36047003700,10.479503615331964,3.018156032169747
36047003800,10.231907229295003,3.018117661875428
36047003900,10.46600680698152,3.023840915811088
36047004100,10.468470064339494,3.015036201232033
36047004300,10.475743761806982,3.013245471594798
36047004400,10.213674440793977,3.015799999315537
36047004500,10.474773691307324,3.009115302532512
36047004600,10.196847665297741,3.018559535249829
36047004700,10.476068590691307,3.009801962354552
36047004900,10.472490198494182,3.011044044490075
36047005000,10.184888683093771,3.022066546201232
36047005100,10.462102257357974,3.010800877481177
36047005201,10.175866767282683,3.023761713894593
36047005202,10.164316605065024,3.020889336071184
36047005300,10.430820910335387,3.01484125119781
36047005400,10.153169783025325,3.027851292950034
36047005601,10.143461288843258,3.024451789869952
36047005602,10.132436575633128,3.027891470910335
36047005800,10.16460488569473,3.025590431211499
36047005900,10.447196113620808,3.012006221765914
36047006000,10.175908610540726,3.025490213552361
36047006200,10.184752305270363,3.023637209445585
36047006300,10.45918243394935,3.011505443531828
36047006400,10.208042021218344,3.023763885010267
36047006500,10.450340633812457,3.018238540041068
36047006600,10.219851969883641,3.023304803559206
36047006700,10.465507293634497,3.01223123613963
36047006800,10.233924681040383,3.022484335386721
36047006900,10.467354646132786,3.015080566735113
36047007000,10.251453911019849,3.021592681040383
36047007100,10.461669477754962,3.017604164271047
36047007200,10.26148287816564,3.026357097878166
36047007400,10.267312206023272,3.023725630390144
36047007500,10.455996741273101,3.016470236824093
36047007600,10.278194615331964,3.026529485968515
36047007700,10.443682273100616,3.020930099931554
36047007800,10.296575464750171,3.027138954825462
36047008000,10.308662615331964,3.031091915126626
36047008200,10.31279288843258,3.026104987679672
36047008400,10.334657085557837,3.029103030800821
36047008500,10.438877453798768,3.015155872689938
36047008600,10.306570639288159,3.028969804243669
36047008800,10.316715010951403,3.030779197809719
36047009000,10.298557586584531,3.033182143052704
36047009200,10.289895770020534,3.035064203285421
36047009400,10.279040038329911,3.033122206023272
36047009600,10.293039235455168,3.030488514715948
36047009800,10.285089127310062,3.029608997262149
36047010000,10.265687745379877,3.027390546885695
36047010100,10.354885568788501,3.029839973990418
36047010200,10.254706118412046,3.028171148528405
36047010400,10.240464744695414,3.033604715263518
36047010600,10.261184245722108,3.033763348391513
36047010800,10.272171388774812,3.037416598220397
36047011000,10.283295980835044,3.036280013004791
36047011200,10.274271800136892,3.041399453114305
36047011400,10.260015996577686,3.038571565366188
36047011600,10.245060702258727,3.037060232032854
36047011700,10.417744902806297,3.023566941820671
36047011800,10.23175800752909,3.028780118412046
36047011900,10.439200019164956,3.024678944558522
36047012000,10.224044567419576,3.035165448323066
36047012100,10.426410435318275,3.026799717316906
36047012200,10.250569167693361,3.028707241615332
36047012600,10.234716229979466,3.025105118412046
36047012700,10.46122290349076,3.025659315537303
36047012801,10.216808204654346,3.034543664613279
36047012901,10.456998360711841,3.02651288569473
36047012902,10.440281772758385,3.03152694934976
36047013000,10.225163737166324,3.02745800752909
36047013100,10.44562628678987,3.031830688569473
36047013200,10.20226147980835,3.036113934976044
36047013300,10.442463576317591,3.033748898015058
36047013400,10.208364760438056,3.028833570841889
36047013500,10.427983210814511,3.031475547570157
36047013600,10.196715566735113,3.028870509240246
36047013700,10.42186567761807,3.033254963039014
36047013800,10.184194184120465,3.029468429842574
36047013900,10.41413118275154,3.033666259411362
36047014000,10.161655413415469,3.029900585900068
36047014100,10.404485516084873,3.034301501026694
36047014200,10.17441422587269,3.032995808350445
36047014300,10.39751321560575,3.033671924024641
36047014500,10.388030196440794,3.031057349760438
36047014700,10.358974301163587,3.034953151266256
36047014800,10.140157854893908,3.034612345653662
36047014900,10.371768655715264,3.036679958247776
36047015000,10.135869306639288,3.040913473648186
36047015100,10.391625503764545,3.041937800136892
36047015200,10.135466976043806,3.033165300479124
36047015300,10.399398755646817,3.034591882272416
36047015400,10.121147787132101,3.03725786036961
36047015500,10.40376735523614,3.032784785763176
36047015700,10.413262742642026,3.030720659137577
36047015900,10.417594609856263,3.029793940451745
36047016000,10.160407364818617,3.031965396988364
36047016100,10.436333349760438,3.033420672142368
36047016200,10.12991118275154,3.026453794661191
36047016300,10.432982863791923,3.036404464065708
36047016400,10.104672982888433,3.032545759069131
36047016500,10.404480036960986,3.041020470225873
36047016600,10.152465674195756,3.030984447638604
36047016700,10.360725926762491,3.036302138261465
36047016800,10.083207839835729,3.036072425051335
36047016900,10.339472544832307,3.037988197125257
36047017000,10.11389477412731,3.035168136892539
36047017100,10.332759052703628,3.042017735112936
36047017200,10.103495006160164,3.039613945927447
36047017400,10.082771765229295,3.043359715263518
36047017500,10.327714706365503,3.038815461327858
36047017600,10.069806405886379,3.042210441478439
36047017700,10.347572743326489,3.04475934770705
36047017800,10.092271073237509,3.04661811430527
36047017900,10.436081303216975,3.026855377138946
36047018000,10.099244519507187,3.040466978781656
36047018100,10.443686501711157,3.023261798767967
36047018200,10.12072614715948,3.04393560164271
36047018300,10.451262947980835,3.019513944558522
36047018400,10.126407270362765,3.041455387405886
36047018501,10.494101150581793,3.015745204654346
36047018600,10.136863794661191,3.03988063449692
36047018700,10.470313977412731,3.014393854209446
36047018800,10.144715698151951,3.043520839835729
36047019000,10.157822327173169,3.044792299794661
36047019100,10.466963859000684,3.020201657768652
36047019200,10.202765637234771,3.039690497604381
36047019300,10.458514052019165,3.026242214236824
36047019400,10.189129571526352,3.041070237508556
36047019500,10.460275632443532,3.018620698151951
36047019600,10.174632858316222,3.041078865160849
36047019700,10.439110238193018,3.022528334017796
36047019800,10.152188048596852,3.039167185489391
36047019900,10.432415221081451,3.028895896646133
36047020000,10.163497954140999,3.041342917864476
36047020100,10.427494450376454,3.030795454483231
36047020200,10.172023797399042,3.03594444421629
36047020300,10.426414449691992,3.034754055441478
36047020400,10.173002901437372,3.030601289527721
36047020500,10.421815195071869,3.035217522245038
36047020600,10.183926016427105,3.034325482546201
36047020700,10.418464211498973,3.042965334702259
36047020800,10.187867234770705,3.040812001368925
36047021000,10.1961911321013,3.035650232032854
36047021100,10.499168388774812,3.01875523340178
36047021200,10.204341637919233,3.033222996577686
36047021300,10.374776809034908,3.04479125393566
36047021400,10.214308505817933,3.035731790554415
36047021500,10.411185247775496,3.039210245722108
36047021600,10.224411446954141,3.037027516084873
36047021700,10.411073191649555,3.046893148528405
36047021800,10.235868718001369,3.04156509377139
36047021900,10.401069882272416,3.047777028747433
36047022000,10.242776049965777,3.038000916495551
36047022100,10.409479973305955,3.045650412046544
36047022200,10.252562939767283,3.0414761724846
36047022400,10.260518430527036,3.039847540041068
36047022600,10.254122451060917,3.040603921971253
36047022700,10.420391603696099,3.036559401779603
36047022800,10.233246889801506,3.04587298220397
36047022900,10.42738513963039,3.036293563997262
36047023000,10.232246687200548,3.045979453114305
36047023100,10.428764908281999,3.032038692676249
36047023200,10.2197418275154,3.040175460643395
36047023300,10.448475832306639,3.029091734428474
36047023400,10.213372700205339,3.045123587953456
36047023500,10.448648765229295,3.022479905544148
36047023600,10.21694326146475,3.044627508555784
36047023800,10.207959468856947,3.041519934976044
36047024000,10.203209422313484,3.043708360711841
36047024100,10.442152489390828,3.027864242984257
36047024200,10.184876027378508,3.041818335386721
36047024300,10.433591492813142,3.033038760438056
36047024400,10.131405158110883,3.047328587268994
36047024500,10.429137356605065,3.037620905544148
36047024600,10.10086701026694,3.049314597535934
36047024700,10.398472194387406,3.039459210814511
36047024800,10.126193821355236,3.040041802190281
36047024900,10.415219780971937,3.035178945927447
36047025000,10.178199335386721,3.043704674880219
36047025100,10.418090124572211,3.030086980150582
36047025200,10.156534996577686,3.047509130732375
36047025300,10.428186744010951,3.023303084188912
36047025400,10.093367485968515,3.044930132785763
36047025500,10.431879188227242,3.017774082135524
36047025600,10.088567321697468,3.045984647501711
36047025700,10.425790405201916,3.018254446269678
36047025800,10.082508453798768,3.049157455852156
36047025901,10.414345257357974,3.02012425393566
36047025902,10.417978431895962,3.021200341546886
36047026000,10.116098986310746,3.046895401779603
36047026100,10.413456733744011,3.023302976043806
36047026200,10.149562685831622,3.041448429842574
36047026300,10.411150568788501,3.025948452429843
36047026400,10.12673606844627,3.045011124572211
36047026500,10.410888396988364,3.033458802874743
36047026600,10.087441572210814,3.047363589322382
36047026700,10.401530482546201,3.033179212867899
36047026800,10.072373326488706,3.04262794934976
36047026900,10.39991673100616,3.041212097878166
36047027000,10.039086511293634,3.040908434633812
36047027100,10.379848401779603,3.041612058863792
36047027200,10.067963055441478,3.046211020533881
36047027300,10.385396464065708,3.039440036276523
36047027400,10.085063584531143,3.044799183436003
36047027500,10.388429618754278,3.038121528405202
36047027600,10.106512897330596,3.042624377823409
36047027700,10.39194168514716,3.033253255304586
36047027800,10.087819095140315,3.045688446954141
36047027900,10.399646018480493,3.028634399726215
36047028000,10.067688932238193,3.046445394250513
36047028100,10.402861387405886,3.023965140314853
36047028200,10.057771742642026,3.04452029431896
36047028300,10.409565531827515,3.021296453798768
36047028400,10.057200275154004,3.039946955509925
36047028501,10.414469816563997,3.017764311430527
36047028502,10.409837366872006,3.02413420807666
36047028600,10.033306348391513,3.045510427789186
36047028700,10.393863472963724,3.021455391512663
36047028800,10.053712224503764,3.045434407255305
36047028900,10.38142634770705,3.024125312799452
36047029000,10.045296301848049,3.047026128678987
36047029100,10.384510822039699,3.030959471594798
36047029200,10.007014622861054,3.042573916495551
36047029300,10.379747872005476,3.033217461327858
36047029400,9.993987165639973,3.048499805612594
36047029500,10.373087656399726,3.033473107460643
36047029600,10.027854497604381,3.045861644079398
36047029700,10.347372159479808,3.037414246406571
36047029800,10.011694141683778,3.045790004791239
36047029900,10.315097425735797,3.038102195756331
36047030000,9.995978691991786,3.050316993155373
36047030100,10.271998472963724,3.033599585215606
36047030200,9.987435039014374,3.049309334702259
36047030300,10.25113325393566,3.032971568104038
36047030400,9.97555600752909,3.047135511293634
36047030500,10.415450364818617,3.039537995208761
36047030600,9.943238005475702,3.045036466119096
36047030700,10.311119258042437,3.040279889801506
36047030800,9.911931071868583,3.050194095824778
36047030900,10.34636134017796,3.044597026694045
36047031100,10.36829078439425,3.049267655715264
36047031300,10.387789549623546,3.04645280698152
36047031400,9.939941850787132,3.050117124572211
36047031500,10.410441394934976,3.047797985626283
36047031701,10.403536680355921,3.049635533196441
36047031702,10.377604005475702,3.048073344969199
36047031900,10.340078145790554,3.049519146475017
36047032100,10.367206559206023,3.049991759069131
36047032300,10.366024098562628,3.053463993839836
36047032500,10.369383140314853,3.046712876112252
36047032600,9.877449214921287,3.053466366187543
36047032700,10.35165399247091,3.051677890485968
36047032800,9.885799060232717,3.054807041752224
36047032900,10.327734560574949,3.053488643394935
36047033000,9.899887651608487,3.046772346338125
36047033100,10.313441984257358,3.05386458384668
36047033300,10.325552362080767,3.053294780287474
36047033500,10.332442143737166,3.051450982888433
36047033600,9.897211783025325,3.049042392881588
36047033700,10.336601981519507,3.049136249828884
36047033900,10.339219940451745,3.049689472963724
36047034000,9.867444468172485,3.054374523613963
36047034100,10.385845081451061,3.050129237508556
36047034200,9.876229310061602,3.049322428473648
36047034300,10.333752395619439,3.043970411362081
36047034500,10.327240570841889,3.046010088295688
36047034700,10.297075454483231,3.04394509377139
36047034800,9.894529525667351,3.05514833744011
36047034900,10.281028835728953,3.049303192334018
36047035000,9.87231216495551,3.055847717316906
36047035100,10.292781427789186,3.046150393566051
36047035200,9.856693421629021,3.056102402464066
36047035300,10.309975283367556,3.049663619438741
36047035400,9.873358731690623,3.054334214921287
36047035500,10.289693119780972,3.052033803559206
36047035601,9.869590710472279,3.05537851266256
36047035602,9.854881106776181,3.052394765229295
36047035700,10.281168381930185,3.043486950718686
36047035900,10.270033967145791,3.040113701574264
36047036001,9.816641735797399,3.053884667351129
36047036002,9.804780499657769,3.050131987679672
36047036100,10.245943999315537,3.037561743326489
36047036200,9.82113387063655,3.053638381930185
36047036300,10.237624915126626,3.033548067761807
36047036400,9.830507289527721,3.049568406570842
36047036501,10.216817405886379,3.02886026899384
36047036502,10.196074576317591,3.02645985284052
36047036600,9.862352329226557,3.057138932922656
36047036700,10.208742150581793,3.025158399041752
36047036900,10.238146809034908,3.02392921560575
36047037000,9.887315290212183,3.05500835797399
36047037100,10.26258970294319,3.025495362765229
36047037300,10.273014124572211,3.027744078028747
36047037401,9.899713924024641,3.050513143052704
36047037402,9.904347374401095,3.051596767967146
36047037500,10.310215621492129,3.024419624914442
36047037700,10.298868535249829,3.029695798767967
36047037900,10.287698862422998,3.030267472963724
36047038100,10.317016604380561,3.0313366954141
36047038200,9.940009343600274,3.048802993839836
36047038300,10.324215167693361,3.029464872005476
36047038500,10.35454101026694,3.032725273100616
36047038600,9.935786817932923,3.049586967830253
36047038700,10.36179611430527,3.028124430527036
36047038800,9.923145726899384,3.047253800136892
36047038900,10.420296462696783,3.018640848733744
36047039000,9.928953125941136,3.049580249828884
36047039100,10.410174339493498,3.019902611909651
36047039200,9.937685633812457,3.05122460164271
36047039300,10.372450914442163,3.022853275154004
36047039400,9.956842026009582,3.049207134154689
36047039500,10.352242700889802,3.020270646817248
36047039600,9.965196031485284,3.052830407255305
36047039700,10.30172035523614,3.021886815879535
36047039800,9.966363904859685,3.051827856947296
36047039900,10.296041828199863,3.017586541409993
36047040000,9.981482066392882,3.051215149212868
36047040100,10.263316658453114,3.015394171115674
36047040200,9.978344279945243,3.050888737850787
36047040300,10.245196453798768,3.015570521560575
36047040400,10.012208310746064,3.047263808350445
36047040500,10.219743748117728,3.019764216290212
36047040600,10.002511383983573,3.04693861670089
36047040700,10.207714793976728,3.014911635865845
36047040800,10.003204054757016,3.051440334017796
36047040900,10.240185177275838,3.010120480492813
36047041000,9.995004899383984,3.050849199178645
36047041100,10.244402080082136,3.011300466803559
36047041200,10.010575969199179,3.052623611225188
36047041300,10.261216703627652,3.01655592128679
36047041401,9.989185816563997,3.051527676249144
36047041402,9.989537471594798,3.052541136208077
36047041500,10.281319328542094,3.018360683778234
36047041600,9.976044983572895,3.054080502395619
36047041700,10.324265399726215,3.016004580424367
36047041800,9.992895774811773,3.051593643394935
36047041900,10.34195011430527,3.020278289527721
36047042000,10.019345431211499,3.055944058863792
36047042100,10.374312098562628,3.024491308008214
36047042200,10.018209725530459,3.051221138261465
36047042300,10.384503629705681,3.015558093086927
36047042400,10.026225896646133,3.050880169746749
36047042500,10.402193428473648,3.019626789185489
36047042600,10.030881114989733,3.051987856947296
36047042700,10.39345574880219,3.018647687200548
36047042800,10.035593567419576,3.049278693360712
36047042900,10.37536231485284,3.014692344969199
36047043000,10.050966006160164,3.046531694729637
36047043100,10.35709031211499,3.014070807665982
36047043200,10.057130412731006,3.047347560574949
36047043300,10.338735175906913,3.018774036276523
36047043400,10.043897607118412,3.048051366187543
36047043500,10.294617972621492,3.012305283367556
36047043600,10.06362429431896,3.048359937029432
36047043700,10.273106962354552,3.012108550992471
36047043800,10.038748132785763,3.054296993839836
36047043900,10.286872246406571,3.007981383983573
36047044000,10.051865655030801,3.050993032854209
36047044100,10.338052513347023,3.008276334017796
36047044200,10.037972475701574,3.050460154004107
36047044300,10.352718033538672,3.012866077344285
36047044400,10.062451666666667,3.045280251882272
36047044500,10.367029862422998,3.010884676249144
36047044600,10.074022082819986,3.050410002737851
36047044700,10.383530421629021,3.010420011635866
36047044800,10.088033828884326,3.048229673511294
36047044900,10.426365791238878,3.008956904859685
36047045000,10.107383154004107,3.04558875633128
36047045200,10.086002184120465,3.044000323066393
36047045300,10.40224127652293,3.014792361396304
36047045400,10.073914613278576,3.047810422313484
36047045600,10.122611503764545,3.0498616091718
36047045800,10.120622797399042,3.048196618754278
36047046000,10.15486084531143,3.047999223134839
36047046201,10.14311936550308,3.045205310746064
36047046202,10.124012425735797,3.043883893908282
36047046400,10.12843831211499,3.04434214715948
36047046800,10.116070433264887,3.046206368925394
36047047000,10.152148412731006,3.046323575633128
36047047200,10.154099410677618,3.046680483230664
36047047400,10.157822995893224,3.040817857631759
36047047600,10.17246287063655,3.046759740588638
36047047700,10.457709112251882,3.00763005338809
36047047800,10.180103506502396,3.046729779603012
36047048000,10.160038789185489,3.046826891854894
36047048100,10.443253440793977,3.009585206023272
36047048200,10.168982919917864,3.051215049965777
36047048400,10.180641977412731,3.04590432238193
36047048500,10.426258911704312,3.014224544832307
36047048600,10.230777212183436,3.044412000684463
36047048800,10.237745967145791,3.044900570841889
36047048900,10.431041316221766,3.01662934017796
36047049000,10.197394380561259,3.042523564681725
36047049100,10.443059367556468,3.014178159479808
36047049200,10.210796828199863,3.04334117522245
36047049300,10.441728889801506,3.010886105407255
36047049400,10.255199497604381,3.049020898015058
36047049500,10.453829940451745,3.008837509924709
36047049600,10.260592633127994,3.047643509240246
36047049700,10.463980368240931,3.008750682409309
36047049800,10.273365110882957,3.041466206707734
36047049900,10.470057465434634,3.004870752224504
36047050000,10.287323345653662,3.045610648870637
36047050100,10.468961227241615,3.004067967830253
36047050202,10.315422518138262,3.045500894592745
36047050300,10.464832951403148,3.010353982888433
36047050400,10.289347152635181,3.045917539356605
36047050500,10.449697160164271,3.008802583162218
36047050600,10.265075526351814,3.047245882272416
36047050700,10.447741022587269,3.01700234017796
36047050801,10.272068185489391,3.044916496919918
36047050803,10.284120925393566,3.044145223819302
36047050804,10.282374898015058,3.048063579055442
36047050900,10.457494394250513,3.014119256673511
36047051001,10.238141907597536,3.049481535249829
36047051002,10.252739913073238,3.046018694729637
36047051100,10.454635614647502,3.015493770704997
36047051200,10.246786541409993,3.050466987679672
36047051300,10.46936383504449,3.009088942505134
36047051400,10.223210686516085,3.04847280698152
36047051500,10.479053932922656,3.00397035797399
36047051601,10.184983857631759,3.051327972621492
36047051602,10.213506214921287,3.049687422997947
36047051700,10.501684930184805,3.005993180698152
36047051800,10.183110514715948,3.047554488021903
36047051900,10.493677189596167,3.005913296372348
36047052000,10.18760720054757,3.046577002053388
36047052300,10.496883678986995,3.010409770704997
36047052500,10.496661396303901,3.012339618069815
36047052600,10.182762282683094,3.046532370294319
36047052700,10.46775945174538,3.01059879192334
36047052800,10.14117204312115,3.046013281314168
36047052900,10.475067980835044,3.01130109650924
36047053000,10.121785272416153,3.046422971937029
36047053100,10.452419299794661,3.017501399041752
36047053200,10.10802554825462,3.050070002737851
36047053300,10.483649195071869,3.015746412046544
36047053400,10.090896400410678,3.044648552361396
36047053500,10.492365277207392,3.012511403148528
36047053700,10.4634451724846,3.012021759069131
36047053800,10.052450602327173,3.046149486652977
36047053900,10.474518891170431,3.013560755646817
36047054200,10.030274558521561,3.048574071868583
36047054300,10.500416529089665,3.011282381245722
36047054400,10.019276156741958,3.046156646817248
36047054500,10.499042563997262,3.015884242984257
36047054600,10.006831933607118,3.047458605749487
36047054700,10.522884947980835,3.007779058179329
36047054800,9.972077559206023,3.043442622176591
36047054900,10.528452658453114,3.009298594798084
36047055000,9.979210260780288,3.048300509240246
36047055100,10.529224272416153,3.006552119096509
36047055200,9.987762394250513,3.047839439425051
36047055300,10.504177117043121,3.005855210130048
36047055400,9.998390163586584,3.050405955509925
36047055500,10.534377041752224,3.005493783709788
36047055600,9.969713073237509,3.050296897330596
36047055700,10.534499275838467,3.009950018480493
36047055800,9.961793263518138,3.048038062970568
36047056000,9.952529707734428,3.050435019849418
36047056100,10.538803490075291,3.008608508555784
36047056200,9.940762378507871,3.048012617385352
36047056300,10.544028019164956,3.009161590691307
36047056400,9.941613579055442,3.043231123887748
36047056500,10.537880745379877,3.009206173853525
36047056600,9.910957253251198,3.047163824093087
36047056800,9.900082661190965,3.047213470910335
36047056900,10.489406349760438,3.003732986995209
36047057000,9.877917867214237,3.042049043805613
36047057100,10.485045716632444,3.009669918548939
36047057200,9.843643752908966,3.041865503764545
36047057300,10.491220759753593,3.005100383983573
36047057400,9.91567856605065,3.048639206707734
36047057500,10.516025460643395,3.010230674880219
36047057600,9.915037920602327,3.049122697467488
36047057800,9.924987358658453,3.049621976043806
36047057900,10.493978240930869,3.012777005475702
36047058000,9.935902991786448,3.053163687200548
36047058200,9.94186524366872,3.049357201916496
36047058400,9.915048399726215,3.051047339493498
36047058600,9.908879744010951,3.049945803559206
36047058800,9.879081691991786,3.05083592881588
36047058900,10.47405290622861,3.009439277891855
36047059000,9.868608232032854,3.046402570157426
36047059100,10.467146263518138,3.004793417522245
36047059200,9.885160780287474,3.047421008898015
36047059300,10.461114942505134,3.008917874743326
36047059401,9.875362430527036,3.04801000752909
36047059402,9.850968795345654,3.045841745379877
36047059600,9.820888497604381,3.04337119301848
36047059800,9.783275352498289,3.037290764544832
36047060000,9.804388472963724,3.044718533196441
36047060600,9.856586826146475,3.049969628336756
36047060800,9.807156254620123,3.045749249144422
36047061002,9.785345736481862,3.051178587953456
36047061003,9.820115608487337,3.051219268309377
36047061004,9.8041528678987,3.054546690622861
36047061200,9.785179286105407,3.047554137577002
36047061600,9.724540336071184,3.038362650924025
36047062000,9.757418638603696,3.039278902806297
36047062200,9.750833203969884,3.040623586584531
36047062600,9.802204546885695,3.041561612594114
36047062800,9.75521070294319,3.037056464065708
36047063200,9.842358941820671,3.042917686516085
36047063600,9.93905205338809,3.04595026146475
36047063800,9.926050965776865,3.046495825462012
36047064000,9.957570031485284,3.04269620054757
36047064200,9.985658817932923,3.045922023956194
36047064400,9.983282315537303,3.046710489390828
36047064600,9.985793939767283,3.041482264887064
36047064800,9.988426729637235,3.049794611225188
36047065000,9.99669105065024,3.047298262833676
36047065200,9.948497884325804,3.040753391512663
36047065400,9.939084718685832,3.041339596851472
36047065600,9.954003486652977,3.042734038329911
36047065800,9.909721110882957,3.042381516084873
36047066000,9.903326210130048,3.041344091033539
36047066200,9.885363730321698,3.035324335386721
36047066600,9.739992166324435,3.03186548733744
36047067000,9.899935310746064,3.038818568104038
36047067200,9.96317347980835,3.041850314168378
36047067400,9.980522318275154,3.044895963723477
36047067600,9.994842306639288,3.039021635865845
36047067800,9.987043927446954,3.037737054757016
36047068000,9.964264697467488,3.041526554414784
36047068200,9.93062823340178,3.036227818617385
36047068600,9.891772525667351,3.037015744010951
36047068800,9.916392887063655,3.038044822724162
36047069000,9.936170521560575,3.038632127994524
36047069200,9.957636550992471,3.037687177275838
36047069601,9.958252787816564,3.037666382614648
36047069602,9.903920277207392,3.03205943394935
36047069800,9.872537698836413,3.033523961670089
36047070000,9.878610062286105,3.030511084873374
36047070201,9.79779242642026,3.027272902806297
36047070202,9.620721536618754,3.016471995893224
36047070203,9.603646044490075,3.002820446269678
36047070600,9.781670158795346,3.023135177275838
36047072000,9.991715808350445,3.036093023271732
36047072200,10.030999131416838,3.041579983572895
36047072400,10.061253911019849,3.042175714579055
36047072600,10.07245941615332,3.045086976043806
36047072800,10.023606822724162,3.041228392881588
36047073000,10.015676018480493,3.044590811772758
36047073200,10.044684151266256,3.044126600273785
36047073400,10.058288165639973,3.044840246406571
36047073600,10.028338220396988,3.047938554414784
36047073800,10.030088681040383,3.045850222450376
36047074000,10.066372079397673,3.048549381245722
36047074200,10.076716973305955,3.048789945242984
36047074400,10.039321568788501,3.048499102669404
36047074600,10.019011696783025,3.050756468856947
36047074800,10.0472791321013,3.046822945927447
36047075000,10.083813885010267,3.046942521560575
36047075200,10.092946115674196,3.049627527720739
36047075400,10.055710168377823,3.051009275838467
36047075600,10.017424698836413,3.046797174537988
36047075800,10.027553058179329,3.048589011635866
36047076000,10.064841020533881,3.048263614647502
36047076200,10.09517181724846,3.045503051334702
36047076400,10.139723084188912,3.045090568788501
36047076600,10.147436450376454,3.052576887063655
36047076800,10.064670892539357,3.045655484599589
36047077000,10.160290742642026,3.054327374401095
36047077200,10.130197020533881,3.048757032854209
36047077400,10.109533703627652,3.048850376454483
36047077600,10.091894158110883,3.049384533196441
36047078000,10.105751341546886,3.046893144421629
36047078200,10.148530889117043,3.048257698151951
36047078400,10.118763409993155,3.048426193702943
36047078600,10.131591344284736,3.050285138945927
36047078800,10.167462056810404,3.053975916495551
36047079000,10.195158372347707,3.046974468856947
36047079200,10.22559249486653,3.050200509924709
36047079400,10.247678234770705,3.051064694045174
36047079601,10.302518245037645,3.049906959616701
36047079602,10.275651508555784,3.048763362080767
36047079801,10.336594892539357,3.04878880698152
36047079802,10.329902984257358,3.048791429842574
36047080000,10.316162520876112,3.051412275154004
36047080200,10.303807925393566,3.053153736481862
36047080400,10.307228095824778,3.053052225188227
36047080600,10.302605955509925,3.053270919233402
36047080800,10.271829698836413,3.053989898015058
36047081000,10.292121629705681,3.053127382614648
36047081400,10.245750273100616,3.0525404366872
36047081600,10.26584900752909,3.053849093086927
36047081800,10.268474299110198,3.055766494182067
36047082000,10.274974463381246,3.05481988843258
36047082200,10.276419587268994,3.05067909650924
36047082400,10.245504623545517,3.054348633812457
36047082600,10.215004642710472,3.049335039698836
36047082800,10.189474762491444,3.055017067761807
36047083000,10.180775896646133,3.053177135523614
36047083200,10.174065301163587,3.053126349760438
36047083400,10.163940534565366,3.050052045174538
36047083600,10.113520943874059,3.048099527036276
36047083800,10.14455037577002,3.047087736481862
36047084000,10.13133046201232,3.047667171115674
36047084600,10.120120478439425,3.045782169062286
36047084800,10.153456462696783,3.048759718001369
36047085000,10.162570559890486,3.04727114715948
36047085200,10.193964206707734,3.052025790554415
36047085400,10.199469219028063,3.051128896646133
36047085600,10.232781970568104,3.05492709377139
36047085800,10.216671403148528,3.050978817932923
36047086000,10.197872431895962,3.048253406570842
36047086200,10.177609984941821,3.047602897330596
36047086400,10.183294381930185,3.044638798083504
36047086600,10.208316675564682,3.044907622861054
36047086800,10.20952831211499,3.053607918548939
36047087000,10.226326320328542,3.051544100616016
36047087200,10.235280420260096,3.052009055441478
36047087401,10.286882175906913,3.054120509924709
36047087600,10.275048700889802,3.049852542778918
36047087800,10.244634803559206,3.049215221081451
36047088000,10.259326445585216,3.047702732375086
36047088200,10.228200913073238,3.044060825462012
36047088400,10.230929492128679,3.04510990622861
36047088600,10.185777429158111,3.043286229979466
36047088800,10.149078493497604,3.04286487816564
36047089000,10.153005902806297,3.035047038329911
36047089200,10.232797030800821,3.041592980835044
36047089400,10.197654264202601,3.042470749486653
36047089600,10.154759060232717,3.036355592060233
36047089800,10.188101067761807,3.036602073921971
36047090000,10.232030840520192,3.037724021902806
36047090200,10.211446244353183,3.036382806297057
36047090600,10.18543075633128,3.029615499657769
36047090800,10.162448911019849,3.020808798083504
36047091000,10.135990590691307,3.022983121149897
36047091200,10.162826982888433,3.033294650239562
36047091600,10.141405266255989,3.031416377138946
36047091800,10.127432891170431,3.027017293634497
36047092000,10.102675621492129,3.027679379192334
36047092200,10.108048412046544,3.035024488706366
36047092400,10.191823344284736,3.032810596167009
36047092800,10.106771039698836,3.035609005475702
36047093000,10.115033660506502,3.041005446269678
36047093200,10.097630822724162,3.049653024640657
36047093400,10.126732741273101,3.044839363449692
36047093600,10.137729368925394,3.04357366255989
36047093800,10.164732665297741,3.04593658384668
36047094401,10.079948275154004,3.045196369609856
36047094402,10.047143443531828,3.043341561943874
36047094600,10.120464414784394,3.045143640657084
36047095000,10.037408544147844,3.043628117043121
36047095400,10.044382771389459,3.034871963723477
36047095600,10.0070466954141,3.035966951403148
36047095800,10.042057352498289,3.037879794661191
36047096000,10.084545696783025,3.038586843942505
36047096200,10.059774463381246,3.036781917180014
36047096400,10.02791929705681,3.034550902806297
36047096600,9.997913425735797,3.029527117043121
36047096800,10.021679240246407,3.031720004791239
36047097000,10.052743932238193,3.028436084873374
36047097400,10.028559331279945,3.027667370978782
36047098200,10.020066392197125,3.024363247775496
36047098400,9.98669734770705,3.025048417522245
36047098600,9.987656852156058,3.026839730321698
36047098800,9.990916181382615,3.027058696783025
36047099000,9.969023144421629,3.029841328542094
36047099200,9.972750202600958,3.032688798767967
36047099400,9.976971646817248,3.03373733744011
36047099600,9.977213144421629,3.037651855578371
36047099800,9.949099826830938,3.034458767967146
36047100400,9.93326399247091,3.030708061601643
36047100600,9.937957503764545,3.029082871321013
36047100800,9.93598689596167,3.024935596167009
36047101000,9.931857551676934,3.023783503080082
36047101200,9.958707122518823,3.027084611909651
36047101400,9.950396483230664,3.025658919917864
36047101600,9.950143613278576,3.022112966461328
36047101800,9.936756150581793,3.020328885010267
36047102000,9.913962711156742,3.021687937713895
36047102200,9.91828500752909,3.024615396988364
36047102400,9.905737059548255,3.024580134154689
36047102600,9.899879136892539,3.028981434633812
36047102800,9.865209890485968,3.023509891854894
36047103400,9.872051378507871,3.017380138261465
36047105801,9.939649989048597,3.011801457221082
36047105804,9.932909515400411,3.018782681040383
36047107000,9.877887221081451,3.008912694729637
36047107800,9.95884753798768,3.00398037577002
36047109800,10.06984170568104,3.033229761122519
36047110400,10.022956452429843,3.014271006844627
36047110600,9.994406932922656,3.011314214236824
36047111000,9.998615160164271,3.011743775496236
36047111600,9.982336775496236,3.004217746748802
36047111800,10.002994767967146,3.001122470225873
36047112000,10.021262547570157,3.006995074606434
36047112200,10.033973730321698,3.010412917864476
36047112400,10.053136543463381,3.015668334702259
36047112600,10.082647941136208,3.020551624914442
36047112800,10.05838579192334,3.016587349075975
36047113000,10.090231358658453,3.02401862696783
36047113200,10.096309691307324,3.025073802190281
36047113400,10.125487211498973,3.017356127994524
36047114201,10.176280281998631,3.015168208761122
36047114202,10.154922295003422,3.010102064339494
36047114400,10.136282148528405,3.018099493497604
36047114600,10.147422568788501,3.008788151950719
36047115000,10.080269348391513,3.007086466803559
36047115200,10.094907162217659,3.008411811088296
36047115600,10.109897940451745,3.015739447638604
36047115800,10.09532868514716,3.017729310061602
36047116000,10.073045123887748,3.008186199863108
36047116200,10.05716634017796,3.006443956194387
36047116400,10.038470578370979,3.001557596167009
36047116600,10.058131553730322,3.00280776386037
36047116800,10.093268403148528,3.00428770294319
36047117000,10.086126199178645,2.999917127310062
36047117201,10.123941120465435,3.00585206091718
36047117202,10.112316177275838,3.000723822039699
36047117400,10.092134106776181,2.99467129705681
36047117601,10.095965134154689,2.993248024640657
36047117602,10.088205187542779,2.988580314168378
36047117800,10.055576274469541,2.992165022587269
36047118000,10.117419262149213,2.994186740588638
36047118201,10.080801563997262,2.989467366872006
36047118202,10.06538576386037,2.985079124572211
36047118400,10.054503078028747,2.986305140314853
36047118600,10.035318009582478,2.990423540041068
36047118800,10.004101654346338,2.985130606433949
36047119000,10.032570945927447,2.988291439425051
36047119200,10.041590048596852,2.993763323066393
36047119400,10.023250561259411,3.000414691307324
36047119600,10.013361282683094,2.995123961670089
36047119800,10.128852735797399,3.009929021902806
36047120000,9.979232095140315,2.987062090349076
36047120200,9.966153793976728,2.984905472963724
36047120800,9.952096067761807,2.987738545516769
36047121000,9.986003998631075,2.99843290349076
36047121400,9.935981336071184,2.987344030116359
36047122000,9.911580779603012,2.992496902121834
36047123700,10.450069937029432,3.015378737850787
36047150200,10.32134622587269,3.039739564681725
36047152200,10.232175212183436,3.04630115468857
36049950100,6.720767809034908,3.303221006844627
36049950200,6.999311039014374,3.442008542778918
36049950300,7.100398865160849,3.464864690622861
36049950400,6.751915975359343,3.292849378507871
36049950500,6.964375389459274,3.386964504449008
36049950600,6.764553569472964,3.278403388774812
36049950700,6.943781184120465,3.344017631759069
36051030100,8.652610750171116,3.821762138261465
36051030201,8.47981565229295,3.770049506502396
36051030202,8.388908959616701,3.743558268309377
36051030300,8.559163626283368,3.785327730321698
36051030400,8.330900464065708,3.721930977412731
36051030500,8.341318960301164,3.727460932238193
36051030600,8.439455574264203,3.737775420260096
36051030700,8.251661859000684,3.693278631759069
36051030800,8.196088485968515,3.681850846680356
36051030900,8.234186083504449,3.697796210814511
36051031000,8.1288825229295,3.658845470910335
36051031100,7.944460631074606,3.589261604380561
36051031200,7.989104279945243,3.612016425051335
36051031300,7.927906303216975,3.580626663928816
36051031400,7.894047389459274,3.566134934976044
36053030501,7.779161522245038,3.505543558521561
36053030502,7.759135156741958,3.494281659137577
36053030700,7.601162785763176,3.484090163586584
36053030800,7.514517078028747,3.459365468172485
36053030900,7.514164441478439,3.476451859000684
36053031000,7.530388680355921,3.483860728952772
36053031100,7.446397363449692,3.461591755646817
36053940101,7.981588386721424,3.641374480492813
36053940102,7.98377964202601,3.630610594798084
36053940103,7.956439713894593,3.620771302532512
36053940200,8.012349392197125,3.619727087611225
36053940300,7.988738861738535,3.612261543463381
36053940401,8.147463674195756,3.627587882956879
36053940403,8.065256846680356,3.592791587953456
36053940600,7.77555511156742,3.552113996577686
36053940700,8.040421904859685,3.58717866255989
36055000200,8.999087420260096,3.860125749486653
36055000700,8.978900295687885,3.84831662696783
36055001000,8.976808945242984,3.822575106091718
36055001300,8.980059977412731,3.848044501026694
36055001500,8.982837721423682,3.85264996440794
36055001800,8.954234207392197,3.886642657084189
36055001900,8.960919571526352,3.86639662422998
36055002000,8.971814,3.869472442162902
36055002100,8.974905637234771,3.872426936344969
36055002200,8.986754106776181,3.870680014373717
36055002300,8.992642816563997,3.870471499657769
36055002400,8.991761414784394,3.87386592128679
36055002700,9.006694882956879,3.861175000684463
36055002900,8.988189235455168,3.842537889117043
36055003000,8.999782062286105,3.843770038329911
36055003100,8.975982798767967,3.823428326488706
36055003200,9.000288267624914,3.848858479123888
36055003300,9.004872994524298,3.849985424366872
36055003400,9.00436713963039,3.846658507871321
36055003500,9.004341458590007,3.844379248459959
36055003600,8.998430214236824,3.844046709103354
36055003700,8.988252528405202,3.829142384668036
36055003802,9.011773836413416,3.86350568514716
36055003805,9.018244575633128,3.865092065708419
36055003900,8.988870077344285,3.868449106776181
36055004000,9.000008559890486,3.874685006160164
36055004100,9.002308711156742,3.873205335386721
36055004602,8.973846651608487,3.866327105407255
36055004701,8.928307037645448,3.858745210130048
36055004702,8.9613888275154,3.85337525119781
36055004800,8.959782739219712,3.850138635865845
36055004900,8.962731922655715,3.852972815195072
36055005000,8.985835219028063,3.86479434017796
36055005100,8.970469265571526,3.858865380561259
36055005200,8.974088891854894,3.848007015058179
36055005300,8.968277891170431,3.844360042436687
36055005400,8.953837113620808,3.824278220396988
36055005500,8.976674859000684,3.838924013689254
36055005600,8.969126195756331,3.830424595482546
36055005700,8.96421956605065,3.820698088980151
36055005800,8.954506696098563,3.826027262149213
36055005900,8.963352830937714,3.820681496235455
36055006000,8.945016666666667,3.810842880219028
36055006100,8.932827075290897,3.798624832306639
36055006200,9.01674661670089,3.882264391512663
36055006300,9.011633271731691,3.868529098562628
36055006400,9.014695989048597,3.868394869952088
36055006500,9.006649892539357,3.861821186173854
36055006600,9.016968107460643,3.868435666666667
36055006700,9.021290761122519,3.8743081321013
36055006800,9.014773308692676,3.881087847364819
36055006900,9.006393620807666,3.857137568104038
36055007000,9.024676561943874,3.878472852156058
36055007100,9.023412240246407,3.880252733744011
36055007500,9.0080865633128,3.87084413963039
36055007600,8.947888689938398,3.807484607118412
36055007700,8.951607180013689,3.804060437371663
36055007801,8.962996382614648,3.809124459958932
36055007802,8.968146485284052,3.81171306091718
36055007900,8.959809208761122,3.848166646132786
36055008000,8.960123184120465,3.845897904859685
36055008100,8.951636431895962,3.842906594798084
36055008200,8.94475845174538,3.83700463449692
36055008301,8.922794906913073,3.824541882956879
36055008400,8.954069876112252,3.838923589322382
36055008500,8.766102431211499,3.827306829568788
36055008600,8.897422288843258,3.869597216290212
36055008701,8.988627674880219,3.874560996577686
36055008702,9.004494187542779,3.882962785078713
36055008800,8.977343054757016,3.873679081451061
36055009200,8.99284834017796,3.853110527036276
36055009301,8.983424382614648,3.846878862422998
36055009302,8.996602700889802,3.846344266940452
36055009400,8.99739323340178,3.851410944558522
36055009500,9.00538826146475,3.851488308692676
36055009601,9.007625014373717,3.867267570841889
36055009602,9.004096222450376,3.867428476386037
36055009603,9.001581548939083,3.874821030116359
36055009604,9.001395789869952,3.865735403148528
36055010100,8.770527547570157,3.821149810403833
36055010200,8.831316150581793,3.837530954825462
36055010300,8.905273065708419,3.862608887063655
36055010400,8.939549394250513,3.855087947980835
36055010500,8.859379511978097,3.839560087611225
36055010601,8.893463036960986,3.831586330595482
36055010602,8.923837739904175,3.843926238193018
36055010700,8.801988108145106,3.815410861738535
36055010800,8.847840131416838,3.819999608487337
36055010901,8.921009077344285,3.837597523613963
36055010902,8.880425802190281,3.81508381724846
36055011000,8.882237548939083,3.811013708418891
36055011100,8.931055640657084,3.811683093086927
36055011201,8.78367483504449,3.808860460643395
36055011203,8.701014733059548,3.793621737850787
36055011205,8.720886521560575,3.796018566735113
36055011207,8.794299095824778,3.806087266255989
36055011208,8.742575255989049,3.80235626146475
36055011301,8.515528443531828,3.758926899383984
36055011302,8.630517412731006,3.781568306639288
36055011400,8.64391657357974,3.793911185489391
36055011501,8.774567548939083,3.810183761806982
36055011503,8.882926973305955,3.81572013963039
36055011504,8.825561691307324,3.8128790862423
36055011505,8.760758266940452,3.810507719370294
36055011601,8.8619851724846,3.822020930869268
36055011603,8.915670808350445,3.814013995893224
36055011604,8.909526041067762,3.809472930869268
36055011605,8.885195463381246,3.812600425735797
36055011703,8.787878609856263,3.823915912388775
36055011705,8.844360058179329,3.826165622176591
36055011706,8.81185953045859,3.82580356605065
36055011707,8.776933514715948,3.825073977412731
36055011708,8.757653004791239,3.820254171800137
36055011800,8.84156611430527,3.829967958247776
36055011901,8.865083862422998,3.819456331964408
36055011902,8.857802759753593,3.828986546201232
36055012000,8.894626121149897,3.826533300479124
36055012100,8.905664393566051,3.825334377138946
36055012201,8.929794785763176,3.818176038329911
36055012202,8.9079551724846,3.83395715468857
36055012301,8.944094190965092,3.843530646817248
36055012304,8.88385116495551,3.837194665982204
36055012305,8.838991831622177,3.831214184804928
36055012306,8.894496742642026,3.831221977412731
36055012401,8.603959283367556,3.780166996577686
36055012402,8.692478194387406,3.800420669404518
36055012500,8.936384544832307,3.805326309377139
36055012600,8.957369839151266,3.810599197809719
36055012700,8.964273711156742,3.811923307323751
36055012800,8.992433230663929,3.834475688569473
36055012900,8.985037631074606,3.837455916495551
36055013001,9.011110099247091,3.871587708418891
36055013002,8.96943615468857,3.831909535249829
36055013101,8.955159960985626,3.848741646132786
36055013103,8.962653556468172,3.8864736954141
36055013104,8.97519358110883,3.871758105407255
36055013203,8.909319843942505,3.84737050513347
36055013204,8.871279780287474,3.840726741957563
36055013205,8.909434585900068,3.863759494182067
36055013206,8.837503514031485,3.847674184804928
36055013300,8.712341146475017,3.825934042436687
36055013401,8.719554314168378,3.829470672142368
36055013402,8.608470049281314,3.816192830937714
36055013503,8.593891474332649,3.813124026694045
36055013505,8.858215506502396,3.872297804243669
36055013506,8.811049912388775,3.864030119780972
36055013507,8.748133829568788,3.842430564681725
36055013508,8.720462830937714,3.849126219028063
36055013601,8.810013135523614,3.843850797399042
36055013603,8.719856848733744,3.828702457221082
36055013604,8.796365618069815,3.853880262149213
36055013701,8.798518700205339,3.837898514715948
36055013702,8.785753894592745,3.837236012320328
36055013800,8.86863662422998,3.859773866529774
36055013901,8.888839151266256,3.862353135523614
36055013902,8.920739622861054,3.875516314168378
36055014001,8.844857627652293,3.861710919233402
36055014003,8.874976106091718,3.866455101300479
36055014004,8.895419943874059,3.866856934976044
36055014102,8.926029030116359,3.880756333333333
36055014103,8.873455486652977,3.8727914770705
36055014104,8.909152271731691,3.875760732375086
36055014202,8.942166213552361,3.892580886379192
36055014203,8.938012934291581,3.884816943874059
36055014204,8.951255507186858,3.894357154004107
36055014301,8.959581366872006,3.881486791238878
36055014302,8.97345692128679,3.888599653661875
36055014400,8.995983826146475,3.893154213552361
36055014501,8.920010586584531,3.890273776180698
36055014503,8.953295360027378,3.890037633127994
36055014504,8.977226689253936,3.895784517453799
36055014505,8.883210247091034,3.890288771389459
36055014601,8.855751255989049,3.873400612594114
36055014602,8.908085826830938,3.88094075633128
36055014700,8.753714764544832,3.854185271047228
36055014802,8.731726919917864,3.865110600273785
36055014803,8.511806719370294,3.801621338809035
36055014804,8.601826203285421,3.823472945242984
36055014901,8.836316813141684,3.882604283367556
36055014903,8.81160486036961,3.883344351813826
36055014905,8.907498271047228,3.894204394934976
36055014906,8.877078456536619,3.890376483230664
36055015000,8.804640658453114,3.880613872005476
36055015101,8.498954700889802,3.81657056605065
36055015102,8.467960013004791,3.817036854209446
36055015200,8.637790997262149,3.862877802190281
36055015301,8.691116727583847,3.880560629705681
36055015303,8.70690795687885,3.876174993839836
36055015304,8.698384603696099,3.869217008213552
36055015400,8.740016780971937,3.882155002737851
36055980000,9.013519457905544,3.888685167008898
36055980100,8.801982492128679,3.820074734428474
36057070200,7.89227822587269,3.501769123203285
36057070300,7.914759696098563,3.516443741957563
36057070400,7.884365415468857,3.512116431211499
36057070500,7.905737272416153,3.523879407939767
36057070600,7.924000800821355,3.518688826146475
36057070700,7.935731691991786,3.516454289527721
36057070800,7.931083156741958,3.51138337577002
36057070900,7.916671284736482,3.511208377823409
36057072100,7.93456441889117,3.519725019164956
36057072200,7.62013890349076,3.458491223134839
36057072300,7.471247697467488,3.429797848049281
36057072400,7.41453699247091,3.443387975359343
36057072500,7.433231504449008,3.442360150581793
36057072600,7.381904503764545,3.393528735797399
36057072700,7.524739269678302,3.416451105407255
36057072800,7.668980079397673,3.417821321013005
36059300100,9.769610896646133,3.055726483915127
36059300300,9.762505595482546,3.04348479945243
36059300400,9.709857047912389,3.048179242984257
36059300500,9.748765156741958,3.023231815195072
36059300600,9.676047234770705,3.034628023956194
36059300700,9.689318703627652,3.028797187542779
36059300800,9.670637192334018,3.018752450376454
36059300900,9.509104295003422,3.029866687200548
36059301000,9.582504553730322,3.089525492128679
36059301101,9.655333629021218,3.081584384668036
36059301102,9.605516403832991,3.09190956605065
36059301200,9.591117952772074,3.072862353867214
36059301300,9.549426963723477,3.073342268309377
36059301400,9.455343309377139,3.059611021902806
36059301500,9.595991698836413,3.05758665229295
36059301600,9.507423011635866,3.056649769336071
36059301700,9.500227921971253,3.052267859685147
36059301800,9.553909438056126,3.035990435318275
36059301900,9.494156105407255,3.044216220396988
36059302000,9.38510829705681,3.052757323750856
36059302101,9.318812199863108,3.05509610403833
36059302102,9.30285526146475,3.046885999315537
36059302200,9.366111005475702,3.046046777549624
36059302300,9.404158406570842,3.036359052703628
36059302400,9.3670800862423,3.039047422313484
36059302501,9.289561955509925,3.037365535934292
36059302502,9.215921091033539,3.045290969199179
36059302600,9.449206689253936,2.99371523340178
36059302700,9.4598011724846,3.002349563997262
36059302800,9.457224359342916,3.009171722108145
36059302900,9.404519581793292,3.009883410677618
36059303000,9.406272370294319,3.004716759753593
36059303101,9.454588934291581,3.021568188911704
36059303102,9.393799495550992,3.024571169746749
36059303201,9.355114902806297,3.020339425051335
36059303202,9.365497618754278,3.016227343600274
36059303301,9.345157381245722,3.030596010951403
36059303302,9.326002067761807,3.031535437371663
36059303400,9.275759372347707,3.030759789185489
36059303500,9.31888392128679,3.024644576317591
36059303600,9.288174938398357,3.025754638603696
36059303700,9.234416125941136,3.028096420944558
36059303800,9.204403941820671,3.030492507186858
36059303900,9.165629832306639,3.041863655715264
36059304001,9.175207055441478,3.042032011635866
36059304002,9.162412343600274,3.03844529431896
36059304100,9.138169543463381,3.042817034223135
36059304202,9.033210886379192,3.033514678986995
36059304203,9.036809381930185,3.030783994524298
36059304204,9.061813144421629,3.031125671457906
36059404300,9.489042186173854,2.979770264887064
36059404400,9.451190063655031,2.984214936344969
36059404500,9.415792040383299,2.995912661190965
36059404600,9.40114137577002,2.987781694045174
36059404700,9.381587222450376,2.998627145790554
36059404800,9.415552,2.97834923340178
36059404901,9.434641696783025,2.976007103353867
36059404902,9.41722735523614,2.97747183504449
36059405000,9.344615206707734,2.981483333333333
36059405100,9.316307823408624,2.976160559890486
36059405200,9.311452809034908,2.984363316906229
36059405301,9.329882099931554,2.994754112936345
36059405302,9.282971558521561,2.999410765913758
36059405400,9.280461056810404,2.984134631074606
36059405500,9.241202980150582,2.992675167008898
36059405600,9.222908356605065,2.988581613963039
36059405700,9.212603098562628,2.986682733744011
36059405800,9.248923383983573,3.006396376454483
36059405900,9.153468628336756,2.990541396303901
36059406001,9.170190329226557,2.996260424366872
36059406002,9.146585245037645,2.99928337577002
36059406100,9.195596574948665,3.005953884325804
36059406201,9.098501048596852,2.998882103353867
36059406202,9.054526804243669,2.985868971252567
36059406300,9.348359492813142,3.002110644079398
36059406400,9.278808805612594,3.016812603011636
36059406501,9.215358394250513,3.018137815879535
36059406600,9.216701462696783,3.027911254620123
36059406701,9.112813318959617,3.006575144421629
36059406702,9.172012515400411,3.015273958247776
36059406801,9.118304065708419,3.011172119780972
36059406802,9.122093075290897,3.015669669404518
36059406900,9.094061815195072,3.022870940451745
36059407000,9.067263845995893,3.006268863791923
36059407101,9.040461280629706,3.003586746748802
36059407102,9.003935952087611,3.008663242299795
36059407201,9.056067427789186,3.00823964202601
36059407203,9.040719290896646,3.009972178644764
36059407204,9.039499815195072,3.018888074606434
36059407301,9.09620482477755,3.024179761806982
36059407302,9.018074432580424,3.020904968514716
36059407401,8.998329807665982,3.013726806297057
36059407402,8.935416168377823,3.011003671457906
36059407501,8.977448179329227,3.003027507871321
36059407502,8.912484392197125,3.001078575633128
36059407600,9.03056986036961,3.026279663244353
36059407700,9.012577435318275,3.022485943874059
36059407801,8.965071698836413,3.02460857357974
36059407802,8.968790504449008,3.024186432580424
36059407900,8.932308358658453,3.01145924366872
36059408000,8.93398858384668,3.01087599247091
36059408100,8.88350640862423,3.012404971937029
36059408200,8.915712792607803,3.015100403832991
36059408300,8.872513492813142,3.017301735797399
36059408400,8.857853401779603,3.001617439425051
36059408500,8.843814397672827,3.011489953456537
36059408600,8.92853550513347,3.024253437371663
36059408700,8.915758546201232,3.025435622176591
36059408800,8.861456291581109,3.024350539356605
36059408900,8.902488712525667,3.021945898699521
36059409000,8.829617367556468,3.01777842642026
36059409100,8.847371552361396,3.01380515468857
36059409200,8.83784894934976,3.018986429842574
36059409300,8.806616614647502,3.015507309377139
36059409400,8.785057754962355,3.013821624914442
36059409500,8.766048392881588,3.014066054072553
36059409600,8.796830062286105,3.011741244353183
36059409700,8.763949542778918,3.015120605065024
36059409800,9.339525789869952,2.970749273785079
36059409900,9.31337732238193,2.965078616016427
36059410000,9.238312177275838,2.972803732375086
36059410100,9.134732327173169,2.973172011635866
36059410200,9.074420165639973,2.977935474332649
36059410300,9.288096967830253,2.968270694045174
36059410400,9.26491119028063,2.96490537303217
36059410500,9.207602448323066,2.964295245037645
36059410600,9.19010697467488,2.972381195756331
36059410700,9.111968714579055,2.962968308692676
36059410800,9.151172957563313,2.961170575633128
36059410900,9.201709586584531,2.96002898220397
36059411000,9.13397319301848,2.953090433264887
36059411100,9.0821801321013,2.954853906913073
36059411200,9.069223814510609,2.950047346338125
36059411301,9.171105252566735,2.952132136892539
36059411302,9.10650092128679,2.951766787816564
36059411400,9.035674611225188,2.951913804243669
36059411500,8.961166030800821,2.949707535934292
36059411600,8.919852889117043,2.943241668720055
36059411700,9.030974498973306,2.956628765229295
36059411800,9.08656494661191,2.970107711156742
36059411901,9.030418263518138,2.962218733059548
36059411902,9.042966137577002,2.9612881321013
36059412000,9.012145351129363,2.967493448323066
36059412100,8.952175344969199,2.960041240930869
36059412200,8.905563438740589,2.953032224503764
36059412301,8.945237154004107,2.9706187816564
36059412302,8.911579901437372,2.970827045859001
36059412400,8.962985134154689,2.978000184120465
36059412500,8.989912368240931,2.98181999247091
36059412600,9.016931380561259,2.987603535249829
36059412700,8.946500066392882,2.988278167693361
36059412800,9.006139882272416,2.995515338124572
36059412900,8.940050046543463,2.992846862422998
36059413001,8.90047127652293,2.96732929705681
36059413002,8.844678631074606,2.955163561259411
36059413100,8.87170348733744,2.973804580424367
36059413200,8.802758880219028,2.960713187542779
36059413300,8.778413079397673,2.962496556468172
36059413400,8.705045491444216,2.952878330595482
36059413500,8.895698368925394,2.987388194387406
36059413600,8.820351180013689,2.976795403832991
36059413700,8.746543346338125,2.962944003422314
36059413803,8.668453674880219,2.955217906913073
36059413804,8.653189073237509,2.96047800752909
36059413900,8.867279158795346,2.993222287474333
36059414001,8.868056749486653,2.998625446954141
36059414002,8.817759553045859,2.992596362080767
36059414100,8.822583915126626,2.988599718001369
36059414201,8.782055094455852,2.975681201232033
36059414202,8.772971958247776,2.984188491444216
36059414301,8.750272605065024,2.974189116358658
36059414303,8.725686568788501,2.97023542642026
36059414304,8.704884030800821,2.975543379192334
36059414400,8.702907514715948,2.976766249144422
36059414501,8.666519467488022,2.965848683778234
36059414502,8.637452206023272,2.96512332991102
36059414600,8.828126855578371,2.999682585215606
36059414700,8.80908202532512,3.002394388774812
36059414800,8.77475186036961,3.00037402532512
36059414900,8.772688845995893,3.002539923340178
36059415000,8.754407151266256,2.988925514031485
36059415101,8.692677832991102,2.981843744695414
36059415102,8.621570349075975,2.971127485968515
36059415201,8.7153773045859,2.991282599589322
36059415202,8.621934646132786,2.977065709787817
36059415300,8.701952442847365,2.995401889117043
36059415401,8.64038874606434,2.988253911704312
36059415402,8.576627462696783,2.982165201916496
36059415500,8.709948389459274,3.010745392881588
36059415600,8.703604847364819,2.997714041752224
36059415700,8.562971375085558,2.981915544147844
36059415802,8.689723112251882,3.000908924709103
36059416000,8.606357685831622,2.994530045174538
36059416100,8.545763693360712,2.983764830937714
36059416201,8.756517127994524,2.945431651608487
36059416202,8.679790240930869,2.941496446269678
36059416300,8.857879777549624,2.941728598220397
36059416401,8.725110549623546,2.936613366187543
36059416402,8.6731029137577,2.931469542778918
36059416500,8.645255642710472,2.934821871321013
36059416600,8.620787198494182,2.930968092402464
36059416701,8.592151793292266,2.932786529089665
36059416702,8.564323869267625,2.928237013004791
36059416801,8.562711067077344,2.933291574264203
36059416802,8.53534862422998,2.932172375085558
36059416900,8.40375028678987,2.942600834360027
36059517000,9.398329192334018,3.109050691991786
36059517101,9.413318145790554,3.094066816563997
36059517102,9.357537673511294,3.103030338124572
36059517200,9.363357416837782,3.087650668035592
36059517301,9.332864612594114,3.097387441478439
36059517302,9.294826559206023,3.086603169062286
36059517400,9.409134942505134,3.084845360027378
36059517500,9.371720907597536,3.07060437303217
36059517600,9.317099873374401,3.078081384668036
36059517701,9.129544084873374,3.064679904859685
36059517705,9.136550180013689,3.05261665982204
36059517801,9.207408351813826,3.091290486652977
36059517802,9.224130678302532,3.089638214921287
36059517901,9.184060508555784,3.099448242299795
36059517902,9.068682945242984,3.084438002737851
36059518000,9.057845362765229,3.071722238877481
36059518100,9.052788465434634,3.067816195756331
36059518201,8.981920446954141,3.066165268309377
36059518203,8.922424749486653,3.050932416837782
36059518204,8.912409256673511,3.044255798767967
36059518300,8.996411631074606,3.060538387405886
36059518400,8.959924047227926,3.053518748117728
36059518501,9.051710062970568,3.042819919917864
36059518502,8.989671957563313,3.03849521560575
36059518600,9.007320006844627,3.043158660506502
36059518700,8.980593682409309,3.046829192334018
36059518800,8.961091770020534,3.044740815879535
36059518900,8.997533896646133,3.037635212867899
36059519000,8.968708458590007,3.030061101984942
36059519100,8.944670788501027,3.029485370294319
36059519200,8.922400167008898,3.029214024640657
36059519300,8.939066318959617,3.0324939137577
36059519400,8.940523844626968,3.03613778439425
36059519500,8.952484671457906,3.037800971937029
36059519601,8.915655413415469,3.032134153319644
36059519602,8.902814108829569,3.037346960301164
36059519702,8.873235472279261,3.041685980150582
36059519703,8.916679240930869,3.045277682409309
36059519704,8.885329648870637,3.030357893223819
36059519801,8.892107310061602,3.027768971252567
36059519802,8.839107589322382,3.026597648870637
36059519900,8.852574415468857,3.02343348733744
36059520001,8.844133407255305,3.020092839151266
36059520002,8.802160550308008,3.012889093086927
36059520100,8.787560353182752,3.011658650239562
36059520200,8.782957399041752,3.012772174537988
36059520300,8.760739385352498,3.009838310061602
36059520401,8.738201325804244,3.007638529774127
36059520402,8.70664662696783,3.001195108145106
36059520501,8.730215767967146,3.007964290896646
36059520502,8.672208727583847,3.003944810403833
36059520600,8.62448280971937,2.997614586584531
36059520700,8.725946852156058,3.00772385284052
36059520800,8.707252158795346,3.01103572347707
36059520900,8.692564098562628,3.012563040383299
36059521000,8.632401342231348,3.009344685831622
36059521100,8.632412258726899,3.003313092402464
36059521200,8.595911611909651,2.997899610540726
36059521301,8.562032896646133,2.99477418275154
36059521302,8.520310330595482,2.991858811088296
36059521400,8.477812371663244,2.985996247091034
36059521500,8.594631097193703,3.002293790554415
36059521601,8.568916639288159,2.998419647501711
36059521602,8.529952629021218,2.99149994661191
36059521700,8.479892312799452,2.987812956194387
36059521801,8.537210863791923,2.992860523613963
36059521802,8.477778690622861,2.989161576317591
36059521902,8.263161792607803,2.956994861054073
36059522000,8.474735859000684,2.993486818617385
36059522700,8.666310589322382,3.005630839835729
36059980100,9.263622082135524,3.013196997946612
36059981100,9.21263435797399,3.061020360711841
36059982100,9.116690546885695,3.047658763175907
36061000100,10.456983298425736,2.985910553730322
36061000201,10.55676264476386,3.001883060232717
36061000202,10.552308598220397,3.006539683093771
36061000500,10.468731934291581,2.997047590006845
36061000600,10.55862190349076,3.00097321560575
36061000700,10.512982523613963,2.98835270568104
36061000800,10.556585759753593,2.990793926078029
36061000900,10.509839358658453,2.990653316221766
36061001001,10.550722733744011,3.004458118412046
36061001002,10.554910572895277,3.002736036276523
36061001200,10.559678327173169,3.00037468514716
36061001300,10.522398866529774,2.982835170431212
36061001401,10.54978838329911,2.996787765229295
36061001402,10.553484392881588,2.997547305270363
36061001501,10.547110120465435,2.993295880903491
36061001502,10.537791216974675,2.993563854893908
36061001600,10.552433984257358,2.990523650924025
36061001800,10.556577003422314,2.994077227926078
36061002000,10.544901290212183,3.002691057494866
36061002100,10.557077381930185,2.990766762491444
36061002201,10.551352968514716,2.999099893908282
36061002202,10.559510169062286,3.002114486652977
36061002400,10.550924668720055,3.003465594798084
36061002500,10.555419427104723,2.993355363449692
36061002601,10.555002389459274,3.001668566735113
36061002602,10.558681636550308,2.999447313483915
36061002700,10.547652506502396,2.99065314715948
36061002800,10.557962210814511,2.999446830937714
36061002900,10.550537272416153,2.99058880971937
36061003001,10.559742325119781,2.998102393566051
36061003002,10.564186238193018,2.998979529089665
36061003100,10.551862819986311,2.988193330595482
36061003200,10.564973070499658,2.99668627926078
36061003300,10.555862615331964,2.990582175906913
36061003400,10.569130171800137,3.002740274469541
36061003601,10.561603003422314,2.995044331279945
36061003602,10.567997325119781,2.995254725530459
36061003700,10.557546285420945,2.985280013689254
36061003800,10.571708351129363,3.001658186173854
36061003900,10.561846691991786,2.984324432580424
36061004000,10.573895810403833,2.999048210814511
36061004100,10.560261107460643,2.988932382614648
36061004200,10.571447537303217,2.996993497604381
36061004300,10.564502381245722,2.993133714579055
36061004400,10.564003856262834,3.005706101984942
36061004500,10.559031012320328,2.991445965092402
36061004700,10.561412168377823,2.989297114989733
36061004800,10.573352031485284,3.001955033538672
36061004900,10.559761889117043,2.98925864476386
36061005000,10.574740190965092,3.001842381245722
36061005200,10.573883735112936,3.001928754962355
36061005400,10.570020296372348,3.000629212183436
36061005501,10.564917793976728,2.994052255304586
36061005502,10.567499522245038,2.994074112251882
36061005600,10.572128772758385,3.005936498973306
36061005700,10.571263045859001,2.996394972621492
36061005800,10.570187167008898,3.004419563997262
36061005900,10.572036252566735,2.999107771389459
36061006000,10.564604020533881,3.006242639288159
36061006100,10.570068496919918,2.996349652977413
36061006200,10.56417685284052,3.010201123887748
36061006300,10.570203615331964,2.994500771389459
36061006400,10.567310341546886,3.001233040383299
36061006500,10.568652947980835,2.995240436002738
36061006600,10.569274950718686,3.008181201232033
36061006700,10.563767338124572,2.986766455852156
36061006800,10.572249912388775,3.004906127310062
36061006900,10.558406523613963,2.987971527036276
36061007000,10.566907676249144,3.01203561670089
36061007100,10.565185454483231,2.994393823408624
36061007200,10.568155234086242,3.011553266940452
36061007300,10.561566711156742,2.990863199863108
36061007400,10.570705195756331,3.013015726899384
36061007500,10.561391133470226,2.989044054072553
36061007600,10.568368696098563,3.010806850787132
36061007700,10.56659365982204,2.996284159479808
36061007800,10.567960859685147,3.016230804928131
36061007900,10.565542720054757,2.990198439425051
36061008000,10.566862905544148,3.017621156057495
36061008100,10.56780680971937,2.998481245037645
36061008200,10.569072351813826,3.017987366872006
36061008300,10.568369173853525,2.998671831622177
36061008400,10.567126485284052,3.0128678678987
36061008601,10.566507000684463,3.017526013004791
36061008602,10.563416316906229,3.017840154004107
36061008603,10.5617274366872,3.022929927446954
36061008700,10.570847839151266,3.002712440109514
36061008800,10.570591478439425,3.020080535249829
36061008900,10.569999726899384,3.000961697467488
36061009000,10.567580005475702,3.024992876796715
36061009100,10.569631840520192,3.00861259890486
36061009200,10.57057666255989,3.025322589322382
36061009300,10.568530412731006,3.00499558110883
36061009400,10.572072472279261,3.026531707734428
36061009500,10.568126151950719,3.002969614647502
36061009600,10.571179366187543,3.021092568788501
36061009700,10.569596521560575,3.009009120465435
36061009800,10.563706764544832,3.026129650924025
36061009900,10.585249041752224,3.011420789185489
36061010000,10.556933351129363,3.025319753593429
36061010100,10.572692056810404,3.013402639972622
36061010200,10.55945279945243,3.031726981519507
36061010300,10.568558770704997,3.009775891170431
36061010400,10.576558492813142,3.024749095824778
36061010601,10.550710690622861,3.029868556468172
36061010602,10.550266405886379,3.03138149486653
36061010800,10.553151956194387,3.026544472963724
36061010900,10.572943493497604,3.019764771389459
36061011000,10.535698219028063,3.025224327857632
36061011100,10.589920323750856,3.017213944558522
36061011201,10.561107260780288,3.032726953456537
36061011202,10.563159366187543,3.031801193702943
36061011203,10.554442507186858,3.027295956194387
36061011300,10.567296366872006,3.018724956194387
36061011401,10.557019900752909,3.031877002053388
36061011402,10.557892147843942,3.03166513963039
36061011500,10.586900013689254,3.024058522245038
36061011600,10.532882019849418,3.03345873853525
36061011700,10.583643506502396,3.020900216290212
36061011800,10.534509645448323,3.031992419575633
36061011900,10.585031997946612,3.02143242642026
36061012000,10.554548067077344,3.034836138945927
36061012100,10.587315863107461,3.022787020533881
36061012200,10.552225746748802,3.03353294661191
36061012400,10.530629163586584,3.0357848678987
36061012500,10.590692089664613,3.025824519507187
36061012600,10.55295641615332,3.040090557837098
36061012700,10.57199868514716,3.026517579739904
36061012800,10.547206225188227,3.035957264202601
36061012900,10.567413760438056,3.026208288843258
36061013000,10.548456036960986,3.040635167693361
36061013100,10.56566868514716,3.029056086926762
36061013200,10.547482079397673,3.040558264887064
36061013300,10.563512459958932,3.026056253251198
36061013400,10.546331501711157,3.0355752183436
36061013500,10.556150325119781,3.028828682409309
36061013600,10.543156335386721,3.038018618754278
36061013700,10.557890292265572,3.026734744010951
36061013800,10.538914511293634,3.039146531143053
36061013900,10.5615743045859,3.029138979466119
36061014000,10.538635522245038,3.039926886379192
36061014200,10.539704864476386,3.042714277891855
36061014300,10.530952156057495,3.044877128678987
36061014401,10.541109553730322,3.043666746748802
36061014402,10.523440225188227,3.043068223134839
36061014500,10.558097657768652,3.035457433264887
36061014601,10.538324977412731,3.040628585900068
36061014602,10.529258315537303,3.043018689253936
36061014700,10.549910455167693,3.030053499657769
36061014801,10.535812887748118,3.041897506502396
36061014802,10.526844229979466,3.041919255304586
36061014900,10.553480546201232,3.03742284257358
36061015001,10.531007698151951,3.045019460643395
36061015002,10.525210887063655,3.040556320328542
36061015100,10.550465646132786,3.035365169062286
36061015200,10.530760318959617,3.049067154004107
36061015300,10.548049113620808,3.036510268309377
36061015400,10.527784266255989,3.040587724845996
36061015500,10.547378353182752,3.039567464750171
36061015601,10.520052195071869,3.041216516084873
36061015602,10.51712725119781,3.044298195071869
36061015700,10.540594064339494,3.040808051334702
36061015801,10.522299450376454,3.043724143052704
36061015802,10.519176862422998,3.046349296372348
36061015900,10.537686639288159,3.037684588637919
36061016001,10.519820411362081,3.044482133470226
36061016002,10.51325795687885,3.047889061601643
36061016100,10.536133317590691,3.041137820670773
36061016200,10.496774861054073,3.043878242299795
36061016300,10.534717162902122,3.042901199178645
36061016400,10.511644461327858,3.045933461327858
36061016500,10.531490052019165,3.042081476386037
36061016600,10.509707832306639,3.048573987679672
36061016700,10.527551758384668,3.044418760438056
36061016800,10.501551392197125,3.044662238877481
36061016900,10.523403934291581,3.043558737850787
36061017000,10.499991540041068,3.044209049965777
36061017100,10.521112056125941,3.046998441478439
36061017200,10.489882736481862,3.042894416837782
36061017300,10.518250119780972,3.046564229295003
36061017401,10.484969840520192,3.041702101300479
36061017402,10.482718175906913,3.044487230663929
36061017500,10.51008004312115,3.048317116358658
36061017700,10.512426248459959,3.047830125256674
36061017800,10.460818879534565,3.039523231348392
36061017900,10.505840574264203,3.055658227926078
36061018000,10.478247789185489,3.040846016427105
36061018100,10.503733642710472,3.043957225188227
36061018200,10.46763063449692,3.046604518822724
36061018300,10.497523475701574,3.049761446954141
36061018400,10.462099704996578,3.045835008898015
36061018500,10.497360052019165,3.048517973990418
36061018600,10.478959657084189,3.044605520876112
36061018700,10.492699476386037,3.054938223819302
36061018800,10.463199431895962,3.03817826899384
36061018900,10.488439815195072,3.050845273100616
36061019000,10.4571138275154,3.044702694729637
36061019100,10.482196995893224,3.053675026694045
36061019200,10.449364292950034,3.037324848049281
36061019300,10.475477203285421,3.048042036276523
36061019400,10.446242112936345,3.040577869952088
36061019500,10.472887614647502,3.053129427789186
36061019600,10.456501332648871,3.042235980835044
36061019701,10.461338544832307,3.051136653661875
36061019702,10.475329731690623,3.051006485284052
36061019800,10.453261565366188,3.045201531827515
36061019900,10.466026017111567,3.054398523613963
36061020000,10.450612175906913,3.048318048596852
36061020101,10.459724557837098,3.050988244353183
36061020102,10.461096409993155,3.05006956605065
36061020300,10.452496335386721,3.052783865845311
36061020500,10.451391031485284,3.060607472963724
36061020600,10.438960511978097,3.046197405201916
36061020701,10.457660088980151,3.053440405886379
36061020800,10.436424168377823,3.044802678302532
36061020901,10.441184264202601,3.056399514715948
36061021000,10.421385596851472,3.048176724161533
36061021100,10.434232994524298,3.058600028062971
36061021200,10.42292794934976,3.05182194934976
36061021303,10.42677555578371,3.05258589596167
36061021400,10.407488285420945,3.046900056810404
36061021500,10.428180635181383,3.052584676249144
36061021600,10.47490128678987,3.04933048733744
36061021703,10.414215303216975,3.060132670773443
36061021800,10.465893815195072,3.049559044490075
36061021900,10.404549299794661,3.053479670773443
36061022000,10.453667338809035,3.049448758384668
36061022102,10.411063872005476,3.056464301163587
36061022200,10.444445527720739,3.050757300479124
36061022301,10.392631270362765,3.058446552361396
36061022302,10.394137164271047,3.059002722108145
36061022400,10.437873032854209,3.050064442162902
36061022500,10.380192960985626,3.058664476386037
36061022600,10.429254656399726,3.058703617385352
36061022700,10.383259776865161,3.056954464065708
36061022800,10.419089228610541,3.055802324435318
36061022900,10.371199922655715,3.059595234086242
36061023000,10.409199772758385,3.054858374401095
36061023100,10.37029680971937,3.058345383983573
36061023200,10.399066759753593,3.053415793976728
36061023300,10.360554023956194,3.061802140999316
36061023400,10.389574424366872,3.054936392881588
36061023501,10.357864767967146,3.057668448323066
36061023502,10.361297317590691,3.054564051334702
36061023600,10.385821709103354,3.055407709787817
36061023700,10.355447405201916,3.062694446269678
36061023801,10.546561709103354,3.034738885010267
36061023802,10.517579374401095,3.03900684531143
36061023900,10.34966025119781,3.064715711841205
36061024000,10.468662121149897,3.040876759753593
36061024100,10.344913192334018,3.064483533196441
36061024200,10.441642269678302,3.041530893223819
36061024301,10.336717548939083,3.063503752908966
36061024302,10.348985188227242,3.060765026009582
36061024500,10.333758403832991,3.069353028747433
36061024700,10.328289381245722,3.067649273100616
36061024900,10.326249544147844,3.066237556468172
36061025100,10.326030434633812,3.070421721423682
36061025300,10.310611091033539,3.067483118412046
36061025500,10.30562405338809,3.073529280629706
36061025700,10.445705271731691,3.049806529774127
36061025900,10.39360206091718,3.058309353867214
36061026100,10.306812583162218,3.072901238193018
36061026300,10.3009373045859,3.074477049965777
36061026500,10.293581581793292,3.080611810403833
36061026700,10.297235342915811,3.083288442162902
36061026900,10.298241498973306,3.086042934976044
36061027100,10.291674421629021,3.080967295687885
36061027300,10.28184331485284,3.085505906913073
36061027500,10.274650600273785,3.085846418206708
36061027700,10.281670392881588,3.085562048596852
36061027900,10.281086604380561,3.087256227241615
36061028100,10.274787996577686,3.087661081451061
36061028300,10.270541073237509,3.091266032169747
36061028500,10.254398898015058,3.091304257357974
36061028700,10.243327740588638,3.09654376386037
36061029100,10.245986428473648,3.098365831622177
36061029300,10.245659596167009,3.104396177960301
36061029500,10.220175685831622,3.09749005338809
36061029700,10.218190540041068,3.110162603011636
36061029900,10.249249954825462,3.102750344284736
36061030300,10.221413407255305,3.102884333333333
36061030700,10.220975754277892,3.108522001368925
36061030900,10.201185335386721,3.112272796714579
36061031100,10.309149344969199,3.074742585900068
36061031703,10.549636321697468,2.982898757700205
36061031704,10.522128071868583,2.981913210130048
36061031900,10.504876965776865,2.986160249144422
36063020100,10.222268815195072,4.449705397672827
36063020200,10.21628480698152,4.436862935660506
36063020300,10.202242097193703,4.40713900752909
36063020400,10.220795640657084,4.418254914442163
36063020500,10.243831961670089,4.444345125256674
36063020600,10.233477864476386,4.436983937713895
36063020700,10.227399693360712,4.426191177960301
36063020900,10.239623621492129,4.432421002053388
36063021000,10.2302702183436,4.424220575633128
36063021100,10.248084036960986,4.440942057494866
36063021200,10.237204354551677,4.418987802874743
36063021300,10.240364203285421,4.427710373716632
36063021400,10.237889728952772,4.415496839835729
36063021700,10.223035439425051,4.404527995893224
36063022000,10.182654464750171,4.368685169746749
36063022100,10.16264225393566,4.365431804243669
36063022200,10.141126886379192,4.349475384668036
36063022300,10.14120665229295,4.354658148528405
36063022401,10.118571610540726,4.339370162217659
36063022500,10.114102917180014,4.353849653661875
36063022601,10.154550164271047,4.39944457357974
36063022602,10.128559290212183,4.36781963449692
36063022702,9.768102654346338,4.206281897330596
36063022711,9.976090323066393,4.298485312799452
36063022712,10.068557504449008,4.314768821355236
36063022803,10.002803777549624,4.26017958384668
36063022804,9.974107258042437,4.252882893908282
36063022901,10.052491488706366,4.281452600958248
36063022902,10.066414189596167,4.290750271047228
36063023001,10.048173100616016,4.267977292950034
36063023100,10.032268898699521,4.252282758384668
36063023200,10.036293600958248,4.260263416837782
36063023300,9.987561109514032,4.2355405229295
36063023401,9.488931499657769,4.173428052019165
36063023402,9.400250910335387,4.117445221081451
36063023404,9.510830202600958,4.138445569472964
36063023405,9.560393581793292,4.148170234770705
36063023500,9.456320259411362,4.165066915126626
36063023600,9.552602648870637,4.184114851471595
36063023700,9.485634095140315,4.166035353867214
36063023800,9.452876419575633,4.16020347980835
36063023901,9.532538740588638,4.168323952772074
36063023902,9.452596685831622,4.155271819301848
36063024001,9.172104332648871,4.05054196440794
36063024002,8.990002450376454,4.017893894592745
36063024101,9.039393474332649,4.056859052019165
36063024102,8.8978516091718,4.033169416837782
36063024201,9.287937740588638,4.140065548939083
36063024202,9.194683500342231,4.138286235455168
36063024301,9.390297468172485,4.225614422997947
36063024302,9.488426255989049,4.22903859137577
36063024303,9.721368751540041,4.252682714579055
36063024401,10.120264783025325,4.445604524298426
36063024404,10.095802937713895,4.425919660506502
36063024405,9.9280154366872,4.362154627652293
36063024406,10.09030196440794,4.389196317590691
36063024501,9.934167611909651,4.417100985626283
36063024502,9.778052776180698,4.347338762491444
36063024600,10.028028869952088,4.267060303216975
36063940001,9.998401078028747,4.362142206023272
36063940100,9.074198605065024,3.994200184120465
36065020102,7.965862481861738,3.697395108145106
36065020300,7.960174016427105,3.699158100616016
36065020705,7.955809734428474,3.694852481177276
36065020802,7.926718619438741,3.681034943874059
36065020803,7.949216140999316,3.693060513347023
36065020900,7.967667779603012,3.695432475017112
36065021000,7.948955466803559,3.682913013004791
36065021101,7.960453441478439,3.689683899383984
36065021102,7.967436127994524,3.697268635181383
36065021103,7.966203203969884,3.692713094455852
36065021201,7.948826359342916,3.692201195071869
36065021202,7.947535263518138,3.690074492128679
36065021301,7.91452476386037,3.678306797399042
36065021302,7.938125884325804,3.68965121560575
36065021303,7.932439655715264,3.686232056810404
36065021401,7.970501214921287,3.69174783504449
36065021402,7.977399647501711,3.698109918548939
36065021500,7.951701262149213,3.688492425051335
36065021601,7.914111095140315,3.683572313483915
36065021602,7.961841996577686,3.699571262833676
36065021701,7.951314780971937,3.68080372073922
36065021702,7.959454925393566,3.686202167008898
36065021900,7.954833658453114,3.678818507871321
36065022000,7.907347037645448,3.667163543463381
36065022100,7.889566643394935,3.658643211498973
36065022200,7.887928654346338,3.661116393566051
36065022400,7.909464122518823,3.668591839835729
36065022500,7.929854311430527,3.674379429158111
36065022701,7.848014353867214,3.644826630390144
36065022702,7.813515439425051,3.631744885010267
36065022800,7.966975225188227,3.683603015058179
36065023000,8.006344585215606,3.694418289527721
36065023200,7.989621228610541,3.701981240246407
36065023300,7.985297254620123,3.698779922655715
36065023400,7.979778330595482,3.696500981519507
36065023501,7.98497937577002,3.704208229295003
36065023502,8.002186908281999,3.702364255304586
36065023702,7.737584907597536,3.618742955509925
36065023901,7.933152359342916,3.692974587953456
36065023902,7.698890258042437,3.602116587268994
36065024000,7.550164544832307,3.543772435318275
36065024101,6.824098943189596,3.282131473648186
36065024102,7.21031909650924,3.421796119096509
36065024200,7.029380454483231,3.367017653661875
36065024301,7.690509348391513,3.590079793976728
36065024302,7.545040472963724,3.53749079945243
36065024303,7.346404795345654,3.470564392197125
36065024400,7.391506635181383,3.468323688569473
36065024500,7.586021209445585,3.521786896646133
36065025001,7.921924281998631,3.669647641341547
36065025002,7.869473361396304,3.639923245037645
36065025003,7.879631969883641,3.640194847364819
36065025100,7.944504488021903,3.689709439425051
36065025200,7.975201119780972,3.696398177960301
36065025300,7.912921328542094,3.668099492128679
36065025400,7.905716446269678,3.669235242299795
36065025500,7.744932214236824,3.59313125119781
36065025600,7.735492517453799,3.577149097193703
36065025700,7.58025054825462,3.521986550992471
36065025800,7.559953598220397,3.518763934976044
36065025900,8.013033947980835,3.704755319644079
36065026100,8.023373095140315,3.714187551676934
36065026200,7.908176240246407,3.675080748117728
36065026300,7.924873616016427,3.677455012320328
36065026400,7.959768171115674,3.694577026694045
36065026500,7.973554774811773,3.698681466803559
36065026600,7.961252247775496,3.711008572895277
36065026700,7.920660555099247,3.613686266255989
36065940000,7.933816047912389,3.631891681040383
36065940100,7.999068849418207,3.665394668035592
36065940200,7.924467997262149,3.643297394934976
36065980002,7.951625905544148,3.691936389459274
36065980003,7.941348259411362,3.681635655030801
36065980100,7.858269223134839,3.648337114989733
36067000100,8.460430099247091,3.70782395687885
36067000200,8.484704708418891,3.70815772347707
36067000300,8.498509749486653,3.71533642642026
36067000400,8.487731863791923,3.699244210814511
36067000501,8.455507199178645,3.688702854893908
36067000600,8.47875805065024,3.709543015058179
36067000700,8.474467864476386,3.69876757357974
36067000800,8.47038611156742,3.692782656399726
36067000900,8.459524232032854,3.683384562628337
36067001000,8.445953730321698,3.671912255989049
36067001400,8.463497486652977,3.696053485284052
36067001500,8.455244326488706,3.694074259411362
36067001600,8.435981131416838,3.677786127994524
36067001701,8.427814349075975,3.667693473648186
36067001702,8.430360991786448,3.66649094661191
36067001800,8.417667563997262,3.662963173169062
36067001900,8.404578632443532,3.641005255989049
36067002000,8.436733012320328,3.707375771389459
36067002101,8.42640789596167,3.690327654346338
36067002300,8.436086144421629,3.681693328542094
36067002400,8.427124579739904,3.682421004791239
36067002700,8.421831596167009,3.70295862696783
36067002901,8.403525619438741,3.688646401779603
36067003000,8.414205575633128,3.684649874743326
36067003200,8.413525272416153,3.669657621492129
36067003400,8.40334493908282,3.659905531827515
36067003500,8.392485232032854,3.649290898015058
36067003601,8.387331335386721,3.642511993155373
36067003602,8.37736128678987,3.632295570841889
36067003800,8.382642181382615,3.680436061601643
36067003900,8.386488980150582,3.674677386721424
36067004000,8.396726524982888,3.680539891170431
36067004200,8.388630013689254,3.666170829568788
36067004301,8.3812324770705,3.658283047912389
36067004302,8.382434364134155,3.653638389459274
36067004400,8.368236543463381,3.646546421629021
36067004500,8.356443310061602,3.635214755646817
36067004600,8.351442562628337,3.625621180698152
36067004800,8.361192759069131,3.681059744695414
36067004900,8.354656045174538,3.666953237508556
36067005000,8.349859762491444,3.653486979466119
36067005100,8.343290579739904,3.658326491444216
36067005200,8.372602772073922,3.666379180013689
36067005300,8.364223207392197,3.652654488706366
36067005400,8.344932119096509,3.646475436002738
36067005500,8.32799471321013,3.637786253251198
36067005601,8.327007898699521,3.620090725530459
36067005602,8.302631975359343,3.621875325804244
36067005700,8.326622544832307,3.651988169062286
36067005800,8.330470950718686,3.648216318275154
36067005900,8.318517184120465,3.641823455852156
36067006000,8.26690549486653,3.634778546885695
36067006101,8.289908344284736,3.635340247775496
36067006102,8.252059497604381,3.612924250513347
36067006103,8.245172182067077,3.616852475701574
36067010100,8.304526685831622,3.686685342915811
36067010200,8.374631775496236,3.735883194387406
36067010301,8.434802343600274,3.731153693360712
36067010321,8.389481764544832,3.719488742642026
36067010322,8.402297134839151,3.731710300479124
36067010400,8.342977075290897,3.679747867214237
36067010500,8.454315890485968,3.723871489390828
36067010600,8.459716765913758,3.704686458590007
36067010700,8.469166015058179,3.723223049965777
36067010800,8.481314984257358,3.728171653661875
36067010900,8.490447811772758,3.724132554414784
36067011011,8.501604585900068,3.742921651608487
36067011012,8.491523546885695,3.744859412046544
36067011021,8.48311470568104,3.747899224503764
36067011022,8.48273016495551,3.737590810403833
36067011101,8.480144987679672,3.759547951403148
36067011102,8.486488724845996,3.748053195756331
36067011201,8.457451947980835,3.771407536618754
36067011202,8.448383331964408,3.771766090349076
36067011231,8.472981647501711,3.764648823408624
36067011232,8.466002844626968,3.763034954140999
36067011241,8.446421069130732,3.748826177275838
36067011242,8.454628066392882,3.737033527036276
36067011300,8.402832167008898,3.756966179329227
36067011401,8.398716405201916,3.76993717522245
36067011402,8.323699659137577,3.764299750855578
36067011500,8.446705055441478,3.77154319028063
36067011600,8.388988575633128,3.769824564681725
36067011700,8.399368595482546,3.767341774811773
36067011800,8.444205222450376,3.766190698151951
36067011900,8.379963957563313,3.757503465434634
36067012000,8.328183130732375,3.748193850102669
36067012100,8.374405510609172,3.747188667351129
36067012200,8.347319954140999,3.719094125256674
36067012300,8.322360112251882,3.708066661875428
36067012400,8.380514122518823,3.720642585215606
36067012500,8.384381969199179,3.708786674880219
36067012600,8.368444909650924,3.705105229295003
36067012700,8.422209679671458,3.721225334017796
36067012800,8.460533795345654,3.746164916495551
36067012900,8.432119184120465,3.718501175906913
36067013000,8.41849403559206,3.7087237816564
36067013100,8.392845780287474,3.698934391512663
36067013200,8.388225396988364,3.687778216974675
36067013300,8.484561049965777,3.746704344284736
36067013400,8.477884082819986,3.754789561943874
36067013500,8.501008976728268,3.740347027378508
36067013600,8.492671177275838,3.74199619028063
36067013701,8.496775400410678,3.731427609856263
36067013800,8.499538308692676,3.729908631759069
36067013900,8.492409460643395,3.712901747433265
36067014000,8.510544831622177,3.726277376454483
36067014200,8.491011527036276,3.704020506502396
36067014300,8.36129427926078,3.617697713894593
36067014400,8.445438263518138,3.682527080082136
36067014500,8.395356828199863,3.653448454483231
36067014600,8.319427832306639,3.586233446269678
36067014700,8.277652045174538,3.598754181382615
36067014800,8.223478130732375,3.580343288843258
36067014900,8.190411736481862,3.583794156057495
36067015000,8.223988741273101,3.594570579055442
36067015100,8.173890941820671,3.566093065708419
36067015201,8.143019948665298,3.565305431211499
36067015202,8.081555958932238,3.564885085557837
36067015203,8.087749026009582,3.560621657084189
36067015400,8.308162891170431,3.611460772073922
36067015500,8.27467035797399,3.593098676933607
36067015601,8.208906210130048,3.603258492813142
36067015700,7.911835728268309,3.523725727583847
36067015800,7.992023558521561,3.551056713894593
36067016001,8.154588527720739,3.629516704312115
36067016002,8.288022759753593,3.684782835728953
36067016100,8.175782097878166,3.593629537303217
36067016200,8.207566837782341,3.616894155373032
36067016300,8.274773916495551,3.645670683778234
36067016400,8.343189481861738,3.685156801505818
36067016501,8.164408655030801,3.655217439425051
36067016502,8.25463152019165,3.69321840862423
36067016600,8.263654346338125,3.718190095140315
36067016700,8.171790984941821,3.693534254620123
36067016801,7.995096966461328,3.614979106776181
36067016802,7.985612759753593,3.579761334017796
36067016901,7.861662594798084,3.547572429842574
36067016902,7.750056686516085,3.498392
36067940000,8.109655310746064,3.59062776659822
36069050101,8.692248281998631,3.804645234770705
36069050102,8.613130422997947,3.796448725530459
36069050201,8.582691225188227,3.805591057494866
36069050202,8.523233637234771,3.790065134839151
36069050301,8.533444711156742,3.82677198973306
36069050302,8.499071602327173,3.812587986310746
36069050400,8.465571399726215,3.81985701026694
36069050500,8.388752665982204,3.730035378507871
36069050601,8.178385777549624,3.67855271321013
36069050602,8.417862614647502,3.761170146475017
36069050800,8.370946958932238,3.745450405201916
36069050900,8.39257417522245,3.764071137577002
36069051000,8.324113521560575,3.736154693360712
36069051100,8.33656058384668,3.73931005065024
36069051200,8.388437367556468,3.767176235455168
36069051300,8.171304552361396,3.692055582477755
36069051400,8.288176700205339,3.749848510609172
36069051500,8.322187960301164,3.771234752908966
36069051600,8.380485664613279,3.789570309377139
36069051700,8.403981177275838,3.804230800821355
36069051800,8.393282604380561,3.795591257357974
36069051900,8.359100466803559,3.785968672142368
36069052000,8.046074852156058,3.618900342231348
36069052100,8.001853689938398,3.604560688569473
36069052200,7.817548131416838,3.54136340109514
36071000100,8.646512286105407,3.289336114989733
36071000200,8.638969112936345,3.298506403832991
36071000300,8.642398449691992,3.28627753045859
36071000400,8.661073370978782,3.275387602327173
36071000501,8.658567217659138,3.279000208761122
36071000502,8.663166320328542,3.27788373100616
36071000600,8.638119082819986,3.284391257357974
36071001100,8.216375917864476,3.29905322587269
36071001200,8.194466282683094,3.299729830253251
36071001300,8.181735663928816,3.297617003422314
36071001500,8.235876757015743,3.299327525667351
36071001600,8.202668388774812,3.292228808350445
36071002100,7.953696363449692,3.212749787816564
36071002200,7.968704267624914,3.210282216974675
36071002300,7.957421263518138,3.20833477412731
36071010101,8.470442731690623,3.331775140999316
36071010102,8.592579394934976,3.332879561259411
36071010200,8.637279013004791,3.311655387405886
36071010300,8.586287468172485,3.31382696440794
36071010400,8.616140491444216,3.30516407871321
36071010500,8.551028498973306,3.319346947980835
36071010600,8.326421024640657,3.317208121149897
36071010700,8.357044535934292,3.321769594113621
36071010801,8.40082025119781,3.321293019849418
36071010802,8.369175783709788,3.31914835523614
36071010901,8.064726889117043,3.282499589322382
36071010902,8.078398160848734,3.28245009650924
36071011000,8.194542611225188,3.298792912388775
36071011101,8.179509550992471,3.2914644366872
36071011102,8.24173982477755,3.299047645448323
36071011200,8.260135864476386,3.301559367556468
36071011300,8.191109248459959,3.294932204654346
36071011400,8.072058138945927,3.277383232032854
36071011500,7.985231262149213,3.246265770704997
36071011601,7.917961880903491,3.218661034907598
36071011602,7.823776440109514,3.214028638603696
36071011701,8.04024735797399,3.225491741957563
36071011702,8.135953962354552,3.219331709787817
36071011801,8.1770026954141,3.272251811772758
36071011802,8.224090967145791,3.257415608487337
36071011900,8.3313046091718,3.281424579739904
36071012100,8.365682044490075,3.280972128678987
36071012200,8.392830449007529,3.289887776865161
36071012300,8.410249273785079,3.302936032854209
36071012601,8.641044140999316,3.296854854893908
36071012602,8.64378364476386,3.290381273785079
36071012700,8.652481465434634,3.280218075290897
36071012800,8.65632829431896,3.27608492881588
36071012900,8.657000909650924,3.278658420944558
36071013000,8.632589093086927,3.286748613963039
36071013100,8.621634044490075,3.283443763175907
36071013201,8.565121778234086,3.30467637303217
36071013202,8.531542140314853,3.305676765913758
36071013300,8.495716131416838,3.284796988364134
36071013400,8.509807748117728,3.27508982477755
36071013500,8.54100467761807,3.26404065229295
36071013600,8.618159048596852,3.261933653661875
36071013700,8.655977301848049,3.262695281998631
36071013800,8.641227898699521,3.250383886379192
36071013900,8.573250286105407,3.248260612594114
36071014101,8.492150159479808,3.250242132785763
36071014102,8.508168485968515,3.238540145790554
36071014201,8.463509776865161,3.24723672347707
36071014202,8.462137804928131,3.223202302532512
36071014301,8.419399240246407,3.274675876112252
36071014302,8.40733732991102,3.244853214921287
36071014400,8.321458841204654,3.232201206023272
36071014501,8.239043052019165,3.217444783709788
36071014502,8.314324302532512,3.186788406570842
36071014600,8.337287828199863,3.202420639972622
36071014700,8.370447147843942,3.213520536618754
36071014800,8.416846399726215,3.171062950034223
36071014900,8.517767516769336,3.198483740588638
36071015003,8.516908809034908,3.256787128678987
36071015004,8.508562593429158,3.254841018480493
36071015005,8.498036277207392,3.267356498288843
36071015006,8.510982710472279,3.269811962354552
36071015100,8.179867019164956,3.291296417522245
36071015200,8.549858681724846,3.313664768651608
36073040200,8.802042435318275,3.974158234770705
36073040300,8.898378873374401,3.97649100752909
36073040400,8.858576399041752,3.977908112251882
36073040500,8.880994696098563,3.984616855578371
36073040600,8.703630003422314,3.910772360711841
36073040700,8.668347006844627,3.909957861054073
36073040801,8.694794354551677,3.889422853524983
36073040802,8.604689570157426,3.867119639972622
36073401200,8.667661134154689,3.93781190622861
36073401300,8.49493354072553,3.863870628336756
36075020100,7.17049445927447,3.425613125256674
36075020200,7.406380163586584,3.526382449007529
36075020301,7.514435969199179,3.554011533880904
36075020302,7.564263047912389,3.566625055441478
36075020400,7.815933941820671,3.633604603696099
36075020500,7.603187700889802,3.549679241615332
36075020600,8.061313697467488,3.649564646817248
36075020701,8.103599316906229,3.678701531143053
36075020702,8.254596120465435,3.72705695687885
36075020703,8.05984967761807,3.688620997262149
36075020800,8.087268598220397,3.719395092402464
36075020901,8.356537945242984,3.774076464750171
36075020902,8.30640688569473,3.762821099931554
36075021000,8.13550631211499,3.744045501026694
36075021101,8.175467190965092,3.750721837097878
36075021102,8.197832047912389,3.752197212183436
36075021103,8.19564842642026,3.753050045859001
36075021104,8.172183952087611,3.748816395619439
36075021200,8.192973474332649,3.745712732375086
36075021300,8.102972952772074,3.725404498288843
36075021401,7.963540303901437,3.696229825462012
36075021402,8.009125117043121,3.710691458590007
36075021501,7.858458046543463,3.664511681724846
36075021502,7.92400144421629,3.689455555099247
36075021601,7.904827115674196,3.687909658453114
36075021602,7.914323995893224,3.690899323750856
36075021603,7.939508088980151,3.693544900068446
36075021604,7.941526009582478,3.700741941136208
36075021605,7.905753639288159,3.69140513963039
36077590100,7.196673990417522,3.353971902806297
36077590201,7.200813550308008,3.356204154004107
36077590202,7.226895214236824,3.376055852156058
36077590300,7.366143802874743,3.441590184804928
36077590400,7.31461107871321,3.409396395619439
36077590500,7.170855158795346,3.33077556605065
36077590600,7.071920575633128,3.27925520807666
36077590700,7.019369271731691,3.247884794661191
36077590800,7.253214861054073,3.365951460643395
36077590900,7.231186924024641,3.357455472963724
36077591000,7.250295928131417,3.367257557837098
36077591100,7.260915249828884,3.374416117043121
36077591200,7.262705815195072,3.371375342231348
36077591300,7.249582625598905,3.370688832306639
36077591400,7.331138575633128,3.409058338124572
36077591500,7.417120802190281,3.441208911704312
36077591600,7.466193262149213,3.458478759753593
36079010100,8.502798451060917,3.112845906913073
36079010200,8.461844987679672,3.132881883641342
36079010300,8.525620028747433,3.176749859685147
36079010400,8.546607537303217,3.182869883641342
36079010500,8.552711626283368,3.221486197125257
36079010600,8.661653325119781,3.279933785763176
36079010700,8.665688290212183,3.276080577686516
36079010800,8.683424126625599,3.263386945927447
36079010900,8.681229323066393,3.253149971937029
36079011000,8.632785375085558,3.243880907597536
36079011100,8.63443793155373,3.225935832306639
36079011200,8.687248014373717,3.222475777549624
36079011300,8.67840554072553,3.212861893223819
36079011400,8.624979832306639,3.217297501711157
36079011500,8.600459128678987,3.185803325804244
36079011600,8.655059558521561,3.191858063655031
36079011700,8.649955004791239,3.146320140314853
36079011800,8.582794810403833,3.153052454483231
36079011900,8.612964464065708,3.127227263518138
36081000100,10.526904,3.018015498973306
36081000200,10.046469646817248,2.976893130732375
36081000400,10.031070832991102,2.975811544147844
36081000600,10.015850392881588,2.982412390143737
36081000700,10.52840102532512,3.01777573853525
36081000800,9.987525232717317,2.971757349760438
36081001000,10.003145466119096,2.973096190965092
36081001200,10.020570376454483,2.969919089664613
36081001400,9.996205232717317,2.965282247775496
36081001600,9.976279453798768,2.966643327857632
36081001800,9.967571707734428,2.967515397672827
36081001900,10.530660568104038,3.027737976728268
36081002000,9.953892798767967,2.95983986036961
36081002200,9.973689242984257,2.960405196440794
36081002400,9.955326849418207,2.957087383983573
36081002500,10.525100267624914,3.028088498973306
36081002600,9.938561592744695,2.955043722792608
36081002800,9.93421964202601,2.959107088980151
36081003000,9.944304008898015,2.958872381245722
36081003100,10.511950057494866,3.029247105407255
36081003200,9.927749978781656,2.960927626283368
36081003300,10.515964793292266,3.028529367556468
36081003400,9.979092216974675,2.975092826830938
36081003600,9.971964332648871,2.976051082819986
36081003700,10.529533692676249,3.035686707734428
36081003800,9.930633245722108,2.972609672142368
36081003900,10.526489158795346,3.034807535934292
36081004001,9.914932323750856,2.967307260095825
36081004002,9.894137394250513,2.966643219028063
36081004200,9.975885267624914,2.976860855578371
36081004300,10.524056094455852,3.038304595482546
36081004401,9.944635603011636,2.980836379876797
36081004500,10.511069362765229,3.038075631074606
36081004700,10.521306253251198,3.034234159479808
36081005000,9.923663138261465,2.975085958247776
36081005100,10.51473861670089,3.032578837782341
36081005200,9.954321437371663,2.978887060232717
36081005300,10.517682598220397,3.036603576317591
36081005400,9.916800085557837,2.973804004106776
36081005500,10.486653958932238,3.031282884325804
36081005700,10.488427116358658,3.031355167008898
36081005800,9.878649266255989,2.980696160164271
36081005900,10.49392340109514,3.03434545174538
36081006100,10.493396052019165,3.037796427789186
36081006201,9.841154123887748,2.981559783709788
36081006202,9.876882997262149,2.986370531143053
36081006300,10.499149813141684,3.039389887063655
36081006501,10.493462098562628,3.045549499657769
36081006502,10.490987239561944,3.042406889117043
36081006900,10.510274424366872,3.045361805612594
36081007100,10.510270000684463,3.040520841889117
36081007300,10.509580143737166,3.039011170431212
36081007500,10.509724791238878,3.039915198494182
36081007700,10.510057209445585,3.037713277891855
36081007900,10.51181536550308,3.041087281998631
36081008100,10.511517726899384,3.039542570157426
36081008300,10.512189678302532,3.043093711156742
36081008500,10.52533919301848,3.032148326488706
36081008600,9.85352764476386,2.967225887748118
36081008700,10.52731180971937,3.04593896440794
36081008800,9.819419197809719,2.971869583162218
36081009100,10.525089219028063,3.041187275838467
36081009400,9.863788589322382,2.967016794661191
36081009500,10.509041238877481,3.043589839151266
36081009600,9.839934441478439,2.96216409377139
36081009700,10.515899945242984,3.05186801779603
36081009800,9.84820622587269,2.956701803559206
36081009900,10.511690227241615,3.048837098562628
36081010000,9.82652554072553,2.961940303216975
36081010100,10.511750907597536,3.05023851266256
36081010200,9.768543911704312,2.950908250513347
36081010300,10.502404092402464,3.049680467488022
36081010400,9.815857327173169,2.956186176591376
36081010500,10.479603954140999,3.046393881587954
36081010600,9.817336247775496,2.952704336755647
36081010701,10.459405733059548,3.046109090349076
36081010800,9.853214819986311,2.953215052019165
36081011000,9.877361889117043,2.960158463381246
36081011100,10.486910562628337,3.048923421629021
36081011200,9.884118299794661,2.967021380561259
36081011300,10.468063727583847,3.048853603011636
36081011400,9.907062219712526,2.959881700889802
36081011500,10.499950639972622,3.044966759753593
36081011600,9.895955954140999,2.960638020533881
36081011700,10.472686804928131,3.04667742642026
36081011800,9.879269355920602,2.95587545174538
36081011900,10.471175091718001,3.042185865845311
36081012000,9.854652950718686,2.95443094661191
36081012100,10.469530711841205,3.04709298973306
36081012200,9.875960354551677,2.949840585900068
36081012301,10.439648481177276,3.043297702258727
36081012400,9.889365265571526,2.952150324435318
36081012500,10.493972636550308,3.045057097878166
36081012601,9.90080745174538,2.954532505817933
36081012602,9.913685089664613,2.956240375085558
36081012800,9.928380252566735,2.953206944558522
36081013000,9.919652925393566,2.944256056810404
36081013200,9.904322638603696,2.945075609856263
36081013400,9.918088451060917,2.939116489390828
36081013500,10.439021470225873,3.040409055441478
36081013600,9.886694171115674,2.92993511156742
36081013700,10.463277490759754,3.048481912388775
36081013800,9.876620458590007,2.93148088843258
36081014000,9.884417107460643,2.936654818617385
36081014100,10.46441837577002,3.042757026009582
36081014201,9.856086020533881,2.94100672347707
36081014202,9.83444382477755,2.941978170431212
36081014300,10.485321599589322,3.040511736481862
36081014400,9.871940223819302,2.943875856262834
36081014500,10.470083145790554,3.039363993839836
36081014700,10.485301205338809,3.039566006844627
36081014800,9.831732550992471,2.945225136208077
36081014900,10.488389864476386,3.040208125256674
36081015000,9.822284123203285,2.942631420260096
36081015100,10.475612822039699,3.03241006091718
36081015200,9.767579264887064,2.937877286105407
36081015300,10.478657318275154,3.036086301163587
36081015400,9.81712512183436,2.947183614647502
36081015500,10.486430021902806,3.035687911019849
36081015600,9.795579587953456,2.946801206023272
36081015700,10.480895001368925,3.032685998631075
36081015801,9.745205364818617,2.944752152635181
36081015802,9.781466535934292,2.946865901437372
36081015900,10.473430966461328,3.025251902806297
36081016100,10.478385978097194,3.032259357289528
36081016300,10.467064041752224,3.029267769336071
36081016400,9.762213737166324,2.949974058863792
36081016600,9.768274576317591,2.957713247775496
36081016800,9.744941420944558,2.955705657084189
36081016900,10.451100819301848,3.021063416837782
36081017000,9.729260471594798,2.950410358658453
36081017100,10.471805716632444,3.024996481861738
36081017200,9.722634779603012,2.951452710472279
36081017400,9.712106883641342,2.950480772073922
36081017600,9.704756872689938,2.955314843258042
36081017800,9.692032417522245,2.954895558521561
36081017900,10.490556474332649,3.02386801779603
36081018000,9.67945488569473,2.955879635865845
36081018101,10.476051069130732,3.023158926078029
36081018102,10.463527352498289,3.018056223819302
36081018200,9.65078798973306,2.954559119780972
36081018300,10.459817410677618,3.02179321560575
36081018401,9.615664735797399,2.952859125941136
36081018402,9.640105528405202,2.954619107460643
36081018501,10.452306715263518,3.013309045174538
36081018502,10.459320808350445,3.019876223134839
36081018600,9.657750996577686,2.946978273785079
36081018700,10.454355427104723,3.017424206023272
36081018800,9.674116102669404,2.950864138261465
36081018900,10.470727875427789,3.017027819301848
36081019000,9.66544892881588,2.949837937713895
36081019200,9.68367332238193,2.951045735112936
36081019400,9.69739254825462,2.942973110198494
36081019600,9.696047854209446,2.941343145106092
36081019800,9.717108569472964,2.944179995893224
36081019900,10.472412940451745,3.010793603011636
36081020200,9.73210388843258,2.945646912388775
36081020400,9.729612716632444,2.938534808350445
36081020500,10.428039011635866,3.01195376659822
36081020600,9.748154028062971,2.941988665982204
36081020800,9.749326489390828,2.938618327173169
36081021200,9.777823643394935,2.934159381245722
36081021400,9.820567237508556,2.931704429842574
36081021600,9.872223646132786,2.929425226557153
36081021900,10.401065352498289,3.00709566255989
36081022001,9.870648947296372,2.920987364818617
36081022002,9.835273991101985,2.921768692676249
36081022900,10.407445159479808,3.011635363449692
36081023000,9.806852550308008,2.9234063045859
36081023200,9.811805421629021,2.928403578370979
36081023500,10.442304778234086,3.015302415468857
36081023600,9.763813377823409,2.928998859000684
36081023800,9.777576412046544,2.930976446954141
36081024000,9.756442533196441,2.9321574770705
36081024300,10.37863225393566,3.005788917180014
36081024500,10.399603131416838,3.010273449691992
36081024600,9.716919684462697,2.934671269678302
36081024700,10.361271897330596,3.004549932922656
36081024900,10.402061489390828,3.012643503080082
36081025100,10.42945094934976,3.016963438740589
36081025301,10.448090969883641,3.018721855578371
36081025302,10.4352350862423,3.018580034907598
36081025400,9.695957405201916,2.938466238193018
36081025500,10.44213236550308,3.022181186858316
36081025700,10.430879987679672,3.021640558521561
36081025800,9.666640399041752,2.941625032854209
36081025900,10.417792046543463,3.015380845995893
36081026000,9.677590544832307,2.941374523613963
36081026100,10.386258303216975,3.011339593429158
36081026200,9.670517937713895,2.947366859685147
36081026300,10.366096407939767,3.009274822724162
36081026400,9.647196933607118,2.941319052703628
36081026500,10.346808160848734,3.002480290896646
36081026600,9.634183961670089,2.945678968514716
36081026700,10.328475626283368,2.998911454483231
36081026901,10.30095346954141,2.994213843942505
36081026902,10.29993872073922,2.99364559137577
36081027000,9.659422560574949,2.948419374401095
36081027100,10.281540069130732,2.990781060232717
36081027200,9.643478835728953,2.952062556468172
36081027300,10.258704899383984,2.987428991101985
36081027400,9.636400123887748,2.948717435318275
36081027500,10.275661934291581,2.988224562628337
36081027600,9.636585876796715,2.948269962354552
36081027700,10.290180314168378,2.995726883641342
36081027800,9.61729103559206,2.949045199863108
36081027900,10.300928537303217,2.999113681724846
36081028000,9.612967934291581,2.95071743394935
36081028100,10.322600072553046,3.001513989048597
36081028200,9.583618661875428,2.954895520876112
36081028300,10.328737796714579,3.000064201232033
36081028400,9.587612290896646,2.954840625598905
36081028500,10.344830566735113,3.007450787132101
36081028700,10.35517128678987,3.008374696783025
36081028800,9.607545235455168,2.955961090349076
36081028900,10.363431453798768,3.012121533196441
36081029100,10.380266532511978,3.015420731690623
36081029300,10.402285648186174,3.021014128678987
36081029400,9.563989763175907,2.960230747433265
36081029500,10.460303018480493,3.027070858316222
36081029700,10.441486983572895,3.028700192334018
36081029900,10.439117752224504,3.035021112936345
36081030600,9.518238342915811,2.962446905544148
36081030902,10.409394956194387,3.023801381245722
36081030903,10.376991540041068,3.015835229979466
36081030904,10.399761170431212,3.024602614647502
36081031700,10.420488702258727,3.036163046543463
36081032000,9.414932796030116,2.96110834017796
36081032700,10.352440002737851,3.012821691307324
36081032800,9.433843424366872,2.959498273785079
36081032900,10.352665777549624,3.016713301163587
36081033000,9.470632659137577,2.961073382614648
36081033100,10.30583189596167,3.01378571321013
36081033401,9.535551440109514,2.9574775229295
36081033402,9.537185166324435,2.958417438740589
36081033700,10.337519202600958,3.006831145106092
36081033900,10.323002133470226,3.00819340862423
36081034700,10.339215806297057,3.017121040383299
36081035100,10.30466326146475,3.004946463381246
36081035200,9.50172676659822,2.960975767967146
36081035300,10.294198436002738,3.002641692676249
36081035700,10.294387791238878,3.004016458590007
36081035800,9.421770075290897,2.95917837303217
36081036100,10.285276834360027,2.999275450376454
36081036300,10.265790908966461,2.989819661190965
36081036500,10.249934917864476,2.988403562628337
36081036600,9.543139568104038,2.959892262833676
36081036700,10.266531628336756,2.998786972621492
36081036800,9.552472553730322,2.955024409993155
36081037100,10.253151989048597,2.994648201232033
36081037300,10.215255151266256,2.983389427789186
36081037500,10.240210865160849,2.981520631759069
36081037600,9.520245952087611,2.960471441478439
36081037700,10.24955137577002,2.985530273785079
36081037900,10.228760055441478,2.977935581793292
36081038100,10.192188195071869,2.973424900068446
36081038301,10.10975426899384,2.962589383983573
36081038302,10.042950893223819,2.925489407939767
36081038400,9.503190847364819,2.963624230663929
36081039400,9.543176789869952,2.957602349075975
36081039800,9.584406475017112,2.9555121724846
36081039900,10.156145789185489,2.963806902121834
36081040000,9.593643364134155,2.954502372347707
36081040100,10.172398697467488,2.966245231348392
36081040200,9.617873414099932,2.949816689938398
36081040300,10.19362962696783,2.968623238877481
36081040400,9.642662832991102,2.952908629705681
36081040500,10.20589672347707,2.973296184120465
36081040700,10.218932998631075,2.975829579055442
36081040900,10.230965927446954,2.981733341546886
36081041100,10.203739921971253,2.972807636550308
36081041300,10.174845875427789,2.965001818617385
36081041400,9.656689894592745,2.943322014373717
36081041500,10.157785518822724,2.962930125941136
36081042400,9.612460531143053,2.950056632443532
36081042600,9.580445844626968,2.952669312799452
36081042700,10.130600188227242,2.953024448323066
36081043200,9.61078176386037,2.949822110882957
36081043400,9.638571741273101,2.949533262149213
36081043701,10.100307339493498,2.941615807665982
36081043702,10.134664021902806,2.950406587953456
36081043900,10.135020515400411,2.954767316906229
36081044000,9.678261392881588,2.938738346338125
36081044301,10.157942036276523,2.958519523613963
36081044302,10.183032572895277,2.963172445585216
36081044400,9.678058166324435,2.940071995208761
36081044601,9.735077617385352,2.934975509240246
36081044602,9.748047075975359,2.927550315537303
36081044800,9.764783832991102,2.923130558521561
36081045000,9.797617678302532,2.922008844626968
36081045200,9.762334528405202,2.924823954140999
36081045400,9.749220826830938,2.929718263518138
36081045500,10.163053654346338,2.961339251882272
36081045600,9.752289137577002,2.92901766255989
36081045700,10.210699371663244,2.972610937029432
36081045800,9.738902832991102,2.931587607118412
36081045900,10.222905214236824,2.975619184804928
36081046000,9.723126088980151,2.928558228610541
36081046100,10.232823391512663,2.976438219712526
36081046200,9.714903825462012,2.93733890622861
36081046300,10.238217154004107,2.977546181382615
36081046400,9.73125455578371,2.932755514715948
36081046500,10.233172057494866,2.978632532511978
36081046600,9.720005689938398,2.93876040109514
36081046700,10.253216378507871,2.983358034907598
36081046800,9.699704461327858,2.938468370978782
36081046900,10.268574800136892,2.987066850787132
36081047000,9.68380481724846,2.943342567419576
36081047100,10.252088696098563,2.981083229295003
36081047200,9.705935014373717,2.938306882272416
36081047300,10.234068973305955,2.976506145106092
36081047500,10.237408034223135,2.979152755646817
36081047600,9.701834230663929,2.949934943189596
36081047800,9.674332264202601,2.94955884257358
36081047900,10.278527282683094,2.985949440109514
36081048000,9.672215925393566,2.943799378507871
36081048100,10.304784524298426,2.993007698151951
36081048200,9.663252841889117,2.950430765913758
36081048300,10.331577318959617,2.998923581793292
36081048400,9.631128620123203,2.956071167693361
36081048500,10.29085816495551,2.9912856091718
36081048900,10.324028554414784,2.998122375085558
36081049200,9.651603896646133,2.956056498973306
36081049301,10.312615158110883,2.993944905544148
36081049302,10.288273516769336,2.991734064339494
36081049500,10.275285211498973,2.987602965776865
36081049600,9.614097660506502,2.959982847364819
36081049700,10.294709636550308,2.993431525667351
36081049900,10.266226787132101,2.986237542778918
36081050000,9.643475033538672,2.955781431895962
36081050201,9.63486623613963,2.952358472279261
36081050202,9.614011971937029,2.955637308008214
36081050400,9.618742592744695,2.952835355920602
36081050500,10.220093435318275,2.974350633127994
36081050600,9.601686637919233,2.953604820670773
36081050700,10.242389223134839,2.984680507871321
36081050800,9.588815951403148,2.958971072553046
36081051000,9.591578260095825,2.95920150513347
36081051100,10.342821334017796,3.004039245722108
36081051200,9.578237133470226,2.963487470910335
36081051300,10.342109101984942,2.99843528678987
36081051500,10.356833049965777,3.005555229979466
36081051600,9.536711165639973,2.959835391512663
36081051700,10.332606151266256,2.995340211498973
36081051800,9.555704734428474,2.958100130732375
36081052000,9.563033583162218,2.956913457905544
36081052100,10.328763262149213,3.001233898699521
36081052200,9.580654411362081,2.958558585900068
36081052400,9.597865484599589,2.956196507871321
36081052500,10.345986902806297,3.001357643394935
36081052600,9.574596377138946,2.956325180698152
36081052800,9.56021464202601,2.960659798083504
36081053000,9.547540391512663,2.959601191649555
36081053100,10.36295562696783,3.005110985626283
36081053200,9.531724109514032,2.959132052703628
36081053401,9.514112066392882,2.965093101984942
36081053500,10.376100885010267,3.008003475017112
36081053601,9.546764720054757,2.963405771389459
36081053800,9.531977734428474,2.96250805338809
36081053900,10.364362080766598,3.008103443531828
36081054000,9.555399763175907,2.966875913073238
36081054200,9.592514499657769,2.967990752908966
36081054500,10.33949422587269,3.004409470910335
36081054700,10.324216588637919,3.010821204654346
36081054800,9.623195712525667,2.966422743326489
36081054900,10.312940476386037,3.008373409993155
36081055100,10.27101276386037,3.005158133470226
36081055200,9.636770952087611,2.971018905544148
36081055300,10.277762274469541,3.00922517522245
36081055400,9.589296519507187,2.971250485284052
36081055500,10.257470354551677,3.00480893155373
36081055600,9.613171568104038,2.973224584531143
36081055700,10.245235511978097,3.001399572895277
36081055800,9.586541449007529,2.970616571526352
36081055900,10.252392616016427,3.009719759069131
36081056000,9.570514222450376,2.972647498973306
36081056100,10.1678813908282,2.99738115468857
36081056200,9.555676338124572,2.976749796714579
36081056400,9.547142112936345,2.975515724161533
36081056500,10.225749229295003,3.00548053045859
36081056600,9.564595255304586,2.970866750855578
36081056700,10.208010181382615,3.00100551266256
36081056800,9.524710863791923,2.973359564681725
36081057700,10.213125874058864,2.995320024640657
36081057900,10.218518366872006,2.99161459137577
36081058000,9.483406258726899,2.975409203285421
36081058100,10.235535622176591,2.995251788501027
36081058200,9.505733980150582,2.96581181724846
36081058300,10.247152193702943,3.002002921971253
36081058500,10.258137373716632,2.999737932922656
36081058700,10.288095555099247,2.999327922655715
36081058900,10.310941497604381,3.009467360711841
36081059000,9.483008012320328,2.963364777549624
36081059100,10.329627834360027,3.005145010951403
36081059200,9.451951934291581,2.965716637919233
36081059300,10.306632159479808,3.001121102669404
36081059400,9.449559009582478,2.966931922655715
36081059500,10.339672449691992,3.003358579055442
36081059600,9.464025878850103,2.963888270362765
36081059800,9.484906743326489,2.967046976728268
36081059900,10.321457267624914,3.000478206023272
36081060000,9.448520944558522,2.971237503080082
36081060100,10.316027539356605,2.999878368240931
36081060300,10.298076704312115,2.999189039014374
36081060600,9.439483552361396,2.967417214236824
36081060701,10.282169571526352,2.99145552019165
36081060800,9.467571028062971,2.962226378507871
36081061000,9.463725417522245,2.958277305954826
36081061200,9.413318024640657,2.963485106776181
36081061301,10.266866369609856,2.997808297741273
36081061302,10.202256475701574,2.98285561670089
36081061400,9.379553041067762,2.96604794934976
36081061601,9.37063084531143,2.960283815879535
36081061602,9.3441215229295,2.962775600958248
36081061800,9.36482258110883,2.962097813826146
36081061900,10.155423540041068,2.977111496235455
36081062000,9.388166754277892,2.960317587268994
36081062100,10.130385654346338,2.975706247091034
36081062200,9.399338863107461,2.962120740588638
36081062300,10.143912311430527,2.977940960985626
36081062400,9.423135125941136,2.960640399041752
36081062500,10.181488151266256,2.983141751540041
36081062600,9.435051186858316,2.956076495550992
36081062700,10.200106307323751,2.992017390143737
36081062900,10.173434742642026,2.987641305270363
36081063000,9.411794733744011,2.956567650924025
36081063200,9.386980180013689,2.959828149212868
36081063301,10.123609800821355,2.9724939137577
36081063302,10.108228791238878,2.973061955509925
36081063500,10.082395368240931,2.96770738329911
36081063700,10.068918866529774,2.958257826146475
36081063800,9.323185785763176,2.956167598220397
36081063900,10.027488122518823,2.95654654072553
36081064101,9.987679563997262,2.956888298425736
36081064102,10.00549474606434,2.958951216290212
36081064500,10.014923789185489,2.946786467488022
36081064600,9.378355780971937,2.959654997262149
36081065000,9.372466411362081,2.957706857631759
36081065400,9.325176370294319,2.959528065023956
36081065501,10.109963295687885,2.963157986310746
36081065600,9.277941323750856,2.962492708418891
36081065702,10.19445248733744,2.981792622176591
36081065703,10.158718875427789,2.974389256673511
36081065900,10.220464238193018,2.984450235455168
36081066000,9.283372460643395,2.958739700889802
36081066100,10.221190734428474,2.978502240930869
36081066300,10.210511650924025,2.97682563449692
36081066400,9.267591392881588,2.960854540041068
36081066501,10.248395427789186,2.987077863107461
36081066701,10.287111370294319,2.990873641341547
36081066900,10.256391331964408,2.986744641341547
36081067100,10.220451890485968,2.973239603696099
36081067700,10.179875489390828,2.973652648186174
36081067900,10.179815208761122,2.969804839151266
36081068000,9.366140402464066,2.955443046543463
36081068200,9.387314006844627,2.958635083504449
36081068300,10.204753585215606,2.970528113620808
36081068700,10.193164759753593,2.967210906913073
36081069000,9.371659094455852,2.957194674880219
36081069300,10.152527703627652,2.960211242299795
36081069400,9.320142889801506,2.953197031485284
36081069500,10.171814768651608,2.965395997946612
36081069701,10.1289794366872,2.952804335386721
36081069702,10.107830470910335,2.955234156057495
36081070300,10.072349917864476,2.952554443531828
36081070700,10.048153462696783,2.949903180013689
36081070900,10.059217891170431,2.949703305954826
36081071100,10.046674981519507,2.938612889117043
36081071303,10.042019862422998,2.937578524982888
36081071304,10.098513493497604,2.946808717316906
36081071305,10.049816457905544,2.943057528405202
36081071306,10.103248265571526,2.9496293045859
36081071600,9.445193331964408,2.966057184120465
36081071701,10.141853770020534,2.956406837097878
36081071702,10.165186801505818,2.96162985284052
36081071900,10.125281070499658,2.948720427104723
36081072100,10.103411013689254,2.951503993155373
36081072300,10.00919390349076,2.93921980698152
36081072900,10.025594488021903,2.946176997262149
36081073100,9.98707510403833,2.940159696783025
36081073700,9.988521219712526,2.934167081451061
36081073900,10.005621028062971,2.928692995208761
36081074100,10.031463997262149,2.928281697467488
36081074300,10.077665667351129,2.936697930184805
36081074500,10.091984898699521,2.94107454072553
36081074700,10.060854442847365,2.933544099247091
36081074900,9.958820095824778,2.933007399726215
36081075701,9.939005307323751,2.922615332648871
36081075702,9.984996978097194,2.923249889801506
36081076901,9.951989273100616,2.927425442162902
36081076902,9.93097490349076,2.927309345653662
36081077300,9.929682625598905,2.933885800821355
36081077500,9.909499067077344,2.930147241615332
36081077902,9.905369439425051,2.90475992881588
36081077903,9.883448813141684,2.915978388774812
36081077904,9.856299088980151,2.91158189596167
36081077905,9.835418026694045,2.911952840520192
36081077906,9.879865954825462,2.898001932238193
36081077907,9.879451451060917,2.906449622861054
36081077908,9.856121027378508,2.903137689253936
36081078800,9.579029824093087,2.958293866529774
36081079000,9.62618651266256,2.954739073237509
36081079200,9.597982711156742,2.954508832306639
36081079300,9.975700189596167,2.911236830253251
36081079701,9.998496733744011,2.932125477754962
36081079702,10.012687479123888,2.930910221081451
36081079900,9.990506786447639,2.922279696783025
36081080301,10.001903145790554,2.920537349760438
36081080302,9.954772219712526,2.900874372347707
36081080900,9.899674316221766,2.889189344969199
36081081400,9.635116247775496,2.95905264202601
36081081800,9.656262538672142,2.961035663244353
36081083700,9.941875883641342,2.909340456536619
36081083800,9.707291386721424,2.95830754072553
36081084000,9.711385318275154,2.959658604380561
36081084500,9.968796338124572,2.922379396988364
36081084601,9.709168689253936,2.965635584531143
36081084602,9.679805832991102,2.966499525667351
36081084900,10.048487262833676,2.943745221765914
36081085300,10.02789799247091,2.941804584531143
36081085500,10.020071696098563,2.948018128678987
36081085700,10.005418385352498,2.94430425393566
36081085900,9.989158701574264,2.93582031485284
36081086100,9.982097890485968,2.939170167693361
36081086300,10.006436774811773,2.949988104722793
36081086400,9.792666112251882,2.965411954140999
36081086500,10.032911746748802,2.951569894592745
36081086900,10.081728689253936,2.964810331279945
36081087100,10.059041825462012,2.948381550308008
36081088400,9.721840837097878,2.976377802874743
36081088901,10.070473791238878,2.974300160164271
36081089200,9.788184222450376,2.989828621492129
36081090700,10.125976211498973,2.984851647501711
36081091601,9.471829251882272,3.019192023956194
36081091602,9.379551973990418,2.999790698151951
36081091800,9.344270091033539,2.995926600273785
36081091900,10.168297525667351,2.990454442162902
36081092200,9.320635655030801,2.986972668035592
36081092500,10.162072223134839,3.001041917180014
36081092800,9.302397989048597,2.987093402464066
36081092900,10.215731848049281,3.010873915811088
36081093401,9.28622325393566,2.985542212183436
36081093402,9.264646848733744,2.978025460643395
36081093800,9.243461359342916,2.977945376454483
36081093900,10.1766428678987,3.012722582477755
36081094201,9.217481002053388,2.970772061601643
36081094202,9.207112326488706,2.967530900068446
36081094203,9.180806069815195,2.965721839151266
36081094500,10.11898246201232,3.006178470910335
36081094700,10.161999009582478,3.000874973990418
36081095400,9.1846453045859,2.963068221765914
36081096400,9.163972171800137,2.964575989048597
36081097202,9.077553134839151,2.954148793976728
36081097203,9.152479559890486,2.960577449007529
36081097204,9.1119381321013,2.958125270362765
36081097300,10.0630655633128,3.008191156057495
36081098100,10.045480603011636,3.012074468856947
36081098700,10.022442720054757,3.011324257357974
36081099100,9.983326948665298,3.006310405886379
36081099200,9.053542410677618,2.9505602183436
36081099701,9.91262217522245,2.992601995208761
36081099703,9.867244678302532,3.002554258726899
36081099704,9.894102236824093,2.997137488021903
36081099705,9.917686288158795,3.004842256673511
36081099801,9.031984173169062,2.947065777549624
36081099802,9.010926765229295,2.94821154072553
36081099900,9.873357500342231,3.01067534770705
36081100801,9.138393569472964,2.955022452429843
36081100802,9.080066108145106,2.949590570157426
36081101001,9.003509902121834,2.947722211498973
36081101002,8.984846896646133,2.94827879945243
36081101700,9.94865731485284,2.989479830253251
36081102900,10.008185762491444,2.996119298425736
36081103201,9.081940579055442,2.952271048596852
36081103202,9.04693376386037,2.948761554414784
36081103300,9.992669466119096,2.988518464750171
36081103900,10.053624765229295,2.98877967761807
36081104700,10.040834149897331,2.980171318959617
36081105900,9.974206829568788,2.977452312799452
36081107201,9.344411301848049,2.978165409993155
36081107202,9.383718338809035,2.975641725530459
36081108500,9.894884712525667,2.979666109514032
36081109300,9.837788349760438,2.992465869952088
36081109700,9.844909652977413,2.981167005475702
36081109900,9.877027434633812,2.974281699520876
36081111300,9.786940138261465,2.988296960985626
36081112300,9.819097198494182,2.9859981724846
36081112900,9.832364217659138,2.974171297741273
36081113300,9.857479620807666,2.970144477754962
36081113900,9.886142691991786,2.967093045859001
36081114100,9.915963947296372,2.970586588637919
36081114700,9.941848041067762,2.966939983572895
36081115100,9.976521703627652,2.971705894592745
36081115500,9.991611979466119,2.9689255229295
36081115700,10.004695687200548,2.966026071868583
36081115900,10.030506488021903,2.963236075975359
36081116100,10.049494097193703,2.963105630390144
36081116300,10.010051960985626,2.956135486652977
36081116700,9.977267616016427,2.952823668720055
36081117100,9.957341062970568,2.958818119780972
36081117500,9.898736579055442,2.958226509924709
36081118100,9.869754542778918,2.962322606433949
36081118500,9.9349741321013,2.947071325804244
36081118700,9.972654778918549,2.947684325119781
36081118900,9.961855963039014,2.939325445585216
36081119100,9.941376303216975,2.946990740588638
36081119300,9.910065147843942,2.946252012320328
36081119500,9.902222533196441,2.944780489390828
36081119900,9.942049084188912,2.940312661190965
36081120100,9.9548935229295,2.933440891854894
36081120300,9.935296356605065,2.91932045927447
36081120500,9.95943772347707,2.929177232717317
36081120700,9.894915941136208,2.936085683093771
36081121100,9.888697891170431,2.925291041752224
36081121500,9.856664798083504,2.910575490759754
36081122300,9.82821409650924,2.917399906913073
36081122701,9.842249884325804,2.905241041752224
36081122702,9.866125425735797,2.898390036960986
36081124100,9.813377175906913,2.91039323613963
36081124700,9.804106699520876,2.922009284052019
36081125700,9.827665636550308,2.91252677412731
36081126500,9.810221415468857,2.918840032854209
36081126700,9.770368975359343,2.920910087611225
36081127700,9.738928055441478,2.934356689253936
36081128300,9.727004657768652,2.959210618069815
36081129102,9.657868865160849,2.96465209650924
36081129103,9.699701229295003,2.968268509924709
36081129104,9.665931396303901,2.973632216290212
36081130100,9.609084957563313,2.975311006160164
36081133300,9.755029000684463,2.942563984941821
36081133900,9.772340270362765,2.926483409308693
36081134100,9.808533627652293,2.931441744010951
36081134700,9.778884180013689,2.945601740588638
36081136700,9.727384351129363,2.975630997262149
36081137700,9.679333404517454,2.979254061601643
36081138501,9.729269313483915,2.984985116358658
36081138502,9.670306336755647,2.9853978678987
36081139900,9.747561858316222,2.979094325804244
36081140300,9.762143484599589,2.965696044490075
36081140901,9.793516134154689,2.964335109514032
36081140902,9.816546000684463,2.94928921560575
36081141700,9.834735793292266,2.935707075975359
36081142900,9.855152489390828,2.957177907597536
36081143500,9.80158454825462,2.970855659137577
36081144100,9.785103919233402,2.980895248459959
36081144700,9.813850447638604,2.973704917864476
36081145101,9.850120351813826,2.955731281314168
36081145102,9.832422702258727,2.965570498288843
36081145900,9.883502884325804,2.952599423682409
36081146300,9.851167490075291,2.971405074606434
36081146700,9.818787221081451,2.977017570157426
36081147100,9.787606525667351,2.986422214921287
36081147900,9.706612235455168,3.006513929500342
36081148300,9.763317813141684,3.007642921971253
36081150701,9.686124359342916,2.995580498288843
36081150702,9.65447253798768,3.008362002737851
36081152901,9.630698307323751,2.995133164271047
36081152902,9.61994204312115,3.001298782340862
36081155101,9.57167590349076,3.009344299794661
36081155102,9.544017561259411,3.000741861738535
36081156700,9.586836104722793,2.989958516769336
36081157101,9.53019597467488,2.98666868788501
36081157102,9.542667610540726,2.986596613963039
36081157901,9.493389305954826,3.000633049965777
36081157902,9.515326830253251,2.997566976043806
36081157903,9.479340305954826,2.996993070499658
36081161700,9.500174032854209,2.988472362080767
36081162100,9.549881805612594,2.980094420260096
36081990100,9.47054529705681,3.028379642710472
36083040100,8.45006820054757,3.432982504449008
36083040200,8.453343353867214,3.424822404517454
36083040300,8.467911472279261,3.41913984531143
36083040400,8.471027431895962,3.406662059548255
36083040500,8.450807058863792,3.406050542778918
36083040600,8.433639107460643,3.389041499657769
36083040700,8.436686152635181,3.385470757015743
36083040800,8.436400667351129,3.379178708418891
36083040900,8.424852198494182,3.371208578370979
36083041000,8.40915204312115,3.350447110882957
36083041100,8.370616136892539,3.339572065023956
36083041200,8.364358896646133,3.349222125941136
36083041300,8.391170876796715,3.373555098562628
36083041400,8.430012246406571,3.404376771389459
36083051500,8.361330701574264,3.280377769336071
36083051600,8.393296021902806,3.298844330595482
36083051701,7.54807711430527,3.101510941136208
36083051702,7.538786826830938,3.098106546201232
36083051800,7.950453611225188,3.276119425051335
36083051901,8.317437635181383,3.45239645174538
36083051902,8.358991004791239,3.425685694729637
36083052002,8.034593084188912,3.269917876796715
36083052003,8.29035198973306,3.373347075975359
36083052004,8.242964806297057,3.325917848049281
36083052101,7.709308220396988,3.154454834360027
36083052102,7.432204978097194,3.038570709787817
36083052103,7.490752580424367,3.044392754277892
36083052201,7.874682666666667,3.189323125256674
36083052203,7.862442646817248,3.166874894592745
36083052204,8.041351657768652,3.212662808350445
36083052301,8.329932088295688,3.298095361396304
36083052303,8.201081175906913,3.27776888569473
36083052304,8.292104360027378,3.307273928131417
36083052402,8.226447241615332,3.266501838466804
36083052403,8.332290153319644,3.288023765229295
36083052404,8.267554374401095,3.275755981519507
36083052501,8.136775091718001,3.281356108829569
36083052502,8.061679166324435,3.242161882956879
36083052503,8.166583544832307,3.288127160164271
36083052601,7.868912201916496,3.1724230862423
36083052602,7.987068082819986,3.214677746748802
36083052603,7.597470366872006,3.057752921971253
36085000300,10.257218650924025,2.99087188843258
36085000600,10.147101338809035,3.009795944558522
36085000700,10.271437724845996,2.986169345653662
36085000800,10.120728070499658,3.006744359342916
36085000900,10.259688940451745,2.987763838466804
36085001100,10.241215570841889,2.988540737850787
36085001700,10.224794572895277,2.988023127994524
36085001800,10.063657592060233,3.014056109514032
36085002001,10.086136324435318,3.004332830253251
36085002002,10.062276638603696,3.007676438056126
36085002100,10.213069217659138,2.997211305270363
36085002700,10.165651454483231,2.994626514715948
36085002900,10.145063911704312,2.993639434633812
36085003300,10.183333336755647,2.986626577686516
36085003600,10.103016240246407,2.996857204654346
36085003900,10.167176422997947,2.98648539835729
36085004000,10.116139106776181,2.993959510609172
36085004700,10.124993057494866,2.986523958247776
36085005000,10.073067299794661,2.995281032854209
36085005900,10.183116102669404,2.979430241615332
36085006400,10.027255674195756,2.997962796714579
36085006700,10.216157074606434,2.975786535934292
36085007000,9.985087938398357,3.003809150581793
36085007400,10.018161477754962,3.010221055441478
36085007500,10.217212533196441,2.984212325119781
36085007700,10.236193248459959,2.982004928131417
36085008100,10.250579694729637,2.979057238877481
36085009601,10.02634787063655,2.992857628336756
36085009602,10.002992266940452,2.995604127994524
36085009700,10.23739292881588,2.964503776865161
36085010500,10.207468960985626,2.968357362080767
36085011201,9.940401959616701,3.002955171115674
36085011202,9.875326557837098,2.998023380561259
36085011401,9.974986107460643,2.994562994524298
36085011402,9.949324213552361,2.993778589322382
36085012100,10.179779361396304,2.969334678302532
36085012200,9.904538673511294,2.988348056125941
36085012500,10.186759009582478,2.961280059548255
36085012804,9.839824869952088,2.998838191649555
36085012805,9.776213459958932,2.989739351813826
36085012806,9.81267833744011,2.991756782340862
36085013201,9.846113374401095,2.986784078028747
36085013203,9.759836057494866,2.984158083504449
36085013204,9.807842299794661,2.984132562628337
36085013301,10.207100217659138,2.962204980150582
36085013302,10.20430238329911,2.954312128678987
36085013400,9.875315741273101,2.988922839835729
36085013800,9.87583532991102,2.982042843258042
36085014100,10.173788101984942,2.951916668720055
36085014604,9.776233043805613,2.982871266255989
36085014605,9.802525739904175,2.979622166324435
36085014606,9.820932835728953,2.978617774811773
36085014607,9.819735431211499,2.980854252566735
36085014608,9.820723584531143,2.980230671457906
36085014700,10.138924577686516,2.965730887063655
36085015100,10.131602700889802,2.957641828884326
36085015400,9.732211044490075,2.99047820807666
36085015601,9.724509054757016,2.986788147843942
36085015602,9.694917843258042,2.987323622176591
36085015603,9.697337511293634,2.990313159479808
36085016901,10.116380863791923,2.977858516084873
36085017005,9.732700271047228,2.984243203969884
36085017007,9.823860433264887,2.972739692676249
36085017008,9.812896427789186,2.975185577686516
36085017009,9.752048916495551,2.982831368240931
36085017010,9.789086315537303,2.976275561943874
36085017011,9.765490323750856,2.987278767967146
36085017012,9.798577735112936,2.975537887063655
36085017300,10.079710965776865,2.969627006160164
36085017600,9.683245449007529,2.984631733059548
36085017700,10.059627137577002,2.985444863107461
36085018100,9.983512411362081,2.97916509650924
36085018701,10.10045970568104,2.960542673511294
36085018702,10.067563810403833,2.96966647980835
36085018901,10.10777749486653,2.956324067761807
36085018902,10.073406633127994,2.957975049281314
36085019700,10.123960240246407,2.952142389459274
36085019800,9.602942461327858,2.987607082819986
36085020100,10.150170076659822,2.952995196440794
36085020700,10.207695409993155,2.943020869952088
36085020801,9.775507010951403,2.978658266255989
36085020803,9.70325171321013,2.986934099931554
36085020804,9.716661969883641,2.986560279945243
36085021300,10.19764546201232,2.94364694661191
36085022300,10.214728159479808,2.933912653661875
36085022600,9.704058554414784,2.983582826146475
36085022800,9.925303082819986,2.957971767967146
36085023100,10.193156464065708,2.938399430527036
36085023900,10.191468449691992,2.940719616016427
36085024401,9.587514188227242,2.993055943874059
36085024402,9.558100013004791,2.996390093086927
36085024700,10.184092023956194,2.945976785763176
36085024800,9.611268915811088,2.99201104312115
36085025100,10.135903794661191,2.946868532511978
36085027301,10.029807292265572,2.954812462696783
36085027302,10.016129456536619,2.968463414784394
36085027702,9.945905622861054,2.966666779603012
36085027704,9.959659927446954,2.966385586584531
36085027705,9.997376362080767,2.965036879534565
36085027706,10.004595947296372,2.958312727583847
36085027900,9.915485039698836,2.976674108145106
36085029102,10.078822283367556,2.933341984941821
36085029103,10.055680643394935,2.941802088980151
36085029104,10.095005524982888,2.938655930184805
36085030301,10.134258445585216,2.943270173853525
36085030302,10.158024794661191,2.93809250513347
36085031901,10.193698058863792,2.932164880903491
36085031902,10.206997563997262,2.929054325804244
36085032300,10.177423195071869,2.921847517453799
36087010101,8.692963149212868,3.237258808350445
36087010102,8.79274347980835,3.240956993155373
36087010200,8.790808786447639,3.24293284257358
36087010501,8.814545236824093,3.233067529089665
36087010502,8.814423630390144,3.233443173853525
36087010503,8.693073380561259,3.215870621492129
36087010601,8.833124930184805,3.238061739219712
36087010602,8.840695028747433,3.245762778918549
36087010701,8.899416313483915,3.240932288843258
36087010702,8.896916661875428,3.242542531827515
36087010703,8.917129470225873,3.246963701574264
36087010801,8.911029036276523,3.23358585284052
36087010802,8.970987227241615,3.246486024640657
36087010803,8.961422433264887,3.237657404517454
36087010804,9.033465924709103,3.240977036960986
36087010901,9.054474577686516,3.245839995893224
36087010902,9.066730030800821,3.253158872005476
36087011000,9.21776446954141,3.249807259411362
36087011101,9.134992887748118,3.251341957563313
36087011102,9.217787188227242,3.244630508555784
36087011200,9.175754774811773,3.236577943874059
36087011301,9.078603585215606,3.218860713894593
36087011302,9.154962242299795,3.215905496235455
36087011303,9.182234943874059,3.22733076386037
36087011401,9.014224249144422,3.231403709103354
36087011403,9.06925845927447,3.232854174537988
36087011404,9.0559333045859,3.222918932922656
36087011405,9.0487944770705,3.231071557152635
36087011501,8.837981475017112,3.218256531827515
36087011502,8.89654764476386,3.228141325119781
36087011504,9.001264279945243,3.219760927446954
36087011505,8.988465527036276,3.225803169062286
36087011506,8.970857590006845,3.224702997946612
36087011601,8.70620087063655,3.185136249144422
36087011602,8.881494385352498,3.19560953798768
36087011603,8.950946774811773,3.185029579739904
36087011700,8.611105028062971,3.168460538672142
36087011800,8.734737678302532,3.164616146475017
36087011901,8.836953405886379,3.174422042436687
36087011902,8.818822798767967,3.176448265571526
36087012000,8.878546214236824,3.172437223819302
36087012101,8.937714755646817,3.204446303901437
36087012102,8.984295162902122,3.207311076659822
36087012103,8.969014301848049,3.209858381245722
36087012105,9.004333338124572,3.208832893908282
36087012106,9.03312235523614,3.203833010951403
36087012202,8.99819662422998,3.21861029705681
36087012203,8.965813711841205,3.212291470910335
36087012204,8.974579184120465,3.216067163586584
36087012300,9.019078565366188,3.214701082135524
36087012401,9.029921144421629,3.209863578370979
36087012402,9.042857466119096,3.213214780971937
36087012501,9.038048150581793,3.191487740588638
36087012502,9.14637927926078,3.206564328542094
36087012600,9.220684223819302,3.20858417522245
36087012700,9.277504980150582,3.210026030116359
36087012800,9.316372409993155,3.215922379192334
36087013001,9.36403959137577,3.222683482546201
36087013002,9.331338788501027,3.224532783709788
36087013003,9.355365655715264,3.2284077816564
36087013100,9.261605759753593,3.24256053045859
36087013200,9.29348606844627,3.237441921971253
36087013300,9.461070716632444,3.230589298425736
36087013401,9.46811893908282,3.217942438056126
36087013402,9.559842360711841,3.222147700205339
36089490100,8.323638730321698,4.055741821355236
36089490200,8.172977010951403,3.988303289527721
36089490300,8.149398724161533,3.961624407939767
36089490400,8.090175436002738,3.965332597535934
36089490500,7.885756665982204,3.880495625598905
36089490600,7.755634994524298,3.805536936344969
36089490700,7.442804906913073,3.644124558521561
36089490800,7.200736940451745,3.549330796714579
36089490900,7.30655970568104,3.591096386721424
36089491000,7.479853611909651,3.683427329226557
36089491100,7.284645125256674,3.587103598220397
36089491200,7.230820993155373,3.559497000684463
36089491300,7.841587930184805,3.859968464065708
36089491400,8.02840850513347,3.948213483230664
36089491500,8.025704457905544,3.944953612594114
36089491600,8.031268221081451,3.944004823408624
36089491700,7.891613629021218,3.887884681040383
36089491800,7.342420282683094,3.633380570841889
36089491900,7.309612220396988,3.605481316906229
36089492000,7.239685302532512,3.580228883641342
36089492100,7.470011450376454,3.688476835728953
36089492300,6.63819955578371,3.272526028747433
36089492400,6.561697588637919,3.218670105407255
36089492500,6.361248245722108,3.139285431895962
36089492600,6.892633585900068,3.408967039014374
36089492700,7.342083873374401,3.628769796030116
36089492800,7.738000189596167,3.806702464750171
36089492900,7.682205562628337,3.78004442642026
36091060101,8.185790189596167,3.577511020533881
36091060102,8.250794498973306,3.590549655715264
36091060200,8.226541993155373,3.581687219712526
36091060300,7.602915314168378,3.406280348391513
36091060400,7.711506047227926,3.438472921971253
36091060501,7.231669793292266,3.285852605749487
36091060502,7.080223918548939,3.237962976043806
36091060503,7.631115895277207,3.420858002053388
36091060601,8.043504318959617,3.535060830253251
36091060602,7.850167947980835,3.477512540041068
36091060701,8.230778668720055,3.578003544832307
36091060702,8.210580714579055,3.574200753593429
36091060800,8.2921245229295,3.57520913963039
36091060901,8.392942886379192,3.582268263518138
36091060902,8.275139735112936,3.534054537303217
36091061000,8.309763749486653,3.604522471594798
36091061100,8.347235383983573,3.602390581793292
36091061200,8.289296757700205,3.591514905544148
36091061301,8.383900864476386,3.602154981519507
36091061302,8.269791369609856,3.591543208761122
36091061303,8.263089295003422,3.586397305954826
36091061401,8.167451666666667,3.568833073237509
36091061403,8.333190457905544,3.605603619438741
36091061404,8.225489733059548,3.579817906913073
36091061500,7.961852290896646,3.5167751724846
36091061600,8.240920149212868,3.576716761122519
36091061701,8.468074690622861,3.622762957563313
36091061702,8.501977479123888,3.626715099931554
36091061800,8.40594715742642,3.622289017111567
36091061901,8.509965310746064,3.639369118412046
36091061903,8.60021688843258,3.642728787132101
36091062000,8.514836010951403,3.592495841204654
36091062100,8.421657544832307,3.533592155373032
36091062200,8.53841683504449,3.557287732375086
36091062300,8.554316711841205,3.569271039698836
36091062403,8.653714110882957,3.551426973990418
36091062404,8.578113887063655,3.538405384668036
36091062405,8.680167759069131,3.586823092402464
36091062406,8.701581464065708,3.615797808350445
36091062501,8.662181255989049,3.633379600273785
36091062503,8.689171869267625,3.603924309377139
36091062505,8.63901070294319,3.618725998631075
36091062506,8.669971389459274,3.564617990417522
36091062507,8.666850241615332,3.5632706091718
36091062508,8.713409420260096,3.633314945927447
36091062509,8.697966160848734,3.63706431485284
36091062601,8.607105108145106,3.621600735797399
36091062602,8.632004287474333,3.605605941820671
36091062700,8.524408490759754,3.477062331279945
36091062800,8.472041818617385,3.450218509924709
36093020101,8.507432614647502,3.566517266940452
36093020102,8.496336836413416,3.564935642710472
36093020200,8.468727790554415,3.557044303901437
36093020300,8.431556130047912,3.54610506844627
36093020500,8.494565298425736,3.552367246406571
36093020600,8.476220234086242,3.539606404517454
36093020700,8.466759519507187,3.532620907597536
36093020800,8.447636821355236,3.537314409308693
36093020900,8.426524130732375,3.52976876659822
36093021001,8.433588527036276,3.545109930184805
36093021002,8.423672253251198,3.542373250513347
36093021200,8.300279798767967,3.507278435318275
36093021400,8.381986915811088,3.526534616016427
36093021500,8.383009514715948,3.527329245722108
36093021600,8.411182452429843,3.521611160848734
36093021700,8.44744846954141,3.527875135523614
36093021800,8.46649645174538,3.509886475017112
36093031900,8.542483355920602,3.522640201232033
36093032000,8.532316970568104,3.571838940451745
36093032101,8.581260416837782,3.564687075975359
36093032102,8.595103009582478,3.53706052019165
36093032200,8.385308318959617,3.551584165639973
36093032300,8.342987195756331,3.538577508555784
36093032402,8.482908666666667,3.58373095687885
36093032403,8.284590778918549,3.523646036276523
36093032404,8.356386991101985,3.563233483230664
36093032502,8.50906218275154,3.605122988364134
36093032503,8.464187524298426,3.602028874743326
36093032504,8.185769203285421,3.545318704312115
36093032601,8.124944657084189,3.455788767967146
36093032602,8.125936524982888,3.489025831622177
36093032700,8.248730970568104,3.500442854893908
36093032901,8.385781574264203,3.491130093086927
36093032902,8.352274978781656,3.501119866529774
36093033002,8.189006831622177,3.450874771389459
36093033003,8.286508475701574,3.470138336071184
36093033004,8.223929531827515,3.476706896646133
36093033101,7.959982316906229,3.437236247091034
36093033102,7.644234861054073,3.351415018480493
36093033200,8.334925056810404,3.512635133470226
36093033300,8.328369485968515,3.498151726899384
36093033400,8.466563180698152,3.548218650924025
36093033500,8.361053994524298,3.531746075975359
36095740100,7.287349603011636,3.258407002053388
36095740200,7.147239877481177,3.240210925393566
36095740300,7.094135097878166,3.229811998631075
36095740400,7.201422897330596,3.296670054072553
36095740500,6.967714917180014,3.191636516084873
36095740600,6.875900437371663,3.130641593429158
36095740700,7.148086904175222,3.177138832306639
36095740800,6.812154655030801,3.06133864476386
36097950100,8.038234143052704,3.639887664613279
36097950200,7.940837565366188,3.575196861738535
36097950300,7.884203798083504,3.530989914442163
36097950400,7.976204041067762,3.569296876796715
36097950500,8.040630107460643,3.620924780287474
36099950100,8.427377544832307,3.825050767967146
36099950200,8.415970453114305,3.818356377138946
36099950300,8.391570201232033,3.80772273100616
36099950400,8.419716793976728,3.823687710472279
36099950500,8.431658201232033,3.822328568104038
36099950600,8.434591048596852,3.823556531827515
36099950700,8.367471278576318,3.795947051334702
36099950800,8.231483292265572,3.739477446954141
36099950900,8.119202413415469,3.683013663244353
36099951000,8.129648872005476,3.691126332648871
36101960100,7.825913481861738,3.534982856262834
36101960200,7.777665352498289,3.506640411362081
36101960300,7.78614668514716,3.516988143737166
36101960400,7.827596106776181,3.537485618069815
36101960500,7.778085013689254,3.514730789869952
36101960600,7.750597933607118,3.49129064202601
36101960700,7.746421730321698,3.488268544147844
36101960800,7.747049765229295,3.483843214236824
36101960900,7.7448812183436,3.484441576317591
36101961000,7.754408461327858,3.475425124572211
36101961100,7.76357867761807,3.450448283367556
36101961200,7.792076108145106,3.467271715947981
36101961300,7.812628399726215,3.45622590349076
36101961400,7.810495313483915,3.495588706365503
36101961500,7.83948202532512,3.504690353867214
36101961600,7.953459760438056,3.497536683093771
36101961700,7.874564150581793,3.437939287474333
36101961800,7.760654515400411,3.385962427789186
36101961900,7.71272587063655,3.439318152635181
36101962000,7.717763533196441,3.429492762491444
36101962100,7.784822290212183,3.357054266940452
36101962200,7.828761043805613,3.357895722792608
36101962300,7.929090020533881,3.410596458590007
36101962400,7.995932522245038,3.467750668720055
36101962500,8.011723533880904,3.481679746748802
36101962600,8.012313725530459,3.475185386036961
36101962700,8.032592502395619,3.484402965092402
36101962800,8.035730229295003,3.505312477754962
36101962900,8.054739889801506,3.493107213552361
36101963000,7.989265527720739,3.440596392881588
36103110101,8.926606594798084,3.067205535934292
36103110102,8.880111109514032,3.056487629705681
36103110200,8.856344726214921,3.057714051334702
36103110300,8.818599147843942,3.054334553730322
36103110401,8.781738744695414,3.052410533196441
36103110402,8.762795203969884,3.050287872005476
36103110501,8.73185884531143,3.05409364202601
36103110502,8.731255960985626,3.053689239561944
36103110600,8.719881516084873,3.051671081451061
36103110801,8.800131043805613,3.050939109514032
36103110803,8.681380448323066,3.048070147843942
36103110901,8.842165880219028,3.05592110403833
36103110902,8.838515405201916,3.057087823408624
36103111001,8.82232994934976,3.051739305270363
36103111002,8.806135116358658,3.056422876796715
36103111100,8.835263694729637,3.054810379192334
36103111201,8.807286997262149,3.057580861738535
36103111202,8.792687405201916,3.051573329226557
36103111300,8.779076556468172,3.057983448323066
36103111401,8.767413864476386,3.051522514715948
36103111402,8.752500692676249,3.050991387405886
36103111503,8.723186481861738,3.05972165982204
36103111504,8.703173572210814,3.061121338124572
36103111505,8.751436978781656,3.055196436002738
36103111506,8.713294241615332,3.055678997262149
36103111601,8.703107151266256,3.05447512936345
36103111602,8.697605381245722,3.057636618069815
36103111701,8.701407592744695,3.059009786447639
36103111703,8.675325235455168,3.063588935660506
36103111704,8.668723924024641,3.058269428473648
36103111801,8.673027759753593,3.062940986995209
36103111802,8.663402514031485,3.061948855578371
36103111803,8.657093676249144,3.059191531143053
36103111804,8.642784228610541,3.06274333744011
36103111900,8.848684002737851,3.050856985626283
36103112001,8.799143613278576,3.049131468856947
36103112002,8.749300154004107,3.048426427789186
36103112102,8.681534065708419,3.059028403148528
36103112103,8.62613012183436,3.06540452019165
36103112104,8.68896129431896,3.061196295687885
36103112204,8.756261334017796,3.039180219028063
36103112206,8.758536422997947,3.023273380561259
36103112210,8.617465117043121,3.054859223819302
36103112211,8.608400051334702,3.064143629705681
36103112212,8.681958331964408,3.047696451060917
36103112213,8.647354861738535,3.043878924024641
36103112214,8.687801364818617,3.027119823408624
36103122300,8.637667776865161,2.990861924709103
36103122403,8.61335804312115,3.009065142368241
36103122404,8.54605170568104,3.003026921971253
36103122405,8.622581449691992,3.028911736481862
36103122406,8.587027785763176,3.017779350444901
36103122501,8.560690384668036,3.025164961670089
36103122502,8.529960260780288,3.016140232717317
36103122601,8.553708611909651,3.039784210130048
36103122602,8.533315769336071,3.030999393566051
36103122603,8.489860657768652,3.030195557152635
36103122704,8.598160752908966,3.036939761122519
36103122705,8.585668195756331,3.044148282683094
36103122706,8.583144652977413,3.048376787816564
36103122707,8.567687958247776,3.057761806297057
36103122801,8.520437889117043,3.056529859685147
36103122802,8.473312783709788,3.037993464750171
36103122901,8.517255785763176,3.009650417522245
36103122902,8.459746875427789,3.006293926078029
36103123001,8.48536812183436,3.01818296440794
36103123002,8.442350058863792,3.01546074606434
36103123101,8.439498026694045,3.022486453798768
36103123102,8.416567926762491,3.026740700889802
36103123201,8.594728863107461,2.992652972621492
36103123202,8.5289820862423,2.996551270362765
36103123301,8.520336214921287,2.994827082819986
36103123302,8.475625809034908,2.991095260095825
36103123401,8.511245637919233,2.999987386036961
36103123402,8.485187939767283,3.005006774811773
36103123500,8.447107984941821,2.988282965776865
36103123600,8.382619574948665,2.986678646132786
36103123701,8.438779493497604,2.992279182067077
36103123702,8.38502819028063,2.990935620123203
36103123801,8.335793794661191,2.986499160164271
36103123802,8.316691572895277,2.989299704996578
36103123900,8.433136275154004,2.99887712936345
36103124001,8.419846018480493,3.003385741273101
36103124002,8.409049181382615,3.004324616016427
36103124101,8.367400344969199,2.994039144421629
36103124102,8.338210957563313,2.9936493908282
36103124200,8.347597774811773,3.000334239561944
36103124300,8.406364600958248,3.007840987679672
36103124401,8.321901150581793,3.005640213552361
36103124402,8.100755141683778,2.979012977412731
36103124500,8.373237117043121,3.01541212936345
36103124601,8.31890239835729,3.004548097878166
36103124602,8.316009765229295,3.009321260095825
36103134702,8.604804590006845,3.064896359342916
36103134703,8.643046822724162,3.052051986995209
36103134704,8.60947562696783,3.055071733744011
36103134902,8.532745969199179,3.065148341546886
36103134903,8.526157463381246,3.079373390143737
36103134904,8.50722271321013,3.074061204654346
36103134906,8.557006099931554,3.059579309377139
36103134907,8.573040324435318,3.057475726214921
36103135002,8.483030688569473,3.076097684462697
36103135003,8.459397668035592,3.079396069130732
36103135004,8.509892628336756,3.053345822724162
36103135005,8.452947535249829,3.058234386036961
36103135101,8.63458176659822,3.065745667351129
36103135102,8.611377234770705,3.067957232717317
36103135103,8.584494911704312,3.071027978781656
36103135104,8.551747501711157,3.06570258384668
36103135201,8.593281638603696,3.073819524982888
36103135204,8.562125700205339,3.07423476659822
36103135205,8.595893818617385,3.071107905544148
36103135208,8.589229684462697,3.072926934976044
36103135209,8.536754491444216,3.07364476386037
36103135301,8.508403960985626,3.081816325804244
36103135303,8.491265028062971,3.083265585900068
36103135304,8.457885366187543,3.083923821355236
36103135401,8.458126353182752,3.083908580424367
36103135402,8.449605475017112,3.085798199178645
36103135403,8.412069850102669,3.08912549486653
36103145602,8.499030580424367,3.068799095140315
36103145603,8.514842700205339,3.065817047912389
36103145604,8.478624088295688,3.064996640657084
36103145605,8.479592655030801,3.070189241615332
36103145701,8.476833598220397,3.079101568788501
36103145702,8.466330709103354,3.076423393566051
36103145703,8.446602911019849,3.08048345927447
36103145704,8.423511355920602,3.083873818617385
36103145803,8.437469407939767,3.086854265571526
36103145804,8.396649416837782,3.085370877481177
36103145805,8.383740598220397,3.08866127652293
36103145807,8.370565420260096,3.089014779603012
36103145808,8.356365420260096,3.087500711156742
36103145901,8.468735619438741,3.052741843942505
36103145902,8.450861340862423,3.059669302532512
36103145903,8.381857444900753,3.047026872005476
36103146001,8.437736971937029,3.062623167693361
36103146002,8.399484316221766,3.0601429137577
36103146003,8.354406382614648,3.055282690622861
36103146102,8.378547379192334,3.06278329431896
36103146103,8.331504471594798,3.060595843942505
36103146105,8.403829,3.068690609856263
36103146106,8.409910657084189,3.067414359342916
36103146201,8.417168034223135,3.076288099931554
36103146202,8.389543462696783,3.068649431895962
36103146203,8.403623986995209,3.077988325119781
36103146204,8.366297908966461,3.068778643394935
36103146205,8.317927902121834,3.065347567419576
36103146206,8.310924535249829,3.066029062286105
36103146300,8.348357941136208,3.076463800136892
36103146402,8.269182916495551,3.078455920602327
36103146403,8.369230631074606,3.082181454483231
36103146404,8.339284805612594,3.081039976728268
36103146500,8.278211864476386,3.071763959616701
36103146604,8.331110704312115,3.082005863107461
36103146605,8.265828631759069,3.085886073921971
36103146606,8.245954683093771,3.082610865845311
36103146607,8.184954794661191,3.082251847364819
36103146608,8.148804099247091,3.078300005475702
36103146611,8.180634058863792,3.085261717316906
36103146612,8.224638637919233,3.083480637234771
36103146613,8.202158553045859,3.085699579055442
36103146614,8.20414917522245,3.092342833675565
36103146615,8.13633581724846,3.080729947296372
36103146703,8.45549243394935,3.04485264202601
36103146704,8.423588177960301,3.041152364134155
36103146705,8.409048648870637,3.035573423682409
36103146706,8.387040245722108,3.037836918548939
36103146800,8.363839980150582,3.029989656399726
36103146901,8.290733000684463,3.017321906913073
36103146902,8.24494379945243,3.010430072553046
36103147001,8.272477570157426,3.026821531143053
36103147003,8.262329433264887,3.027044700205339
36103147004,7.881505084873374,2.990431262149213
36103147100,8.288918792607803,3.034647037645448
36103147200,8.277100228610541,3.037797489390828
36103147300,8.277826275838467,3.048709754962355
36103147401,8.262534529089665,3.053388206023272
36103147402,8.200718462696783,3.041501117727584
36103147501,8.205621492813142,3.057483924024641
36103147502,8.167059339493498,3.059806739904175
36103147503,8.101831557152635,3.05174129431896
36103147601,8.151745655715264,3.06760368514716
36103147602,8.120567223134839,3.068359715263518
36103147701,8.107416410677618,3.071271452429843
36103147702,8.047192165639973,3.059394622861054
36103147802,8.022178568788501,3.064726517453799
36103147803,8.111041698836413,3.074529105407255
36103147804,8.091066266940452,3.072719232032854
36103147901,8.059983592744695,3.072781482546201
36103147902,7.995937795345654,3.065326525667351
36103158001,8.448283493497604,3.012478247775496
36103158002,8.453012042436687,3.033681409993155
36103158006,8.433440544147844,3.06080764476386
36103158007,8.430548302532512,3.050447173169062
36103158009,8.409974345653662,3.060825683093771
36103158010,8.409099733059548,3.037911151266256
36103158011,8.379123754277892,3.045455490075291
36103158102,8.308422508555784,3.060686459958932
36103158103,8.380384126625599,3.074069564681725
36103158104,8.359350689938398,3.074408334702259
36103158107,8.415672122518823,3.081735361396304
36103158108,8.386758696783025,3.065058414099932
36103158110,8.330755166324435,3.072599557152635
36103158111,8.312170869267625,3.070142224503764
36103158112,8.293259775496236,3.070414968514716
36103158114,8.34387646201232,3.048320094455852
36103158115,8.339465786447639,3.060721054072553
36103158116,8.266454657084189,3.070145032169747
36103158202,8.356284271047228,3.038544002737851
36103158203,8.389059321013005,3.021787474332649
36103158205,8.307507019849418,3.015055078028747
36103158206,8.356620260780288,3.016737023271732
36103158207,8.35846906091718,3.009986363449692
36103158304,8.279549270362765,3.004846763175907
36103158306,8.272347817932923,3.028852259411362
36103158308,8.312904778918549,3.039324470225873
36103158309,8.195797134839151,3.053599433264887
36103158310,8.157160419575633,3.044823242984257
36103158315,8.228738062286105,3.041737511293634
36103158317,8.221331889117043,2.991556399041752
36103158318,8.188202600958248,2.999317059548255
36103158319,8.285677016427105,3.04724864476386
36103158320,8.266929097193703,3.044959983572895
36103158321,8.239027821355236,3.061747902806297
36103158322,8.25771567761807,3.024100133470226
36103158323,8.225835177275838,3.026779475017112
36103158401,8.13539403559206,3.018979847364819
36103158402,8.047579439425051,2.983690490075291
36103158403,8.100584514031485,3.032117348391513
36103158405,8.008502137577002,3.007290592060233
36103158407,8.157666686516085,2.991541097193703
36103158408,8.121422897330596,2.98850892128679
36103158409,8.044748186858316,3.027611909650924
36103158410,8.062739607118412,3.010834138261465
36103158502,8.34670512936345,3.091123678302532
36103158505,8.399117843258042,3.086679238877481
36103158506,8.384717617385352,3.091333440793977
36103158507,8.310184982888433,3.080382090349076
36103158508,8.286120917864476,3.082569944558522
36103158509,8.279150902806297,3.076801703627652
36103158510,8.237010568788501,3.084170861054073
36103158511,8.339021529774127,3.081638570157426
36103158512,8.353286106776181,3.083619092402464
36103158604,8.29298905065024,3.088632177960301
36103158605,8.271418399041752,3.08980972347707
36103158606,8.242306363449692,3.088718092402464
36103158607,8.21127431211499,3.08597750513347
36103158608,8.332043596851472,3.088778639972622
36103158609,8.30652001779603,3.089935378507871
36103158704,8.198558861738535,3.070733951403148
36103158705,8.148469207392197,3.061436448323066
36103158707,8.047924572895277,3.068593508555784
36103158708,8.10216265229295,3.054675325119781
36103158709,8.017193793292266,3.052726070499658
36103158710,7.970297622861054,3.036955069130732
36103158711,8.159286117727584,3.078335228610541
36103158712,8.133791278576318,3.082716937713895
36103158802,8.010699221081451,3.064330202600958
36103158803,8.160195409993155,3.090666062286105
36103158804,8.093691023956194,3.082254434633812
36103158900,8.039666523613963,3.078192577686516
36103159000,7.987083226557153,3.068067353867214
36103159102,7.993162044490075,3.074833700889802
36103159103,7.916735229295003,3.06406844421629
36103159105,8.040144583162218,3.076475954825462
36103159106,7.963788030116359,3.066743022587269
36103159107,8.120716531827515,3.087250917180014
36103159108,8.06933646954141,3.081337730321698
36103159201,7.968542227926078,3.07198859137577
36103159203,7.891633793292266,3.066457232032854
36103159204,7.853118458590007,3.06206692128679
36103159300,7.845950868583162,3.055768717316906
36103159404,7.784576519507187,3.046128932238193
36103159406,7.689494272416153,3.030720465434634
36103159407,7.923085602327173,3.048886971937029
36103159408,7.871965058863792,3.057379419575633
36103159410,7.741660422313484,3.013128686516085
36103159411,7.849642406570842,3.045052923340178
36103159412,7.82830917522245,3.034307017111567
36103159505,7.781294652977413,3.057455442162902
36103159506,7.745289998631075,3.049639414099932
36103159508,7.682005532511978,3.044405600958248
36103159509,7.685243611225188,3.044400652977413
36103159510,7.671186355920602,3.034061967830253
36103159511,7.766312107460643,3.049333460643395
36103159512,7.722857072553046,3.047951627652293
36103159601,7.670223099247091,3.032946146475017
36103159602,7.62195560164271,3.025549066392882
36103169701,7.936815374401095,2.981856245037645
36103169703,7.826674017111567,2.961910156057495
36103169704,7.817892355920602,2.98848097467488
36103169800,7.680187757015743,2.981184288843258
36103169901,7.706361173853525,2.967312065708419
36103169902,7.63664115468857,2.959452802874743
36103170001,7.621627557152635,2.946292960301164
36103170002,7.579595572895277,2.93731981724846
36103170101,7.570269626283368,2.902957015742642
36103170201,7.575660225188227,2.915823531827515
36103170202,7.49493376386037,2.85468302532512
36103180300,7.459573101300479,2.907060535934292
36103190401,7.603979229979466,2.99234727926078
36103190402,7.528880323750856,3.000062501711157
36103190403,7.470656568788501,2.980972201916496
36103190502,7.460730399041752,3.005668342915811
36103190503,7.569827046543463,3.015684675564682
36103190504,7.515113489390828,3.012739741273101
36103190601,7.431928112251882,2.997935143052704
36103190603,7.419355926762491,2.987873093086927
36103190604,7.371976519507187,2.984320518822724
36103190704,7.2091020862423,2.929421075290897
36103190705,7.340065843942505,2.963354726214921
36103190706,7.334949869267625,2.95095379192334
36103190707,7.323880559890486,2.934659815879535
36103190708,7.346795405886379,2.914490475017112
36103190800,7.24540097467488,2.960449451060917
36103200901,7.08858303559206,2.900140782340862
36103200902,7.19230253045859,2.899038363449692
36103201001,7.16972047980835,2.868332666666667
36103201003,7.044422925393566,2.87608616495551
36103201004,6.903249589322382,2.80826915468857
36103201100,8.548124401779603,3.073033342231348
36105950100,7.061285674195756,3.110987258726899
36105950200,7.06433126146475,3.166428568788501
36105950300,7.340043338809035,3.262422249828884
36105950400,7.311051142368241,3.231663493497604
36105950500,7.241304622861054,3.186938073921971
36105950600,7.320548572210814,3.217753471594798
36105950700,7.314017377138946,3.207145120465435
36105950800,7.279535313483915,3.172644847364819
36105950900,7.406649216290212,3.207462029431896
36105951000,7.475108193702943,3.204322328542094
36105951100,7.466170706365503,3.194496453114305
36105951200,7.818292130047912,3.243866255304586
36105951300,7.724248498973306,3.227058478439425
36105951500,7.471958672142368,3.218316223134839
36105951600,7.546952577686516,3.226051434633812
36105951700,7.653877735797399,3.21518495687885
36105951800,7.555299684462697,3.221846206707734
36105951900,7.470351521560575,3.233624009582478
36105952000,7.526046420260096,3.246306374401095
36105952100,7.472105475017112,3.268303822039699
36105952200,7.572672711841205,3.263163203969884
36105952300,7.683634377138946,3.254674996577686
36105952400,7.683001648186174,3.223328873374401
36105952500,7.723549926762491,3.207827232717317
36107020100,8.079263883641342,3.690500299794661
36107020200,8.135471105407255,3.698558608487337
36107020300,8.28939781724846,3.759616468856947
36107020401,8.320378900068446,3.764366524982888
36107020402,8.334663724845996,3.766054475701574
36107020500,8.30038804312115,3.756905420260096
36107020600,8.295743984257358,3.744055787132101
36107020701,8.116128266940452,3.676256316906229
36107020702,8.261815415468857,3.712867232032854
36107020703,8.309976098562628,3.714430302532512
36109000100,8.160873747433265,3.707027743326489
36109000200,8.167983002053388,3.716178773442847
36109000300,8.172139100616016,3.711630452429843
36109000400,8.174442305954826,3.717257275838467
36109000500,8.195195056125941,3.72329290349076
36109000600,8.200681913073238,3.730880419575633
36109000700,8.178225483230664,3.72164431485284
36109000800,8.165735979466119,3.710860255304586
36109000900,8.166874638603696,3.712487642710472
36109001000,8.123489730321698,3.690316000684463
36109001100,8.134030514031485,3.703133734428474
36109001200,8.142629560574949,3.693931535934292
36109001300,8.133203915126626,3.705438527720739
36109001400,8.118613812457221,3.698160954825462
36109001500,8.17932716495551,3.723665464750171
36109001600,8.141957832306639,3.698406071868583
36109001700,8.095913926762491,3.669025151266256
36109001800,8.06539931485284,3.653098188227242
36109001900,8.07534284257358,3.681437104722793
36109002000,8.042135857631759,3.672890825462012
36109002100,8.072897915811088,3.683703596167009
36109002200,8.035738370978782,3.664161199863108
36109002300,8.150311802874743,3.708111421629021
36111950100,7.483379118412046,3.194057206707734
36111950200,7.700737689253936,3.254324235455168
36111950300,7.750542219028063,3.268173254620123
36111950400,7.481381036276523,3.193484387405886
36111950500,7.410841175906913,3.180986135523614
36111950600,7.060170902121834,3.075716370978782
36111950900,6.803321878850103,3.046300039698836
36111951000,7.113530986310746,3.086349793976728
36111951100,7.320915165639973,3.149859876112252
36111951200,7.540255553045859,3.21227937577002
36111951300,7.835109442847365,3.292340538672142
36111951400,7.891908358658453,3.308750556468172
36111951500,7.688411767282683,3.255878066392882
36111951600,7.872552149897331,3.295943038329911
36111951700,7.978737273100616,3.327945874743326
36111951800,7.928483603696099,3.32204862696783
36111951900,7.94320129705681,3.318693313483915
36111952000,7.903353403148528,3.307059541409993
36111952100,7.911751101984942,3.309057541409993
36111952200,7.898298308008214,3.308199514031485
36111952300,7.824245911019849,3.290603859000684
36111952400,7.861776465434634,3.30222574880219
36111952500,8.042098790554415,3.348320344284736
36111952600,8.087604275154004,3.338070416837782
36111952700,7.845246405201916,3.279551900068446
36111952800,7.908363404517454,3.291016561943874
36111952900,7.561586252566735,3.207351563997262
36111953000,7.692607506502396,3.218491298425736
36111953300,8.036892532511978,3.306338694045174
36111953400,8.070562624914442,3.312669546201232
36111953500,8.107741485284052,3.318485805612594
36111953600,8.393940232717317,3.365211310061602
36111953700,8.294622943189596,3.354907574264203
36111953800,8.572310841889117,3.370925245037645
36111953900,8.524667295003422,3.366241627652293
36111954000,8.307597485284052,3.336726115674196
36111954100,8.406123670773443,3.341717290212183
36111954200,7.970619379876797,3.280841638603696
36111954400,7.925424310746064,3.262543960985626
36111954500,7.59326064202601,3.198664475017112
36111954600,7.250852073921971,3.129480753593429
36111954700,7.415734494182067,3.173830182067077
36111954800,7.49744154072553,3.179365874058864
36111954900,7.75139241889117,3.268157338809035
36111955000,7.290262802190281,3.13142732238193
36111955300,6.796082006844627,3.020869840520192
36111955400,8.274187654346338,3.313062795345654
36113070100,8.167353018480493,3.568091718685832
36113070200,8.126798223134839,3.557146195756331
36113070300,8.095710755646817,3.54593754072553
36113070400,8.130218089664613,3.557633041752224
36113070500,8.179630379192334,3.572354531143053
36113070601,7.990997759069131,3.503826829568788
36113070602,7.697606676933607,3.398367171800137
36113070701,8.002585982888433,3.508254303216975
36113070702,7.892696442847365,3.480272605749487
36113070800,8.068708742642026,3.542197033538672
36113070900,7.817886162902122,3.461200914442163
36113071000,7.570636360027378,3.381661281998631
36113072000,7.47300167008898,3.339487654346338
36113073000,7.095035688569473,3.218045324435318
36113073500,6.721640175906913,3.112086320328542
36113074000,6.428342806297057,3.016348991786448
36113075000,6.59832788569473,3.042075684462697
36113076000,6.940869562628337,3.120261422997947
36113078000,7.207850347022587,3.225677357289528
36115080100,8.22517987063655,3.575769767967146
36115080200,8.199827715947981,3.564184299110198
36115080300,8.078639044490075,3.494022733744011
36115081000,7.761345112251882,3.378674097193703
36115082001,7.697188570841889,3.275571486652977
36115082002,7.37487040862423,3.212026854893908
36115084000,7.712714316221766,3.274925084188912
36115085000,7.916641829568788,3.393752380561259
36115086000,7.682070878850103,3.272301458590007
36115087000,8.049813752908966,3.452382574948665
36115088000,8.222561395619439,3.543231360027378
36115089000,8.034416351129363,3.425259895277207
36115090000,7.586980570157426,3.224825789185489
36115091000,7.714218305270363,3.260650262149213
36115092000,7.5259781724846,3.140918541409993
36115093000,7.870833165639973,3.301743907597536
36115094000,8.16740862422998,3.448538715263518
36117020101,8.379716289527721,3.744984123887748
36117020102,8.485473596851472,3.770183396988364
36117020201,8.559275470225873,3.79570366255989
36117020202,8.655007247091034,3.809083466803559
36117020301,8.710346098562628,3.822932406570842
36117020302,8.627732934291581,3.817170917180014
36117020401,8.234244656399726,3.723973570157426
36117020402,8.339228792607803,3.761509242299795
36117020500,8.449579106091718,3.786714859000684
36117020600,8.55023707871321,3.828652865160849
36117020700,8.588395002737851,3.825801293634497
36117020800,8.150517488706366,3.717049492813142
36117020900,8.278664611909651,3.757746882956879
36117021000,8.438860004106776,3.811154021218344
36117021100,8.512437171800137,3.827463174537988
36117021200,8.505402962354552,3.833358234770705
36117021400,8.435773123887748,3.822306396303901
36117021501,8.103110956194387,3.711944877481177
36117021502,8.048107519507187,3.706338281314168
36117021600,8.220819203969884,3.760060596851472
36117021700,8.351501070499658,3.796123039698836
36117021800,8.360500744010951,3.805744403832991
36119000101,9.983031156057495,3.168908208761122
36119000103,9.971072066392882,3.172433169062286
36119000104,9.976048993155373,3.173441447638604
36119000201,10.011773026694045,3.164788872689938
36119000202,10.008844399726215,3.1633091321013
36119000203,10.033383171115674,3.162998683778234
36119000300,9.963192446269678,3.1798951724846
36119000401,9.93015266255989,3.176675740588638
36119000402,9.899438650239562,3.185121620807666
36119000500,9.922421267624914,3.184291561259411
36119000600,9.903924639972622,3.185989599589322
36119000701,9.833087095140315,3.19965919301848
36119000702,9.833544181382615,3.199680210814511
36119000801,9.83637183504449,3.20645074880219
36119000802,9.844415092402464,3.201715185489391
36119000803,9.869635114989733,3.190555509924709
36119000900,9.761527081451061,3.206385305270363
36119001000,9.94664732991102,3.185889565366188
36119001101,9.954976402464066,3.180719091718001
36119001102,9.958312334017796,3.174969103353867
36119001200,9.982844288843258,3.174151250513347
36119001301,9.997779387405886,3.166316706365503
36119001302,10.048486128678987,3.160568118412046
36119001303,10.02772915742642,3.159338308008214
36119001401,9.964411995893224,3.170318890485968
36119001402,10.002312930869268,3.16574606844627
36119001403,10.043021980150582,3.159036160164271
36119001502,10.056215316906229,3.154567735112936
36119001503,10.03858865229295,3.158205663928816
36119001504,10.006267874058864,3.165230032169747
36119001505,10.002951281998631,3.163113716632444
36119001600,9.898351882956879,3.185666863791923
36119001700,9.868123844626968,3.1913310862423
36119001800,9.826882724161533,3.198307592744695
36119001900,9.803912080766598,3.203488119096509
36119002000,9.781992114989733,3.209014561943874
36119002101,9.732976458590007,3.215749993155373
36119002103,9.763393169746749,3.209964194387406
36119002104,9.799216254620123,3.206992318959617
36119002105,9.714686660506502,3.219813881587954
36119002106,9.75301215742642,3.216929819301848
36119002107,9.772558754962355,3.210197640657084
36119002201,9.819804357289528,3.195448238193018
36119002202,9.861338395619439,3.193821120465435
36119002203,9.855534637234771,3.196654568104038
36119002204,9.894988187542779,3.178177828199863
36119002300,9.908034072553046,3.182754045174538
36119002401,9.919402004106776,3.182525631759069
36119002402,9.930321394250513,3.174510925393566
36119002403,9.967373798767967,3.169159453798768
36119002404,9.954009814510609,3.170686729637235
36119002405,9.948470013004791,3.169834514715948
36119002600,10.006466409993155,3.146536966461328
36119002700,9.986535608487337,3.151903418206708
36119002800,10.010666476386037,3.150799937029432
36119002900,9.99111116495551,3.154560125256674
36119003000,9.997134641341547,3.158097910335387
36119003100,9.969933803559206,3.156330678302532
36119003200,9.958172488021903,3.155262378507871
36119003300,9.960195501711157,3.155468006160164
36119003400,9.942798947296372,3.155024807665982
36119003500,9.995312837097878,3.163048360711841
36119003600,9.964259811772758,3.160338014373717
36119003700,9.957041631759069,3.16754978439425
36119003800,9.926660991101985,3.169141577686516
36119003900,9.927171865160849,3.169321629705681
36119004000,9.946554300479124,3.164792732375086
36119004100,9.926135308692676,3.16203282477755
36119004200,9.913220650924025,3.171068887748118
36119004300,9.891798516769336,3.168970335386721
36119004400,9.88684929705681,3.171361186173854
36119004500,9.902974382614648,3.17856459137577
36119004600,9.862605928131417,3.185872213552361
36119004700,9.856482818617385,3.184414082135524
36119004800,9.807256653661875,3.195642988364134
36119004900,9.683416176591376,3.214749475701574
36119005001,9.697753744010951,3.214363611225188
36119005002,9.736939283367556,3.209381514715948
36119005100,9.78647649486653,3.19138474606434
36119005200,9.822451803559206,3.181453116358658
36119005300,9.888066377823409,3.163162701574264
36119005400,9.917585223819302,3.154247362765229
36119005500,9.954417793976728,3.140017889117043
36119005600,9.84708242642026,3.128557209445585
36119005701,9.886309323750856,3.138958407939767
36119005702,9.848404168377823,3.145649715947981
36119005800,9.853638704996578,3.144577017111567
36119005901,9.823176600273785,3.145877297741273
36119005902,9.801557214236824,3.149603459958932
36119006000,9.812417095140315,3.157884775496236
36119006100,9.876078292950034,3.14947609650924
36119006200,9.87204203559206,3.149074093086927
36119006300,9.846002912388775,3.153627049965777
36119006400,9.849611909650924,3.16372476659822
36119006500,9.797103464065708,3.163447416837782
36119006600,9.832970879534565,3.170627299110198
36119006700,9.773807277207392,3.177108021218344
36119006801,9.678641496919918,3.206129661190965
36119006802,9.74540118275154,3.190577227926078
36119006900,9.658626622861054,3.184181252566735
36119007000,9.728321668035592,3.173013384668036
36119007100,9.725380576317591,3.158437713894593
36119007200,9.647399863791923,3.172003869952088
36119007300,9.637657360711841,3.192461290212183
36119007401,9.605455002053388,3.181520440793977
36119007402,9.600598681040383,3.17936646201232
36119007500,9.555328176591376,3.18365217522245
36119007600,9.452407049281314,3.1708300862423
36119007700,9.447197717316906,3.182382496235455
36119007800,9.383287526351814,3.179271971937029
36119007900,9.387787307323751,3.18135806091718
36119008000,9.366768622176591,3.184293281998631
36119008100,9.345790847364819,3.184650481861738
36119008200,9.358420427104723,3.189227401779603
36119008301,9.389787299110198,3.191900466119096
36119008302,9.3399796954141,3.193934396303901
36119008401,9.566717710472279,3.195680752224504
36119008403,9.561625968514716,3.190384143737166
36119008404,9.564271669404518,3.184344411362081
36119008500,9.463730174537988,3.199384578370979
36119008602,9.364613262833676,3.2198687816564
36119008700,9.417447232717317,3.226166748117728
36119008800,9.447560606433949,3.224638127310062
36119008901,9.446444407939767,3.233770399726215
36119008902,9.403629574264203,3.233076270362765
36119009000,9.448610160164271,3.233669379192334
36119009100,9.487146737850787,3.231600231348392
36119009200,9.501801271047228,3.221659454483231
36119009300,9.475196726214921,3.227481577686516
36119009400,9.467046094455852,3.223883119780972
36119009500,9.489593208761122,3.221090419575633
36119009600,9.521013938398357,3.216281593429158
36119009701,9.523459930869268,3.210092775496236
36119009702,9.466298234086242,3.217275302532512
36119009703,9.503819836413416,3.208677531827515
36119009800,9.629252694729637,3.202575080082136
36119009900,9.597732060232717,3.218477686516085
36119010000,9.594185558521561,3.224277165639973
36119010100,9.666988551676934,3.216708978097194
36119010200,9.698331169062286,3.220211336071184
36119010300,9.706851484599589,3.217832368925394
36119010400,9.591231707049966,3.228633637919233
36119010500,9.605087466119096,3.228093016427105
36119010600,9.600661446269678,3.238250138945927
36119010701,9.661790778918549,3.224174043805613
36119010702,9.614341838466804,3.223567795345654
36119010801,9.543687203969884,3.231182019849418
36119010803,9.50018550513347,3.237928319644079
36119010804,9.522747976728268,3.225257708418891
36119010901,9.409769703627652,3.243288653661875
36119010902,9.431659876796715,3.231747993155373
36119010903,9.465763109514032,3.23783559890486
36119011000,9.391302412731006,3.248055359342916
36119011101,9.434208873374401,3.2424120862423
36119011102,9.526279826830938,3.241874336755647
36119011200,9.442508965092402,3.24315961670089
36119011300,9.508998955509925,3.233359163586584
36119011400,9.403316285420945,3.247012440793977
36119011500,9.372721522245038,3.251201180013689
36119011600,9.325295073921971,3.250117444900753
36119011700,9.292555031485284,3.254119767282683
36119011800,9.194582027378508,3.253367436002738
36119011902,9.345510300479124,3.246965667351129
36119012000,9.279861694729637,3.252758590691307
36119012101,9.19630615468857,3.238022622861054
36119012102,9.197292024640657,3.241176155373032
36119012200,9.156951713894593,3.249460330595482
36119012301,9.336778108829569,3.233381409993155
36119012303,9.161779207392197,3.217427681040383
36119012304,9.028714986995209,3.188536743326489
36119012400,8.892239303216975,3.141899947980835
36119012501,8.776946214921287,3.177205440109514
36119012502,8.769290263518138,3.136688286105407
36119012503,8.86263225393566,3.104944919233402
36119012600,8.838881458590007,3.175901418206708
36119012700,8.9368161321013,3.181470740588638
36119012802,8.88865946201232,3.204097971937029
36119012900,8.949219019849418,3.223754694045174
36119013000,8.966363101984942,3.219239291581109
36119013102,9.060624266255989,3.228765920602327
36119013103,8.993956331964408,3.244462523613963
36119013104,8.986425979466119,3.231768158110883
36119013201,9.148578745379877,3.249723145790554
36119013202,9.098207022587269,3.253268165639973
36119013301,9.078454381245722,3.26001594934976
36119013304,9.108764303901437,3.251516125941136
36119013400,9.077089196440794,3.250028973990418
36119013500,9.051916240930869,3.251141235455168
36119013600,9.037246754277892,3.255397026694045
36119013700,9.027287429158111,3.248826881587954
36119013800,8.952864156741958,3.257529187542779
36119013900,8.921152532511978,3.252645255304586
36119014000,8.768019291581109,3.250378196440794
36119014100,8.758511002053388,3.250465986995209
36119014200,8.740062092402464,3.257258072553046
36119014300,8.753913983572895,3.254386865160849
36119014400,8.752722543463381,3.257885362765229
36119014500,8.760075310746064,3.254758585900068
36119014604,8.800065806297057,3.253329533880904
36119014605,8.860535471594798,3.253240789185489
36119014606,8.84322860164271,3.252740247775496
36119014607,8.786288944558522,3.254673844626968
36119014701,8.718664919233402,3.251860692676249
36119014703,8.747004056810404,3.257687555099247
36119014704,8.761025851471595,3.251442803559206
36119014804,8.742665454483231,3.250294032169747
36119014805,8.866918606433949,3.243463561943874
36119014806,8.75017136550308,3.24069263449692
36119014808,8.796818507186858,3.243491594113621
36119014809,8.85660339835729,3.235858991101985
36119014810,8.740139610540726,3.236326629021218
36119014811,8.754287712525667,3.238303587953456
36119014901,8.788097234086242,3.208121342231348
36119014903,8.708588845995893,3.202259190965092
36119014907,8.716502204654346,3.215512542094456
36119014908,8.75379387816564,3.227111212867899
36119014909,8.700576166324435,3.190932447638604
36119015000,8.718615587953456,3.150714145106092
36119981000,9.351179816563997,3.254897459958932
36119982000,9.099708837782341,3.253177136208077
36119983000,8.861872553730322,3.194011180698152
36119984000,8.831836247775496,3.253565976043806
36119985000,9.329403065708419,3.20564285284052
36121970100,8.470031325119781,3.77640874606434
36121970200,8.527159466119096,3.77979834017796
36121970300,8.665409494182067,3.802479445585216
36121970400,8.435337400410678,3.740312247091034
36121970500,8.341340273785079,3.726869109514032
36121970600,8.341665103353867,3.726903841204654
36121970700,8.195577565366188,3.684714210130048
36121970800,8.24364775633128,3.688239180013689
36121970900,8.361937182067077,3.704957811088296
36121971000,8.254351696783025,3.673087690622861
36121971100,8.131237039014374,3.652009905544148
36123150100,8.043857453114305,3.654637770020534
36123150200,8.082302011635866,3.664648396988364
36123150300,7.886505377138946,3.574067277207392
36123150400,7.911572104722793,3.585318407255305
36123150500,7.939620546885695,3.592805599589322
37001020100,9.395298639288159,3.505783122518823
37001020200,9.397764348391513,3.513208173169062
37001020300,9.389647306639288,3.514252531143053
37001020400,9.367129617385352,3.4972816091718
37001020501,9.383396246406571,3.493877895277207
37001020502,9.380732841889117,3.49979459890486
37001020601,9.398489142368241,3.506568485284052
37001020602,9.393870385352498,3.504912690622861
37001020701,9.405226074606434,3.521353088980151
37001020702,9.401816188911704,3.523423878850103
37001020801,9.402639416837782,3.529054797399042
37001020802,9.406633289527721,3.516957499657769
37001020901,9.403148663928816,3.534287883641342
37001020902,9.390854612594114,3.544309778234086
37001021000,9.40822004312115,3.530704865160849
37001021101,9.396551873374401,3.537640073237509
37001021102,9.385795296372348,3.546953550308008
37001021201,9.35112486036961,3.529639158110883
37001021204,9.34072267008898,3.56002538329911
37001021205,9.323715957563313,3.562935223819302
37001021206,9.325507338809035,3.55019513963039
37001021207,9.301750240930869,3.545162022587269
37001021300,9.222775054757016,3.50713968514716
37001021400,9.267344278576318,3.465875995208761
37001021500,9.264289633127994,3.438645629021218
37001021600,9.359839260780288,3.47608831211499
37001021701,9.416252859685147,3.505657588637919
37001021702,9.404983962354552,3.509269724161533
37001021703,9.416941576317591,3.52326140109514
37001021801,9.365404511293634,3.540791036276523
37001021802,9.318895184804928,3.554029966461328
37001021803,9.297351059548255,3.559516850787132
37001021901,9.323705064339494,3.554996286105407
37001021902,9.24125405065024,3.558990354551677
37001022001,9.324448805612594,3.564211889117043
37001022002,9.29856815742642,3.572194884325804
37003040100,9.259609928131417,3.6559411724846
37003040200,9.109273908281999,3.605498579739904
37003040300,9.357292227926078,3.634504484599589
37003040400,9.342777073237509,3.663977142368241
37003040500,9.53654602532512,3.708936151266256
37003040600,9.525050501026694,3.68630640109514
37003040700,9.543207496919918,3.647071572210814
37005950100,8.330228872005476,3.465856768651608
37005950200,8.18850296440794,3.444834727583847
37005950300,8.128333926762491,3.422308871321013
37007920100,9.312208320328542,3.690422140314853
37007920200,9.376809711156742,3.657855812457221
37007920300,9.475778291581109,3.719320848049281
37007920400,9.364496458590007,3.689452594113621
37007920500,9.359024701574264,3.714857918548939
37007920600,9.319595479123888,3.718280396303901
37009970200,8.023169950718686,3.390181796714579
37009970300,8.058510360027378,3.373222730321698
37009970400,8.056097531827515,3.349487941820671
37009970500,8.064286040383299,3.362285005475702
37009970700,8.092289722792608,3.323490813826146
37009970800,8.073368022587269,3.387197961670089
37011930100,8.097114598220397,3.2955118275154
37011930200,8.144285119780972,3.267598541409993
37011930301,8.093189325804244,3.276696024640657
37011930302,8.121490669404518,3.277346436002738
37011930400,8.19282898220397,3.25041094934976
37013930100,8.107109918548939,3.461567726899384
37013930200,8.381913864476386,3.454418242299795
37013930300,8.496623072553046,3.54124832991102
37013930400,8.46222312936345,3.525254331279945
37013930501,8.408091676933607,3.54523031211499
37013930502,8.37129623613963,3.510370593429158
37013930600,8.296327538672142,3.531596596167009
37013930700,8.119293437371663,3.541176811772758
37013930800,8.174571216290212,3.623866442162902
37013930900,8.397777259411362,3.610180014373717
37013931000,8.537099628336756,3.588255524982888
37015960100,8.198913707734428,3.418605257357974
37015960200,8.349859446954141,3.494317882272416
37015960300,8.381747436002738,3.501872156741958
37015960400,8.197927186858316,3.345101533196441
37017950100,8.900026857631759,3.820353074606434
37017950200,9.182087425735797,3.857492407255305
37017950300,9.251478969199179,3.862679207392197
37017950400,9.029403545516769,3.856508633812457
37017950500,9.108195219712526,3.86460705338809
37017950600,8.794952676249144,3.807854152635181
37019020101,8.511007119780972,3.65930962422998
37019020102,8.474264762491444,3.658407480492813
37019020103,8.384380899383984,3.648292975359343
37019020104,8.395147023271732,3.615683377823409
37019020201,8.344737984257358,3.617635002737851
37019020202,8.096872010951403,3.611817214921287
37019020203,8.22877932238193,3.640585020533881
37019020204,8.019566480492813,3.630019968514716
37019020303,7.96642194934976,3.643781900752909
37019020304,7.84328009650924,3.595479320328542
37019020305,7.754269089664613,3.573592036960986
37019020306,7.765180633812457,3.566495203969884
37019020307,7.54038533744011,3.506763872005476
37019020308,7.864738514031485,3.620467859685147
37019020309,7.811199370978782,3.600194411362081
37019020310,7.718133596167009,3.569583076659822
37019020402,7.971193661875428,3.675002574948665
37019020403,8.069356284052019,3.691940580424367
37019020404,8.068626571526352,3.692717143052704
37019020405,8.040355919917864,3.669533474332649
37019020504,8.374031075975359,3.803780859000684
37019020505,8.37913709650924,3.787720399041752
37019020506,8.13879776659822,3.723529845995893
37019020507,8.32964546201232,3.798167005475702
37019020508,8.239992291581109,3.76482562422998
37019020509,8.184504049965777,3.74635155578371
37019020510,8.129921349760438,3.732907641341547
37019020511,8.07199182477755,3.706539494182067
37019020512,8.110641308692676,3.728422492128679
37019020601,8.30823573100616,3.739122897330596
37019020602,8.319327123203285,3.688168177960301
37019020603,8.088938958247776,3.666338318959617
37019990100,7.985699185489391,3.681819449007529
37021000100,8.82218001779603,3.298263112936345
37021000200,8.829277641341547,3.292919776865161
37021000300,8.82507571321013,3.293280556468172
37021000400,8.81203880971937,3.299831761806982
37021000500,8.787547185489391,3.306480413415469
37021000600,8.812794494182067,3.304143733744011
37021000700,8.82309150513347,3.305376914442163
37021000800,8.831062212867899,3.307852594798084
37021000900,8.844231753593429,3.307879488021903
37021001000,8.863763232032854,3.31021628678987
37021001100,8.861597516084873,3.310349475701574
37021001200,8.857799572895277,3.306987021902806
37021001300,8.848693344969199,3.311005785078713
37021001400,8.835820490075291,3.290738822039699
37021001500,8.815171061601643,3.306636161533196
37021001600,8.774274031485284,3.3150704366872
37021001700,8.720104742642026,3.311637165639973
37021001801,8.795394431895962,3.310530893223819
37021001802,8.756952592060233,3.308857687200548
37021001900,8.807164515400411,3.319718277891855
37021002000,8.846157334017796,3.327164475701574
37021002101,8.871260590691307,3.326735791238878
37021002102,8.859872396303901,3.330227639288159
37021002203,8.856243245037645,3.329505112251882
37021002204,8.873255167693361,3.333879197809719
37021002205,8.878290069815195,3.340994120465435
37021002206,8.877530419575633,3.34051378439425
37021002301,8.775655275154004,3.300104889117043
37021002302,8.816973578370979,3.304450767967146
37021002401,8.506650010951403,3.204958531827515
37021002402,8.627802075975359,3.244990549623546
37021002503,8.670897773442847,3.2669457816564
37021002504,8.684744830253251,3.26966119028063
37021002505,8.794046061601643,3.300133498288843
37021002506,8.825367538672142,3.310218067077344
37021002603,8.594920166324435,3.276795714579055
37021002604,8.705933202600958,3.331075940451745
37021002605,8.754756311430527,3.307196976728268
37021002606,8.775576889117043,3.315757350444901
37021002607,8.816229722108145,3.313036390143737
37021002701,8.772729680355921,3.331357220396988
37021002702,8.691201713894593,3.335241618069815
37021002703,8.586979177275838,3.313693895277207
37021002803,8.665373483915127,3.348987507186858
37021002804,8.572726358658453,3.340222338124572
37021002900,8.379365301848049,3.287903085557837
37021003001,8.656897849418207,3.305956574264203
37021003002,8.611065806297057,3.302477692676249
37021003102,8.430811379876797,3.268069528405202
37021003103,8.571642856262834,3.288416812457221
37021003104,8.471988374401095,3.279790773442847
37021003201,8.849361978781656,3.339970225188227
37021003202,8.854076101984942,3.342177006160164
37021003203,8.78054132238193,3.328353760438056
37021003204,8.705014615331964,3.315664926078029
37021003205,8.617674015058179,3.301265773442847
37023020100,8.949139985626283,3.484361367556468
37023020201,8.57251654072553,3.348438308692676
37023020202,8.998823312799452,3.482179491444216
37023020301,8.982796307323751,3.446966430527036
37023020302,9.064111693360712,3.482778553730322
37023020500,9.109604506502396,3.523445584531143
37023020600,9.167801815879535,3.533419080082136
37023020801,9.247186385352498,3.558828711156742
37023020802,9.273999728952772,3.563800195071869
37023020900,9.366747478439425,3.586802026009582
37023021000,9.513516751540041,3.597532526351814
37023021100,9.641851590006845,3.602848655030801
37023021201,9.334042524982888,3.573337246406571
37023021202,9.533669905544148,3.604969649555099
37023021203,9.415211105407255,3.586971429158111
37023021301,9.182348790554415,3.529261381245722
37023021302,9.188208010951403,3.531794438056126
37023021400,9.124489912388775,3.517020853524983
37025040500,9.908390344284736,3.70328142642026
37025040600,9.870624343600274,3.662415128678987
37025040701,9.981035989048597,3.706643921971253
37025040702,9.99737016495551,3.715483169746749
37025040703,10.004762461327858,3.715301517453799
37025040800,10.030553188227242,3.727964648870637
37025040900,10.024291928131417,3.727953624914442
37025041000,10.039568718685832,3.733365875427789
37025041100,10.037114026009582,3.728852160164271
37025041200,10.065713527036276,3.74273095687885
37025041301,10.065707221765914,3.739037195071869
37025041302,10.103611838466804,3.735503611909651
37025041303,10.128498311430527,3.72782764202601
37025041501,10.091397210130048,3.731907105407255
37025041502,10.072063750855578,3.732036816563997
37025041503,9.991897612594114,3.721669403148528
37025041601,9.87451893155373,3.722820161533196
37025041602,9.787896817932923,3.684715399726215
37025041701,9.721678851471595,3.645019187542779
37025041702,9.728288778918549,3.608065648870637
37025041901,10.015889805612594,3.717584748117728
37025041902,9.995288305270363,3.715729694729637
37025042000,10.04921343394935,3.72551329431896
37025042101,9.98575423613963,3.713828054072553
37025042102,9.998693214921287,3.721939285420945
37025042200,9.953403230663929,3.708445242984257
37025042300,9.971892475017112,3.715855288843258
37025042401,9.984101932238193,3.708353877481177
37025042402,10.030991811088296,3.726560209445585
37025042501,10.055730552361396,3.733144450376454
37025042502,10.04030228678987,3.725664004106776
37025042503,10.082369240246407,3.735069972621492
37025042504,10.085541779603012,3.731777273100616
37025042601,10.116490371663244,3.732206044490075
37025042602,10.13210357357974,3.728590210130048
37025042603,10.105903047227926,3.728154716632444
37025042604,10.109690531827515,3.722675445585216
37027030100,8.920317332648871,3.493302532511978
37027030200,8.808610798767967,3.456153911019849
37027030300,9.027751338124572,3.511267442847365
37027030400,9.133730106091718,3.540987660506502
37027030500,8.952745210130048,3.504324885010267
37027030600,9.234131504449008,3.562468563997262
37027030700,9.269618993839836,3.576895460643395
37027030800,9.173837683778234,3.547919973990418
37027030900,8.491281054757016,3.362234689253936
37027031000,8.360287490759754,3.338155780971937
37027031100,8.725696942505134,3.459767091033539
37027031201,9.062335222450376,3.552701067077344
37027031202,9.233844275838467,3.572316926078029
37027031300,9.499758029431896,3.61290820054757
37027031401,9.404197477754962,3.593776762491444
37027031402,9.541793380561259,3.6037148275154
37027031403,9.397280843942505,3.595673571526352
37029950101,8.143269169746749,3.231449340862423
37029950102,7.840050147843942,3.315816403148528
37031970101,7.197044759753593,3.452206572210814
37031970102,7.404759498973306,3.506668092402464
37031970103,7.284698618069815,3.486906385352498
37031970200,7.222406833675565,3.477613777549624
37031970301,7.567721813141684,3.564705826830938
37031970302,7.434722206023272,3.533806064339494
37031970303,7.427464434633812,3.531574703627652
37031970304,7.367771427104723,3.521271149212868
37031970401,7.58687061670089,3.576137786447639
37031970402,7.523070501026694,3.556075390143737
37031970403,7.53650770294319,3.565091199178645
37031970501,7.704210149897331,3.609869724161533
37031970502,7.606385457905544,3.574852299110198
37031970503,7.593279911704312,3.578875315537303
37031970504,7.53900301779603,3.563401688569473
37031970601,7.820521010951403,3.626984010951403
37031970602,7.75092313963039,3.610419867214237
37031970603,7.779131518822724,3.623927282683094
37031970604,7.696679148528405,3.600135042436687
37031970605,7.646939480492813,3.58696923340178
37031970701,7.851474653661875,3.636953283367556
37031970702,7.968757338809035,3.670049884325804
37031970703,7.883262473648186,3.647528327173169
37031970704,7.768417091033539,3.622773149897331
37031970801,8.24741766255989,3.722587786447639
37031970802,8.009763882956879,3.660562091033539
37031970803,7.974584987679672,3.652604386721424
37031970804,7.94317535523614,3.651111325804244
37031970805,8.07173459890486,3.691603500342231
37031970901,7.912129952772074,3.63157212183436
37031970902,7.860025377138946,3.619662917180014
37031970903,7.771893353182752,3.603296845995893
37031971001,7.676471525667351,3.587744495550992
37031971002,7.598710872689938,3.57103783504449
37031971101,7.527211817932923,3.558294950718686
37031971102,7.439519443531828,3.537610213552361
37031980100,7.125527331279945,3.453890918548939
37033930100,9.035650822039699,3.595115940451745
37033930200,9.074670316906229,3.512214232717317
37033930300,9.155367568788501,3.546214413415469
37033930400,9.128958969199179,3.460304149212868
37033930500,9.159922904859685,3.36382565229295
37033930600,9.058587272416153,3.518125144421629
37035010101,9.751231536618754,3.739467482546201
37035010102,9.854026988364134,3.74758567008898
37035010201,9.707735412731006,3.712451850787132
37035010202,9.830516694045174,3.723629513347023
37035010301,9.684802168377823,3.68891732991102
37035010302,9.680685547570157,3.664863597535934
37035010303,9.768923886379192,3.685042323066393
37035010304,9.809789858316222,3.691214810403833
37035010401,9.733617566735113,3.657679169062286
37035010402,9.749774795345654,3.636190490075291
37035010501,9.722291098562628,3.626138316906229
37035010502,9.638043817932923,3.634897742642026
37035010600,9.712423298425736,3.603824479123888
37035010700,9.744311222450376,3.598291731690623
37035010900,9.788459727583847,3.639000141683778
37035011000,9.820805629705681,3.67307740862423
37035011101,9.742735830937714,3.631882584531143
37035011102,9.823992175906913,3.66205486036961
37035011200,9.914736857631759,3.737718978781656
37035011300,9.913588838466804,3.751028682409309
37035011401,9.887321818617385,3.768442680355921
37035011402,9.928332866529774,3.774390691991786
37035011501,9.944116540041068,3.787493414099932
37035011503,9.962613843258042,3.798704334017796
37035011504,9.967436287474333,3.777984538672142
37035011601,9.915859950034223,3.761864198494182
37035011602,9.913009499657769,3.760595224503764
37035011701,9.888195577002053,3.72357554072553
37035011702,9.850940071868583,3.723380671457906
37035011801,9.703244578370979,3.637000443531828
37035011802,9.622111924024641,3.6378158678987
37037020103,9.451317926078029,3.651952841889117
37037020104,9.389486736481862,3.623387850102669
37037020105,9.345468527720739,3.60319346954141
37037020106,9.259811948665298,3.568557496919918
37037020200,9.205582780971937,3.558156464750171
37037020300,9.238767326488706,3.578547168377823
37037020401,9.246194295003422,3.573565097878166
37037020402,9.263900923340178,3.57989205338809
37037020500,9.17928933744011,3.554308000684463
37037020600,9.228137201232033,3.571518104722793
37037020701,9.580668138945927,3.707088727583847
37037020702,9.409168064339494,3.671973381930185
37037020800,9.265270391512663,3.562950854893908
37039930100,8.249786179329227,3.245498039014374
37039930200,8.340470202600958,3.310007715947981
37039930300,8.539203553730322,3.39614549486653
37039930400,8.471085476386037,3.386543917864476
37039930500,8.627046357289528,3.469533503764545
37039930601,8.691283877481177,3.485380898699521
37039930602,8.809839309377139,3.538315564681725
37041930101,8.0502195229295,3.38314807118412
37041930102,7.978335688569473,3.379432159479808
37041930200,8.104547501026694,3.388840936344969
37043950100,8.290467065023956,3.312065661875428
37043950200,8.500025918548939,3.418819371663244
37045950101,9.347619969199179,3.581570854209446
37045950102,9.423877232717317,3.595048793976728
37045950200,9.588816184804928,3.650961112251882
37045950301,9.776909559206023,3.702376740588638
37045950302,9.878966891170431,3.724290906913073
37045950400,9.9117828678987,3.722970063655031
37045950500,9.928076878850103,3.730742329226557
37045950601,9.895485606433949,3.723812648186174
37045950602,9.891739169746749,3.7090068275154
37045950700,9.851549956194387,3.713566701574264
37045950800,9.733909392881588,3.689159671457906
37045950900,9.786420130732375,3.692166786447639
37045951000,9.820182664613279,3.698677378507871
37045951100,9.806671861738535,3.691921407255305
37045951200,9.834501159479808,3.689191
37045951300,9.747560635865845,3.678505569472964
37045951400,9.651842013689254,3.635184207392197
37045951501,9.76502037303217,3.618793602327173
37045951502,9.838987293634497,3.613735650924025
37045951503,9.83884148733744,3.668649269678302
37045951601,9.884138006844627,3.684064912388775
37045951602,9.883425496235455,3.702994952772074
37047930100,8.566824746748802,3.734624726214921
37047930200,8.499121392881588,3.743084611225188
37047930300,8.63267021560575,3.793017833675565
37047930400,8.737997431895962,3.829359969199179
37047930500,9.022461823408624,3.874016754277892
37047930600,8.947803777549624,3.891598654346338
37047930700,8.908565600273785,3.873947320328542
37047930800,8.888504541409993,3.857470752908966
37047930900,8.846589618754278,3.867403143052704
37047931000,8.781587197809719,3.853373570157426
37047931100,8.749913102669404,3.859541482546201
37047931200,8.781247134839151,3.872559703627652
37047931300,8.535234385352498,3.799504910335387
37049960101,8.430700488021903,3.736705984941821
37049960102,8.466930666666667,3.704463985626283
37049960200,8.564562451060917,3.660151980835044
37049960300,8.718302670773443,3.695223062970568
37049960401,8.620088000684463,3.737956346338125
37049960402,8.56054193908282,3.754140438740589
37049960403,8.565200947296372,3.754687027378508
37049960404,8.606439753593429,3.748480600273785
37049960500,8.592746825462012,3.732934160848734
37049960600,8.570111529774127,3.751696471594798
37049960700,8.55976500752909,3.757405088980151
37049960800,8.547175251882272,3.755821579739904
37049960900,8.534566541409993,3.751732501026694
37049961001,8.477460518822724,3.762297277891855
37049961002,8.450063348391513,3.751574259411362
37049961100,8.298490335386721,3.74388052019165
37049961201,8.193698037645448,3.726070716632444
37049961202,8.125315097193703,3.710306335386721
37049961301,8.092989158110883,3.70649854072553
37049961302,7.971300328542094,3.676053730321698
37049961303,7.874553394934976,3.64315996440794
37051000200,9.56340529431896,3.888224128678987
37051000500,9.561627370294319,3.878128305954826
37051000600,9.561698278576318,3.870290673511294
37051000701,9.549690970568104,3.852870973305955
37051000702,9.56184131485284,3.868238130732375
37051000800,9.559370535934292,3.872796975359343
37051000900,9.559212370978782,3.864498376454483
37051001000,9.555357932238193,3.868849195756331
37051001100,9.561520522245038,3.874026482546201
37051001200,9.564703445585216,3.878018673511294
37051001400,9.530199162902122,3.904099732375086
37051001500,9.528960326488706,3.887852149897331
37051001601,9.533676422313484,3.875019545516769
37051001603,9.553947348391513,3.881288900068446
37051001604,9.543581474332649,3.877722417522245
37051001700,9.558226321013005,3.864797995893224
37051001800,9.557844980835044,3.85744609377139
37051001901,9.551214445585216,3.873003174537988
37051001902,9.552238917180014,3.853281856262834
37051001903,9.551310043805613,3.853917174537988
37051002001,9.53918423613963,3.852726128678987
37051002002,9.547451926078029,3.846178814510609
37051002100,9.545342658453114,3.856276874743326
37051002200,9.522142629021218,3.848846373716632
37051002300,9.536540804928131,3.85766450513347
37051002401,9.545798965776865,3.865253150581793
37051002402,9.547377306639288,3.863916815195072
37051002501,9.556471879534565,3.879963822724162
37051002502,9.563497295687885,3.89030236550308
37051002503,9.54850320807666,3.875080504449008
37051002504,9.536249652977413,3.870835136208077
37051002600,9.568601550992471,3.90845527926078
37051002700,9.538403567419576,3.920556463381246
37051002800,9.455181755646817,3.905712367556468
37051002900,9.311960524298426,3.883310301848049
37051003001,9.462491032854209,3.88611325119781
37051003002,9.433045354551677,3.879202298425736
37051003102,9.518145544832307,3.87328274606434
37051003103,9.522561438056126,3.87461823340178
37051003104,9.516685282683094,3.88082906844627
37051003201,9.516954582477755,3.859009043805613
37051003203,9.548758627652293,3.863768538672142
37051003204,9.54426954825462,3.866034127994524
37051003205,9.523043515400411,3.855648032854209
37051003302,9.531939529089665,3.845594924024641
37051003304,9.5157857816564,3.848494826146475
37051003305,9.497584872005476,3.83978312183436
37051003307,9.513393762491444,3.843315370978782
37051003309,9.513202245037645,3.841149733744011
37051003310,9.510727361396304,3.844596526351814
37051003311,9.516666002053388,3.843835222450376
37051003312,9.465731693360712,3.831630546885695
37051003313,9.473205257357974,3.84158192881588
37051003314,9.493272774811773,3.845411270362765
37051003401,9.435498866529774,3.817559621492129
37051003402,9.43084954072553,3.813509106776181
37051003403,9.451636167693361,3.823928158795346
37051003404,9.461292370294319,3.827143034223135
37051003405,9.465884728268309,3.832413968514716
37051003406,9.472043678986995,3.833938681724846
37051003407,9.499284633127994,3.841406095140315
37051003408,9.504222119780972,3.85170622587269
37051003500,9.45960753045859,3.82908616495551
37051003600,9.43625034770705,3.8169890862423
37051003700,9.556563047227926,3.895607437371663
37051003800,9.562186547570157,3.886206916495551
37051980100,9.414470559206023,3.811541217659138
37051980200,9.507527919917864,3.856940516084873
37053110101,7.691199023956194,3.243324229979466
37053110102,7.830159472963724,3.151826373716632
37053110200,8.084630310746064,3.174156425051335
37053110301,7.927783268309377,3.193817965092402
37053110302,7.884780186173854,3.247608980835044
37053110401,7.735816095824778,3.297346458590007
37053110402,7.714418206023272,3.353917248459959
37055970101,7.750105084188912,3.41602871321013
37055970102,7.803881119780972,3.45147095687885
37055970200,7.813717590691307,3.473275320328542
37055970300,7.842789631074606,3.479928465434634
37055970400,7.779597490759754,3.499870676933607
37055970501,8.035844681724846,3.532401873374401
37055970502,7.000777364134155,3.416181309377139
37055970601,7.892586209445585,3.510228451060917
37055970602,7.871926431211499,3.518556969883641
37057060101,9.74106698220397,3.329839945242984
37057060102,9.716614107460643,3.275804507186858
37057060201,9.75203926899384,3.293654772073922
37057060202,9.676999155373032,3.202055630390144
37057060203,9.752638527720739,3.289534379876797
37057060301,9.70067881724846,3.261273245722108
37057060302,9.655649538672142,3.236217325119781
37057060303,9.694373984941821,3.318209557152635
37057060304,9.754212967145791,3.330668088295688
37057060400,9.811043254620123,3.352544399041752
37057060500,9.812559874058864,3.395614665297741
37057060601,9.790723330595482,3.377395511293634
37057060602,9.782079514031485,3.381837869952088
37057060700,9.796479891854894,3.415503514031485
37057060800,9.806021686516085,3.414018969199179
37057060900,9.798759678986995,3.4382683908282
37057061000,9.795592002053388,3.440877636550308
37057061100,9.769181673511294,3.462138353182752
37057061201,9.839696186858316,3.383217736481862
37057061202,9.814542428473648,3.377784910335387
37057061300,9.844942061601643,3.383758368925394
37057061400,9.84003897467488,3.39142726146475
37057061500,9.848998722792608,3.408337759069131
37057061600,9.853176137577002,3.399616719370294
37057061701,9.845174806297057,3.433310580424367
37057061702,9.811907815879535,3.482675609856263
37057061703,9.842411156057495,3.489163837782341
37057061802,9.732046067077344,3.469577594798084
37057061803,9.838636148528405,3.468135143737166
37057061804,9.779360579739904,3.5019178678987
37057061901,9.751145950718686,3.456437184804928
37057061902,9.672876313483915,3.473188277207392
37057062001,9.515372117727584,3.520966930869268
37057062002,9.478353639288159,3.516150085557837
37059080100,9.549240238193018,3.557438657084189
37059080200,9.476025373716632,3.400412349760438
37059080300,9.596595032169747,3.39367968788501
37059080400,9.700317486652977,3.42292543394935
37059080500,9.660108708418891,3.497686087611225
37059080600,9.600612329226557,3.515777389459274
37059080700,9.765263342231348,3.545726542094456
37061090100,9.313591611909651,3.778641916495551
37061090200,9.474943156057495,3.844593674195756
37061090300,9.36220684531143,3.814399951403148
37061090400,9.17095835523614,3.689878562628337
37061090501,9.085846049281314,3.735038970568104
37061090502,9.045296557152635,3.744154264887064
37061090600,8.979154686516085,3.730207697467488
37061090701,9.023859772073922,3.734229315537303
37061090702,8.990868709103354,3.76331120807666
37061090801,9.21972519028063,3.810352743326489
37061090802,9.069374494182067,3.786365666666667
37063000101,9.552571769336071,3.662084765229295
37063000102,9.534690217659138,3.643811440109514
37063000200,9.58830511156742,3.675157353182752
37063000301,9.551714863107461,3.655949453114305
37063000302,9.570095047227926,3.663355950034223
37063000401,9.533232199863108,3.650866726899384
37063000402,9.550415908966461,3.654600362080767
37063000500,9.584000328542094,3.671751605065024
37063000600,9.582564484599589,3.675539808350445
37063000700,9.610412590006845,3.687004922655715
37063000900,9.608235013004791,3.683281641341547
37063001001,9.651389083504449,3.701830039014374
37063001002,9.62132471321013,3.695838415468857
37063001100,9.628234223819302,3.694606397672827
37063001301,9.629264789185489,3.69523646201232
37063001303,9.646617534565366,3.70279505065024
37063001304,9.648169106776181,3.702846651608487
37063001400,9.656039073237509,3.707385599589322
37063001501,9.561361455852156,3.668185507186858
37063001502,9.544028728952772,3.656944696098563
37063001503,9.571852217659138,3.664830245037645
37063001601,9.373753080082136,3.650983449691992
37063001603,9.322720574948665,3.635722676249144
37063001604,9.348980158110883,3.627424377823409
37063001705,9.496036846680356,3.64143834017796
37063001706,9.513024288158795,3.658185917864476
37063001707,9.45054324366872,3.637607175906913
37063001708,9.452550438056126,3.647507399726215
37063001709,9.50375342642026,3.650959154004107
37063001710,9.457211073237509,3.638099815195072
37063001711,9.445896602327173,3.631314441478439
37063001801,9.507551422313484,3.68177392128679
37063001802,9.655916592060233,3.70906941615332
37063001806,9.572161488706366,3.703791173169062
37063001807,9.66342753045859,3.71658279945243
37063001808,9.688202033538672,3.721909691307324
37063001809,9.714152655030801,3.732792504449008
37063001900,9.636570849418207,3.716312145790554
37063002007,9.627591196440794,3.70111388569473
37063002008,9.619998509924709,3.698801030116359
37063002009,9.66232973853525,3.700129539356605
37063002013,9.6912290862423,3.731276419575633
37063002015,9.600859736481862,3.689930774811773
37063002016,9.59358321560575,3.689816255304586
37063002017,9.551245006160164,3.673402667351129
37063002018,9.591499450376454,3.696178754962355
37063002019,9.589902244353183,3.697814509924709
37063002020,9.649960726899384,3.723040330595482
37063002021,9.647513812457221,3.71671771321013
37063002022,9.667090706365503,3.719274140999316
37063002023,9.650308632443532,3.721605303216975
37063002024,9.645505358658453,3.706626267624914
37063002025,9.685914438740589,3.722520603696099
37063002026,9.681201481177276,3.716222413415469
37063002027,9.707946435318275,3.734484101300479
37063002028,9.758101856262834,3.75067605065024
37063002100,9.224997835728953,3.654313839151266
37063002200,9.597360546201232,3.68134579192334
37063002300,9.61566993908282,3.684685841889117
37063980100,9.728915185489391,3.738523559206023
37065020200,9.163765356605065,3.748783143737166
37065020300,9.102993323750856,3.707703235455168
37065020400,9.07532735797399,3.718843595482546
37065020600,8.963736021218344,3.704532315537303
37065020700,8.802486891170431,3.675469458590007
37065020800,8.721758623545517,3.618388034907598
37065020900,8.838919148528405,3.654546421629021
37065021000,8.813393305954826,3.650565290212183
37065021100,8.845724892539357,3.66067283504449
37065021200,8.8960764366872,3.672924934976044
37065021300,8.970530621492129,3.693113895277207
37065021400,9.115781672826831,3.737033449007529
37065021500,9.051272720054757,3.722753019849418
37065021600,9.021355371663244,3.710193684462697
37067000100,9.470019848049281,3.024178635181383
37067000200,9.450414069815195,3.015218690622861
37067000301,9.434943484599589,3.018352681040383
37067000302,9.42068663449692,3.025881995208761
37067000400,9.41630325119781,3.00645606091718
37067000500,9.429521570157426,2.986904682409309
37067000600,9.448273863107461,2.982118924709103
37067000700,9.475236774811773,3.004594321013005
37067000801,9.512879366872006,3.037357266940452
37067000802,9.532984667351129,3.055730841204654
37067000900,9.49696088843258,3.048139478439425
37067001000,9.50288778439425,3.072041210130048
37067001100,9.466835913073238,3.041297782340862
37067001200,9.440637076659822,3.043256070499658
37067001300,9.394321490075291,3.060622690622861
37067001400,9.371229347022587,3.049129794661191
37067001500,9.356068514031485,3.054300808350445
37067001601,9.394459021218344,3.035103455167693
37067001602,9.423582191649555,2.998729824093087
37067001700,9.458077446954141,3.024291150581793
37067001800,9.560753642710472,3.068596747433265
37067001901,9.564271494182067,3.084879770020534
37067001902,9.53459321560575,3.070208310746064
37067002001,9.578177542778918,3.104374386721424
37067002002,9.559872030800821,3.106582468856947
37067002100,9.51107965982204,3.097118434633812
37067002200,9.483241728268309,3.08398542642026
37067002501,9.447155916495551,3.069509412046544
37067002502,9.455660463381246,3.094958622861054
37067002601,9.412977754962355,3.087872044490075
37067002603,9.378515440109514,3.118747661190965
37067002604,9.340645859000684,3.149456057494866
37067002701,9.320693331964408,3.130709407255305
37067002702,9.331079511293634,3.095213308008214
37067002703,9.364669491444216,3.090686484599589
37067002801,9.156515959616701,3.255561265571526
37067002804,9.277253711156742,3.152894790554415
37067002806,9.278761397672827,3.121505159479808
37067002807,9.177631504449008,3.178229813826146
37067002808,9.155396546201232,3.210933283367556
37067002809,9.184029134154689,3.2051937816564
37067002901,9.232404184804928,3.145269668720055
37067002903,9.329345374401095,3.08470518275154
37067002904,9.233270298425736,3.149343981519507
37067003002,9.391318133470226,3.085140087611225
37067003003,9.442146571526352,3.094995502395619
37067003004,9.481191868583162,3.126503158110883
37067003103,9.356800709103354,3.19854600752909
37067003105,9.314739736481862,3.156841091718001
37067003106,9.249266211498973,3.213229081451061
37067003107,9.429140516084873,3.17346160164271
37067003108,9.444122655715264,3.206352388090349
37067003201,9.48827531485284,3.164708535934292
37067003202,9.50041577412731,3.203539789869952
37067003307,9.533245947296372,3.163070529774127
37067003308,9.547485000684463,3.138140391512663
37067003309,9.529481548939083,3.072649384668036
37067003310,9.572421412046544,3.125275305954826
37067003311,9.607055724845996,3.166289594798084
37067003312,9.623018360027378,3.207795815195072
37067003313,9.685516498288843,3.260297874743326
37067003314,9.619644220396988,3.229831382614648
37067003315,9.55702076386037,3.205579465434634
37067003402,9.645326311430527,3.190200832306639
37067003403,9.60327503559206,3.130090633127994
37067003404,9.585080635865845,3.103264379876797
37067003500,9.632289997262149,3.153015759753593
37067003600,9.639752639972622,3.170229167008898
37067003701,9.551104189596167,3.108897829568788
37067003702,9.574883852156058,3.140276854209446
37067003703,9.623755299110198,3.183726174537988
37067003803,9.590126005475702,3.173391742642026
37067003804,9.551529625598905,3.157504802874743
37067003805,9.509043722108145,3.14475570294319
37067003806,9.531082912388775,3.17664465982204
37067003903,9.479847346338125,3.134569433264887
37067003904,9.487647883641342,3.17419225393566
37067003905,9.464957088980151,3.131847747433265
37067003906,9.449092171115674,3.126341010951403
37067003908,9.41952021560575,3.14442933744011
37067003909,9.446354088980151,3.159391312799452
37067004005,9.562100125941136,3.277320323750856
37067004007,9.424496368925394,3.300717693360712
37067004009,9.355586863791923,3.282142420260096
37067004010,9.396581301848049,3.203493296372348
37067004011,9.43304184531143,3.218211234086242
37067004012,9.481345438740589,3.215186629705681
37067004013,9.517138301848049,3.244837331279945
37067004014,9.544037389459274,3.217818260095825
37067004015,9.594694238193018,3.2487121321013
37067004102,9.262383311430527,3.254805754277892
37067004103,9.349973841889117,3.192001318959617
37067004104,9.280137036276523,3.202391513347023
37069060100,8.905082396303901,3.737321016427105
37069060200,8.821505052019165,3.704468594113621
37069060301,8.97834001779603,3.726661339493498
37069060302,9.07265531211499,3.727548602327173
37069060401,9.181427161533196,3.731138736481862
37069060402,9.12771315742642,3.732759850787132
37069060501,9.31432612183436,3.71218647980835
37069060502,9.272529378507871,3.721194725530459
37069060600,9.189955345653662,3.716665952772074
37069060700,8.994677622176591,3.725825445585216
37069060801,9.137608428473648,3.722530397672827
37069060802,9.210399516769336,3.718084688569473
37071030101,10.064963994524298,3.705458820670773
37071030102,10.12865150513347,3.697350678302532
37071030203,9.99923145927447,3.729032589322382
37071030204,10.04333726899384,3.712763353867214
37071030205,9.982220592060233,3.728417871321013
37071030301,9.93872383504449,3.728496327173169
37071030302,9.995182052019165,3.731269476386037
37071030401,9.91531123340178,3.726883919233402
37071030402,9.94777367008898,3.726064446954141
37071030501,9.858622161533196,3.723817449691992
37071030502,9.883489174537988,3.721924596851472
37071030601,9.792473580424367,3.710168201232033
37071030602,9.743313324435318,3.701740001368925
37071030700,9.816128810403833,3.719572040383299
37071030801,9.926788237508556,3.729198586584531
37071030802,9.953371073921971,3.735469934976044
37071030901,10.002525299110198,3.722092977412731
37071030902,10.015682696098563,3.718697031485284
37071031001,10.105561703627652,3.713455149897331
37071031003,10.095944246406571,3.712404759753593
37071031004,10.133194515400411,3.715752280629706
37071031101,10.098061414784394,3.705355313483915
37071031102,10.160725524982888,3.704096715947981
37071031201,10.188720477754962,3.71439580698152
37071031202,10.169786633127994,3.719101501026694
37071031301,10.058576107460643,3.713792327857632
37071031302,10.0983224366872,3.718861796714579
37071031401,10.046444507871321,3.715156711156742
37071031402,10.047893464065708,3.717728032854209
37071031500,10.012031066392882,3.722171972621492
37071031600,9.962854991786448,3.734409707734428
37071031701,9.950554370294319,3.724929105407255
37071031703,9.986775123203285,3.734077030116359
37071031704,9.980843594113621,3.73209512183436
37071031800,10.00787496440794,3.732495094455852
37071031900,10.041031418206708,3.721193501026694
37071032000,10.045330869952088,3.718223208761122
37071032100,10.068306682409309,3.709989765229295
37071032200,10.143922993839836,3.721738663928816
37071032301,10.175056586584531,3.727347477754962
37071032302,10.221092958932238,3.727243230663929
37071032401,10.219103363449692,3.732686333333333
37071032402,10.280830338124572,3.760297691307324
37071032502,10.218594669404518,3.75470289596167
37071032505,10.087431161533196,3.714157298425736
37071032506,10.107478688569473,3.724090552361396
37071032507,10.13224584531143,3.725647188911704
37071032508,10.181466405886379,3.735587775496236
37071032600,10.088889108145106,3.715507718001369
37071032702,10.078095743326489,3.721689480492813
37071032703,10.062137721423682,3.712955589322382
37071032704,10.071075841889117,3.710789133470226
37071032800,10.06326271321013,3.718786528405202
37071032900,10.049780910335387,3.726051792607803
37071033100,10.016470775496236,3.726406862422998
37071033202,10.056205775496236,3.724907575633128
37071033203,10.04753125119781,3.731710044490075
37071033204,10.031781106091718,3.7278156954141
37071033303,10.100401950718686,3.724428529774127
37071033304,10.106621507871321,3.734953030116359
37071033305,10.064019829568788,3.732592715263518
37071033306,10.098102801505818,3.744855525667351
37071033307,10.170834346338125,3.746908287474333
37071033400,10.027688657768652,3.731266173853525
37071033500,10.016451692676249,3.72288727652293
37073970100,8.171227553730322,3.319529564681725
37073970200,8.215862279945243,3.355956144421629
37073970300,8.270390719370294,3.415200532511978
37075920100,8.29006941889117,3.13878720807666
37075920200,8.239058551676934,3.165933407939767
37075920300,8.301045800136892,3.230730840520192
37077970101,8.844761166324435,3.722331894592745
37077970102,8.966072234770705,3.714960211498973
37077970200,8.968437878850103,3.739735143737166
37077970300,9.108017110198494,3.739397741273101
37077970400,9.049172690622861,3.740117472279261
37077970500,9.095955405886379,3.743329563997262
37077970601,9.210071405886379,3.728665126625599
37077970602,9.334202510609172,3.713169409308693
37077970603,9.345650490075291,3.711125865160849
37077970701,9.145857161533196,3.702260769336071
37077970702,9.29967087063655,3.697081791238878
37077970703,9.367451823408624,3.692300922655715
37077970704,9.273446786447639,3.684710707734428
37079950101,9.220472689253936,3.773492516769336
37079950102,9.12492600752909,3.742701752908966
37079950200,9.372606391512663,3.795599363449692
37079950300,9.238739039698836,3.769303983572895
37081010100,9.518892739904175,3.436703066392882
37081010200,9.509984732375086,3.416922474332649
37081010300,9.533784012320328,3.428792519507187
37081010401,9.556706140999316,3.415169656399726
37081010403,9.541655790554415,3.403023911019849
37081010404,9.544335648870637,3.411239413415469
37081010500,9.578063824093087,3.417783183436003
37081010601,9.610883514715948,3.417706374401095
37081010602,9.602099986310746,3.429025039014374
37081010701,9.574897451060917,3.427029004791239
37081010702,9.587019194387406,3.435694265571526
37081010800,9.564687177960301,3.425446847364819
37081010900,9.554407961670089,3.432816560574949
37081011000,9.546132969199179,3.445221710472279
37081011101,9.534993189596167,3.45368732991102
37081011102,9.553118485968515,3.460461856947296
37081011200,9.569308502395619,3.452985327857632
37081011300,9.592585875427789,3.459966143737166
37081011400,9.60239897467488,3.446699613963039
37081011500,9.609769735797399,3.444120509924709
37081011601,9.623273492813142,3.437733412731006
37081011602,9.632954445585216,3.426296428473648
37081011904,9.474714116358658,3.413597006844627
37081011905,9.457614731690623,3.419570260780288
37081012503,9.522288381245722,3.392254869952088
37081012504,9.604387465434634,3.401039722108145
37081012505,9.588185004106776,3.397997905544148
37081012508,9.550624292265572,3.394167648186174
37081012509,9.560046605065024,3.395578923340178
37081012510,9.531224474332649,3.372719419575633
37081012511,9.564852630390144,3.384420425735797
37081012601,9.638587587953456,3.4076539137577
37081012604,9.63670254072553,3.458333850787132
37081012607,9.665067650239562,3.407867363449692
37081012608,9.654605984941821,3.427060622176591
37081012609,9.673005980150582,3.442698909650924
37081012610,9.659059880903491,3.456485745379877
37081012611,9.656297722792608,3.458816893223819
37081012612,9.655402872689938,3.472355219028063
37081012617,9.662840232032854,3.425237008898015
37081012703,9.506673937713895,3.398718973990418
37081012704,9.49305377412731,3.421959097193703
37081012705,9.489335524298426,3.439287826830938
37081012706,9.499889101984942,3.441658498288843
37081012707,9.513254546201232,3.443775501711157
37081012803,9.505725363449692,3.464922199863108
37081012804,9.62166094661191,3.47436251266256
37081012805,9.581970249828884,3.475064731690623
37081013601,9.778380412731006,3.395867519507187
37081013602,9.771772347022587,3.380430740588638
37081013700,9.776524663244353,3.379032889801506
37081013800,9.78667979192334,3.413190527720739
37081013900,9.789524727583847,3.416653535934292
37081014000,9.790002242984257,3.404618887748118
37081014200,9.805898194387406,3.435654296372348
37081014300,9.797411510609172,3.426610954140999
37081014406,9.774530028062971,3.416172122518823
37081014407,9.752533527720739,3.352335114989733
37081014408,9.790705239561944,3.407054429158111
37081014409,9.739182262833676,3.337644482546201
37081014410,9.751112932922656,3.353830606433949
37081014411,9.765420837782341,3.381892894592745
37081014412,9.754929519507187,3.386287417522245
37081014501,9.79674762696783,3.43740659137577
37081014502,9.7971218275154,3.459289484599589
37081014503,9.79172113963039,3.435731258042437
37081015100,9.293493047912389,3.425893733059548
37081015200,9.384365884325804,3.475554480492813
37081015300,9.420653164271047,3.473156517453799
37081015401,9.362891008898015,3.442527060232717
37081015402,9.428297880219028,3.440096212183436
37081015500,9.405745536618754,3.415969655715264
37081015600,9.337233539356605,3.39892832991102
37081015703,9.492717483915127,3.394985022587269
37081015704,9.462731969883641,3.369531734428474
37081015705,9.508183262149213,3.38025890349076
37081015706,9.440931606433949,3.397497822724162
37081015707,9.47913531485284,3.38824179945243
37081015800,9.371732701574264,3.344654488021903
37081015901,9.306139603011636,3.298653504449008
37081015902,9.382407503080082,3.258062589322382
37081016003,9.444458206707734,3.301010484599589
37081016005,9.447016811088296,3.343204162217659
37081016006,9.501483301163587,3.354699984941821
37081016007,9.530091683093771,3.362674502395619
37081016008,9.500332854893908,3.315650865160849
37081016009,9.513547367556468,3.338987758384668
37081016010,9.562285848049281,3.354862742642026
37081016011,9.617881146475017,3.348853876796715
37081016101,9.570102244353183,3.364837185489391
37081016102,9.613168378507871,3.372776880219028
37081016103,9.61251145174538,3.387004939767283
37081016201,9.508487839835729,3.258732800136892
37081016203,9.618535120465435,3.244674502395619
37081016204,9.64177055578371,3.286332813141684
37081016205,9.675855225188227,3.318896648870637
37081016303,9.711812541409993,3.30825432238193
37081016304,9.715527041752224,3.32444574880219
37081016305,9.705568488706366,3.331455000684463
37081016306,9.734823338809035,3.372485483915127
37081016405,9.650907979466119,3.35361575633128
37081016406,9.677612271047228,3.351685394934976
37081016407,9.70700727652293,3.372411079397673
37081016408,9.716623508555784,3.39084935797399
37081016409,9.739075606433949,3.399652069815195
37081016410,9.762832991786448,3.435729308692676
37081016502,9.713375104722793,3.439610503764545
37081016503,9.670073849418207,3.388981658453114
37081016505,9.696276414784394,3.397715300479124
37081016506,9.692182443531828,3.412419955509925
37081016600,9.750805862422998,3.478698607118412
37081016701,9.680494496235455,3.479964800821355
37081016702,9.669164541409993,3.501176761806982
37081016800,9.609424892539357,3.503455800821355
37081016900,9.547319169746749,3.528290374401095
37081017000,9.414665348391513,3.540535143737166
37081017100,9.511952019849418,3.503696112936345
37081017200,9.42937637303217,3.5130822183436
37081980100,9.568731748117728,3.323771002737851
37083930100,8.706967440793977,3.719971474332649
37083930200,8.751483885010267,3.739249437371663
37083930300,8.732307390143737,3.731101826830938
37083930400,8.753944697467488,3.742789219712526
37083930501,8.725544813826146,3.734459704312115
37083930502,8.682220108145106,3.719572859685147
37083930600,8.687196668035592,3.715658327173169
37083930700,8.60394084257358,3.703976600273785
37083930800,8.678040653661875,3.702634629021218
37083930900,8.742645764544832,3.704643823408624
37083931000,8.637992513347023,3.671672455852156
37083931100,8.549741919917864,3.600472817932923
37085070100,9.590257907597536,3.917726523613963
37085070200,9.564980958247776,3.890231930869268
37085070300,9.565433940451745,3.883289620123203
37085070401,9.539604851471595,3.856126521560575
37085070402,9.553770951403148,3.853715386036961
37085070500,9.579807287474333,3.902186760438056
37085070600,9.521514475017112,3.872007767282683
37085070700,9.489806734428474,3.840438822039699
37085070801,9.49469458384668,3.81699825393566
37085070802,9.502327457905544,3.83178990622861
37085070901,9.53347906091718,3.792360180013689
37085070902,9.537196360711841,3.807229514715948
37085070903,9.505125427789186,3.802762937713895
37085070904,9.499382721423682,3.784567210130048
37085071001,9.461308298425736,3.771367095824778
37085071002,9.421368785078713,3.751365290212183
37085071101,9.385943485968515,3.743023002053388
37085071102,9.389657556468172,3.767538507186858
37085071201,9.461162222450376,3.838444770020534
37085071202,9.435619265571526,3.816749054072553
37085071203,9.413071806297057,3.803878916495551
37085071204,9.416295088980151,3.805069650239562
37085071301,9.332447381245722,3.724567598220397
37085071302,9.337689226557153,3.743684351813826
37085071303,9.35714674606434,3.768981930184805
37085071401,9.293675527720739,3.702260967145791
37085071402,9.305564935660506,3.737651339493498
37087920101,8.25228746201232,3.122959542094456
37087920102,8.361331255989049,3.198552238193018
37087920200,8.527934535249829,3.225503118412046
37087920300,8.475518370294319,3.192115532511978
37087920400,8.43824580971937,3.164656219028063
37087920500,8.38946754825462,3.137225502395619
37087920600,8.294409073921971,3.07206793908282
37087920700,8.179770926078029,3.030245439425051
37087920800,8.207694464065708,3.041563088980151
37087920900,8.254180490759754,3.042356648870637
37087921000,8.297586752224504,3.065691805612594
37087921100,8.241561518138262,3.051432773442847
37087921200,8.167422227241615,3.047639336755647
37087921301,8.17588184257358,3.075823810403833
37087921302,8.284216737166324,3.125612079397673
37087980100,8.190046910335387,3.095343336755647
37089930100,8.780846146475017,3.322083715947981
37089930200,8.872049632443532,3.3157252183436
37089930300,8.87028996440794,3.324343002737851
37089930401,8.855865579739904,3.32675338329911
37089930402,8.847769952772074,3.331947564681725
37089930501,8.850257837097878,3.328922958247776
37089930502,8.85728431485284,3.337995648186174
37089930600,8.87470195687885,3.340005006844627
37089930701,8.727559414099932,3.28325093908282
37089930702,8.623835159479808,3.250343134154689
37089930703,8.601360524982888,3.237171733744011
37089930800,8.814492680355921,3.310684087611225
37089930900,8.826961272416153,3.308058195756331
37089931000,8.843427284736482,3.315854339493498
37089931100,8.82039140109514,3.30321488569473
37089931200,8.817161955509925,3.298220431211499
37089931300,8.833689898015058,3.297538163586584
37089931400,8.866542759753593,3.292945197125257
37089931500,8.817491999315537,3.279443761122519
37089931600,8.77530529431896,3.277150511293634
37089931700,8.763630490075291,3.279464029431896
37089931801,8.782157290212183,3.294568183436003
37089931802,8.759588368240931,3.288639952087611
37089931901,8.640883539356605,3.243672210130048
37089931902,8.654164501026694,3.230568808350445
37089932000,8.772172553730322,3.238893751540041
37089980100,8.502560570157426,3.215757431895962
37091950100,8.380162771389459,3.505260285420945
37091950200,8.276138991786448,3.450586438056126
37091950300,8.436501473648186,3.555903576317591
37091950401,8.389505161533196,3.522340623545517
37091950402,8.330686893223819,3.484270496235455
37093970101,9.387422715263518,3.819645286105407
37093970102,9.44990659137577,3.847842119780972
37093970103,9.479528559890486,3.864266896646133
37093970201,9.273286275838467,3.76289731211499
37093970202,9.390749403832991,3.842781776180698
37093970300,9.396949090349076,3.839588760438056
37093970401,9.468469028062971,3.874700407255305
37093970402,9.465807936344969,3.878716453798768
37093980100,9.293363110882957,3.755946491444216
37095920100,7.643657156741958,3.461342959616701
37097060100,9.811858401779603,3.766032945242984
37097060200,9.88282749486653,3.77961667761807
37097060300,9.873587582477755,3.781443039698836
37097060400,9.819219590691307,3.767805644079398
37097060500,9.807722670773443,3.767905733744011
37097060601,9.829713021902806,3.763427603011636
37097060602,9.826623095824778,3.744124869952088
37097060603,9.901530649555099,3.775594133470226
37097060701,9.865297701574264,3.742075266255989
37097060702,9.735854736481862,3.701945069815195
37097060703,9.686878136208077,3.716935083504449
37097060801,9.41558793908282,3.606331063655031
37097060802,9.566801214236824,3.65285556605065
37097060901,9.308532334017796,3.648687960301164
37097060902,9.457586709103354,3.683255307323751
37097061001,9.652757455852156,3.724061885010267
37097061002,9.625327379876797,3.728355533880904
37097061003,9.729746106091718,3.743851882272416
37097061101,9.702561028062971,3.748579710472279
37097061102,9.766495722108145,3.763595292950034
37097061103,9.861843701574264,3.781071722108145
37097061104,9.861690691991786,3.787624979466119
37097061201,9.906692343600274,3.791004574948665
37097061202,9.968074457905544,3.792979031485284
37097061203,10.028928344969199,3.805146388090349
37097061204,10.009336392881588,3.798453045174538
37097061205,9.960533930869268,3.804075831622177
37097061301,9.959679545516769,3.784177203285421
37097061302,10.002221874058864,3.786716911019849
37097061303,10.022692559890486,3.784226077344285
37097061304,10.045881305954826,3.797370040383299
37097061401,10.009688206707734,3.785139919233402
37097061402,10.02299607118412,3.799906729637235
37097061403,10.042724006844627,3.795967570841889
37097061404,10.04722332238193,3.782122739904175
37097061405,10.034943648870637,3.784614819301848
37097061406,10.016535223819302,3.770707159479808
37097061407,10.056994943189596,3.767655104722793
37097061408,10.039388990417522,3.764063318275154
37097061501,10.032541467488022,3.78102379192334
37097061502,10.041391254620123,3.776239536618754
37097061503,10.037983059548255,3.770736300479124
37097061601,10.040916854209446,3.785409056810404
37097061602,10.045190262833676,3.776228467488022
37099940200,8.163729403148528,2.960338008213552
37099950200,8.151507472963724,3.032805555099247
37099950300,8.201095841204654,3.011910837782341
37099950400,8.190252278576318,3.046236700205339
37099950500,8.242057849418207,3.073189954825462
37099950600,8.177441010951403,3.104832360027378
37099950700,8.082592571526352,3.078412463381246
37099950800,8.132470348391513,3.134776027378508
37099950900,8.185123441478439,3.179882884325804
37101040100,9.468602241615332,3.800975730321698
37101040201,9.350120234770705,3.753907167693361
37101040202,9.399595631759069,3.742606588637919
37101040203,9.461319166324435,3.725907788501027
37101040301,9.495043670773443,3.795141828884326
37101040302,9.49008012936345,3.780722479123888
37101040400,9.525683483915127,3.807312061601643
37101040500,9.571467476386037,3.818667995208761
37101040600,9.528516039014374,3.816338830937714
37101040700,9.515224217659138,3.792682147843942
37101040800,9.504883665982204,3.787887772758385
37101040901,9.48056755578371,3.745718976043806
37101040902,9.494521944558522,3.742396436002738
37101041001,9.504705459958932,3.712578262833676
37101041002,9.562661509240246,3.713621701574264
37101041101,9.518951229979466,3.704269684462697
37101041102,9.592996884325804,3.730885681040383
37101041103,9.534862229979466,3.736044306639288
37101041201,9.50983903559206,3.789605549623546
37101041202,9.523240049965777,3.837818169062286
37101041300,9.528322080082136,3.866911606433949
37101041400,9.547184623545517,3.851996146475017
37101041501,9.530388697467488,3.787520088295688
37101041502,9.559902941136208,3.778149715947981
37101041503,9.543863831622177,3.81155859137577
37103920100,8.579099828884326,3.772130527720739
37103920200,8.763699533196441,3.746663507871321
37103920300,8.90953859890486,3.72209227652293
37105030101,9.307564924024641,3.612716353867214
37105030102,9.29289495687885,3.598300884325804
37105030200,9.329439044490075,3.630802452429843
37105030300,9.323416788501027,3.629904402464066
37105030401,9.359214926762491,3.66026801026694
37105030402,9.311635255304586,3.632390868583162
37105030501,9.3331241724846,3.67926481724846
37105030502,9.293976316221766,3.627186812457221
37105030503,9.263146590006845,3.634095876112252
37105030601,9.266771741957563,3.583161668035592
37105030602,9.221694550992471,3.53476628678987
37105030701,9.358639617385352,3.648465091033539
37105030702,9.376211223134839,3.693287463381246
37107010100,9.018686334702259,3.718268006844627
37107010200,9.043270149897331,3.703220291581109
37107010300,9.07230031485284,3.70295083504449
37107010400,9.077927737850787,3.702595056125941
37107010500,9.085713246406571,3.708423267624914
37107010600,9.112436971937029,3.721479222450376
37107010700,9.110563407255305,3.716591416837782
37107010800,9.14304764202601,3.73235905065024
37107010900,9.143521115674196,3.739061763175907
37107011001,9.20154141615332,3.743760312799452
37107011002,9.275680468172485,3.765412119096509
37107011100,9.347636185489391,3.767107648186174
37107011200,9.134827292265572,3.748135505817933
37107011300,9.129432316221766,3.727404160848734
37107011400,9.020025984941821,3.700887177275838
37109070100,9.883844239561944,3.741146551676934
37109070201,9.892056839151266,3.744195150581793
37109070202,9.90604160164271,3.743056481861738
37109070300,9.902578149897331,3.735688692676249
37109070400,9.850594300479124,3.733819065708419
37109070500,9.653898467488022,3.672796177960301
37109070600,9.600242229295003,3.655128770704997
37109070700,9.786078975359343,3.710989977412731
37109070800,9.8773809137577,3.735236366187543
37109070901,9.90316600752909,3.752740312799452
37109070902,9.943255793292266,3.752203014373717
37109071001,9.937129769336071,3.739104941136208
37109071002,9.97506438329911,3.737180937713895
37109071101,9.95901111430527,3.750045709787817
37109071102,10.020425306639288,3.726074758384668
37109071201,10.013752522245038,3.741630857631759
37109071202,9.99979305065024,3.756674767282683
37109071203,9.977289735797399,3.769445913073238
37111970100,8.4846714770705,3.26668737303217
37111970200,8.831154360027378,3.351935687200548
37111970300,8.72211759890486,3.289883521560575
37111970400,8.780681081451061,3.290366323066393
37111970500,8.789195779603012,3.310208933607118
37111970600,8.670985858316222,3.29012306091718
37111970700,8.445142872689938,3.258384631074606
37111970800,8.56411314715948,3.286228314168378
37111970901,8.967305483915127,3.40491637577002
37111970902,8.756941165639973,3.326547735112936
37113970100,8.262045019164956,3.114201595482546
37113970200,8.190569997262149,3.18364173100616
37113970301,8.269412212183436,3.17946072347707
37113970302,8.244294620807666,3.182175963723477
37113970400,8.232486675564682,3.167616922655715
37113970501,8.20211827652293,3.196223820670773
37113970502,8.251830902121834,3.238944432580424
37113970600,8.251244904859685,3.231650592060233
37113970700,8.236920835728953,3.251827730321698
37115010100,8.541907655715264,3.44220298220397
37115010200,8.534103040383299,3.362549878850103
37115010400,8.570608106091718,3.360502210814511
37115010500,8.613925547570157,3.362164654346338
37115010600,8.512526954140999,3.370010489390828
37115010700,8.391358123203285,3.340009138261465
37117970100,8.231060273100616,3.265834349075975
37117970200,8.359893672826831,3.390712213552361
37117970300,8.355954752908966,3.401599445585216
37117970400,8.481917899383984,3.518446370294319
37117970500,8.421307891170431,3.42453853798768
37117970600,8.563423626283368,3.514944411362081
37119000100,10.395730329226557,3.692224706365503
37119000300,10.413778319644079,3.709851313483915
37119000400,10.401658826830938,3.701634429158111
37119000500,10.389744926078029,3.695995936344969
37119000600,10.388765950034223,3.692730321013005
37119000700,10.3677438678987,3.679699360027378
37119000800,10.392151889801506,3.694529614647502
37119000900,10.369430264202601,3.67471079192334
37119001000,10.384714081451061,3.686432027378508
37119001100,10.403381319644079,3.702441333333333
37119001200,10.371459147843942,3.685613295687885
37119001300,10.349410260780288,3.662418529089665
37119001400,10.341134117043121,3.664964608487337
37119001504,10.319623617385352,3.683009029431896
37119001505,10.276092155373032,3.687107810403833
37119001507,10.297004161533196,3.691229832991102
37119001508,10.279101837097878,3.705633137577002
37119001509,10.303503194387406,3.674037916495551
37119001510,10.29346323613963,3.695449392197125
37119001603,10.33707677412731,3.695683657084189
37119001605,10.366843342915811,3.694901841889117
37119001606,10.3534578678987,3.701951907597536
37119001607,10.343982832306639,3.716425785078713
37119001608,10.326664668035592,3.682473197809719
37119001609,10.315220880219028,3.704468350444901
37119001701,10.386926986310746,3.700679457221082
37119001702,10.372347344969199,3.712683388090349
37119001801,10.40365665229295,3.705089749486653
37119001802,10.397633451060917,3.729670607118412
37119001910,10.322528267624914,3.736197419575633
37119001911,10.298302149212868,3.747740755646817
37119001912,10.314117405886379,3.722655039014374
37119001914,10.380035204654346,3.749682358658453
37119001915,10.359201711841205,3.763898390143737
37119001916,10.268713108145106,3.735144929500342
37119001917,10.237963528405202,3.746372764544832
37119001918,10.357690121149897,3.726104086926762
37119001919,10.353125051334702,3.737071084873374
37119001920,10.346078429842574,3.749172887748118
37119001921,10.336697131416838,3.761198704312115
37119001922,10.265012090349076,3.732409828884326
37119001923,10.294367393566051,3.730888101984942
37119002002,10.417348843258042,3.75727149486653
37119002003,10.384552831622177,3.763410822724162
37119002004,10.405885878850103,3.773742419575633
37119002100,10.410317508555784,3.737489149897331
37119002200,10.447110826830938,3.74118622587269
37119002300,10.426147526351814,3.732998675564682
37119002400,10.416871227926078,3.708617864476386
37119002500,10.400343995208761,3.706661088295688
37119002600,10.424439754962355,3.714637334017796
37119002701,10.435809797399042,3.718739725530459
37119002702,10.448084440109514,3.736090303216975
37119002800,10.443190960301164,3.737272609856263
37119002903,10.445889516084873,3.761813899383984
37119002904,10.414681553045859,3.770112206023272
37119002905,10.447343672826831,3.745130957563313
37119002906,10.446937747433265,3.744613542094456
37119003006,10.436162041752224,3.770293828884326
37119003007,10.42036277412731,3.788516376454483
37119003008,10.419747289527721,3.803466274469541
37119003011,10.440826821355236,3.762342090349076
37119003012,10.419820527036276,3.794299686516085
37119003013,10.393576008213552,3.795529292265572
37119003015,10.362704488021903,3.789731614647502
37119003016,10.367752907597536,3.796115708418891
37119003017,10.384794608487337,3.806090494182067
37119003018,10.382108245037645,3.799110014373717
37119003102,10.448270112251882,3.735670301163587
37119003103,10.448558132785763,3.733597490075291
37119003105,10.44316459890486,3.764045199178645
37119003106,10.440594987679672,3.744743454483231
37119003108,10.445589236824093,3.764208119780972
37119003109,10.438388442162902,3.772287017111567
37119003201,10.441219084188912,3.733385704312115
37119003203,10.439697048596852,3.728704815879535
37119003204,10.439744463381246,3.731280790554415
37119003300,10.439031728952772,3.726111354551677
37119003400,10.428075759069131,3.716274681724846
37119003500,10.423562145790554,3.717754775496236
37119003600,10.40442362696783,3.711743733744011
37119003700,10.414550390143737,3.718652501711157
37119003802,10.426711900752909,3.731380173853525
37119003805,10.422638206707734,3.742692867214237
37119003806,10.430554327173169,3.752816646132786
37119003807,10.441791618754278,3.751688383983573
37119003808,10.439694986995209,3.753401232032854
37119003902,10.402678830253251,3.729248598220397
37119003903,10.397529136208077,3.73382534017796
37119004000,10.356872930184805,3.70195198973306
37119004100,10.376893499657769,3.694927249144422
37119004200,10.348091696098563,3.689853948665298
37119004302,10.308469211498973,3.675657832306639
37119004303,10.292799551676934,3.692952258042437
37119004304,10.278430872005476,3.678986306639288
37119004305,10.31786398973306,3.694756442847365
37119004400,10.274775500342231,3.652223904859685
37119004500,10.330261117727584,3.679483970568104
37119004600,10.32077140862423,3.672101757015743
37119004700,10.355251801505818,3.684350534565366
37119004800,10.336141688569473,3.67644184531143
37119004900,10.371697608487337,3.688727434633812
37119005000,10.347413185489391,3.672899095140315
37119005100,10.32765320054757,3.671459972621492
37119005200,10.356816345653662,3.678118984257358
37119005301,10.324032394934976,3.666005274469541
37119005305,10.297345854893908,3.673260645448323
37119005306,10.312455039014374,3.668514704312115
37119005307,10.286230893223819,3.682060598220397
37119005308,10.293206206023272,3.679373059548255
37119005401,10.268683727583847,3.653525288158795
37119005403,10.268238600958248,3.664600923340178
37119005404,10.297288435318275,3.674766913073238
37119005508,10.190067655030801,3.692420963723477
37119005509,10.17218932238193,3.702546357289528
37119005510,10.229199219028063,3.67152219301848
37119005511,10.208409333333333,3.681480986995209
37119005512,10.252857472963724,3.681625975359343
37119005513,10.186293258726899,3.696370941136208
37119005514,10.21164476659822,3.697565815879535
37119005515,10.134167822724162,3.720463961670089
37119005516,10.142529171115674,3.71812701779603
37119005517,10.151238241615332,3.712899696783025
37119005518,10.176253399726215,3.711200486652977
37119005519,10.154885045174538,3.71556105065024
37119005520,10.194257300479124,3.716043163586584
37119005521,10.174280126625599,3.722242824093087
37119005522,10.236976170431212,3.693214724845996
37119005523,10.2202706091718,3.703388010951403
37119005524,10.272773232717317,3.688865065708419
37119005604,10.236478193702943,3.700922080082136
37119005605,10.239590058179329,3.702179718685832
37119005609,10.195711472963724,3.711745375085558
37119005610,10.18048335797399,3.713981065023956
37119005611,10.1694041724846,3.718544643394935
37119005612,10.21539170294319,3.708600908281999
37119005613,10.235585917180014,3.700494566735113
37119005614,10.178780783025325,3.714661147843942
37119005615,10.18016306844627,3.716952797399042
37119005616,10.235940748117728,3.712001593429158
37119005617,10.253450678986995,3.723348445585216
37119005618,10.190152733059548,3.723684292265572
37119005619,10.18347846201232,3.731614188911704
37119005620,10.207676034907598,3.733572393566051
37119005621,10.11984121560575,3.739088768651608
37119005706,10.180450338809035,3.754364527720739
37119005709,10.269155823408624,3.790737480492813
37119005710,10.282278231348392,3.756613057494866
37119005711,10.24408874606434,3.773596485284052
37119005712,10.235411965776865,3.802562341546886
37119005713,10.193264981519507,3.78650754825462
37119005714,10.117867967830253,3.761323804243669
37119005715,10.04927688843258,3.756971406570842
37119005716,10.310310325119781,3.760050979466119
37119005717,10.301799815879535,3.778028909650924
37119005811,10.356339631759069,3.781664822724162
37119005812,10.315609481861738,3.789096231348392
37119005815,10.366834721423682,3.809136744695414
37119005816,10.344316773442847,3.823569125256674
37119005817,10.33235153798768,3.815421619438741
37119005823,10.279664234770705,3.828639155373032
37119005824,10.422529308008214,3.791646919233402
37119005825,10.379711485968515,3.820008746748802
37119005826,10.389575532511978,3.818895465434634
37119005827,10.431587174537988,3.791568123887748
37119005828,10.42430712183436,3.793168981519507
37119005829,10.411150505817933,3.805167712525667
37119005830,10.387919002737851,3.819858285420945
37119005831,10.380699238193018,3.816508600273785
37119005832,10.353256579055442,3.804055299794661
37119005833,10.327970055441478,3.807210078028747
37119005834,10.283622960301164,3.811623922655715
37119005835,10.262164036276523,3.816171847364819
37119005836,10.343360865160849,3.831122855578371
37119005837,10.332052689938398,3.829978210814511
37119005838,10.277811082819986,3.840099932922656
37119005839,10.362474759069131,3.826455205338809
37119005840,10.345324861054073,3.825763052019165
37119005841,10.323673334702259,3.837231219028063
37119005842,10.312497750855578,3.833500854893908
37119005843,10.294338745379877,3.836020666666667
37119005844,10.269763532511978,3.831808831622177
37119005845,10.297718080082136,3.824583189596167
37119005846,10.262140260095825,3.834375472279261
37119005847,10.31521634017796,3.818417600273785
37119005848,10.309413776180698,3.811528342915811
37119005906,10.319706040383299,3.749707505817933
37119005907,10.357583473648186,3.771929264887064
37119005908,10.290432199178645,3.789941703627652
37119005909,10.360256924024641,3.792306100616016
37119005910,10.3446121321013,3.809635577002053
37119005911,10.268674220396988,3.810300600273785
37119005912,10.404661041067762,3.765401287474333
37119005913,10.409342826146475,3.785909388090349
37119005914,10.398913201232033,3.800229632443532
37119005915,10.416611726899384,3.78131134770705
37119005916,10.43371498220397,3.778473073921971
37119005917,10.384937905544148,3.811165813826146
37119005918,10.363712550992471,3.81880274880219
37119006005,10.214861310746064,3.701917064339494
37119006006,10.268739607118412,3.69617935797399
37119006007,10.146905856262834,3.685665222450376
37119006008,10.17759957357974,3.688246637234771
37119006009,10.211567551676934,3.684726500342231
37119006010,10.230228540041068,3.669585834360027
37119006103,10.150243112251882,3.674246455852156
37119006104,10.19999735797399,3.648863803559206
37119006105,10.164154026009582,3.663599445585216
37119006106,10.174076373716632,3.680259030800821
37119006107,10.188110818617385,3.666689981519507
37119006108,10.204903639972622,3.641464331964408
37119006109,10.226778685831622,3.657906221081451
37119006203,10.047788776865161,3.760991970568104
37119006204,10.037998501711157,3.739720284052019
37119006208,10.061423508555784,3.750454227926078
37119006209,10.066421075975359,3.738756675564682
37119006210,10.087336162217659,3.721268861054073
37119006211,10.103769725530459,3.727410185489391
37119006212,10.113066731690623,3.719478898699521
37119006213,10.090984761806982,3.699646819986311
37119006214,10.11539311430527,3.709156130047912
37119006215,10.138362308008214,3.691005637919233
37119006302,10.129566347022587,3.710229024640657
37119006303,10.108086030116359,3.72696027926078
37119006304,10.105261255989049,3.738245015058179
37119006403,10.061910793292266,3.758810350444901
37119006404,10.076664976043806,3.745634744695414
37119006405,10.069725013004791,3.753405003422314
37119006406,10.064216930184805,3.745579222450376
37119006407,10.081087881587954,3.738882274469541
37119980100,10.363058340862423,3.739306646817248
37119980200,10.408537016427105,3.794002743326489
37119980300,10.409211197125257,3.709324518822724
37121950100,8.339753987679672,3.380199874743326
37121950200,8.22231513963039,3.280734517453799
37121950300,8.260374538672142,3.230353687200548
37121950400,8.32612983504449,3.22516340862423
37123960100,9.18400635797399,3.483643858316222
37123960200,9.22941645927447,3.490143927446954
37123960300,9.324362563997262,3.530779564681725
37123960401,9.317845169062286,3.568305335386721
37123960402,9.299334722792608,3.51848936550308
37123960500,9.141639292950034,3.420411470225873
37125950100,9.142440396988364,3.544678101300479
37125950200,9.152716313483915,3.526170730321698
37125950301,9.127097605065024,3.534523905544148
37125950302,9.13936404312115,3.563900746748802
37125950401,9.1519105633128,3.572061535249829
37125950402,9.173752442162902,3.566164498288843
37125950501,9.241444350444901,3.673233127310062
37125950502,9.214897767967146,3.658691506502396
37125950601,9.192109266940452,3.632862583162218
37125950602,9.203806472279261,3.637781876112252
37125950701,9.204557042436687,3.656045712525667
37125950702,9.212671303216975,3.667973013004791
37125950801,9.216257413415469,3.672056384668036
37125950802,9.217833117043121,3.667801715263518
37125950900,9.222443806297057,3.683602813826146
37125951000,9.227941815879535,3.693196201232033
37125951100,9.227093026694045,3.697026412731006
37125951200,9.208878543463381,3.683830445585216
37127010200,9.177702655030801,3.759413696783025
37127010300,9.166017006160164,3.75952053045859
37127010400,9.130209069130732,3.745157891854894
37127010502,9.096125163586584,3.745488524298426
37127010503,9.078452699520876,3.751959798767967
37127010504,9.151442351129363,3.764547214236824
37127010601,9.0642545229295,3.746870380561259
37127010602,9.05540557357974,3.733787410677618
37127010700,8.92565552019165,3.726444809034908
37127010800,8.936580311430527,3.735542603696099
37127010900,8.873251725530459,3.717536603011636
37127011000,9.068779295687885,3.740509318959617
37127011101,9.107883262833676,3.766378993839836
37127011102,9.081356103353867,3.753974210814511
37127011200,9.216111156057495,3.779028668720055
37127011300,9.193712388090349,3.780598280629706
37127011400,9.249688175906913,3.769037006844627
37127011500,9.215307482546201,3.747145802190281
37129010100,8.316695013689254,3.573973630390144
37129010200,8.279145575633128,3.563977183436003
37129010300,8.282045092402464,3.549624583162218
37129010400,8.244825284052019,3.557938843942505
37129010501,8.198595327857632,3.52568284257358
37129010502,8.212894814510609,3.543739110198494
37129010600,8.199995013004791,3.551817308008214
37129010700,8.223762117727584,3.579218058179329
37129010800,8.22316398220397,3.591242855578371
37129010900,8.263864143737166,3.590131820670773
37129011000,8.260429253251198,3.573680736481862
37129011100,8.283572472279261,3.578541336755647
37129011200,8.30050335797399,3.580099350444901
37129011300,8.30986872073922,3.587235661190965
37129011400,8.342126638603696,3.580035587268994
37129011500,8.439806607802875,3.565601508555784
37129011603,8.336524576317591,3.503023370294319
37129011605,8.253897319644079,3.516546490759754
37129011606,8.213342334702259,3.500085286105407
37129011607,8.19175861670089,3.470178749486653
37129011608,8.283656712525667,3.439737
37129011701,8.144639263518138,3.493337831622177
37129011703,8.06880842642026,3.48164162696783
37129011705,8.101174429158111,3.466216251882272
37129011800,7.936572406570842,3.494340193702943
37129011902,8.127496070499658,3.51536116495551
37129011903,8.158958911019849,3.52173865229295
37129011904,8.092799442847365,3.499039464750171
37129012001,8.066899839835729,3.511729761806982
37129012004,8.021896213552361,3.517874302532512
37129012006,8.147308238193018,3.553184629705681
37129012007,8.151491213552361,3.568716258726899
37129012008,8.089553630390144,3.559987184804928
37129012009,8.095764976728268,3.538764529089665
37129012010,8.048548242984257,3.536059363449692
37129012101,8.11191384257358,3.573059412731006
37129012103,7.994128230663929,3.534021631074606
37129012104,7.918823986310746,3.530905281998631
37129012105,7.942019425051335,3.550498976043806
37129012201,7.809953151950719,3.521836952087611
37129012202,7.78948226899384,3.531179188911704
37129012203,7.688432932238193,3.515283383983573
37129012300,8.055537106091718,3.44282224366872
37129980100,8.321513560574949,3.54049879192334
37131920100,8.484208848049281,3.59118579945243
37131920200,8.496473698151951,3.603699388774812
37131920300,8.638576564681725,3.680335887748118
37131920401,8.678526320328542,3.718121049965777
37131920402,8.572335494182067,3.68797446954141
37133000102,8.27907600752909,3.725197910335387
37133000103,8.764717168377823,3.802837765913758
37133000201,8.995149336755647,3.768551500342231
37133000202,9.010226965092402,3.80382206091718
37133000301,9.04970064476386,3.781368698151951
37133000302,8.93005236550308,3.757688070499658
37133000401,8.574510503080082,3.659859935660506
37133000402,8.246240680355921,3.62927574606434
37133000403,8.107132373716632,3.570463563997262
37133000500,8.449177958932238,3.716282815879535
37133000600,8.53687060164271,3.743603211498973
37133000700,8.722508977412731,3.787620733059548
37133000800,8.713062307323751,3.794925108829569
37133000900,8.842867090349076,3.815735420260096
37133001000,8.891460919917864,3.80425571321013
37133001101,8.99330073853525,3.806418632443532
37133001102,8.97033282477755,3.808827978781656
37133001200,8.955916947980835,3.806374064339494
37133001300,8.881953247091034,3.811976910335387
37133001400,8.941406880219028,3.817251902806297
37133001500,8.916839773442847,3.820472617385352
37133001700,8.90739475633128,3.818730611909651
37133001800,8.904897149897331,3.815495526351814
37133002100,8.797591297741273,3.806668610540726
37133002201,8.810254301163587,3.813333980150582
37133002202,8.791096253251198,3.80574652019165
37133002300,8.713909985626283,3.803437741273101
37133002400,8.668175336755647,3.786938065023956
37133002500,8.498567889801506,3.76627792128679
37133002600,8.867397683093771,3.818792059548255
37133002800,8.178394880219028,3.686776568788501
37135010701,9.379085737166324,3.623690377138946
37135010703,9.43643240862423,3.641930490075291
37135010704,9.389230501711157,3.621961742642026
37135010705,9.447471377823409,3.648357193702943
37135010706,9.4318051724846,3.639583492813142
37135010801,9.158014368240931,3.559250306639288
37135010802,9.167719071868583,3.605887926762491
37135010901,9.31459231485284,3.616298032854209
37135010902,9.402129962354552,3.636437743326489
37135011000,9.308521267624914,3.60885634770705
37135011101,9.263303810403833,3.573058967830253
37135011102,9.306800932238193,3.594297303216975
37135011202,9.381339143737166,3.624523015742642
37135011203,9.296358614647502,3.590047305954826
37135011204,9.4813582183436,3.660517847364819
37135011205,9.498110681040383,3.662073627652293
37135011300,9.477654275154004,3.657718239561944
37135011400,9.50420358384668,3.670848500342231
37135011500,9.533837510609172,3.678735071868583
37135011601,9.50425267008898,3.667304321013005
37135011602,9.507421481861738,3.670559853524983
37135011700,9.488032882956879,3.662551390143737
37135011800,9.471337168377823,3.655915191649555
37135011901,9.489316387405886,3.661177904859685
37135011902,9.527761621492129,3.673418388774812
37135012100,9.559602331964408,3.690888039014374
37135012201,9.518695880903491,3.679705628336756
37135012202,9.45225511430527,3.644408819986311
37137950101,8.338444935660506,3.707754165639973
37137950102,7.965315028747433,3.603126238193018
37137950201,8.090326041752224,3.678363737850787
37137950202,7.853507726214921,3.595676313483915
37139960100,8.02305219301848,3.324693950034223
37139960200,8.001739173853525,3.337841335386721
37139960300,8.023813652977413,3.336932832991102
37139960400,8.035231072553046,3.330264763175907
37139960501,8.080836997946612,3.297541887063655
37139960502,8.069654884325804,3.318140732375086
37139960503,8.126640226557153,3.296748008213552
37139960600,8.03871226899384,3.350634263518138
37139960701,7.956814273100616,3.343581275154004
37139960702,7.88347259890486,3.361472041067762
37141920101,8.029912796714579,3.449565524982888
37141920102,8.119799835728953,3.518698743326489
37141920103,8.243852908281999,3.543277528405202
37141920201,8.180319678986995,3.498853277207392
37141920202,8.117127282683094,3.446225577686516
37141920203,8.425939475017112,3.504244856947296
37141920204,8.872859603011636,3.676133381930185
37141920300,8.847285661190965,3.72278434017796
37141920401,8.642764052703628,3.621747171800137
37141920402,8.718167509924709,3.672998100616016
37141920403,8.711384789869952,3.634722716632444
37141920501,8.731923616016427,3.718698687200548
37141920502,8.57757707871321,3.673177339493498
37141920601,8.589073542094456,3.592987857631759
37141920602,8.512480354551677,3.541515778234086
37143920100,8.06672907871321,3.368505567419576
37143920201,8.057025245037645,3.377213189596167
37143920202,7.969170730321698,3.380804389459274
37145920100,8.99783958110883,3.701321698836413
37145920200,9.05968456605065,3.676175062286105
37145920300,9.046653671457906,3.681158256673511
37145920400,9.048672904859685,3.669193174537988
37145920500,9.062870745379877,3.659660686516085
37145920601,9.054074750855578,3.617198828199863
37145920602,9.071477049965777,3.605282581793292
37147000100,8.887600706365503,3.601597597535934
37147000201,8.872740710472279,3.592121064339494
37147000202,8.874337273100616,3.60036817522245
37147000301,8.887049958932238,3.618243056810404
37147000302,8.858221726214921,3.599413160848734
37147000400,8.890979492128679,3.611388345653662
37147000501,8.910744377138946,3.634031721423682
37147000502,8.896205318959617,3.62346232991102
37147000601,8.927748993155373,3.62961723613963
37147000602,8.935120406570842,3.637245321013005
37147000603,8.9454375229295,3.6562456954141
37147000701,8.897368104722793,3.605004012320328
37147000702,8.910955787132101,3.618775952772074
37147000800,8.856441509924709,3.57112364476386
37147000900,8.678979646817248,3.540955911704312
37147001001,8.725049263518138,3.572603023956194
37147001002,8.755898646817248,3.592157197809719
37147001003,8.839602517453799,3.620795901437372
37147001100,8.677649058179329,3.600773109514032
37147001200,8.755639092402464,3.647654052703628
37147001301,8.958323507186858,3.67536748733744
37147001302,8.930518331964408,3.665703252566735
37147001303,8.894233552361396,3.651824715263518
37147001401,8.96922213963039,3.695923127310062
37147001402,8.875688254620123,3.675188316221766
37147001500,8.863149355920602,3.688613388090349
37147001600,9.01717881724846,3.697389904859685
37147001700,8.972258349760438,3.6597833045859
37147001800,9.097573422313484,3.73126853045859
37147001900,9.027180027378508,3.701408013004791
37147002001,8.88309076386037,3.619407727583847
37147002002,8.743178299110198,3.569910034223135
37149920101,9.347415706365503,3.411648568104038
37149920103,9.259966967830253,3.364757367556468
37149920104,9.124357703627652,3.341571008213552
37149920200,8.939179902121834,3.334713364818617
37149920301,9.076446219712526,3.320501996577686
37149920303,8.972611532511978,3.298835718685832
37149920304,9.050245399041752,3.294711327857632
37151030100,9.40335379945243,3.56451798973306
37151030201,9.434092759753593,3.576755735797399
37151030202,9.381413785078713,3.568135674195756
37151030301,9.477029880219028,3.57729066255989
37151030302,9.442288795345654,3.580709711156742
37151030400,9.491390026009582,3.572692533880904
37151030502,9.487841126625599,3.564330558521561
37151030503,9.57363787816564,3.554194203969884
37151030504,9.597628138261465,3.520766067077344
37151030600,9.407852123887748,3.543996948665298
37151030700,9.334281269678302,3.525056527036276
37151030801,9.369851537303217,3.580464942505134
37151030802,9.250042603011636,3.548312145790554
37151030900,9.239277911704312,3.567675450376454
37151031000,9.35423331211499,3.587706867214237
37151031100,9.444574372347707,3.580332669404518
37151031200,9.382210895277207,3.56823014715948
37151031303,9.682150661875428,3.523543721423682
37151031304,9.674350551676934,3.532957908281999
37151031305,9.601207847364819,3.547863266255989
37151031306,9.484453709103354,3.5580158678987
37151031400,9.54238919301848,3.56723087816564
37151031501,9.743125679671458,3.491978891854894
37151031503,9.779148730321698,3.478482203969884
37151031504,9.759953972621492,3.488637492128679
37151031505,9.730365052703628,3.502709188227242
37151031601,9.791476985626283,3.450069016427105
37151031602,9.791799673511294,3.461965162217659
37153970100,9.213968284052019,3.681296533880904
37153970200,9.205259079397673,3.571638457221082
37153970300,9.305993175906913,3.711734455167693
37153970400,9.311301954825462,3.737507958247776
37153970500,9.333023303901437,3.744356247775496
37153970600,9.346356008898015,3.766417681724846
37153970700,9.357675874058864,3.765872685831622
37153970800,9.389821843942505,3.785852271731691
37153970900,9.384893344284736,3.797855210130048
37153971000,9.320114234770705,3.763708819301848
37153971100,9.383960439425051,3.819449466119096
37155960101,9.427196473648186,3.877654737850787
37155960102,9.461208149897331,3.874384177275838
37155960201,9.494555093086927,3.8786267816564
37155960202,9.502371660506502,3.896104453114305
37155960300,9.50789616495551,3.908379023271732
37155960401,9.508315909650924,3.916575402464066
37155960402,9.51447372347707,3.905507957563313
37155960501,9.519210384668036,3.923443438056126
37155960502,9.514291027378508,3.921592552361396
37155960503,9.491615920602327,3.913589580424367
37155960600,9.493061970568104,3.89214136550308
37155960701,9.474373759069131,3.870565792607803
37155960702,9.460331628336756,3.854574915811088
37155960801,9.432806722108145,3.867127028747433
37155960802,9.369662409993155,3.849291729637235
37155960900,9.409638551676934,3.828365162902122
37155961000,9.394007636550308,3.827601029431896
37155961100,9.351805248459959,3.83610746954141
37155961200,9.379793726214921,3.824471491444216
37155961301,9.38935123613963,3.822180165639973
37155961302,9.376727273100616,3.811019647501711
37155961400,9.342553853524983,3.848870497604381
37155961500,9.248307137577002,3.858060323750856
37155961601,9.264633203969884,3.864357338124572
37155961602,9.184435117043121,3.898945734428474
37155961700,9.320313714579055,3.91824621560575
37155961801,9.491236899383984,3.936088431211499
37155961802,9.434041160164271,3.922052331964408
37155961900,9.37459056605065,3.943168019164956
37155962001,9.519047109514032,3.934576999315537
37155962002,9.492895127994524,3.939785228610541
37157040101,9.163163508555784,3.489703380561259
37157040102,9.159327689938398,3.46439523613963
37157040200,9.143979477754962,3.510775745379877
37157040300,9.146573277207392,3.490357816563997
37157040400,9.118364670773443,3.494502820670773
37157040501,9.087658826146475,3.478188382614648
37157040502,9.127670438740589,3.471359574264203
37157040601,9.027938913073238,3.438978616016427
37157040602,9.100825249144422,3.428580227241615
37157040700,8.976110734428474,3.383158979466119
37157040800,9.080583805612594,3.375322292950034
37157040900,9.059992479123888,3.387268690622861
37157041001,9.166698341546886,3.329931206707734
37157041002,9.19009746201232,3.384879166324435
37157041100,9.1790791321013,3.467501644079398
37157041200,9.205666123887748,3.444390714579055
37157041300,9.216255049965777,3.405168845995893
37157041400,9.220381137577002,3.4208668678987
37157041500,9.23070580698152,3.423929666666667
37157041601,9.217042773442847,3.428207704996578
37157041602,9.25745607871321,3.408911017111567
37159050201,9.890663134839151,3.59322804312115
37159050202,9.909093978781656,3.614219733744011
37159050300,9.919603333333333,3.622916115674196
37159050400,9.925174611909651,3.624176702258727
37159050500,9.914491871321013,3.608398097193703
37159050700,9.897191158795346,3.576208364134155
37159050800,9.89490299247091,3.581692052019165
37159050901,9.772710861738535,3.53138097467488
37159050903,9.781130364134155,3.542484342231348
37159050904,9.612206744695414,3.533778963723477
37159051001,9.757033965776865,3.547381957563313
37159051002,9.854681618754278,3.586248779603012
37159051101,9.869567576317591,3.617417319644079
37159051102,9.924688898015058,3.644463836413416
37159051201,9.955778291581109,3.678715850102669
37159051202,9.937715965092402,3.662464191649555
37159051204,9.933752253251198,3.64971404312115
37159051301,9.894808850787132,3.633560221081451
37159051302,9.888629584531143,3.58674617522245
37159051303,9.918177524298426,3.632547048596852
37159051400,9.969145290896646,3.696226049281314
37159051501,10.02477623613963,3.728881559890486
37159051502,10.033601617385352,3.736691405201916
37159051600,10.001921658453114,3.720288061601643
37159051700,9.979686914442163,3.696163334017796
37159051801,10.023452545516769,3.749156744695414
37159051802,10.001561936344969,3.737445761806982
37159051901,9.954434458590007,3.730938637234771
37159051902,9.818889387405886,3.655583863791923
37159052000,9.914340302532512,3.607805065023956
37161960100,9.168060952772074,3.498435367556468
37161960200,8.935843633127994,3.386312102669404
37161960300,8.746045265571526,3.320491540041068
37161960400,9.328742709787817,3.44807487063655
37161960500,9.219299953456537,3.454804286105407
37161960600,9.312963588637919,3.488301442847365
37161960700,9.402222877481177,3.527776362080767
37161960800,9.471250472279261,3.53039155578371
37161960900,9.522885250513347,3.52659524366872
37161961000,9.481379645448323,3.570828275838467
37161961101,9.640494546201232,3.568023980835044
37161961102,9.728602457221082,3.539845412731006
37161961200,9.596310470225873,3.48934943394935
37163970100,9.506878224503764,3.905492394934976
37163970200,9.536447370294319,3.917607188911704
37163970301,9.562810628336756,3.926121455167693
37163970302,9.503945459958932,3.923708810403833
37163970400,9.37266723613963,3.911826032169747
37163970500,9.425994511293634,3.924334303901437
37163970600,9.454564654346338,3.921567773442847
37163970700,9.464005238193018,3.915968070499658
37163970800,9.34239970568104,3.901478570841889
37163970900,9.16145709650924,3.871323732375086
37163971000,9.038556648186174,3.820884177275838
37165010101,9.499337957563313,3.924245702258727
37165010102,9.479649479123888,3.9089943045859
37165010200,9.473078442162902,3.904989963039014
37165010300,9.513099450376454,3.930322945927447
37165010400,9.515513841889117,3.940311037645448
37165010500,9.452071471594798,3.884713676249144
37165010600,9.341187459958932,3.821635819301848
37167930101,9.608715481861738,3.597680802190281
37167930102,9.500034185489391,3.575435043805613
37167930200,9.425601459958932,3.577014941820671
37167930300,9.517329682409309,3.606944257357974
37167930500,9.5796915633128,3.628045828199863
37167930700,9.640544832991102,3.665883846680356
37167930801,9.722168457221082,3.699683678302532
37167930802,9.774573847364819,3.735628511293634
37167930900,9.645833084188912,3.703214344284736
37167931000,9.513073982888433,3.651750044490075
37167931100,9.426325503080082,3.621946685831622
37167931201,9.522544588637919,3.612778247091034
37167931202,9.587727574264203,3.649176083504449
37169070100,8.853564404517454,3.335964058863792
37169070200,8.729716338124572,3.306873013004791
37169070300,8.662446413415469,3.342197768651608
37169070400,8.912571899383984,3.319802502395619
37169070501,9.057993044490075,3.284290265571526
37169070503,9.025855877481177,3.274408546885695
37169070504,9.011547364134155,3.255829680355921
37169070600,8.990508571526352,3.258748000684463
37169070700,9.111873796714579,3.250663552361396
37171930101,8.626133934291581,3.397311309377139
37171930102,8.784903099247091,3.41210958384668
37171930201,8.629310654346338,3.42466222587269
37171930202,8.761353837097878,3.454926883641342
37171930301,8.627806843258042,3.454057193702943
37171930302,8.6903608678987,3.463843729637235
37171930400,8.743090338124572,3.475497767967146
37171930501,8.634685316906229,3.480118238877481
37171930502,8.715924080766598,3.487353611225188
37171930600,8.791133023271732,3.494584301163587
37171930700,8.678604226557153,3.499839335386721
37171930801,8.548337506502396,3.504836368240931
37171930802,8.700897067077344,3.529009008213552
37171930901,8.987412918548939,3.583485616016427
37171930902,8.98283006844627,3.572566588637919
37171931001,8.842968640657084,3.50910988569473
37171931002,8.836895490759754,3.524934455167693
37171931003,8.970952143052704,3.539173299110198
37171931101,8.878455899383984,3.470051836413416
37171931102,8.995667128678987,3.466775937713895
37171931103,9.020102989048597,3.374947101300479
37171931200,8.904515104722793,3.38646387063655
37173940100,8.135028254620123,2.959663429158111
37173960200,8.213667318959617,2.955310832306639
37173960301,8.214042820670773,3.080397138945927
37173960302,8.247731115674196,3.027195830253251
37173980200,8.19979650513347,2.9931506091718
37175960100,8.360424849418207,3.16972620054757
37175960200,8.240025987679672,3.136454356605065
37175960300,8.31645500752909,3.152596564681725
37175960401,8.461407463381246,3.183158605065024
37175960402,8.440709637919233,3.170775186858316
37175960500,8.172354402464066,3.12152661670089
37175960600,8.196129295003422,3.160238162217659
37177960100,7.682142121149897,3.41456993908282
37179020100,9.667655353867214,3.753873744695414
37179020202,9.947052070499658,3.814111082135524
37179020203,10.036086767967146,3.775374278576318
37179020204,9.886616362080767,3.780155316906229
37179020305,10.089197449691992,3.80308333744011
37179020306,10.080118293634497,3.829326696098563
37179020307,10.071025136208077,3.836555608487337
37179020308,10.005485008898015,3.825069770704997
37179020309,10.124482405886379,3.797670716632444
37179020310,10.144440441478439,3.801522997262149
37179020311,10.162006034223135,3.811450855578371
37179020312,10.170387995893224,3.816935704996578
37179020313,10.20490026146475,3.82378335523614
37179020314,10.240574917864476,3.824461062970568
37179020315,10.193815847364819,3.830424481177276
37179020316,10.144059585900068,3.828158075290897
37179020317,10.11766565229295,3.841481832991102
37179020401,9.935857406570842,3.824520036960986
37179020403,9.950223021218344,3.830656067077344
37179020404,9.93371909377139,3.829360248459959
37179020501,9.883941332648871,3.819990202600958
37179020502,9.803846363449692,3.812068814510609
37179020601,9.820514958247776,3.811160167693361
37179020602,9.767169829568788,3.804125063655031
37179020701,9.752305078028747,3.799625037645448
37179020702,9.640753597535934,3.782988257357974
37179020800,9.580216125256674,3.766235417522245
37179020901,9.51205924366872,3.751968325119781
37179020902,9.662932292950034,3.779895123203285
37179021004,9.961951412046544,3.825827132785763
37179021005,9.835072731690623,3.812787995208761
37179021006,10.224167661190965,3.83508092128679
37179021007,10.206491693360712,3.833617312799452
37179021008,10.103652599589322,3.830687761122519
37179021009,10.084729273100616,3.836068156741958
37179021010,10.180201159479808,3.832996118412046
37179021011,10.089616988364134,3.830097902806297
37179021012,10.006401659137577,3.82795164202601
37179021013,9.977513421629021,3.822676767282683
37179021014,9.906082875427789,3.811165760438056
37179021015,9.798749229979466,3.792586359342916
37181960100,8.78269848733744,3.742244466803559
37181960200,8.765047572210814,3.730611635181383
37181960300,8.936478654346338,3.752516447638604
37181960400,8.956740249828884,3.755317477754962
37181960500,8.92337587063655,3.749468583162218
37181960600,8.899470560574949,3.755626554414784
37181960700,8.9246234366872,3.751543256673511
37181960800,8.943933887063655,3.748592229295003
37181960900,8.89043199247091,3.747065894592745
37181961000,9.034414160164271,3.751089568788501
37183050100,9.839145049281314,3.724686890485968
37183050300,9.846265048596852,3.723666277207392
37183050400,9.842407868583162,3.715231644079398
37183050500,9.832463457905544,3.709469789185489
37183050600,9.824850813141684,3.714157196440794
37183050700,9.8242205229295,3.720445490759754
37183050800,9.815640516769336,3.716816986310746
37183050900,9.831007613963039,3.72451914715948
37183051000,9.838361238877481,3.724400881587954
37183051101,9.850892083504449,3.739927410677618
37183051102,9.847533446954141,3.732867839835729
37183051200,9.849402238877481,3.730832420944558
37183051400,9.854560869267625,3.73021395687885
37183051501,9.86229653045859,3.732679765913758
37183051502,9.864990713894593,3.740504819986311
37183051600,9.855097944558522,3.722816485284052
37183051700,9.858597857631759,3.721214713894593
37183051800,9.843450967145791,3.71175964202601
37183051900,9.806337570841889,3.705977027378508
37183052001,9.784328171800137,3.70385499247091
37183052002,9.794034134154689,3.715947184120465
37183052101,9.791106381930185,3.72555968788501
37183052102,9.785251511293634,3.726547973305955
37183052301,9.827298405201916,3.74391016495551
37183052302,9.832050532511978,3.72942541889117
37183052401,9.839127271047228,3.748209798767967
37183052404,9.83539229431896,3.742145553045859
37183052406,9.834388798083504,3.751291091718001
37183052407,9.845057115674196,3.744267220396988
37183052408,9.845293879534565,3.739994252566735
37183052409,9.846812544147844,3.734834924024641
37183052503,9.836960754962355,3.742004704312115
37183052504,9.860106538672142,3.739541958247776
37183052505,9.852670263518138,3.723938329226557
37183052506,9.836645704312115,3.730052585215606
37183052507,9.837701307323751,3.734709330595482
37183052601,9.855407704312115,3.715496476386037
37183052602,9.845618876112252,3.703744874058864
37183052603,9.864652696098563,3.718773818617385
37183052701,9.836219064339494,3.694652171115674
37183052704,9.793699811772758,3.66322327926078
37183052705,9.807739404517454,3.682641193702943
37183052706,9.794407622176591,3.694365264202601
37183052707,9.767280298425736,3.671627613963039
37183052801,9.732174547570157,3.738212465434634
37183052802,9.763514075975359,3.739192835728953
37183052803,9.753842731690623,3.729350639288159
37183052806,9.710015228610541,3.714129251882272
37183052807,9.65578210403833,3.720800830937714
37183052808,9.672141615331964,3.731894449691992
37183052809,9.63334762696783,3.726569421629021
37183052901,9.574898054757016,3.768571326488706
37183052902,9.626007811772758,3.747083947980835
37183052903,9.68319220807666,3.745491175906913
37183052904,9.62128744421629,3.756982716632444
37183053003,9.79482020807666,3.751713251882272
37183053004,9.761515772758385,3.7566046091718
37183053005,9.720170518138262,3.751908800821355
37183053006,9.718058872005476,3.75470535523614
37183053007,9.760861093086927,3.74604365229295
37183053008,9.783562889801506,3.742663029431896
37183053009,9.746665078028747,3.736587033538672
37183053105,9.556596189596167,3.752120268309377
37183053106,9.519519027378508,3.752372090349076
37183053107,9.519851814510609,3.766320848049281
37183053108,9.54417483504449,3.77737065229295
37183053109,9.576811368240931,3.769240171115674
37183053110,9.630693702258727,3.757487754277892
37183053111,9.658099746748802,3.752951095140315
37183053201,9.647813590006845,3.753183430527036
37183053202,9.603034281314168,3.754688481177276
37183053203,9.60795322587269,3.747402291581109
37183053204,9.561874993155373,3.738862062970568
37183053205,9.565801798767967,3.749647882272416
37183053206,9.52911980698152,3.749117170431212
37183053207,9.477196533880904,3.723613019849418
37183053405,9.709748351813826,3.751569110198494
37183053408,9.698590104722793,3.74745361670089
37183053409,9.683199216290212,3.746615057494866
37183053410,9.653194352498289,3.729864845995893
37183053411,9.659750058863792,3.73746662696783
37183053412,9.60238415742642,3.722691707734428
37183053413,9.50306554825462,3.707441691307324
37183053414,9.619824058863792,3.735852984941821
37183053415,9.636044238877481,3.736326438056126
37183053416,9.672930863791923,3.742792772758385
37183053417,9.608834308008214,3.737975876796715
37183053418,9.68423511156742,3.746268631074606
37183053419,9.706197457905544,3.751244596167009
37183053420,9.621800876112252,3.745504618754278
37183053421,9.667607599589322,3.746543951403148
37183053422,9.736461650924025,3.748140600273785
37183053423,9.744929290212183,3.756972148528405
37183053424,9.718469245037645,3.753433616016427
37183053425,9.72328735797399,3.747972099247091
37183053505,9.792053761122519,3.74933876659822
37183053506,9.78381639835729,3.755692023271732
37183053507,9.784422828884326,3.761431370978782
37183053509,9.747605449691992,3.756966505817933
37183053512,9.806176674880219,3.758265672826831
37183053513,9.799980292950034,3.754997181382615
37183053516,9.80766911430527,3.756353249144422
37183053517,9.813892327857632,3.756338399726215
37183053518,9.756578450376454,3.75923338329911
37183053519,9.774867643394935,3.757740785078713
37183053520,9.81547665229295,3.762459069815195
37183053521,9.825685887063655,3.749954938398357
37183053522,9.780208735797399,3.753367603696099
37183053523,9.767814793976728,3.75763492128679
37183053524,9.776381254620123,3.753521729637235
37183053525,9.750023524982888,3.754353672826831
37183053601,9.693170016427105,3.736693981519507
37183053602,9.728967216974675,3.743551130047912
37183053603,9.720528733744011,3.74648159890486
37183053604,9.726587864476386,3.746471555099247
37183053605,9.738278994524298,3.746671265571526
37183053606,9.751041652977413,3.754407347022587
37183053607,9.762592882272416,3.753953668720055
37183053608,9.751214632443532,3.75234850513347
37183053609,9.784997535934292,3.757594508555784
37183053610,9.768493010951403,3.746007749486653
37183053707,9.811742811088296,3.714482159479808
37183053709,9.814469922655715,3.745412887063655
37183053711,9.787625279945243,3.732740759069131
37183053712,9.768797256673511,3.718968780287474
37183053713,9.805252258726899,3.726541822724162
37183053714,9.813118357289528,3.722343561943874
37183053715,9.82105995687885,3.716952798083504
37183053716,9.83496209650924,3.708155704996578
37183053717,9.760049585900068,3.738663906913073
37183053718,9.760972551676934,3.737920813826146
37183053719,9.73743431211499,3.729545481177276
37183053720,9.698279508555784,3.729046742642026
37183053721,9.742462334017796,3.72662289596167
37183053722,9.777442438740589,3.712236299794661
37183053723,9.782120908966461,3.704530671457906
37183053724,9.79121842642026,3.747042711841205
37183053725,9.802063445585216,3.737115519507187
37183053726,9.82185364476386,3.738545940451745
37183053803,9.660172305270363,3.71469364202601
37183053804,9.591191136892539,3.71583352019165
37183053805,9.622110020533881,3.699572595482546
37183053806,9.663749080082136,3.701172991101985
37183053807,9.730731260780288,3.7105748275154
37183053808,9.705834455167693,3.690272724845996
37183053900,9.494020511978097,3.713163811088296
37183054001,9.822879221765914,3.693015062286105
37183054004,9.80249175633128,3.677767531143053
37183054006,9.800639805612594,3.696000757015743
37183054007,9.774375603011636,3.698128621492129
37183054008,9.746536145106092,3.634067941136208
37183054011,9.74924854072553,3.685767937713895
37183054012,9.777673966461328,3.679946674195756
37183054013,9.647336412731006,3.677965333333333
37183054014,9.657843041067762,3.654622162217659
37183054015,9.726686592744695,3.64232968788501
37183054016,9.703459238193018,3.669596296372348
37183054017,9.73355595687885,3.656264576317591
37183054018,9.766549736481862,3.648594101984942
37183054104,9.696980422997947,3.648978600958248
37183054105,9.731265429158111,3.6776273045859
37183054106,9.736558924709103,3.698896832991102
37183054108,9.561992704312115,3.703577295687885
37183054109,9.590315364818617,3.713065855578371
37183054110,9.603057438056126,3.666687396988364
37183054111,9.554041650924025,3.683129700889802
37183054112,9.579012223134839,3.690575004106776
37183054113,9.661306741957563,3.675313830937714
37183054114,9.673665310746064,3.699800741957563
37183054115,9.629583168377823,3.70537688843258
37183054203,9.435571936344969,3.70455779945243
37183054204,9.407449323066393,3.706468099247091
37183054205,9.409860732375086,3.70191594934976
37183054206,9.463344427789186,3.691108006160164
37183054207,9.538417377823409,3.696883613278576
37183054208,9.542483958932238,3.684509703627652
37183054209,9.568871944558522,3.6747829137577
37183054210,9.437713589322382,3.685533540041068
37183054211,9.392328745379877,3.698911947980835
37183054301,9.33494118275154,3.705337919917864
37183054302,9.310852228610541,3.720025029431896
37183054402,9.470320655715264,3.713229516769336
37183054403,9.46639550513347,3.700665015058179
37183054404,9.429607720054757,3.705258689253936
37183054500,9.824093413415469,3.734365590006845
37183980100,9.786306058863792,3.753446238877481
37183980200,9.814200401779603,3.751798289527721
37185950101,8.572049683093771,3.696696578370979
37185950102,8.562059275838467,3.690129094455852
37185950103,8.613421922655715,3.692604838466804
37185950200,8.678691299794661,3.731988555099247
37185950300,8.691288612594114,3.721327110198494
37185950400,8.732393592744695,3.714677528405202
37187950100,7.927592728952772,3.385415656399726
37187950200,8.142273775496236,3.332628667351129
37187950300,7.982897859685147,3.400417585900068
37189920100,8.0625891321013,3.279393045859001
37189920200,8.109061088295688,3.317038804928131
37189920300,8.093192826146475,3.267918290896646
37189920400,8.093042197809719,3.257658844626968
37189920500,8.11370634017796,3.23805540862423
37189920601,8.135035943189596,3.24346127652293
37189920602,8.127242135523614,3.258861633127994
37189920701,8.12679879945243,3.288602483915127
37189920702,8.213881379876797,3.298864942505134
37189920703,8.13920200752909,3.249691499657769
37189920800,8.164270930869268,3.266601535249829
37189920900,8.094453177960301,3.272629790554415
37189921000,8.095635363449692,3.295112331279945
37191000101,9.55268429431896,3.825667913073238
37191000102,9.612414292950034,3.802580958932238
37191000200,9.464718734428474,3.81968920054757
37191000302,9.515806219028063,3.789812273785079
37191000303,9.538435864476386,3.80012923340178
37191000304,9.555105623545517,3.808852047227926
37191000401,9.469337067761807,3.780508503764545
37191000402,9.575924041752224,3.784494553730322
37191000500,9.644190856947296,3.765190446954141
37191000601,9.654155293634497,3.803766871321013
37191000602,9.498272883641342,3.804426039698836
37191000700,9.563562711841205,3.845760358658453
37191000800,9.597678568788501,3.871260850102669
37191000901,9.687418911019849,3.821639620123203
37191000902,9.640501520876112,3.853501599589322
37191001000,9.602834082135524,3.867601372347707
37191001101,9.654502124572211,3.814978915126626
37191001102,9.669177839151266,3.798993238193018
37191001200,9.659266251882272,3.782951022587269
37191001301,9.622165005475702,3.79433325393566
37191001302,9.642317841889117,3.775796798083504
37191001400,9.672129043805613,3.747361850787132
37191001500,9.681139451060917,3.762076206707734
37191001800,9.677970378507871,3.766495804928131
37191001900,9.660513593429158,3.765751954825462
37191002000,9.687081750171116,3.762202275154004
37193960100,8.879956389459274,3.580880192334018
37193960200,8.619984409308693,3.525008574948665
37193960300,8.796954060232717,3.571801190965092
37193960400,8.418553672142368,3.468983960301164
37193960500,8.790931442162902,3.566711876112252
37193960600,8.867171238877481,3.586334552361396
37193960700,8.787501541409993,3.560650402464066
37193960801,8.60254162422998,3.499493310746064
37193960802,8.694685897330596,3.519849216974675
37193960900,8.363142990417522,3.40245537303217
37193961001,8.827200312799452,3.534549935660506
37193961002,9.031444997262149,3.624043514715948
37193961100,8.931021811772758,3.598418780971937
37193961200,9.104529698151951,3.633636175906913
37195000100,9.350109472963724,3.82093219028063
37195000200,9.360207069130732,3.825629148528405
37195000300,9.367823250513347,3.827912210130048
37195000400,9.376017944558522,3.831384211498973
37195000501,9.345211546885695,3.822082368240931
37195000502,9.334947933607118,3.813376711841205
37195000600,9.31694076386037,3.809739958932238
37195000700,9.319415854209446,3.807299467488022
37195000801,9.35457267761807,3.822927845995893
37195000802,9.358800891854894,3.815787229979466
37195000900,9.408162449007529,3.822272655715264
37195001000,9.35034925393566,3.805977883641342
37195001100,9.223454631074606,3.7800322183436
37195001200,9.248764737166324,3.792298498288843
37195001300,9.225694266940452,3.781534342231348
37195001400,9.29312687063655,3.804294627652293
37195001500,9.327258478439425,3.800700464065708
37195001600,9.407058892539357,3.802169442847365
37195001700,9.416651683093771,3.8167479137577
37197050101,9.191730945927447,3.344596504449008
37197050102,9.149754733059548,3.442913822039699
37197050200,9.138339386721424,3.536996535934292
37197050300,9.123491995208761,3.592078334017796
37197050400,9.263996381930185,3.591401639288159
37197050501,9.276500873374401,3.507579603696099
37197050502,9.348056342915811,3.433634812457221
37199960101,8.285251828199863,3.244119939767283
37199960102,8.272485406570842,3.283937143737166
37199960200,8.298386805612594,3.322563385352498
37199960300,8.259123008898015,3.263131552361396
37199960400,8.333896160848734,3.355414242984257
38001965600,5.65449306844627,2.833565937713895
38003967900,6.962656726899384,3.342004160848734
38003968000,6.82437406091718,3.329388747433265
38003968200,6.919904780287474,3.351179374401095
38003968300,6.928032864476386,3.348218772758385
38005940100,6.497896867214237,3.277822091718001
38005940200,6.575260488706366,3.314889639288159
38005956500,6.455295101300479,3.278610221765914
38005956600,6.399332232717317,3.219550570157426
38007963100,5.584740730321698,2.66381101779603
38009952300,6.451112678986995,3.292263367556468
38009952400,6.463447872689938,3.294154161533196
38009952500,6.481449719370294,3.253428633812457
38011965200,5.565966457221082,2.799169845995893
38011965300,5.514232773442847,2.786858167008898
38013953300,6.265903078028747,3.043398665297741
38015010100,6.512586097878166,2.798190991786448
38015010200,6.505617783025325,2.788578464065708
38015010300,6.507299587953456,2.776355672142368
38015010400,6.515171993839836,2.787263396988364
38015010500,6.521794590006845,2.802262943189596
38015010600,6.496317983572895,2.809453255989049
38015010700,6.496814028062971,2.802079515400411
38015010800,6.497040154004107,2.798326256673511
38015010900,6.502411830937714,2.790861533196441
38015011001,6.496041529774127,2.798811501711157
38015011002,6.419377622176591,2.824713206707734
38015011101,6.512938706365503,2.790623098562628
38015011103,6.525339823408624,2.80815026146475
38015011104,6.510719838466804,2.808780153319644
38015011105,6.452494547570157,2.835330156057495
38015011200,6.374467564681725,2.818388678986995
38015011300,6.435691815879535,2.817217367556468
38015011400,6.257278997946612,2.887170597535934
38015011500,6.154809570841889,2.875312651608487
38017000100,7.884724112936345,3.389422516084873
38017000201,7.865037136208077,3.375487688569473
38017000202,7.86869307118412,3.374678339493498
38017000300,7.800932284736482,3.319065360711841
38017000400,7.913892741957563,3.402267076659822
38017000501,7.951444442847365,3.430746908281999
38017000502,7.926542498288843,3.406932160848734
38017000600,7.921175151266256,3.407964281314168
38017000700,7.966466517453799,3.43382809377139
38017000801,7.966810707049966,3.437700537303217
38017000802,7.948605170431212,3.434497182067077
38017000901,7.965742374401095,3.443575210814511
38017000903,7.923117011635866,3.419320513347023
38017000904,7.93246927652293,3.434180333333333
38017001001,7.936955316221766,3.446515944558522
38017001002,7.955633610540726,3.458104450376454
38017010106,7.901027697467488,3.417485177960301
38017010107,7.866466303216975,3.378217103353867
38017010108,7.876681186858316,3.407678266255989
38017010109,7.876771813826146,3.397517327857632
38017010201,7.818941334702259,3.38995331485284
38017010203,7.857615371663244,3.394988188911704
38017010204,7.858787502395619,3.405870561943874
38017010303,7.896196388090349,3.443034541409993
38017010305,7.907589676249144,3.432874140999316
38017010306,7.92994768514716,3.452276396303901
38017010307,7.903372421629021,3.448312168377823
38017040100,7.112392667351129,3.339980590006845
38017040200,7.327900460643395,3.348283889801506
38017040300,7.358827464750171,3.346255037645448
38017040400,7.672457753593429,3.325189223134839
38017040500,7.782679067761807,3.41946555578371
38017040600,7.463814134154689,3.382930416837782
38019950900,6.787301249828884,3.473940159479808
38019951100,6.778377208761122,3.475440136892539
38021973200,6.937602718685832,3.323798897330596
38021973300,6.709219406570842,3.237361071868583
38021973400,6.793130948665298,3.252328381930185
38023954500,6.321749245722108,3.148837425735797
38025962200,5.75492298973306,2.665041697467488
38027959200,6.516184832306639,3.274964351813826
38029966500,6.208045539356605,3.003660187542779
38031959600,6.537781040383299,3.258351095140315
38033962900,5.613699048596852,2.753229079397673
38035010100,7.59267352019165,3.73578807118412
38035010200,7.59913864202601,3.738889542778918
38035010300,7.596355789869952,3.73671264476386
38035010400,7.573628308008214,3.726058114989733
38035010600,7.590733926762491,3.733029852156058
38035010700,7.588064231348392,3.726149331964408
38035010801,7.582511564681725,3.727427539356605
38035010803,7.573325156057495,3.718688622176591
38035010804,7.567275891170431,3.721462262149213
38035010900,7.579846084873374,3.725771633127994
38035011000,7.583548664613279,3.724813951403148
38035011100,7.557512105407255,3.703106217659138
38035011200,7.560321924024641,3.715039906913073
38035011400,7.142163871321013,3.573507796030116
38035011700,7.434805639972622,3.643945962354552
38035011800,6.973119313483915,3.451090214236824
38035011900,7.247045937713895,3.593679923340178
38035012000,6.98236073100616,3.482640258042437
38037965900,5.779889002737851,2.809850052019165
38039968600,6.692848231348392,3.315593538672142
38041964700,5.700800927446954,2.802507748117728
38041964800,5.657142058179329,2.782905800136892
38043966800,6.189485489390828,3.002265199178645
38045972100,6.831899945242984,3.311803075290897
38045972200,6.593225004106776,3.222755513347023
38047972500,6.278136386721424,3.079588990417522
38049955600,6.324258101300479,3.183225614647502
38049955900,6.252235197809719,3.093541258726899
38051972900,6.383028785078713,3.129044248459959
38053940100,5.891809188227242,2.826866924709103
38053962300,5.810578826830938,2.763502655030801
38053962400,5.880177382614648,2.800005623545517
38053962500,5.846159055441478,2.799187819986311
38055960800,6.262841169062286,2.909811488706366
38055961000,6.138678617385352,2.914421405886379
38057961600,6.338529484599589,2.825586082819986
38057961700,6.334947045859001,2.807018432580424
38057961800,6.35848127652293,2.825481714579055
38059020100,6.497813950718686,2.831270420260096
38059020200,6.417626538672142,2.82736032238193
38059020300,6.460219000684463,2.826676902121834
38059020400,6.108029592060233,2.80045467761807
38059020500,5.977660503764545,2.78663554825462
38061940300,6.07467563449692,2.922616024640657
38061940400,5.980557594113621,2.874256249144422
38061955200,6.106452299794661,2.95913868514716
38063959000,6.680278102669404,3.365968049281314
38065961200,6.249714036276523,2.80584620807666
38067950100,7.261338622861054,3.69569788569473
38067950200,7.127694939767283,3.639813901437372
38067950300,7.173584451060917,3.646691994524298
38067950400,7.055939392881588,3.590817951403148
38067950500,7.278427176591376,3.692808950034223
38069956100,6.433424199863108,3.272279999315537
38069956200,6.328959550992471,3.181576147843942
38071957600,6.641743288158795,3.355984815195072
38071957700,6.637747006844627,3.383519299110198
38071957800,6.629616106776181,3.355284444900753
38073968900,7.133698281314168,3.365042635865845
38073969000,7.002444108829569,3.35784674606434
38073969100,7.05486764476386,3.367698902121834
38075952900,6.370206273100616,3.158872015058179
38077970700,7.406580982888433,3.416790456536619
38077970800,7.391257269678302,3.457238600273785
38077970900,7.653859126625599,3.578662518822724
38077971000,7.649561620807666,3.589131146475017
38077971100,7.52130532238193,3.560688275838467
38077971400,7.294045521560575,3.460314085557837
38079941800,6.509475548939083,3.348193963039014
38079951600,6.591339995208761,3.38521712936345
38079951700,6.442589027378508,3.311798225188227
38079951900,6.513953483230664,3.32971898220397
38081974000,7.049917425735797,3.381062148528405
38081974200,7.042553423682409,3.362137659137577
38083960200,6.112918925393566,2.983026772073922
38085940800,5.829529388774812,2.865547403148528
38085940900,5.997363559890486,2.940553597535934
38087965000,5.508696804243669,2.741518353182752
38089963300,5.827168806297057,2.774473724161533
38089963400,5.84142302532512,2.778969830937714
38089963500,5.818950303216975,2.774977087611225
38089963600,5.828111042436687,2.782823140999316
38089963700,5.840354308692676,2.782060937029432
38089963800,5.839937794661191,2.787732442162902
38089963900,5.824548986995209,2.790571019164956
38089964000,5.663535334017796,2.725889942505134
38091968700,6.896341639972622,3.366602362080767
38093967000,6.425062518138262,3.18893425393566
38093967200,6.442790817932923,3.176521527720739
38093967300,6.673103627652293,3.290547019164956
38093967400,6.652419202600958,3.28249987063655
38093967500,6.616855162217659,3.259214498288843
38093967800,6.656195577002053,3.278294883641342
38095951500,6.616025475701574,3.385127858316222
38097970100,7.351531359342916,3.534420592060233
38097970200,7.217589844626968,3.47427137303217
38097970300,7.351778492813142,3.463377140999316
38097970400,7.42457220807666,3.49498602532512
38099957800,7.265597972621492,3.660273713894593
38099957900,7.250266761806982,3.652544899383984
38099958000,7.236355185489391,3.648874203285421
38099958100,7.088771721423682,3.577131449007529
38099958200,7.012119292950034,3.542896298425736
38099958300,6.79290568788501,3.451000288843258
38101010100,6.405549950034223,3.151478587953456
38101010200,6.41823622587269,3.162458508555784
38101010301,6.397464978781656,3.153342838466804
38101010302,6.382224621492129,3.139605997946612
38101010400,6.391120669404518,3.150726196440794
38101010500,6.381699571526352,3.137119016427105
38101010600,6.411618297741273,3.151778496919918
38101010700,6.418688291581109,3.159102848049281
38101010800,6.41605072073922,3.174055839835729
38101010900,6.381606013004791,3.159989078028747
38101011000,6.197055158110883,3.034885833675565
38101011200,6.242633188227242,3.060365672142368
38101011300,6.13327068514716,2.991684790554415
38103959800,6.313806747433265,3.140221681724846
38103960000,6.311184164271047,3.132113658453114
38105953400,6.182436536618754,3.017052816563997
38105953500,6.203668013689254,3.004483726899384
38105953600,6.14993443394935,2.953177204654346
38105953700,6.294860588637919,2.950571427789186
38105953800,6.282793569472964,2.93562457357974
38105953900,6.270329691991786,2.934278344969199
38105954100,6.266808913073238,2.929076618754278
39001770100,10.135665450376454,4.416529241615332
39001770200,10.287813472963724,4.481788805612594
39001770300,10.156124482546201,4.428878342915811
39001770400,10.028489618069815,4.388184366187543
39001770500,9.882463661875428,4.305619079397673
39001770600,9.935975917180014,4.346201383983573
39003010100,10.938058108829569,4.682912778234086
39003010200,11.0520664770705,4.715441176591376
39003010300,11.249299541409993,4.77843446201232
39003010600,11.370094603696099,4.837503345653662
39003010800,11.337822312799452,4.816362563997262
39003010900,11.347285086926762,4.808068019849418
39003011000,11.314392943874059,4.801763234086242
39003011200,11.243440924024641,4.75416406091718
39003011300,11.173567079397673,4.7292913045859
39003011400,11.042943297741273,4.712117264202601
39003011500,11.071688846680356,4.729180234086242
39003011600,11.237959909650924,4.781906138261465
39003011800,11.363766753593429,4.827619039698836
39003011900,11.377686728952772,4.84082912936345
39003012000,11.393113407255305,4.8433903045859
39003012100,11.417846872005476,4.85595355578371
39003012200,11.303518323066393,4.789226070499658
39003012300,11.313276798767967,4.792269857631759
39003012400,11.29149733744011,4.781778442847365
39003012600,11.276194693360712,4.775112969883641
39003012700,11.295562788501027,4.790970192334018
39003012900,11.318642295687885,4.798687703627652
39003013000,11.334851189596167,4.804845616016427
39003013100,11.344107420944558,4.811041149212868
39003013200,11.34442592128679,4.819676790554415
39003013300,11.330467412731006,4.802585118412046
39003013400,11.322911761122519,4.803305386036961
39003013600,11.285789925393566,4.782369717316906
39003013700,11.285106789185489,4.790162170431212
39003013800,11.310964816563997,4.806692169062286
39003013900,11.281407143052704,4.805321052019165
39003014000,11.221488142368241,4.780167291581109
39003014100,11.290534536618754,4.772292579739904
39005970100,10.833709904859685,4.267526466119096
39005970200,10.662454847364819,4.291637836413416
39005970300,10.776103603011636,4.372826446954141
39005970400,10.831602151266256,4.352912529089665
39005970500,10.822860796030116,4.365800778918549
39005970600,10.77812341889117,4.390456047912389
39005970700,10.812703488021903,4.393743259411362
39005970800,10.876453249144422,4.36886288569473
39005970900,10.933953046543463,4.377604284052019
39005971000,10.806774049281314,4.399770126625599
39005971100,10.745683610540726,4.395868277891855
39007000101,9.589301797399042,3.92280502532512
39007000102,9.570879067761807,3.926467281998631
39007000103,9.589246101300479,3.927991130732375
39007000200,9.662343099247091,3.93429112183436
39007000300,9.729311488021903,3.933521754277892
39007000400,9.75055115742642,3.939998901437372
39007000500,9.772989457221082,3.92607398973306
39007000601,9.768701658453114,3.935657409993155
39007000602,9.769413506502396,3.939084036960986
39007000603,9.800395414784394,3.919938808350445
39007000701,9.794873356605065,3.929766422313484
39007000702,9.843515583162218,3.9057265633128
39007000703,9.803865295687885,3.926290532511978
39007000704,9.784297122518823,3.921917741957563
39007000801,9.807149279945243,3.898279004791239
39007000802,9.869921353182752,3.885580610540726
39007000900,9.860616937029432,3.869982923340178
39007001001,10.002805216290212,3.826886701574264
39007001002,9.915422457905544,3.861263442162902
39007001101,9.938308963039014,3.827597410677618
39007001102,9.866168099247091,3.884809402464066
39007001200,9.746159301848049,3.90247499247091
39007001301,10.039800859685147,3.767852180013689
39007001302,9.889728551676934,3.832016273785079
39007001400,10.115179394250513,3.78655103559206
39009972600,10.36616174606434,4.375617965092402
39009972700,10.355685929500342,4.400866832991102
39009972800,10.362606711841205,4.42078520054757
39009972900,10.357367234770705,4.410739773442847
39009973000,10.35248059890486,4.396378223134839
39009973101,10.358814234086242,4.40346659137577
39009973200,10.364428696098563,4.425250590691307
39009973300,10.336338188227242,4.393133904859685
39009973400,10.349955983572895,4.383370711841205
39009973500,10.333085550992471,4.324281312799452
39009973600,10.39790212183436,4.355219062286105
39009973700,10.339945181382615,4.399396264887064
39009973800,10.362455303901437,4.441719947296372
39009973901,10.353650358658453,4.402991283367556
39009973902,10.350185822039699,4.393288049281314
39011040100,11.149050205338809,4.771063556468172
39011040200,11.400078017111567,4.860966843258042
39011040300,11.411551403148528,4.8736594366872
39011040400,11.431402908966461,4.880153924709103
39011040500,11.47314856605065,4.887570496235455
39011040600,11.523971778234086,4.906306131416838
39011040900,11.52456394661191,4.899205190965092
39011041000,11.529474054072553,4.896242616016427
39011041100,11.381935862422998,4.866907857631759
39011041201,11.535129640657084,4.904270817932923
39011041202,11.522480341546886,4.902056624914442
39013010100,10.75032504312115,3.586105020533881
39013010200,10.733813678302532,3.67768455578371
39013010300,10.760848468172485,3.68804967761807
39013010600,10.682362107460643,3.913758475701574
39013010700,10.630762380561259,3.992229078028747
39013010802,10.642164293634497,3.967178002053388
39013010900,10.608060853524983,4.040979140314853
39013011000,10.612420593429158,4.008446320328542
39013011200,10.66711192128679,3.844631920602327
39013011300,10.643785883641342,3.693770349075975
39013011400,10.706626389459274,3.703908380561259
39013011500,10.687439085557837,3.668811507186858
39013011600,10.694849015058179,3.665443253251198
39013011700,10.705354810403833,3.646307516769336
39013011900,10.725640078028747,3.584291191649555
39013012000,10.732072301848049,3.552978647501711
39013012100,10.720600447638604,3.548178468856947
39013012200,10.710673750171116,3.838868875427789
39013012300,10.725809572210814,3.80635619028063
39013012400,10.741196054072553,3.762931620807666
39015951201,10.777042810403833,4.558515062286105
39015951202,10.663220171800137,4.535124056810404
39015951300,10.585412850102669,4.515741539356605
39015951400,10.431149859685147,4.507618238193018
39015951500,10.323099255989049,4.474558559206023
39015951600,10.09450994661191,4.408796868583162
39015951700,10.15650863449692,4.418382968514716
39015951800,10.264319730321698,4.440413443531828
39015951900,10.382230399041752,4.456874177275838
39017000100,11.87729045174538,4.613421494182067
39017000200,11.836342446954141,4.612096555099247
39017000300,11.815280910335387,4.616359553730322
39017000400,11.852289338809035,4.622637674880219
39017000500,11.87011792881588,4.629650065023956
39017000600,11.829366345653662,4.636532069815195
39017001001,11.737897692676249,4.62005051266256
39017001002,11.684725181382615,4.592760209445585
39017001100,11.744229279945243,4.599849381245722
39017001300,11.72371680971937,4.602181517453799
39017010101,11.235549069815195,4.503279504449008
39017010102,11.178767704312115,4.484121915811088
39017010103,11.229335538672142,4.496036366187543
39017010104,11.245631367556468,4.50737375633128
39017010201,11.261732473648186,4.511206331279945
39017010202,11.248815642710472,4.496426181382615
39017010203,11.411995241615332,4.517528814510609
39017010301,11.63259564476386,4.60537621560575
39017010302,11.383297596167009,4.545062997262149
39017010500,11.795937871321013,4.628531135523614
39017010600,11.773022916495551,4.626824371663244
39017010800,11.635456986995209,4.566370594798084
39017010901,11.842729318275154,4.594788184804928
39017010903,11.928418445585216,4.624020800821355
39017010904,11.90053018275154,4.613584848049281
39017010906,11.933728349075975,4.6337128678987
39017010907,11.97413687816564,4.649166182067077
39017010908,11.993424171115674,4.657000711156742
39017010909,12.001674921971253,4.665936639288159
39017010910,11.892414808350445,4.614132183436003
39017010911,11.82653829705681,4.592639082135524
39017011002,11.893054073921971,4.648316268309377
39017011003,11.964179164271047,4.661023394934976
39017011004,11.931432937029432,4.648450360027378
39017011109,12.0011758275154,4.706188125941136
39017011110,12.002109977412731,4.697584550308008
39017011111,11.970199167693361,4.692291022587269
39017011112,12.017431930869268,4.688215602327173
39017011116,12.016310563997262,4.68612083504449
39017011117,11.999901520876112,4.673714904175222
39017011118,11.971037166324435,4.70651826899384
39017011120,12.008990180013689,4.69946683504449
39017011121,11.995667021218344,4.685435366187543
39017011122,12.017291256673511,4.671655333333333
39017011123,12.037605902121834,4.678340751540041
39017011125,12.008860523613963,4.693220753593429
39017011126,12.030509119780972,4.701941832306639
39017011127,12.028030709103354,4.703225604380561
39017011128,12.0551868275154,4.70099823340178
39017011129,12.033486002053388,4.692366845995893
39017011130,11.969721559890486,4.682134655715264
39017011131,12.037583598220397,4.697189237508556
39017011200,11.99966946201232,4.669157271047228
39017011300,11.997728440109514,4.653305223819302
39017011800,11.865484582477755,4.640806683093771
39017012100,11.777154061601643,4.658269384668036
39017012200,11.858922036960986,4.651514420944558
39017012300,11.863266593429158,4.671189832991102
39017012400,11.853480815879535,4.662803711156742
39017012500,11.907634748117728,4.661878445585216
39017012600,11.897350013004791,4.656923212183436
39017012700,11.889430229295003,4.646006399041752
39017013000,11.91132402532512,4.639834953456537
39017013100,11.935443199863108,4.64971832238193
39017013200,11.934959780971937,4.657243008898015
39017013300,11.935344671457906,4.653134468172485
39017013400,11.957303206023272,4.657484503080082
39017013500,11.978652141683778,4.653455825462012
39017013600,11.952619317590691,4.656023012320328
39017013900,11.991098507186858,4.64728087063655
39017014000,11.940149049281314,4.63912150513347
39017014100,12.004433223819302,4.65570609377139
39017014300,11.771375520876112,4.635328308008214
39017014400,11.907024516769336,4.655241390143737
39017014600,11.792754578370979,4.612006125256674
39017014700,11.768499251882272,4.614495061601643
39017014800,11.660374438056126,4.58371902532512
39017014900,11.725472059548255,4.593186908966461
39017015000,11.50361585284052,4.55588534770705
39017015100,11.927888644079398,4.654605067761807
39019720100,10.930069008898015,3.802052689938398
39019720200,11.105038263518138,3.862214095824778
39019720300,11.185492312799452,3.890143919917864
39019720400,11.073191069130732,3.93576984257358
39019720500,10.90473955578371,3.835241054757016
39019720600,10.785559136892539,3.744880281314168
39019720700,10.864974088295688,3.911461052019165
39021010100,10.990707460643395,4.605082685831622
39021010200,11.126797761806982,4.670811123887748
39021010400,11.045243347022587,4.614866181382615
39021010500,11.044591388774812,4.602356606433949
39021010600,11.065090710472279,4.600335617385352
39021011001,11.129214893223819,4.613947078028747
39021011501,10.990479188227242,4.624800125256674
39021011504,11.079843968514716,4.588212574948665
39021011505,11.051250529774127,4.575856961670089
39021011506,11.022923379876797,4.598783776865161
39023000200,11.172823684462697,4.492948574948665
39023000300,11.160533872005476,4.493669672142368
39023000400,11.151278986995209,4.491520136208077
39023000500,11.14827341615332,4.494648581793292
39023000600,11.166130038329911,4.489418034223135
39023000700,11.178102628336756,4.499698808350445
39023000901,11.18421417522245,4.497928722108145
39023000902,11.186914186858316,4.496389921971253
39023001000,11.188147513347023,4.501566795345654
39023001101,11.167894681724846,4.49459772347707
39023001102,11.170546633127994,4.492551788501027
39023001200,11.148863820670773,4.493375798767967
39023001300,11.131689292265572,4.487917173169062
39023001400,11.125098151266256,4.50040728678987
39023001500,11.13224339835729,4.496702377138946
39023001600,11.106952613278576,4.500715825462012
39023001700,11.141630073237509,4.505824508555784
39023001900,11.197718663928816,4.515657268309377
39023002000,11.238946430527036,4.539390264887064
39023002100,11.204733088295688,4.514875945242984
39023002200,11.097016203285421,4.502606340862423
39023002301,11.038740533880904,4.546946544147844
39023002403,11.142676764544832,4.521602216974675
39023002404,11.157745753593429,4.513727224503764
39023002501,11.141590272416153,4.52296643394935
39023002502,11.219929809034908,4.547370360027378
39023002601,11.276467709103354,4.632708201232033
39023002602,11.211196373716632,4.573060839835729
39023002605,11.113889889801506,4.544806292265572
39023002606,11.137137498973306,4.549530696098563
39023002701,11.373488498973306,4.649099290896646
39023002702,11.41199999247091,4.654147005475702
39023002800,11.328893249828884,4.594324733059548
39023002901,11.440924171800137,4.642895277891855
39023002902,11.436989296372348,4.633292438740589
39023003001,11.36856037303217,4.587113323066393
39023003002,11.253364813826146,4.531189930869268
39023003101,11.329879392197125,4.580199562628337
39023003102,11.302444334017796,4.558945806297057
39023003200,11.069544303901437,4.492784726214921
39023003301,11.004692958247776,4.529604693360712
39023003302,10.931018227241615,4.509451329226557
39023003400,11.18752003559206,4.499909248459959
39023003700,11.17392220054757,4.522909570157426
39025040101,10.928741700205339,4.566199971252567
39025040102,11.050049299110198,4.572429321013005
39025040202,11.178576153319644,4.60063037577002
39025040203,11.432922517453799,4.640626690622861
39025040204,11.293347180698152,4.609615779603012
39025040301,11.69184056605065,4.666795765229295
39025040302,11.615283713894593,4.655838501026694
39025040303,11.545957587953456,4.650602761122519
39025040401,11.700382826146475,4.657562917864476
39025040403,11.521793668720055,4.635799968514716
39025040404,11.612545498973306,4.655592726214921
39025040405,11.706248527720739,4.661919629021218
39025040500,11.624734796714579,4.651180809034908
39025040600,11.405765778234086,4.614590789185489
39025040701,11.501483522245038,4.633049320328542
39025040702,11.389562887063655,4.612959981519507
39025040800,11.134694814510609,4.579419832306639
39025040900,10.75752836550308,4.505239981519507
39025041000,10.998989454483231,4.533763869267625
39025041101,11.033749852156058,4.553958975359343
39025041102,11.136253572895277,4.559360316906229
39025041103,11.070246021218344,4.536419081451061
39025041200,11.265104917180014,4.567926744695414
39025041303,11.29610709650924,4.579788901437372
39025041304,11.388867540041068,4.606283155373032
39025041305,11.334655751540041,4.572269954825462
39025041306,11.345033140314853,4.593283177960301
39025041307,11.388347912388775,4.607799151266256
39025041403,11.464586310061602,4.596690810403833
39025041404,11.407079818617385,4.577398561259411
39025041405,11.497899830253251,4.610709204654346
39025041406,11.552148528405202,4.630196399041752
39025041501,11.110037958932238,4.522021498973306
39025041502,11.040482311430527,4.52456775633128
39025041600,10.870815305270363,4.473810937713895
39025041701,10.788779399726215,4.482671589322382
39025041702,10.645613898699521,4.438845889117043
39025041800,10.643057374401095,4.488090119096509
39025041900,10.595591163586584,4.467902811088296
39025042000,10.373760498973306,4.398923932238193
39027964300,10.761410344969199,4.574248726214921
39027964400,10.949910958247776,4.593139382614648
39027964500,10.911144470910335,4.596785153319644
39027964600,10.890495182067077,4.595767185489391
39027964700,10.881785726214921,4.603789356605065
39027964800,10.943265878850103,4.597859951403148
39027964900,10.952619418206708,4.590408952087611
39027965000,10.778516511293634,4.574673793292266
39027965100,10.723137720054757,4.576178362765229
39029950100,10.99248498220397,3.612322275154004
39029950200,10.964751362080767,3.662164180698152
39029950300,10.950684676249144,3.68704964202601
39029950400,10.940645466119096,3.703185782340862
39029950500,10.973598368240931,3.755137628336756
39029950600,10.988927637919233,3.752914457905544
39029950700,10.997551349760438,3.774409711156742
39029950800,11.019638323750856,3.802165969883641
39029950900,11.108296453798768,3.849967394934976
39029951000,11.03741853798768,3.821456600273785
39029951100,10.919642485968515,3.71755636550308
39029951200,10.86196653045859,3.712798952087611
39029951300,10.81708770294319,3.6132769137577
39029951400,10.912857128678987,3.614799692676249
39029951500,11.001986396303901,3.569349744695414
39029951600,10.954642871321013,3.547341142368241
39029951700,10.86046962696783,3.538125430527036
39029951800,10.831545265571526,3.494127636550308
39029951900,10.896876224503764,3.490370149897331
39029952000,10.924235830253251,3.492182401779603
39029952100,10.904129121149897,3.463005672142368
39029952200,10.945444283367556,3.45371485284052
39029952300,10.921103822724162,3.463422495550992
39029952400,10.984702554414784,3.491475165639973
39031960900,10.999002811088296,4.371758568788501
39031961000,10.9244139137577,4.416804258726899
39031961100,10.747125659137577,4.406946273100616
39031961200,10.865983417522245,4.433928896646133
39031961300,10.933908074606434,4.433676914442163
39031961400,10.917917950034223,4.437442563997262
39031961500,10.941648496919918,4.434906496235455
39031961600,10.915267219712526,4.428752758384668
39031961700,10.945308184804928,4.427188707734428
39031961800,10.908970480492813,4.375809056810404
39033974100,10.634394041067762,4.488628471594798
39033974200,10.83789551266256,4.609943726899384
39033974300,10.854535097878166,4.612731770704997
39033974400,10.816313043805613,4.588119448323066
39033974500,10.826484555099247,4.5900023045859
39033974600,10.839521918548939,4.59458880971937
39033974700,10.748455427104723,4.542821492813142
39033974800,10.682382802190281,4.487939453114305
39033974900,10.713263341546886,4.501347414099932
39033975000,10.741436926762491,4.517990726214921
39033975100,10.747669876796715,4.523777863107461
39033975200,10.778376991101985,4.546422371663244
39033975300,10.725289281998631,4.501981999315537
39035101101,11.6043373908282,3.838793690622861
39035101102,11.572328582477755,3.84537126899384
39035101200,11.611545817932923,3.817106323066393
39035101300,11.573518960301164,3.852091492813142
39035101400,11.583795535249829,3.85363670294319
39035101501,11.59500012183436,3.843169959616701
39035101603,11.617270177275838,3.843222956194387
39035101700,11.620520798083504,3.841681460643395
39035101800,11.634686958932238,3.828087446269678
39035101901,11.642994417522245,3.814320038329911
39035102101,11.59863533744011,3.858720641341547
39035102102,11.608454734428474,3.868626681040383
39035102200,11.615549453114305,3.850170789869952
39035102300,11.620506211498973,3.849506498288843
39035102401,11.643999273100616,3.837234988364134
39035102402,11.641013752224504,3.836216006844627
39035102700,11.67692770568104,3.822365388090349
39035102800,11.700254793292266,3.807970878850103
39035102900,11.721220743326489,3.803021466803559
39035103100,11.635192610540726,3.801417616016427
39035103300,11.651339651608487,3.790077619438741
39035103400,11.658613985626283,3.812943162217659
39035103500,11.671816239561944,3.805156023956194
39035103602,11.657960941136208,3.796233003422314
39035103800,11.710501829568788,3.800933317590691
39035103900,11.720991167693361,3.785320101984942
39035104100,11.72501988569473,3.782788108145106
39035104200,11.729737446269678,3.763227028747433
39035104300,11.75037981724846,3.765461606433949
39035104400,11.759759034223135,3.773517633812457
39035104600,11.731896271047228,3.793710112936345
39035104800,11.765947779603012,3.783709533880904
39035104900,11.733709335386721,3.809599355920602
39035105100,11.692136937713895,3.839172266255989
39035105300,11.69863470294319,3.815449796714579
39035105400,11.727037315537303,3.82389412936345
39035105500,11.741748650924025,3.815457023271732
39035105602,11.757396542778918,3.820635098562628
39035105700,11.753733466119096,3.836201105407255
39035105900,11.723239379876797,3.862115076659822
39035106100,11.694231815195072,3.83967176659822
39035106200,11.68827483504449,3.849376894592745
39035106300,11.724412197125257,3.833459318959617
39035106400,11.71471732991102,3.850522464750171
39035106500,11.683769506502396,3.870251214236824
39035106600,11.700294489390828,3.867125856947296
39035106800,11.733098418206708,3.847608063655031
39035106900,11.743404947296372,3.85418498220397
39035107000,11.755857118412046,3.84557001779603
39035107101,11.59360041615332,3.781401141683778
39035107701,11.675957407255305,3.77340509377139
39035107802,11.63923172073922,3.778670718685832
39035108201,11.54990028678987,3.79105614715948
39035108301,11.62124609650924,3.777282629021218
39035108400,11.596955715263518,3.782734138945927
39035108701,11.666846124572211,3.779457703627652
39035109301,11.693626570157426,3.766433443531828
39035109701,11.72156331485284,3.773315088295688
39035109801,11.721099648870637,3.782402508555784
39035110501,11.758893122518823,3.785480097193703
39035110801,11.776037691991786,3.792493813141684
39035110901,11.788993673511294,3.795972693360712
39035111202,11.462808680355921,3.803503057494866
39035111401,11.43182621560575,3.802802588637919
39035111500,11.529933248459959,3.792109945927447
39035111600,11.518752928131417,3.798620519507187
39035111700,11.502505777549624,3.800139138945927
39035111800,11.516776826830938,3.796861203969884
39035111902,11.496023941136208,3.800163364818617
39035112100,11.556566452429843,3.792831350444901
39035112200,11.52863663449692,3.801745712525667
39035112301,11.60554946201232,3.79485158110883
39035112400,11.577446167693361,3.793143562628337
39035112500,11.563244483915127,3.799105036276523
39035112600,11.548997618069815,3.801418804928131
39035112800,11.601211678302532,3.797179446269678
39035113101,11.619572856947296,3.79471487816564
39035113500,11.633502825462012,3.801057948665298
39035113600,11.62713087816564,3.81231006091718
39035113801,11.692169655715264,3.787081125256674
39035114100,11.668971344969199,3.797085323066393
39035114300,11.712550175906913,3.804608739904175
39035114501,11.70615895687885,3.817746021218344
39035114600,11.748808167008898,3.800084887748118
39035114700,11.721973820670773,3.794863796714579
39035114900,11.765811277207392,3.812453767282683
39035115100,11.773189947296372,3.817960323066393
39035115200,11.765864013004791,3.816633351813826
39035115300,11.74561756605065,3.824482495550992
39035115400,11.764627828199863,3.826624413415469
39035115700,11.7590492183436,3.832681889801506
39035115800,11.740877621492129,3.837668235455168
39035115900,11.724222633127994,3.853011344284736
39035116100,11.393608943874059,3.802347480492813
39035116200,11.376687081451061,3.8098787816564
39035116300,11.363216433264887,3.806932908281999
39035116400,11.444995018480493,3.808159718001369
39035116500,11.422743163586584,3.811799195071869
39035116600,11.410380008898015,3.80716867008898
39035116700,11.327503214921287,3.808783334017796
39035116800,11.388188682409309,3.811986265571526
39035116900,11.30280912183436,3.806601905544148
39035117101,11.204656370294319,3.819763945242984
39035117102,11.237787785763176,3.808980708418891
39035117201,11.156705529774127,3.821114482546201
39035117202,11.188720840520192,3.822882700205339
39035117300,11.27320398220397,3.807314863791923
39035117400,11.222172909650924,3.80386151266256
39035117500,11.25169190622861,3.808243015058179
39035117600,11.146915493497604,3.831149667351129
39035117700,11.112268036960986,3.836009013689254
39035117800,11.189080800821355,3.83220965229295
39035117900,11.247398244353183,3.820849627652293
39035118101,11.478392543463381,3.802471990417522
39035118200,11.470598032854209,3.813573392197125
39035118301,11.506650295687885,3.808394943189596
39035118400,11.447589637919233,3.809784006160164
39035118500,11.472333216974675,3.813075467488022
39035118602,11.524895685831622,3.801526005475702
39035118700,11.53064632991102,3.812736608487337
39035118800,11.516433419575633,3.821295874058864
39035118900,11.57814279192334,3.8065164770705
39035119100,11.570501891854894,3.814467525667351
39035119202,11.592069391512663,3.81681611430527
39035119300,11.625377187542779,3.823961234770705
39035119401,11.589307822039699,3.821341000684463
39035119402,11.623748362765229,3.834472145106092
39035119501,11.582258343600274,3.83832694661191
39035119502,11.602648455852156,3.837358226557153
39035119600,11.66315236550308,3.832262975359343
39035119701,11.609010108829569,3.848511948665298
39035119702,11.627980318275154,3.835475863791923
39035119800,11.626975377138946,3.837992537303217
39035119900,11.599632685831622,3.859042838466804
39035120200,11.677762632443532,3.820091206707734
39035120400,11.701024789185489,3.840206221765914
39035120500,11.686839803559206,3.835147495550992
39035120600,11.667876544147844,3.847089745379877
39035120701,11.63865949486653,3.851397379876797
39035120702,11.646121414784394,3.858487147843942
39035120801,11.606834798767967,3.869984154004107
39035120802,11.615127124572211,3.859489518822724
39035121100,11.660460474332649,3.855928242984257
39035121200,11.637618948665298,3.865503458590007
39035121300,11.695744360027378,3.850129672826831
39035121401,11.657346743326489,3.869651971937029
39035121403,11.654237182067077,3.878214364818617
39035121500,11.619921182067077,3.874584531143053
39035121700,11.583714909650924,3.87906574606434
39035121800,11.547464039698836,3.887960171800137
39035121900,11.598222402464066,3.883621788501027
39035122100,11.564668442162902,3.890403457221082
39035122200,11.620969958932238,3.895964985626283
39035122300,11.585385707049966,3.906003378507871
39035123100,11.484492149897331,3.886782654346338
39035123200,11.515538556468172,3.871704063655031
39035123400,11.45953128678987,3.890967640657084
39035123501,11.560698378507871,3.870134762491444
39035123502,11.515871808350445,3.87696368788501
39035123601,11.476419315537303,3.89069479192334
39035123602,11.427271947980835,3.900246658453114
39035123603,11.482112201916496,3.8869433045859
39035123700,11.4044334366872,3.902098459958932
39035123800,11.444479600273785,3.892740064339494
39035123900,11.550735174537988,3.878350516769336
39035124100,11.57859915742642,3.864562065708419
39035124201,11.518884788501027,3.884145207392197
39035124202,11.5068535229295,3.88921553045859
39035124300,11.546763456536619,3.875862589322382
39035124500,11.49817113963039,3.888357733059548
39035124600,11.561526917864476,3.880860214921287
39035126100,11.246476613963039,3.827427850102669
39035127501,11.708093194387406,3.8427574770705
39035130103,10.959269824093087,3.908375791238878
39035130104,11.033303580424367,3.904977608487337
39035130105,11.110620628336756,3.906288535249829
39035130106,11.181748809034908,3.907395958932238
39035131102,11.410957568104038,3.90640741889117
39035131103,11.363144067077344,3.889641023956194
39035131104,11.326470876112252,3.890269922655715
39035132100,11.530093650924025,3.926928569472964
39035132200,11.494153442162902,3.942580980835044
39035132301,11.55538738329911,3.935598932238193
39035132302,11.509389345653662,3.947484826830938
39035133103,11.488472521560575,3.92755167761807
39035133104,11.439526909650924,3.931567327173169
39035134100,11.338745681040383,3.930925081451061
39035134203,11.28994190349076,3.945647101300479
39035134204,11.327889223134839,3.945291150581793
39035134205,11.301367351129363,3.962065508555784
39035134206,11.332109863791923,3.956764917864476
39035134300,11.360684826830938,3.941456273785079
39035135103,11.583099527720739,3.972265162902122
39035135104,11.576941332648871,3.971977923340178
39035135105,11.518829167008898,3.987956479123888
39035135106,11.510580810403833,3.982695710472279
39035136101,11.574835599589322,3.966926078028747
39035136102,11.50847166255989,3.988034892539357
39035136103,11.58022464202601,3.972218809034908
39035137101,11.623127405886379,3.862917171115674
39035137102,11.641762739904175,3.865519159479808
39035137103,11.635895708418891,3.874095481177276
39035138105,11.319996507186858,3.925408983572895
39035138106,11.415984778234086,3.908874911704312
39035138107,11.464314466119096,3.893310551676934
39035138108,11.453584253251198,3.901420825462012
39035138109,11.501460128678987,3.889131600958248
39035138110,11.500634525667351,3.904892004106776
39035140100,11.297333872005476,3.831802507186858
39035140301,11.344281749486653,3.827014485284052
39035140302,11.348388353182752,3.832888059548255
39035140400,11.349616381930185,3.846710308692676
39035140500,11.314864084188912,3.8411099137577
39035140600,11.457923028062971,3.839897918548939
39035140701,11.419013528405202,3.835855837097878
39035140702,11.451463485284052,3.844734489390828
39035140800,11.388195564681725,3.846845984257358
39035140900,11.433368947296372,3.855707045174538
39035141000,11.4676851321013,3.821926683778234
39035141100,11.488355099247091,3.823156370294319
39035141200,11.497038912388775,3.831657556468172
39035141300,11.557410752224504,3.833872293634497
39035141400,11.515518217659138,3.837092976728268
39035141500,11.51947429431896,3.852863594798084
39035141601,11.508470770704997,3.855752284736482
39035141602,11.484194874058864,3.848585893908282
39035141700,11.491580667351129,3.856065114989733
39035150100,11.345327934976044,3.812235407939767
39035150300,11.391482396303901,3.815271331964408
39035150400,11.373872188911704,3.815434306639288
39035151100,11.322550643394935,3.813638069815195
39035151200,11.314866217659138,3.822221670773443
39035151300,11.384645177275838,3.82197019028063
39035151400,11.369794411362081,3.818893162902122
39035151500,11.415378315537303,3.816143700205339
39035151600,11.443153160164271,3.822451221765914
39035151700,11.458028904859685,3.818745145106092
39035151800,11.439289397672827,3.814025219712526
39035152101,11.029130917180014,3.846107180698152
39035152102,11.043931707734428,3.847948823408624
39035152201,10.981281333333333,3.85802518275154
39035152202,10.998144811772758,3.856886263518138
39035152301,10.907617136208077,3.864562791238878
39035152302,10.927764475017112,3.862687069130732
39035152303,10.984792532511978,3.862450094455852
39035152400,11.083848831622177,3.840183863107461
39035152501,11.085301433264887,3.850532328542094
39035152502,11.075985751540041,3.848878044490075
39035152603,11.108663003422314,3.853154561943874
39035152604,11.119106290212183,3.859182983572895
39035152701,11.192007678302532,3.833703774811773
39035152702,11.219469190965092,3.841573032854209
39035152703,11.177853710472279,3.844080954825462
39035153103,11.338299175906913,3.917373140314853
39035153104,11.311621084873374,3.906232399726215
39035153105,11.352502863791923,3.901001247091034
39035153106,11.32580418275154,3.911976569472964
39035153107,11.410333625598905,3.90282872347707
39035154100,11.716200258726899,3.865872084873374
39035154200,11.688306869952088,3.877528285420945
39035154300,11.679393651608487,3.87687598973306
39035154400,11.715905559890486,3.867709874058864
39035154501,11.69217645927447,3.886040026694045
39035154502,11.652830993839836,3.908398409308693
39035154601,11.659224191649555,3.888377143737166
39035154603,11.652839210130048,3.900884565366188
39035154604,11.636319511978097,3.908535809034908
39035154700,11.637429814510609,3.889477108145106
39035155101,11.096428800821355,3.877485546885695
39035155102,11.171367137577002,3.877945341546886
39035156101,11.696336421629021,3.902418657084189
39035156102,11.641588214921287,3.93926880698152
39035160100,11.379528954140999,3.885591529089665
39035160200,11.415161872005476,3.887571069130732
39035160300,11.433267114989733,3.887477326488706
39035160400,11.464656889117043,3.884049975359343
39035160500,11.488821049965777,3.874233176591376
39035160601,11.511380289527721,3.860069370978782
39035160602,11.532336417522245,3.859573874058864
39035160700,11.381837286105407,3.891236242299795
39035160800,11.403077409308693,3.89597667008898
39035160900,11.432502470225873,3.892706206023272
39035161000,11.44568632991102,3.893680700205339
39035161100,11.457003108145106,3.879208370294319
39035161200,11.491326211498973,3.886183184120465
39035161300,11.504973789185489,3.885139453114305
39035161400,11.51558196440794,3.868914861738535
39035161500,11.529941433264887,3.875106026009582
39035161600,11.534206392197125,3.867018291581109
39035161700,11.557193570841889,3.85893153798768
39035161800,11.550662525667351,3.857153889801506
39035170101,11.256051121149897,3.866222926078029
39035170102,11.231777167008898,3.88072987063655
39035170201,11.301630514031485,3.879919476386037
39035170202,11.251767733744011,3.888453762491444
39035171102,11.559147598220397,3.924611533196441
39035171103,11.602147483915127,3.911186813826146
39035171104,11.541472965776865,3.917748366187543
39035171203,11.625058650239562,3.91108167008898
39035171204,11.598857166324435,3.913098229295003
39035171205,11.606509744010951,3.928402709787817
39035171206,11.610329471594798,3.932789405201916
39035172101,11.179855926078029,3.886930661875428
39035172102,11.142680073921971,3.884400391512663
39035172103,11.102080422313484,3.891031277207392
39035172201,11.184525195071869,3.890005626283368
39035172202,11.170426486652977,3.891166366187543
39035173103,11.48809629705681,3.918589483915127
39035173104,11.41814766255989,3.919454776180698
39035173105,11.464605658453114,3.944175623545517
39035173106,11.440714280629706,3.946425961670089
39035173107,11.394756945927447,3.94127956605065
39035174103,11.115635841204654,3.947098004106776
39035174104,11.153703054072553,3.936963126625599
39035174105,11.200044571526352,3.935014348391513
39035174106,11.241072509924709,3.920532826146475
39035174107,11.267102210130048,3.917421406570842
39035174203,11.118710367556468,3.963195752224504
39035174204,11.163077314168378,3.949823515400411
39035174205,11.219682242984257,3.935923525667351
39035174206,11.246835275838467,3.927527528405202
39035174207,11.288704902806297,3.924750933607118
39035175103,11.473814005475702,3.968099990417522
39035175104,11.508839188227242,3.958540004106776
39035175105,11.52507044421629,3.969369331964408
39035175106,11.565528113620808,3.951922624914442
39035175201,11.427231115674196,3.996358268309377
39035175202,11.467221447638604,3.994522770704997
39035176100,11.227619783025325,3.954090019164956
39035176200,11.240061664613279,3.969117882272416
39035177101,11.560910289527721,3.891366167008898
39035177103,11.622869260095825,3.884106728268309
39035177104,11.643521959616701,3.880150455167693
39035177201,11.663149728952772,3.886370812457221
39035177202,11.686876219712526,3.878223500342231
39035177302,11.683758793976728,3.893206503080082
39035177303,11.709198192334018,3.871387077344285
39035177304,11.702463531143053,3.878449356605065
39035177403,11.62211370568104,3.901569533196441
39035177404,11.604754367556468,3.91008349486653
39035177405,11.635230478439425,3.908546867214237
39035177406,11.665354835728953,3.894892840520192
39035177501,11.66749401026694,3.900328470910335
39035177503,11.643351099247091,3.921090413415469
39035177504,11.623014832306639,3.931424719370294
39035177505,11.605853125256674,3.944518871321013
39035177604,11.524799385352498,3.937436372347707
39035177605,11.494956240246407,3.945357434633812
39035177606,11.575834880903491,3.927358473648186
39035177607,11.550882188227242,3.946270832306639
39035177608,11.617086653661875,3.913331609856263
39035177609,11.582078088980151,3.941591089664613
39035178101,11.532796191649555,3.907511110882957
39035178102,11.563612984941821,3.89749121560575
39035178201,11.587873377823409,3.912836953456537
39035178204,11.561013266255989,3.91654043394935
39035178205,11.544008216974675,3.923511559890486
39035178206,11.525796716632444,3.92261216495551
39035179101,11.305338116358658,3.898854101300479
39035179102,11.237826062970568,3.908053019164956
39035180102,11.198608265571526,3.861187065023956
39035180103,11.152932824093087,3.860653191649555
39035180104,11.108932611909651,3.869991012320328
39035181100,11.297329427789186,3.896507983572895
39035181201,11.30742754825462,3.902675803559206
39035181203,11.369325388774812,3.89407927652293
39035181204,11.3743338275154,3.900576368925394
39035182103,11.714665347022587,3.884242740588638
39035182104,11.685576560574949,3.907182391512663
39035182105,11.66373709650924,3.924045266255989
39035182106,11.635887387405886,3.94604063449692
39035183100,11.563486524982888,3.853597483230664
39035183200,11.496520180013689,3.870476667351129
39035183300,11.424167711841205,3.879330830253251
39035183401,11.567172509924709,3.856553913073238
39035183402,11.589300070499658,3.859143036276523
39035183501,11.498563734428474,3.88694209377139
39035183502,11.543200085557837,3.867898201916496
39035183603,11.580835991786448,3.866271177275838
39035183604,11.567004015058179,3.881882302532512
39035183605,11.509076819301848,3.88791234770705
39035183606,11.53716041615332,3.880107438740589
39035184103,11.319248423682409,3.940929958247776
39035184104,11.370757101300479,3.94335327652293
39035184105,11.330173621492129,3.952682724845996
39035184106,11.321652546885695,3.948225012320328
39035184108,11.247157119096509,3.947049125941136
39035185101,11.265759566735113,3.843146514715948
39035185102,11.290884032169747,3.850258169062286
39035185103,11.31267202532512,3.854338902806297
39035185104,11.256623123203285,3.860554410677618
39035185201,11.415486431211499,3.861285542778918
39035185202,11.367035618069815,3.859105440793977
39035185203,11.339231210130048,3.864894650239562
39035186103,11.310320122518823,3.984622728952772
39035186104,11.357103194387406,3.968498074606434
39035186105,11.302237288843258,3.973892678302532
39035186106,11.376504221081451,3.972803665982204
39035186107,11.427236654346338,3.969063532511978
39035186201,11.35346848733744,4.000661431211499
39035186202,11.335794585215606,4.012377244353183
39035186203,11.376317153319644,3.993218913073238
39035186205,11.31199705065024,3.999775692676249
39035186206,11.275237841889117,4.00996898973306
39035187103,11.447012446954141,3.857527826146475
39035187104,11.459182022587269,3.864127635865845
39035187105,11.417444812457221,3.865956779603012
39035187106,11.397292249144422,3.878579990417522
39035188103,11.530035346338125,3.901438988364134
39035188104,11.542873660506502,3.904610764544832
39035188105,11.477777310061602,3.917964646817248
39035188106,11.472382960301164,3.921418013004791
39035188107,11.432807741957563,3.923188552361396
39035189105,11.193134988364134,3.919301110198494
39035189107,11.216776772758385,3.917622452429843
39035189108,11.08803862422998,3.933209341546886
39035189109,11.113411246406571,3.934473899383984
39035189110,11.041536661190965,3.913972856262834
39035189111,11.060461047227926,3.918169252566735
39035189112,11.199921003422314,3.926340702258727
39035190502,11.24539727926078,3.947564154004107
39035190503,11.187198993839836,3.957501739904175
39035190504,11.137645778918549,3.976561663244353
39035192300,11.739026739904175,3.874426064339494
39035192800,11.305725826830938,3.806902143052704
39035192900,11.643124649555099,3.924418383983573
39035193800,11.519532633127994,3.915609467488022
39035193900,11.471170036960986,3.91217811156742
39035194100,11.554053506502396,3.952866488706366
39035194300,11.037149656399726,3.877364866529774
39035194500,11.005548548939083,3.880852302532512
39035194800,11.353521608487337,3.914666045859001
39035194900,11.355984392197125,3.928767201916496
39035195600,11.461337145790554,3.947317255989049
39035195700,11.426817850102669,3.954972234770705
39035195800,11.224512228610541,3.937220195071869
39035195900,11.135057134839151,3.925337448323066
39035196000,11.39681281724846,3.830023547570157
39035196100,11.774140940451745,3.834998907597536
39035196200,11.025263663244353,3.863332519507187
39035196300,11.181227201232033,3.914057743326489
39035196400,11.578216733059548,3.863697607118412
39035196500,11.640088519507187,3.801464362765229
39035980100,11.754935894592745,3.763456921971253
39035980500,11.360744422313484,3.916634251882272
39035981100,11.421086047227926,3.901092793292266
39037500100,11.478591159479808,4.813854451060917
39037510100,11.320144713894593,4.6765954770705
39037520100,11.471315977412731,4.794955861738535
39037530100,11.507314416837782,4.832391264887064
39037540100,11.484425875427789,4.789143995893224
39037550100,11.41329560164271,4.725193830253251
39037555000,11.416236151950719,4.72527188843258
39037555101,11.385051620123203,4.693248818617385
39037555102,11.416652518138262,4.718596103353867
39037560100,11.249455658453114,4.578670527720739
39037570101,11.435797056810404,4.723797303901437
39037570102,11.364682359342916,4.668192240930869
39039958100,10.864311585900068,4.616975567419576
39039958200,10.746664800821355,4.544633546201232
39039958300,10.89751888843258,4.54782665229295
39039958400,10.866780289527721,4.593059388090349
39039958500,10.909301628336756,4.639224348391513
39039958600,10.923338802190281,4.645070497604381
39039958700,10.942566208761122,4.651428924024641
39039958800,10.925166739219712,4.649588813141684
39039958900,10.962651622861054,4.668161744695414
39041010100,11.254914141683778,4.563808386036961
39041010200,11.239900874743326,4.554401820670773
39041010420,11.238055399041752,4.572726546201232
39041010421,11.249055535249829,4.575459210814511
39041010422,11.238200213552361,4.581290066392882
39041010520,11.271724115674196,4.569474651608487
39041010530,11.2731042183436,4.553716533196441
39041011101,11.091847370978782,4.526990062970568
39041011102,11.052308414784394,4.450811453798768
39041011200,11.141815429842574,4.582655164271047
39041011411,11.479031043805613,4.564432387405886
39041011412,11.437964405886379,4.571861141683778
39041011413,11.354454445585216,4.577649192334018
39041011421,11.538706603011636,4.511515947296372
39041011423,11.469411155373032,4.512902754277892
39041011430,11.506645770020534,4.541753153319644
39041011520,11.493738370294319,4.483835206023272
39041011530,11.48810845927447,4.467735648186174
39041011540,11.466127211498973,4.440347077344285
39041011550,11.358332407939767,4.504467608487337
39041011560,11.305071450376454,4.46131101779603
39041011561,11.533611924709103,4.474644428473648
39041011604,11.203080272416153,4.436530248459959
39041011710,11.448675485284052,4.379364016427105
39041011730,11.409238595482546,4.400869940451745
39041011740,11.379693915126626,4.379912032169747
39041011750,11.338021313483915,4.390343584531143
39041011760,11.220942236824093,4.348320817932923
39041011762,11.462495361396304,4.412815169062286
39041011900,11.472552206023272,4.54859427926078
39041012000,11.176954008213552,4.613378765913758
39041012100,11.393092645448323,4.542168626283368
39041012200,11.296426524298426,4.54324541615332
39041012300,11.084104247775496,4.389148648870637
39041012400,11.52001029431896,4.439020410677618
39043040100,10.315610298425736,4.024408909650924
39043040200,10.342440316906229,4.065480830253251
39043040300,10.375984853524983,4.125170567419576
39043040400,10.369632602327173,4.169837130047912
39043040500,10.34210292128679,4.147036937029432
39043040600,10.145701709787817,4.060367064339494
39043040700,10.317084528405202,4.15226254072553
39043040800,10.321492631074606,4.155171004106776
39043040900,10.353664699520876,4.183389849418207
39043041000,10.3467964366872,4.171047420944558
39043041100,10.33972832991102,4.167109970568104
39043041200,10.331051036276523,4.162786201232033
39043041300,10.336986633812457,4.163179593429158
39043041400,10.351158668720055,4.173620760438056
39043041500,10.354103986310746,4.176556152635181
39043041600,10.398848553045859,4.213031570157426
39043041700,10.400785815195072,4.222549201916496
39043041800,10.45781572073922,4.253523993155373
39045030100,10.984066556468172,4.483856869952088
39045030200,10.927183811772758,4.486119726899384
39045030300,10.99226160164271,4.481035955509925
39045030400,11.094702791238878,4.47580392881588
39045030600,11.253461681724846,4.482055856947296
39045030700,11.13049155578371,4.507567225188227
39045030800,10.989771271047228,4.497640928131417
39045030900,10.913294296372348,4.484064242299795
39045031000,10.783125031485284,4.474045305270363
39045031100,10.653142823408624,4.46457017522245
39045031200,10.595298509240246,4.462332438056126
39045031300,10.699306492128679,4.478398785763176
39045031400,10.780255993839836,4.480649836413416
39045031500,10.809759604380561,4.48285246201232
39045031600,10.787218874743326,4.472377195071869
39045031700,10.781547175906913,4.489377754277892
39045032000,10.758868369609856,4.481692056125941
39045032100,10.745822843258042,4.482536119780972
39045032200,10.723696997946612,4.476285543463381
39045032300,10.715690646132786,4.482181476386037
39045032500,10.630323732375086,4.467351825462012
39045032600,10.741008413415469,4.494841832991102
39045032701,11.405754817932923,4.470520041752224
39045032702,11.438190989048597,4.463056277891855
39045032800,11.382791725530459,4.472140560574949
39045032900,11.290079925393566,4.469109871321013
39045033000,11.174932676249144,4.48611093908282
39045033100,11.256173820670773,4.476310541409993
39047925800,10.834319854893908,4.576759045174538
39047925900,10.806159046543463,4.55463525119781
39047926000,10.76176723340178,4.583580863791923
39047926100,10.786409138261465,4.582154106776181
39047926200,10.765974212867899,4.584362041752224
39047926300,10.749340950718686,4.595780127994524
39047926400,10.69861201026694,4.58470220807666
39049000110,11.69260954072553,4.458314446269678
39049000120,11.704483419575633,4.466964109514032
39049000210,11.709895188227242,4.464409186858316
39049000220,11.71559778439425,4.459041618754278
39049000310,11.717752607118412,4.451863216974675
39049000320,11.708754991786448,4.438344269678302
39049000330,11.722329540041068,4.441882158795346
39049000410,11.720816370978782,4.475213776180698
39049000420,11.722016012320328,4.458842745379877
39049000500,11.724318582477755,4.46508172073922
39049000600,11.72986832238193,4.462616163586584
39049000710,11.729998917180014,4.446180381245722
39049000720,11.73976503559206,4.446751861738535
39049000730,11.732849144421629,4.447389522245038
39049000810,11.71688692128679,4.43713493155373
39049000820,11.716347403148528,4.43092218275154
39049000910,11.72344174606434,4.440686263518138
39049000920,11.717206651608487,4.433795717316906
39049001000,11.731629064339494,4.462456114989733
39049001110,11.731335504449008,4.470896906913073
39049001121,11.731353012320328,4.469120345653662
39049001122,11.713077268309377,4.487807213552361
39049001200,11.738742613963039,4.45842690622861
39049001300,11.739299737166324,4.461667995893224
39049001400,11.750234008213552,4.453413594798084
39049001500,11.741298137577002,4.451073972621492
39049001600,11.733819798767967,4.460790967145791
39049001700,11.743129765229295,4.475574811088296
39049001810,11.742998808350445,4.476658086926762
39049001820,11.733232213552361,4.475956131416838
39049001901,11.719257739904175,4.488780086926762
39049001902,11.701830626283368,4.499671318275154
39049002000,11.730097056810404,4.474267811772758
39049002100,11.733640191649555,4.47666790349076
39049002200,11.738058919233402,4.468074348391513
39049002300,11.732215802190281,4.459814968514716
39049002510,11.72082641615332,4.450234793292266
39049002520,11.714964377138946,4.45417106844627
39049002600,11.687709445585216,4.438292483230664
39049002710,11.67893182477755,4.448277041067762
39049002730,11.663844009582478,4.444432789869952
39049002740,11.674162709103354,4.457917572210814
39049002750,11.659578458590007,4.454867613278576
39049002760,11.655758802190281,4.457148556468172
39049002770,11.639538884325804,4.450185394250513
39049002780,11.649811145790554,4.465015822724162
39049002800,11.712294770020534,4.455699197125257
39049002900,11.72304487816564,4.456711577002053
39049003000,11.732952990417522,4.471293661190965
39049003200,11.717111724845996,4.485407853524983
39049003600,11.725815149897331,4.467009378507871
39049003700,11.707647221081451,4.46811837577002
39049003800,11.712000878850103,4.461229277891855
39049004000,11.706692128678987,4.476654266940452
39049004200,11.705368057494866,4.482183026694045
39049004300,11.686137213552361,4.514433390143737
39049004500,11.649218156741958,4.527107
39049004610,11.609916882956879,4.532843876796715
39049004620,11.624770459958932,4.524480668720055
39049004700,11.634335287474333,4.520075192334018
39049004810,11.609573550308008,4.526901911704312
39049004820,11.625457873374401,4.517229527036276
39049004900,11.663376458590007,4.514820933607118
39049005000,11.688888113620808,4.499001188227242
39049005100,11.675002778234086,4.499288321697468
39049005200,11.697695130047912,4.472452039698836
39049005300,11.702715627652293,4.465852033538672
39049005410,11.697086843942505,4.464923137577002
39049005420,11.69402737303217,4.460458052019165
39049005500,11.689609143737166,4.459646379192334
39049005610,11.681271180698152,4.458401357289528
39049005620,11.676669963723477,4.461253750171116
39049005700,11.693463174537988,4.478022006844627
39049005810,11.678774180013689,4.469346049281314
39049005820,11.667440945927447,4.473354379876797
39049005900,11.675672797399042,4.4679406091718
39049006000,11.661333062286105,4.46112702532512
39049006100,11.656312305270363,4.476590533196441
39049006220,11.58105275633128,4.548184672826831
39049006230,11.50206843394935,4.563176761806982
39049006236,11.511805558521561,4.550959299110198
39049006310,11.661281667351129,4.522797188911704
39049006321,11.677864443531828,4.503592923340178
39049006323,11.693555305954826,4.499810484599589
39049006330,11.67028350513347,4.525540565366188
39049006340,11.650288882956879,4.51942132238193
39049006351,11.656286272416153,4.497794146475017
39049006352,11.679977566735113,4.496413945242984
39049006353,11.658077671457906,4.50742604312115
39049006371,11.596349240930869,4.541824551676934
39049006372,11.61522810403833,4.528527858316222
39049006383,11.563546282683094,4.536543875427789
39049006384,11.573599047912389,4.515784251882272
39049006386,11.594483206023272,4.533178565366188
39049006387,11.62208257357974,4.511621806297057
39049006391,11.594092119096509,4.501094490759754
39049006392,11.625179106091718,4.494972020533881
39049006393,11.553846313483915,4.527080785078713
39049006394,11.56653161670089,4.520055045859001
39049006395,11.630626898699521,4.516477390143737
39049006396,11.636361628336756,4.514273445585216
39049006410,11.666591953456537,4.520788757015743
39049006430,11.689158149897331,4.504729558521561
39049006500,11.680876167008898,4.508249370978782
39049006600,11.692105668720055,4.513694342231348
39049006710,11.649883630390144,4.460301491444216
39049006721,11.632830353867214,4.47657688843258
39049006722,11.636938395619439,4.461454263518138
39049006810,11.659762438056126,4.459380596851472
39049006821,11.677332834360027,4.46568880971937
39049006822,11.66733071321013,4.450202136208077
39049006910,11.649970978097194,4.477013636550308
39049006921,11.668070188227242,4.440504497604381
39049006923,11.662390049281314,4.428967248459959
39049006924,11.691677817932923,4.439323162902122
39049006931,11.653183211498973,4.406476116358658
39049006932,11.655186948665298,4.409869185489391
39049006933,11.67610101026694,4.414866147843942
39049006942,11.621490693360712,4.423607698151951
39049006943,11.64348487063655,4.425827420260096
39049006944,11.622275288158795,4.410986904175222
39049006945,11.630636916495551,4.399485599589322
39049006950,11.666604186173854,4.491332926762491
39049006990,11.571612117727584,4.4184203045859
39049007010,11.532984922655715,4.392520814510609
39049007020,11.503788757700205,4.379750420260096
39049007041,11.58274288843258,4.476303281998631
39049007043,11.590969750171116,4.45555684257358
39049007044,11.568632205338809,4.461948543463381
39049007047,11.586534646817248,4.430091689253936
39049007048,11.572549619438741,4.436419997946612
39049007112,11.641193362080767,4.393809945927447
39049007113,11.628989081451061,4.387307456536619
39049007114,11.584623610540726,4.387305212867899
39049007115,11.610103285420945,4.385205941136208
39049007120,11.578662891170431,4.379391813141684
39049007132,11.53605494661191,4.358187044490075
39049007193,11.490184514031485,4.368365498973306
39049007194,11.520220861738535,4.365518253251198
39049007198,11.550219169746749,4.36513695687885
39049007199,11.603203295687885,4.382610920602327
39049007201,11.33675993908282,4.320112517453799
39049007202,11.5738089137577,4.373197108829569
39049007203,11.301705065023956,4.320321932922656
39049007205,11.371236636550308,4.316427305270363
39049007207,11.432953444900753,4.332981281314168
39049007209,11.48609298220397,4.342132021218344
39049007210,11.39426575633128,4.318375075975359
39049007393,11.516348774811773,4.364128382614648
39049007394,11.464342406570842,4.37003731485284
39049007395,11.49264667008898,4.429292958247776
39049007396,11.471057839151266,4.393825479123888
39049007424,11.639755511293634,4.411350281314168
39049007425,11.630570486652977,4.407981496235455
39049007426,11.591158374401095,4.393611697467488
39049007427,11.575008219712526,4.41087980971937
39049007492,11.584571834360027,4.379413090349076
39049007494,11.606648034223135,4.391529921971253
39049007511,11.720868712525667,4.444267962354552
39049007512,11.712739585215606,4.435400717316906
39049007520,11.708852334702259,4.426986976043806
39049007531,11.676177167693361,4.407093575633128
39049007532,11.659416891170431,4.402896253251198
39049007533,11.68394845927447,4.415447424366872
39049007534,11.692234073237509,4.42217472073922
39049007550,11.691384789185489,4.427691403148528
39049007551,11.663770940451745,4.41433136550308
39049007710,11.703268529774127,4.430192244353183
39049007721,11.68091403559206,4.417292713894593
39049007722,11.691443663244353,4.425686260780288
39049007730,11.692458003422314,4.437062232032854
39049007740,11.700749447638604,4.443152317590691
39049007811,11.694437764544832,4.486792741273101
39049007812,11.691874223134839,4.483115763175907
39049007820,11.715547229979466,4.475256436002738
39049007830,11.715178486652977,4.487888892539357
39049007921,11.505796489390828,4.567094131416838
39049007922,11.573249683093771,4.556570231348392
39049007931,11.583058021902806,4.558457242299795
39049007933,11.574786464065708,4.558868889801506
39049007941,11.635787284052019,4.543729190965092
39049007951,11.611342832306639,4.542718754962355
39049007952,11.61663605338809,4.534461366187543
39049007953,11.513876847364819,4.571469769336071
39049007954,11.564476105407255,4.553447726899384
39049008000,11.41662053045859,4.575281514031485
39049008110,11.548392455167693,4.554013773442847
39049008120,11.533000717316906,4.553120678986995
39049008132,11.492007930184805,4.551859845995893
39049008141,11.486741443531828,4.56531854072553
39049008142,11.548495789869952,4.558032509240246
39049008161,11.445112109514032,4.562272409993155
39049008162,11.387099171115674,4.567221148528405
39049008163,11.520491046543463,4.549522246406571
39049008164,11.508541965092402,4.54984968788501
39049008210,11.602693588637919,4.540954979466119
39049008230,11.552130384668036,4.545212815879535
39049008241,11.661433740588638,4.522980245037645
39049008242,11.626823627652293,4.533470885010267
39049008311,11.57499664202601,4.543455640657084
39049008312,11.576596496235455,4.531017467488022
39049008321,11.596107606433949,4.529869969199179
39049008322,11.620102813826146,4.528973649555099
39049008330,11.64702300752909,4.509717575633128
39049008340,11.644598264887064,4.505782790554415
39049008350,11.539829963039014,4.544317805612594
39049008360,11.579084271047228,4.524878308692676
39049008370,11.553540887063655,4.532546529089665
39049008380,11.599653332648871,4.526486868583162
39049008400,11.69270025393566,4.510446199863108
39049008500,11.703128271047228,4.495300483230664
39049008710,11.675598005475702,4.47026016495551
39049008720,11.655612690622861,4.472423040383299
39049008730,11.639525925393566,4.465468128678987
39049008811,11.61911731485284,4.485644834360027
39049008812,11.599018861738535,4.48436337577002
39049008813,11.588133666666667,4.486792776180698
39049008821,11.636480650239562,4.492106689938398
39049008822,11.580433465434634,4.513071498973306
39049008825,11.568235310746064,4.518982750171116
39049008900,11.670453123887748,4.4535504770705
39049009000,11.697919675564682,4.455248500342231
39049009100,11.685566939767283,4.452101354551677
39049009210,11.626415639288159,4.442045292950034
39049009220,11.642331828199863,4.45249325393566
39049009230,11.630282152635181,4.452926425051335
39049009240,11.625689082819986,4.447796125941136
39049009250,11.616438793976728,4.452585894592745
39049009311,11.57514925119781,4.462484752908966
39049009312,11.562248557837098,4.471330030116359
39049009321,11.61451084257358,4.460466478439425
39049009322,11.584881005475702,4.46609519028063
39049009323,11.599075455852156,4.469941074606434
39049009325,11.571788986310746,4.471196813141684
39049009326,11.549100889117043,4.481621929500342
39049009331,11.6370582183436,4.462571613278576
39049009332,11.635513728268309,4.467579819301848
39049009333,11.635586687200548,4.471383947296372
39049009334,11.622897275154004,4.472378205338809
39049009336,11.612327509240246,4.468196911704312
39049009337,11.598350901437372,4.476108611225188
39049009340,11.595980146475017,4.449249379876797
39049009350,11.598375266255989,4.45336580971937
39049009361,11.576122598220397,4.451318899383984
39049009362,11.53723633744011,4.446753453114305
39049009371,11.523728177275838,4.458417260095825
39049009372,11.532718248459959,4.481642821355236
39049009373,11.505938847364819,4.488459134839151
39049009374,11.483477549623546,4.474493206707734
39049009381,11.507513223819302,4.446313273100616
39049009382,11.469738502395619,4.436511125256674
39049009383,11.50501772073922,4.46064484531143
39049009384,11.481155432580424,4.456656227241615
39049009385,11.447069458590007,4.455920090349076
39049009386,11.480235247775496,4.466052849418207
39049009390,11.452166972621492,4.434864950034223
39049009410,11.506529843258042,4.47923476659822
39049009420,11.512393457905544,4.489302057494866
39049009430,11.556553971937029,4.496221585900068
39049009440,11.402734392197125,4.513359869267625
39049009450,11.284195849418207,4.501559130047912
39049009495,11.475957586584531,4.515789028747433
39049009497,11.293264026694045,4.516470569472964
39049009520,11.538203074606434,4.506806839151266
39049009590,11.438736422313484,4.532655780287474
39049009600,11.489887455167693,4.548296511293634
39049009711,11.504007167008898,4.536159088980151
39049009712,11.48317380971937,4.542796121149897
39049009720,11.532868927446954,4.533972060232717
39049009740,11.413661171800137,4.549581047227926
39049009751,11.349393204654346,4.551913273785079
39049009752,11.452875393566051,4.546827179329227
39049009800,11.261148625598905,4.555647351129363
39049009900,11.632099266940452,4.4365546954141
39049010000,11.467093862422998,4.342552344284736
39049010100,11.639246574948665,4.395020156057495
39049010200,11.418566041067762,4.48776724366872
39049010300,11.331401801505818,4.523542300479124
39049010400,11.489022815195072,4.577775958247776
39049010500,11.51988827652293,4.561865281314168
39049010601,11.491490235455168,4.566000895277207
39049010602,11.529603345653662,4.559481889117043
39049010700,11.68313302532512,4.458199596167009
39049980000,11.636143155373032,4.432175519507187
39051040100,10.556806181382615,4.249970399041752
39051040200,10.663112902121834,4.308551446269678
39051040300,10.703204877481177,4.384946084188912
39051040400,10.655458212867899,4.368177058863792
39051040500,10.598096456536619,4.36133995687885
39051040600,10.58812059137577,4.414919234086242
39051040700,10.682716780971937,4.460467097193703
39051040800,10.542204140314853,4.43924411156742
39051040900,10.689851508555784,4.517024023956194
39053953500,10.422451231348392,4.470133464065708
39053953600,10.363781043805613,4.460006889117043
39053953700,10.265780088980151,4.379107665982204
39053953800,10.252593859000684,4.35557153045859
39053953900,10.356133267624914,4.428778846680356
39053954000,10.367115466119096,4.435491674880219
39053954100,10.391216227926078,4.457701453798768
39055310100,10.065826022587269,3.816409924024641
39055310200,10.167375092402464,3.805856769336071
39055310600,10.875500631759069,3.878229227926078
39055310700,10.753244685831622,3.8654911724846
39055310800,10.593306503080082,3.851851534565366
39055310900,10.405733720054757,3.831199761122519
39055311000,10.29330524366872,3.817556171115674
39055311300,10.528719755646817,3.841101773442847
39055311400,10.705305605065024,3.874944841889117
39055311500,10.946423165639973,3.899963703627652
39055311600,10.978065955509925,3.909911000684463
39055311700,11.086738482546201,3.927262941136208
39055311800,11.040736812457221,3.919161560574949
39055311900,10.826274613278576,3.881697406570842
39055312000,10.645886091718001,3.843419894592745
39055312100,10.541744484599589,3.805823074606434
39055312201,10.437362442847365,3.835888631759069
39055312202,10.477334498973306,3.836247577002053
39055312203,10.29028453045859,3.819583186858316
39055312300,10.440951694729637,3.821535804928131
39055312400,10.396806618754278,3.809346574264203
39057200101,11.477198262149213,4.62146866255989
39057200103,11.465970785763176,4.627815548939083
39057200104,11.541405739219712,4.651386641341547
39057200300,11.425882292950034,4.610827580424367
39057200400,11.454725225188227,4.619962984941821
39057200500,11.449302734428474,4.620762065023956
39057200600,11.444395917180014,4.624730828199863
39057200700,11.487020802190281,4.634178491444216
39057200900,11.369028095824778,4.5821206954141
39057210100,11.532962876796715,4.644616847364819
39057210200,11.534557154004107,4.652272066392882
39057210300,11.523763804928131,4.645339861738535
39057210401,11.523514546201232,4.652759158795346
39057210402,11.5300246091718,4.656093913073238
39057210500,11.399484815879535,4.623233728268309
39057210601,11.471093290896646,4.624690572895277
39057210602,11.4556004366872,4.635839042436687
39057210603,11.372672376454483,4.60130228678987
39057220100,11.421492502395619,4.650782953456537
39057220200,11.46860972347707,4.649350443531828
39057230100,11.241326429158111,4.617456997946612
39057240100,11.268340104722793,4.576728492813142
39057240200,11.27141872347707,4.598909792607803
39057240301,11.279208083504449,4.599817149897331
39057240302,11.208159325119781,4.59516180698152
39057240500,11.201115221081451,4.558973549623546
39057240600,11.185414438740589,4.54546747980835
39057240700,11.107734800136892,4.573270509924709
39057255000,11.204114589322382,4.515358588637919
39057260100,10.945057755646817,4.510310488021903
39057270100,10.868808664613279,4.540308375085558
39057280101,10.994242665982204,4.547847962354552
39057280102,10.920130097878166,4.561366156057495
39057280200,11.158837470225873,4.494203922655715
39057280300,11.513749787132101,4.642310747433265
39059977100,10.638936407255305,4.156308901437372
39059977200,10.758309887063655,4.319805442162902
39059977300,10.785355083504449,4.385507128678987
39059977400,10.778615369609856,4.355366587268994
39059977500,10.79058942642026,4.364735407939767
39059977600,10.793945471594798,4.362168674195756
39059977700,10.74009298973306,4.289301478439425
39059977800,10.743851318275154,4.319793560574949
39059977900,10.784052221765914,4.374432560574949
39059978000,10.76928437303217,4.409178275154004
39061000200,11.863115535249829,4.559847379876797
39061000700,11.83913115468857,4.559450226557153
39061000900,11.862630405201916,4.56137363449692
39061001000,11.859243641341547,4.571370305270363
39061001100,11.858901757700205,4.567049260095825
39061001600,11.885446764544832,4.568299019849418
39061001700,11.876362719370294,4.569526369609856
39061001800,11.873530733744011,4.575896559890486
39061001900,11.871339518138262,4.571995522245038
39061002000,11.899202655715264,4.587572676933607
39061002200,11.892407314168378,4.568226524298426
39061002300,11.898264700205339,4.575931501026694
39061002500,11.910857865845311,4.578641581793292
39061002600,11.912737600273785,4.580316882956879
39061002700,11.918360013689254,4.575881717316906
39061002800,11.964696106091718,4.597876700889802
39061002900,11.950637954825462,4.580534221765914
39061003000,11.941135,4.585916032854209
39061003200,11.945912623545517,4.586502393566051
39061003300,11.922069890485968,4.577050120465435
39061003600,11.942481249144422,4.601835540041068
39061003700,11.91857925119781,4.590298997262149
39061003800,11.959602380561259,4.618451563997262
39061003900,11.936635455167693,4.604737889801506
39061004000,11.95141465229295,4.623784715947981
39061004100,11.925586107460643,4.610290247775496
39061004200,11.905493926078029,4.600806367556468
39061004500,11.595396537303217,4.563256585900068
39061004602,11.632827772073922,4.58244265982204
39061004603,11.595829843258042,4.579931226557153
39061004604,11.681904611909651,4.609372557837098
39061004605,11.696118894592745,4.597957648186174
39061004701,11.834536342915811,4.624131419575633
39061004702,11.773120167008898,4.607471213552361
39061004800,11.865578885010267,4.631980646132786
39061004900,11.895392429842574,4.620011192334018
39061005000,11.946760932238193,4.640000069130732
39061005100,11.904052416837782,4.632340436002738
39061005200,11.965495848049281,4.647359954825462
39061005301,11.950278532511978,4.652462668720055
39061005302,11.921178462696783,4.650695143737166
39061005400,11.984655857631759,4.662246386036961
39061005500,11.927403152635181,4.657115574264203
39061005600,11.877485108829569,4.6604694366872
39061005701,12.036005988364134,4.669628639972622
39061005702,12.021974630390144,4.667278981519507
39061005800,11.989885839835729,4.672234071868583
39061005900,12.058087879534565,4.66931850513347
39061006000,12.107663547570157,4.665838594798084
39061006100,12.096628958932238,4.642761911704312
39061006300,12.050936803559206,4.645049689253936
39061006400,12.073522547570157,4.6500984770705
39061006500,12.026941269678302,4.632267616016427
39061006600,11.985507691991786,4.612167808350445
39061006800,12.008167691307324,4.616439214236824
39061006900,11.996079110882957,4.604342058863792
39061007000,12.013754145790554,4.616024201916496
39061007100,11.999910950034223,4.600502427104723
39061007200,11.978578267624914,4.594238190965092
39061007300,12.050448545516769,4.634438693360712
39061007400,12.011305183436003,4.614380839151266
39061007500,12.037289431211499,4.626519140999316
39061007700,11.976188797399042,4.603304364134155
39061007800,12.011583642710472,4.61742293908282
39061007900,12.02338345927447,4.623690750171116
39061008000,12.07276992881588,4.645383029431896
39061008100,12.04829293155373,4.642016449691992
39061008201,12.046290080082136,4.645603094455852
39061008202,12.037296148528405,4.641200396988364
39061008300,12.007382087611225,4.629642488021903
39061008400,12.031288664613279,4.634228541409993
39061008501,12.012357224503764,4.621493523613963
39061008502,11.988196804928131,4.613880040383299
39061008601,11.940309998631075,4.581879209445585
39061008800,11.942734585215606,4.599155663928816
39061009200,11.893060555099247,4.570416925393566
39061009300,11.875233898015058,4.562063527720739
39061009400,11.868443846680356,4.568425173853525
39061009500,11.85788228678987,4.563543728952772
39061009600,11.83176065982204,4.56034218275154
39061009700,11.841308326488706,4.570825412731006
39061009800,11.878124379876797,4.577814073237509
39061009901,11.832095420944558,4.570530937713895
39061009902,11.824713950034223,4.560358757700205
39061010002,11.941320475701574,4.597971913073238
39061010003,11.907643116358658,4.589916542778918
39061010004,11.881574589322382,4.57930353045859
39061010005,11.861150113620808,4.576274297741273
39061010100,11.939510453114305,4.610463263518138
39061010201,11.865100018480493,4.584106342915811
39061010202,11.897073929500342,4.593665511978097
39061010300,11.778081210814511,4.555858479123888
39061010400,11.678205689253936,4.548145327857632
39061010500,11.649229639972622,4.547161017111567
39061010600,11.65067650513347,4.553336973305955
39061010700,11.846953064339494,4.577808270362765
39061010800,11.974560339493498,4.67507958384668
39061010900,11.859994521560575,4.577513165639973
39061011000,12.081381669404518,4.662296803559206
39061011100,12.06034733744011,4.645386912388775
39061020401,11.615410739219712,4.536815806297057
39061020403,11.589587069130732,4.532142135523614
39061020404,11.671382518138262,4.549247816563997
39061020501,11.721786473648186,4.545765121149897
39061020502,11.805754201232033,4.587586334017796
39061020504,11.876131968514716,4.612501633812457
39061020505,11.934454950718686,4.62591359890486
39061020601,11.80787632991102,4.568159221081451
39061020602,11.799660446954141,4.564796993155373
39061020701,11.91236531485284,4.612596507186858
39061020705,11.978051134154689,4.627117059548255
39061020707,11.905290980835044,4.597922754962355
39061020741,11.936349743326489,4.62010354825462
39061020742,11.962319434633812,4.623644112251882
39061020761,11.968658206023272,4.626988188911704
39061020762,11.997812702258727,4.632420278576318
39061020802,11.924818663244353,4.607108531143053
39061020811,11.97794923340178,4.628201236824093
39061020812,11.896284778234086,4.594250854893908
39061020901,11.872357570157426,4.594800785763176
39061020902,11.897088788501027,4.594877438740589
39061021001,11.846221206707734,4.584686414099932
39061021002,11.805567167008898,4.56976636550308
39061021003,11.838282550992471,4.57825279192334
39061021101,11.774807825462012,4.56661120054757
39061021102,11.739878321013005,4.565053856262834
39061021201,11.785646045174538,4.56645723613963
39061021202,11.812864071868583,4.575147083504449
39061021302,11.709298479123888,4.559956351129363
39061021303,11.778341596851472,4.561610071868583
39061021304,11.71489132991102,4.558434482546201
39061021401,11.783115026694045,4.565216665297741
39061021421,11.740836848049281,4.55149315468857
39061021422,11.775774776865161,4.560968629021218
39061021501,12.051691922655715,4.673331863107461
39061021504,12.066154893223819,4.67381339835729
39061021505,12.038851721423682,4.670325979466119
39061021506,12.013761509924709,4.662118783025325
39061021508,11.946104154004107,4.632437844626968
39061021509,11.993817969883641,4.651251804928131
39061021571,11.97101322587269,4.640801470225873
39061021572,12.00011668788501,4.652154189596167
39061021602,12.041111425735797,4.658079681040383
39061021603,12.000521069815195,4.641587249828884
39061021604,12.000087694729637,4.6403210862423
39061021701,12.019215739219712,4.644245750171116
39061021702,12.043585334017796,4.655274342915811
39061021801,12.039789321013005,4.64528306844627
39061021802,12.024644540041068,4.63921473100616
39061021900,12.024163270362765,4.645227284052019
39061022000,12.035832106091718,4.661789158110883
39061022101,12.070318696098563,4.66634092128679
39061022102,12.076723726214921,4.66709890349076
39061022200,12.089522630390144,4.66222532238193
39061022301,12.071378010951403,4.684564759069131
39061022302,11.939980688569473,4.672671277207392
39061022400,12.086402963039014,4.690514971937029
39061022500,12.080551787132101,4.672657515400411
39061022601,12.087287102669404,4.665980041067762
39061022602,12.09275846954141,4.680139381930185
39061022700,12.098548192334018,4.685670080766598
39061023001,12.060617942505134,4.699287970568104
39061023002,12.039590114989733,4.692179494182067
39061023100,12.069550687200548,4.694866058863792
39061023201,12.075094183436003,4.675822786447639
39061023210,12.057024071868583,4.683736747433265
39061023222,12.066755120465435,4.679577561259411
39061023300,12.05407211430527,4.6776963908282
39061023400,12.056460744695414,4.66567686036961
39061023501,12.018211712525667,4.68937022587269
39061023521,11.964591197125257,4.677046334702259
39061023522,11.989517260780288,4.684890422313484
39061023600,12.016784105407255,4.681518846680356
39061023701,12.003816413415469,4.684710785763176
39061023702,11.984217540041068,4.675163424366872
39061023800,11.982586258726899,4.676295070499658
39061023901,11.914531850102669,4.675059633127994
39061023902,11.935508694729637,4.682093143737166
39061024001,11.964518981519507,4.680460498288843
39061024002,11.927467083504449,4.683970453114305
39061024100,11.907874190965092,4.674258910335387
39061024200,11.924683609856263,4.674771790554415
39061024301,11.865612079397673,4.668369149212868
39061024303,11.741373162217659,4.673145681724846
39061024321,11.809667412731006,4.669854161533196
39061024322,11.815741850102669,4.671665071868583
39061024400,11.824648350444901,4.674143223134839
39061024700,11.866896726899384,4.649994135523614
39061024800,11.820582195071869,4.650871344969199
39061024901,11.685934224503764,4.6296588275154
39061024902,11.649769386036961,4.616041587268994
39061025001,11.560234814510609,4.587416226557153
39061025002,11.514902498973306,4.558401918548939
39061025101,11.526338579055442,4.603103826146475
39061025102,11.473973275838467,4.581801299110198
39061025103,11.434332694729637,4.560439247091034
39061025104,11.394981983572895,4.545240683778234
39061025200,12.041577826146475,4.658198742642026
39061025300,12.021133244353183,4.651937517453799
39061025401,12.009561391512663,4.658186745379877
39061025402,11.976831051334702,4.638839082135524
39061025500,12.016330592744695,4.647733325119781
39061025600,11.984919909650924,4.630104691991786
39061025700,12.073066830253251,4.639037008213552
39061025800,12.045702800821355,4.630444977412731
39061026001,11.454104995208761,4.513402603011636
39061026002,11.609809525667351,4.540039425051335
39061026101,11.457311928131417,4.51777649486653
39061026102,11.502507871321013,4.518688173853525
39061026200,11.541747288158795,4.532393967830253
39061026300,11.865737155373032,4.55733270294319
39061026400,11.86178261670089,4.564532412731006
39061026500,11.820294859000684,4.563876563997262
39061026600,11.850242026694045,4.599895680355921
39061026700,11.900961313483915,4.579636336755647
39061026800,11.846115210814511,4.565653976043806
39061026900,11.892960752908966,4.569557647501711
39061027000,11.954604782340862,4.600023242984257
39061027100,12.086917166324435,4.65049459890486
39061027200,11.9169125229295,4.580236028062971
39061027300,11.677639158795346,4.654185197125257
39061027400,12.091689403148528,4.676086789185489
39063000100,10.817951654346338,4.576427411362081
39063000200,10.844511348391513,4.6235622183436
39063000300,10.834038186858316,4.625150698836413
39063000400,10.864731922655715,4.633300299794661
39063000500,10.872539109514032,4.630759707734428
39063000600,10.872876303901437,4.6316228275154
39063000700,10.87458001779603,4.639846759753593
39063000800,10.887260980150582,4.651346857631759
39063000900,10.882321614647502,4.643838263518138
39063001000,10.873095360711841,4.648724607118412
39063001100,10.871514444900753,4.647409123887748
39063001200,10.841868368240931,4.655831257357974
39063001300,10.861293937713895,4.661298340862423
39065000100,10.900919794661191,4.687762165639973
39065000200,10.901413496919918,4.687035258726899
39065000300,10.874539691991786,4.680410280629706
39065000400,10.950241649555099,4.694159657084189
39065000500,10.938521183436003,4.700208801505818
39065000600,10.90934609377139,4.691983150581793
39065000700,10.915375880903491,4.677479830937714
39067975600,10.783263602327173,3.731462788501027
39067975700,10.770758552361396,3.909673815195072
39067975800,10.689051180013689,4.028902943874059
39067975900,10.723897476386037,3.86961129705681
39067976000,10.751915123203285,3.82892127652293
39069000100,10.744519022587269,4.462229158795346
39069000200,10.803831620123203,4.561043099247091
39069000300,10.820719160848734,4.567729238193018
39069000400,10.797041790554415,4.538744306639288
39069000500,10.756499281998631,4.52735590349076
39069000600,10.803295092402464,4.592918389459274
39069000700,10.867460414784394,4.624387142368241
39071954400,10.550101333333333,4.557627147843942
39071954500,10.447940118412046,4.538499
39071954600,10.550357973990418,4.555024978097194
39071954700,10.59877989596167,4.54736897467488
39071954800,10.513418330595482,4.549792746748802
39071954900,10.48095616495551,4.538305475701574
39071955000,10.378239313483915,4.514528236824093
39071955100,10.361530995893224,4.508259474332649
39071955200,10.515600371663244,4.533860396988364
39073964900,10.479180376454483,4.449329165639973
39073965000,10.408685882272416,4.46632916495551
39073965100,10.374164348391513,4.449969351129363
39073965200,10.418861222450376,4.451067244353183
39073965300,10.458893033538672,4.450926326488706
39073965400,10.420287351129363,4.441367421629021
39073965500,10.393949180698152,4.415890807665982
39075976301,11.336185082135524,4.341200396988364
39075976302,11.364500014373717,4.293990446269678
39075976400,11.227294626283368,4.388533074606434
39075976500,10.892806584531143,4.390793288843258
39075976600,10.875707020533881,4.3842476091718
39075976700,11.112938646132786,4.397131874743326
39075976801,11.188239011635866,4.340538185489391
39075976802,11.142950912388775,4.383062493497604
39077915400,10.415254708418891,4.16378574606434
39077915500,10.453331203285421,4.23540178439425
39077915600,10.455204330595482,4.253109958247776
39077915700,10.464928169062286,4.275015042436687
39077915800,10.461284912388775,4.258917232717317
39077915900,10.485513126625599,4.326745242984257
39077916000,10.512669352498289,4.33427538329911
39077916100,10.489776780971937,4.350229349760438
39077916200,10.547780344284736,4.419023757015743
39077916300,10.521499955509925,4.386231535249829
39077916400,10.516644284736482,4.332756425051335
39077916500,10.440418169746749,4.251217297741273
39077916600,10.477565481861738,4.200057045174538
39079957200,10.444737526351814,4.509756775496236
39079957300,10.451206691307324,4.509689458590007
39079957400,10.353300817932923,4.465964214921287
39079957500,10.364867012320328,4.460313531827515
39079957600,10.429811874058864,4.494163339493498
39079957700,10.34332351266256,4.457941286105407
39079957800,10.285496590006845,4.402247698836413
39081000200,10.95492698220397,3.186318669404518
39081000400,10.960085979466119,3.192139672142368
39081000600,10.936470412046544,3.262245640657084
39081000800,10.963747002737851,3.201279368240931
39081001000,10.932523351813826,3.294830370294319
39081001200,10.898264238193018,3.360677187542779
39081001300,10.957278434633812,3.237417674880219
39081001400,10.931092936344969,3.264341534565366
39081001700,10.963739569472964,3.208490456536619
39081011000,10.777457673511294,3.540837683778234
39081011100,10.755814716632444,3.604564583162218
39081011200,10.831565052019165,3.286021853524983
39081011300,10.841914999315537,3.266836033538672
39081011401,10.813667480492813,3.387638529774127
39081011402,10.859761345653662,3.335463235455168
39081011500,10.82123250513347,3.536863210814511
39081011700,10.892652094455852,3.391041713894593
39081011800,10.930595030116359,3.241477030800821
39081011900,10.861826028747433,3.390369473648186
39081012000,10.813172607118412,3.569059531143053
39081012100,10.792640466119096,3.648673482546201
39081012200,10.796841384668036,3.503163378507871
39081012300,10.773816649555099,3.491206062286105
39083006700,10.702318876112252,4.390004181382615
39083006801,10.715234720054757,4.410070815195072
39083006802,10.705231454483231,4.414744718685832
39083006900,10.708286357289528,4.431314442847365
39083007000,10.77387307118412,4.430027761122519
39083007100,10.767122673511294,4.430083195071869
39083007200,10.759847635865845,4.429861958932238
39083007300,10.754757265571526,4.425460973305955
39083007400,10.75812889596167,4.413405621492129
39083007500,10.781162269678302,4.426164978781656
39083007600,10.819112626283368,4.428352839151266
39083007700,10.84556411430527,4.400760610540726
39085200100,10.85254606091718,3.87336614715948
39085200200,10.795952726214921,3.880317900068446
39085200300,10.829053301163587,3.875594845995893
39085200400,10.86290734017796,3.870229470225873
39085200500,10.873442216974675,3.869707100616016
39085200600,10.909701110198494,3.870482396988364
39085200700,10.896022865845311,3.874768565366188
39085200800,10.945939142368241,3.87185763449692
39085200900,10.972351375085558,3.86846992128679
39085201000,11.004419163586584,3.873740474332649
39085201100,10.883605424366872,3.876017024640657
39085201200,10.830405467488022,3.870515809034908
39085201300,10.839136824093087,3.872083466803559
39085201400,10.768550773442847,3.873890582477755
39085201500,10.69494478439425,3.862344535249829
39085201600,10.644350927446954,3.866624673511294
39085201700,10.550007269678302,3.859503664613279
39085201800,10.595773728952772,3.864396906913073
39085201900,10.654427,3.868680349760438
39085202000,10.704234733744011,3.869311915811088
39085202100,10.79449067761807,3.872051062286105
39085202400,10.444147445585216,3.848218902121834
39085202500,10.401915137577002,3.83502780698152
39085202600,10.290993913073238,3.824199219028063
39085202700,10.339342503080082,3.820107594113621
39085202800,10.426039242299795,3.834833650239562
39085202900,10.504071330595482,3.850765441478439
39085203000,10.566411782340862,3.85662232238193
39085203200,10.626290865845311,3.854786410677618
39085203400,10.510264279945243,3.837075924024641
39085203500,10.445394431211499,3.823768119780972
39085203700,10.612727285420945,3.853291902806297
39085204000,10.204150890485968,3.790546466803559
39085204200,10.174246674195756,3.769620726899384
39085204301,10.317412853524983,3.800103876796715
39085204302,10.263515876796715,3.776266275154004
39085204400,10.182643521560575,3.761851041752224
39085204500,10.212911716632444,3.764286674195756
39085204700,10.344617593429158,3.800756791238878
39085204800,10.097924347022587,3.782672245037645
39085204900,10.159487511978097,3.770995793292266
39085205001,10.410277910335387,3.819114385352498
39085205002,10.284298880903491,3.784584969199179
39085205100,10.325116358658453,3.806167765229295
39085205200,10.146237147843942,3.801951655030801
39085205300,10.04087555578371,3.792889967145791
39085205400,9.997896951403148,3.801403635865845
39085205701,9.896838409993155,3.841968997262149
39085205702,9.845301945927447,3.851607120465435
39085205800,9.986054867214237,3.825839394934976
39085205900,9.951493021902806,3.8358654770705
39085206000,9.853411851471595,3.860875598220397
39085206100,9.935754278576318,3.834001212867899
39085206200,10.24686993155373,3.796741672826831
39085206300,9.964467374401095,3.808143046543463
39085206400,10.732959498288843,3.868783308692676
39085206500,10.482157607118412,3.83707605065024
39085206600,10.755176353867214,3.877042951403148
39087050100,10.468958453798768,4.248319220396988
39087050200,10.483499431211499,4.264787245037645
39087050300,10.496921770704997,4.276176302532512
39087050400,10.492487356605065,4.300205453114305
39087050500,10.333058839151266,4.306321057494866
39087050600,10.256181764544832,4.327502661875428
39087050700,10.380713892539357,4.299340330595482
39087050800,10.469893572895277,4.290355668035592
39087050900,10.460104980835044,4.243063582477755
39087051001,10.396647777549624,4.253321360027378
39087051002,10.462466800821355,4.265392419575633
39087051100,10.431344026694045,4.26048477412731
39087051200,10.40829735797399,4.253687384668036
39087051300,10.36699912183436,4.26550928678987
39087051401,10.326467679671458,4.26636027652293
39087051402,10.315800124572211,4.294515407939767
39089750700,11.040530585215606,4.497515523613963
39089751000,11.020152499657769,4.483051650239562
39089751300,11.008591616016427,4.479210028747433
39089751600,10.989038315537303,4.473770855578371
39089751900,10.966381841889117,4.468963367556468
39089752200,10.933978498973306,4.480393278576318
39089752500,10.937984340862423,4.487651440793977
39089752800,11.04835049486653,4.501239982888433
39089753100,11.058357094455852,4.487709894592745
39089753300,11.042718963723477,4.469938635865845
39089753600,11.026019595482546,4.483627358658453
39089753900,11.021226627652293,4.461898028062971
39089754101,10.993556717316906,4.459587796030116
39089754102,10.941082148528405,4.448846696098563
39089754400,10.792757462696783,4.441176950718686
39089754700,10.900827818617385,4.433093189596167
39089755000,10.934764195071869,4.382758559890486
39089755300,11.092432550992471,4.3457821724846
39089755600,11.153079297741273,4.375410482546201
39089755900,11.37054468514716,4.40564754825462
39089756201,11.375082789185489,4.453444631074606
39089756202,11.410140373716632,4.43349067761807
39089756500,11.279699724845996,4.410506848049281
39089756800,11.183855501026694,4.422003909650924
39089757100,11.146044728268309,4.446583739904175
39089757400,11.207563696098563,4.459169834360027
39089757700,11.026189501711157,4.437176725530459
39089758300,11.015088646817248,4.488758440109514
39089758600,10.91120440109514,4.491220092402464
39089758900,10.847203088980151,4.478695342231348
39089759000,11.017949153319644,4.499265541409993
39089759100,11.08361320807666,4.466523417522245
39091003800,10.888142884325804,4.650058925393566
39091003900,10.932291032169747,4.684419397672827
39091004000,10.977118411362081,4.705924455167693
39091004100,11.02637698973306,4.736810991101985
39091004200,11.016970751540041,4.722758277891855
39091004300,11.045555503080082,4.723559743326489
39091004400,10.930271104722793,4.660896506502396
39091004500,10.929364028747433,4.676369646132786
39091004600,10.909372342915811,4.654162343600274
39091004700,10.920319353867214,4.628871094455852
39091004800,10.954482598220397,4.658986266255989
39093010200,10.776518310746064,3.893162565366188
39093010300,10.720096447638604,3.882427049965777
39093010400,10.727544728268309,3.890085716632444
39093013100,10.943946518822724,3.919865179329227
39093013200,10.821904804928131,3.91320640862423
39093021100,10.630742264202601,3.879469232032854
39093021200,10.575387663928816,3.867819577686516
39093022100,10.503812316221766,3.876616454483231
39093022200,10.476029450376454,3.885312676933607
39093022400,10.459787312799452,3.904462137577002
39093022500,10.449612143052704,3.917927620807666
39093022601,10.43370071321013,3.924804209445585
39093022800,10.473136945927447,3.920946302532512
39093023000,10.530501676933607,3.886116291581109
39093023100,10.591105589322382,3.892068077344285
39093023200,10.542428460643395,3.914491498973306
39093023300,10.510131019164956,3.914256910335387
39093023400,10.493366862422998,3.934203801505818
39093023500,10.518799509924709,3.920289859685147
39093023600,10.645932865845311,3.90087939835729
39093023700,10.688286070499658,3.916243807665982
39093023800,10.679029166324435,3.923232327173169
39093023900,10.614915961670089,3.926629113620808
39093024000,10.593318521560575,3.935274132785763
39093024100,10.55045153798768,3.933709084188912
39093024200,10.511651607118412,3.946069665297741
39093028100,10.687110508555784,3.887924685831622
39093030100,10.365324620123203,4.009310704312115
39093050100,10.576907769336071,3.964111813826146
39093050200,10.492085336755647,3.96293809650924
39093050300,10.464797952087611,3.988843648870637
39093050400,10.523388453114305,3.974452044490075
39093057100,10.547073719370294,4.021190966461328
39093060100,10.610568794661191,4.03946245174538
39093060200,10.539400238193018,4.057758303901437
39093070101,10.796527675564682,3.963577820670773
39093070102,10.815822477754962,3.949008477754962
39093070200,10.681647262833676,3.944249439425051
39093070300,10.695478195756331,3.956299932922656
39093070400,10.696712313483915,3.973232864476386
39093070500,10.73676952019165,3.972482234086242
39093070600,10.79469586036961,3.968478850787132
39093070700,10.818268500342231,3.976653507186858
39093070800,10.755816108829569,3.978479926078029
39093070901,10.717577065708419,3.989850110198494
39093070902,10.649149687200548,3.986814670773443
39093071000,10.75643967761807,3.987716475017112
39093071100,10.781944451060917,3.985854684462697
39093071201,10.820200228610541,3.985161038329911
39093071202,10.830046597535934,3.990515191649555
39093071300,10.802202246406571,4.004106750855578
39093071400,10.758184004791239,3.996129093086927
39093071500,10.699274667351129,4.01022543394935
39093077100,10.749167458590007,4.02718468514716
39093080101,11.022721587268994,3.945243010951403
39093080103,10.952080671457906,3.955564062970568
39093080104,10.984806955509925,3.951488449007529
39093080500,10.886922760438056,3.955129938398357
39093080600,11.018982527036276,3.965867104722793
39093080700,10.953833448323066,3.978434716632444
39093090100,11.208549098562628,3.99815135797399
39093090200,11.105942086926762,3.999224816563997
39093091100,10.947758796030116,3.999476443531828
39093091200,10.92960729431896,4.009388123887748
39093092100,10.440426340862423,4.056332882272416
39093093100,10.525911278576318,4.088724619438741
39093094100,10.712661371663244,4.063926529774127
39093095100,10.879017242984257,4.037388240246407
39093096100,10.582481137577002,4.113559846680356
39093097100,10.569183783709788,4.157178464750171
39093097200,10.427527945927447,3.96716859137577
39093097300,10.49457725393566,3.897117597535934
39093097400,10.858879424366872,3.901947555099247
39095000200,10.737637497604381,4.020943722792608
39095000300,10.72766514715948,4.007766229979466
39095000400,10.738307449007529,4.006646978781656
39095000600,10.76057895687885,4.026791754277892
39095000700,10.765658395619439,4.042864898015058
39095000800,10.761655370978782,4.01712447980835
39095000900,10.741241868583162,4.00494394934976
39095001000,10.758370381930185,4.006724984257358
39095001100,10.724774911704312,3.985048091718001
39095001201,10.677006585215606,3.964769250513347
39095001202,10.720321312799452,3.981553058863792
39095001301,10.783800033538672,4.06004632238193
39095001302,10.786870461327858,4.055229074606434
39095001303,10.788169360711841,4.045810163586584
39095001400,10.800652074606434,4.044782810403833
39095001500,10.789765655030801,4.033970216290212
39095001600,10.784324381930185,4.028285127310062
39095001700,10.776903214921287,4.009584203285421
39095001800,10.769912329226557,4.00925393908282
39095001900,10.77262213963039,4.011158272416153
39095002000,10.752556302532512,3.993434252566735
39095002100,10.800342898699521,4.032417624914442
39095002200,10.788390455167693,4.022585561943874
39095002300,10.79883658384668,4.02157688843258
39095002401,10.813191665297741,4.063104363449692
39095002402,10.810461501026694,4.048127010951403
39095002500,10.817861938398357,4.046973733744011
39095002600,10.810458666666667,4.038267042436687
39095002700,10.809452495550992,4.031926753593429
39095002800,10.808037273785079,4.024128273100616
39095002900,10.794474431895962,4.02316346201232
39095003000,10.779075958932238,4.006509377823409
39095003100,10.834128201232033,4.073213226557153
39095003200,10.823076835728953,4.052654911704312
39095003300,10.823299905544148,4.045652615331964
39095003400,10.816429926762491,4.031488928131417
39095003500,10.837721203285421,4.064605151950719
39095003600,10.83944232238193,4.055637482546201
39095003700,10.825429015058179,4.037497066392882
39095003900,10.850905020533881,4.078021830937714
39095004000,10.851696898699521,4.07245427926078
39095004200,10.842060114989733,4.054701971252567
39095004400,10.863091462696783,4.086687454483231
39095004501,10.868580412731006,4.108997678986995
39095004503,10.875337544147844,4.145390014373717
39095004504,10.877750012320328,4.134968366187543
39095004600,10.713509483230664,3.977753724845996
39095004701,10.780320224503764,4.009201197809719
39095004702,10.770082544832307,4.008779431895962
39095004800,10.808291679671458,4.032489279945243
39095004900,10.801174919233402,4.038891926762491
39095005000,10.78635527652293,4.036661123887748
39095005100,10.82432041615332,4.050946674880219
39095005200,10.844518430527036,4.077877772073922
39095005300,10.821571297741273,4.065008284052019
39095005400,10.852903455852156,4.077878904175222
39095005501,10.563207965776865,3.912632772073922
39095005502,10.604497281998631,3.934256580424367
39095005503,10.656074168377823,3.958358622176591
39095005600,10.634017034223135,3.946618314168378
39095005701,10.662186779603012,3.98331590349076
39095005702,10.680988927446954,3.98077532238193
39095005703,10.722119691307324,4.003805178644764
39095005801,10.666128965776865,4.003644079397673
39095005802,10.693453728952772,4.014873475701574
39095005901,10.662741259411362,4.015273063655031
39095005902,10.693850714579055,4.028299978097194
39095006000,10.727576593429158,4.041421097878166
39095006100,10.724597149897331,4.026827318959617
39095006200,10.730068700889802,4.023984810403833
39095006300,10.754042618069815,4.034255017111567
39095006400,10.750731124572211,4.047798641341547
39095006500,10.762713037645448,4.052524647501711
39095006600,10.82635665229295,4.080622621492129
39095006700,10.827185414099932,4.073265340862423
39095006800,10.861620497604381,4.104045516084873
39095006900,10.87060024366872,4.126785663928816
39095007001,10.873823710472279,4.170410021902806
39095007002,10.874442635181383,4.18226865982204
39095007101,10.854248108145106,4.193673623545517
39095007102,10.855605422313484,4.217515991786448
39095007202,10.859957505817933,4.141036557152635
39095007203,10.864100613278576,4.128920852156058
39095007204,10.842961678986995,4.163333266940452
39095007205,10.858404004106776,4.160695685831622
39095007301,10.821557184120465,4.131304450376454
39095007302,10.832823829568788,4.103278660506502
39095007303,10.844690086926762,4.105873809034908
39095007400,10.812900347022587,4.094253097878166
39095007500,10.790571595482546,4.087080396303901
39095007600,10.775866421629021,4.080420234770705
39095007700,10.758676343600274,4.065508776865161
39095007800,10.723057522245038,4.055210642710472
39095007901,10.659920012320328,4.022892505817933
39095007902,10.691160333333333,4.042215160164271
39095008000,10.675168780971937,4.043737060232717
39095008100,10.661536214236824,4.058791099247091
39095008201,10.613695455852156,4.066441034907598
39095008202,10.641431493497604,4.088125852156058
39095008203,10.666723388774812,4.092760155373032
39095008301,10.705985396303901,4.067981202600958
39095008302,10.740509400410678,4.080873188227242
39095008400,10.737125668720055,4.10013338329911
39095008500,10.766574831622177,4.102824865845311
39095008600,10.791700167693361,4.120729597535934
39095008700,10.773148572210814,4.139951114989733
39095008800,10.82040711156742,4.168466980150582
39095008901,10.758090227241615,4.318542262149213
39095008902,10.783928676249144,4.319755260780288
39095009000,10.796368583162218,4.251772223134839
39095009101,10.737813027378508,4.161708314168378
39095009102,10.767862627652293,4.204810010951403
39095009201,10.637450379876797,4.116297312799452
39095009202,10.719152080082136,4.110621945927447
39095009300,10.569530416837782,4.160761626283368
39095009400,10.659867483915127,4.211103874058864
39095009500,10.709055791238878,4.29696277412731
39095009600,10.739781555099247,4.385604605749487
39095009700,10.376175227926078,3.965071515400411
39095009800,10.56747807118412,3.984497691307324
39095009900,10.668501676249144,3.989303201232033
39095010001,10.73647580698152,4.003649718001369
39095010002,10.753070103353867,4.021801091033539
39095010100,10.776045338809035,4.044687632443532
39095010200,10.863709655715264,4.104506986995209
39095010300,10.83641715468857,4.04730592881588
39095010400,10.803955989048597,4.065263488021903
39097040101,11.179559553045859,4.591781758384668
39097040102,11.348303967830253,4.585243407939767
39097040201,11.040747234770705,4.559312722792608
39097040202,11.119057727583847,4.570852507871321
39097040400,11.243651943874059,4.574707651608487
39097040500,11.231565015058179,4.572495570841889
39097040600,11.054036920602327,4.560531900068446
39097040700,11.022013905544148,4.555363928131417
39097041000,11.025233373716632,4.5528088678987
39097041100,11.026953080082136,4.550378867214237
39097041200,10.953944941136208,4.555444311430527
39097041300,10.878068480492813,4.535180997262149
39099800300,10.974128045174538,3.509012481861738
39099800400,10.963242874058864,3.506079629021218
39099800500,10.974743333333333,3.507307330595482
39099800600,10.985108066392882,3.514631855578371
39099801000,11.002271675564682,3.539120770020534
39099801100,10.997381144421629,3.556877019164956
39099801200,10.998704538672142,3.547669858316222
39099801300,10.998053370294319,3.544144009582478
39099801400,10.999827410677618,3.560068592744695
39099801500,11.003629037645448,3.57257539835729
39099801600,11.000856721423682,3.561492418206708
39099801700,10.998844849418207,3.541428976728268
39099802100,10.999501040383299,3.549524135523614
39099802300,11.003202063655031,3.562930020533881
39099802400,11.006601027378508,3.569113163586584
39099802500,11.002797506502396,3.564989338809035
39099802600,11.000051772073922,3.560603767967146
39099802701,11.001632753593429,3.597030718001369
39099802702,11.00280215742642,3.582732399726215
39099802800,10.996972394934976,3.578224011635866
39099802900,10.998964254620123,3.56943135523614
39099803000,11.003580802874743,3.573525963039014
39099804000,10.98777953045859,3.521162653661875
39099804100,10.983229999315537,3.52733720807666
39099804200,10.976272893908282,3.524377499657769
39099804300,10.975843834360027,3.518387840520192
39099810100,10.978747837782341,3.529068346338125
39099810200,10.992574783025325,3.538446460643395
39099810300,10.991028786447639,3.541310085557837
39099810600,10.99607945927447,3.555741413415469
39099810700,11.002030457221082,3.566581856262834
39099810800,10.994768382614648,3.558555828199863
39099810900,10.951088513347023,3.515973130047912
39099811001,10.999719859685147,3.573509407939767
39099811002,11.004899731690623,3.586050826830938
39099811100,10.995344021218344,3.563640986995209
39099811200,11.008179846680356,3.591274388774812
39099811300,11.004583532511978,3.578186739904175
39099811400,11.007703109514032,3.587617338809035
39099811500,11.005706988364134,3.613172240246407
39099811600,11.003665315537303,3.614961649555099
39099811700,11.001310683093771,3.602110119780972
39099811800,11.003089806297057,3.598423605065024
39099811901,11.004662077344285,3.59015632238193
39099811902,11.008875073237509,3.611548196440794
39099812001,11.005074441478439,3.624023448323066
39099812002,11.005515962354552,3.641189367556468
39099812100,10.989080575633128,3.66904244421629
39099812200,10.987326391512663,3.674665339493498
39099812301,11.00137709650924,3.602490630390144
39099812302,11.000745348391513,3.61596445174538
39099812400,10.993196163586584,3.596592006844627
39099812500,10.965017916495551,3.640954145790554
39099812601,10.99481405065024,3.624349917864476
39099812602,10.994937258042437,3.633607143052704
39099812603,10.978597889117043,3.661309184804928
39099812700,10.930117379876797,3.711248238193018
39099812800,10.911789336755647,3.767588004791239
39099812900,10.961776246406571,3.759344545516769
39099813000,11.11180253045859,3.853523491444216
39099813200,11.114615329226557,3.85520617522245
39099813300,11.023997850787132,3.796576251882272
39099813400,10.987281204654346,3.724662288843258
39099813500,10.986402518822724,3.659211310746064
39099813600,11.006744797399042,3.613720197809719
39099813700,10.992188700205339,3.525057359342916
39099813800,10.967981061601643,3.509102442847365
39099813900,10.994280328542094,3.538267923340178
39099814000,10.992459420944558,3.537225844626968
39099814100,10.995631990417522,3.574837205338809
39101000100,11.063082331964408,4.67131919028063
39101000200,11.060489770020534,4.673087593429158
39101000300,11.075390901437372,4.675521553045859
39101000400,11.085838457905544,4.675430994524298
39101000501,11.070317914442163,4.676335879534565
39101000502,11.064651850787132,4.669739205338809
39101000600,11.065474087611225,4.660343812457221
39101000700,11.051295235455168,4.660686171800137
39101000800,11.047175694045174,4.655841214236824
39101000900,11.048636368240931,4.669402909650924
39101001000,11.043255748117728,4.653578005475702
39101001100,11.037073578370979,4.660824984941821
39101010100,10.946586318275154,4.61364125119781
39101010201,11.011514684462697,4.682679687200548
39101010202,11.025271499657769,4.662106911019849
39101010300,11.031014869267625,4.68582892128679
39101010400,11.0895078678987,4.665964041067762
39101010500,11.075644646132786,4.619485505817933
39103400100,11.389631552361396,4.021473254620123
39103402000,11.085490501711157,4.036870966461328
39103403001,10.863258197125257,4.059405100616016
39103403002,11.041614782340862,4.043808527720739
39103404000,11.251473526351814,4.050863499657769
39103405000,11.358483728268309,4.041081735112936
39103406000,11.403404195756331,4.077056651608487
39103407000,11.266675309377139,4.080342800136892
39103408001,11.204667663928816,4.061847367556468
39103408002,11.269315199178645,4.064544820670773
39103408003,11.21763714715948,4.060198026694045
39103408100,11.140757454483231,4.053972199863108
39103408201,11.107580203969884,4.051251911019849
39103408202,11.163194550992471,4.058572071868583
39103408301,11.2514215633128,4.059673959616701
39103408302,11.219300159479808,4.062745545516769
39103409001,10.880607655715264,4.072744277207392
39103409002,11.053864813141684,4.056039516769336
39103410000,10.778946937713895,4.148747288158795
39103411001,10.963615776180698,4.13428226899384
39103411002,10.965765158110883,4.127324136208077
39103412000,11.147864859685147,4.108430890485968
39103413000,11.332116543463381,4.126826177275838
39103415100,11.349482840520192,4.021413196440794
39103415200,11.305468132785763,4.025400269678302
39103415300,11.282783319644079,4.030985334017796
39103415400,11.250956509240246,4.031409865845311
39103415800,11.237234458590007,4.02755864202601
39103416000,11.282474162902122,4.032605545516769
39103416100,11.279707277891855,4.038328865160849
39103416200,11.204222453114305,4.037901533880904
39103416300,11.32617387816564,4.016889145790554
39103416400,11.308052802874743,4.021000664613279
39103417000,11.434856436002738,4.115908121149897
39103417100,11.500521911019849,4.09972086036961
39103417200,11.546410722792608,4.131355913073238
39103417300,11.477798440109514,4.143878790554415
39105964100,10.371407136208077,4.388709082135524
39105964200,10.395951557837098,4.442062344284736
39105964300,10.383722550308008,4.467001915126626
39105964400,10.484823272416153,4.48545635797399
39105964500,10.463086718685832,4.466175971252567
39105964600,10.369081864476386,4.416476264887064
39107967200,11.46789558110883,4.839820936344969
39107967300,11.533893577002053,4.863811977412731
39107967400,11.56797748733744,4.895857937029432
39107967500,11.562411425051335,4.904111307323751
39107967600,11.565917038329911,4.916325099931554
39107967700,11.552643891170431,4.877562
39107967800,11.567480840520192,4.909314552361396
39107967900,11.546540556468172,4.87637720807666
39107968000,11.451206817932923,4.798455678986995
39109300100,11.38224292128679,4.779767358658453
39109315001,11.465315018480493,4.819811905544148
39109315002,11.470727434633812,4.794403552361396
39109315100,11.429870140999316,4.810288302532512
39109315300,11.452607321697468,4.789959908966461
39109320100,11.476655592060233,4.806707840520192
39109325000,11.471717076659822,4.791311456536619
39109330100,11.471158751540041,4.765846706365503
39109340100,11.474181971937029,4.720632640657084
39109345000,11.485291242984257,4.727684887063655
39109350100,11.517487338124572,4.729154882956879
39109355001,11.50358373100616,4.72384037303217
39109355002,11.50814688843258,4.71490512936345
39109365000,11.468618377138946,4.770668367556468
39109365101,11.404260195071869,4.761070212183436
39109365102,11.437108611909651,4.735696152635181
39109365200,11.465084667351129,4.740598841204654
39109365301,11.500541180013689,4.76752105065024
39109365302,11.483996887063655,4.748506984257358
39109380100,11.490180373716632,4.689187679671458
39109390100,11.302594778918549,4.704313080082136
39111966600,10.498026559890486,4.024167544832307
39111966700,10.605673105407255,4.144454410677618
39111966800,10.57220527652293,4.162304731690623
39111966900,10.438198135523614,4.175549107460643
39113000100,11.617130118412046,4.6715755229295
39113000200,11.627488191649555,4.675831073921971
39113000300,11.639511993839836,4.668855955509925
39113000400,11.645577880219028,4.661907581793292
39113000500,11.644439451060917,4.662395102669404
39113000600,11.652374603011636,4.657725152635181
39113000700,11.655902457905544,4.659813382614648
39113000801,11.654604801505818,4.66320200752909
39113000802,11.654417993155373,4.665083103353867
39113000900,11.651251883641342,4.653390017111567
39113001000,11.65287378439425,4.656638113620808
39113001100,11.651189354551677,4.654986993839836
39113001200,11.655783822724162,4.650861097193703
39113001501,11.651599162902122,4.630509519507187
39113001600,11.655036889117043,4.674942718001369
39113001700,11.661403889801506,4.66039376386037
39113001800,11.656901453114305,4.667038539356605
39113001900,11.643242386721424,4.646766976043806
39113002000,11.637388741957563,4.652588195756331
39113002200,11.64799186036961,4.648431713894593
39113002300,11.642583991786448,4.655000301848049
39113002400,11.634408861054073,4.649057603011636
39113002500,11.620606590006845,4.652897525667351
39113002600,11.633977880219028,4.649737437371663
39113002700,11.619304547570157,4.645937714579055
39113002800,11.601305520876112,4.662539374401095
39113002900,11.609860997262149,4.654108859685147
39113003000,11.63780851266256,4.656729880903491
39113003100,11.624138384668036,4.650713559890486
39113003201,11.639804462696783,4.667821028747433
39113003300,11.640507856262834,4.651908791238878
39113003402,11.646054585215606,4.642882675564682
39113003403,11.651314796714579,4.656142431895962
39113003404,11.656062309377139,4.652939728952772
39113003500,11.658876696098563,4.650783674880219
39113003800,11.641648421629021,4.667071752224504
39113003900,11.648196081451061,4.66600861670089
39113004100,11.658662447638604,4.655906438056126
39113004200,11.649205090349076,4.663931258042437
39113004300,11.669740934976044,4.667532656399726
39113004400,11.634968451060917,4.661080156741958
39113004600,11.646914655715264,4.667815976043806
39113010100,11.650073615331964,4.662168911704312
39113010200,11.643601305954826,4.658902064339494
39113020100,11.661082579055442,4.665115098562628
39113020200,11.667837613278576,4.674490413415469
39113020300,11.654408991786448,4.67220888569473
39113020400,11.666428327173169,4.682540321013005
39113020500,11.634506590691307,4.679529016427105
39113020601,11.622553425051335,4.671456445585216
39113020602,11.621226353182752,4.676633544147844
39113020700,11.625907015742642,4.670430751540041
39113020800,11.639867283367556,4.675838459958932
39113020900,11.636470051334702,4.67131335797399
39113021000,11.62922762422998,4.667673167693361
39113021100,11.60685741889117,4.658838113620808
39113021200,11.60641325119781,4.664394733744011
39113021301,11.584285690622861,4.657574608487337
39113021302,11.571244374401095,4.658500394934976
39113021400,11.572337152635181,4.658989693360712
39113021501,11.604726711156742,4.661178356605065
39113021502,11.613582833675565,4.666657722108145
39113021601,11.585902561259411,4.6618525229295
39113021602,11.567470658453114,4.669222586584531
39113021700,11.591748696783025,4.672570952087611
39113021800,11.570356480492813,4.668591715947981
39113021900,11.562055355920602,4.666816402464066
39113030100,11.67289765982204,4.672105691307324
39113030200,11.683180804243669,4.682657455167693
39113040101,11.637826691307324,4.679326124572211
39113040102,11.666638457905544,4.69206764476386
39113040103,11.635130726899384,4.692636124572211
39113040201,11.600194889117043,4.674371728268309
39113040203,11.538288511293634,4.660885323750856
39113040204,11.59279067761807,4.669283752224504
39113040302,11.576837142368241,4.678039945242984
39113040303,11.537337074606434,4.666872652977413
39113040305,11.531984042436687,4.666064108145106
39113040306,11.539436456536619,4.672358432580424
39113040401,11.638337797399042,4.673789130047912
39113040403,11.610057289527721,4.672872123887748
39113040405,11.649306550992471,4.686434748117728
39113040406,11.628423151266256,4.681905431211499
39113050101,11.683086070499658,4.688667546201232
39113050103,11.68478148733744,4.687703736481862
39113050104,11.677334575633128,4.695548637234771
39113050105,11.673253281314168,4.686925894592745
39113050301,11.685699962354552,4.686152724161533
39113050302,11.689274839835729,4.68221699247091
39113050303,11.6909033908282,4.683141972621492
39113050401,11.69403725393566,4.684125098562628
39113050402,11.698656390143737,4.68483073100616
39113050502,11.73518134770705,4.693566381930185
39113050503,11.701366430527036,4.68384627652293
39113050504,11.700909423682409,4.685857889801506
39113050600,11.701212743326489,4.679602594798084
39113060100,11.627035265571526,4.668256094455852
39113060200,11.619848145106092,4.663539611909651
39113060300,11.644326743326489,4.669789792607803
39113070101,11.54525927652293,4.658698803559206
39113070102,11.586157961670089,4.684296176591376
39113070201,11.610097924709103,4.668003427104723
39113070202,11.628074485968515,4.664020911704312
39113070300,11.620337088295688,4.67461770568104
39113070400,11.579155136208077,4.668402476386037
39113070500,11.559159916495551,4.675073869267625
39113070600,11.597230041752224,4.672744210130048
39113070700,11.612652482546201,4.678930422997947
39113080100,11.623027776180698,4.677358895277207
39113080200,11.615976779603012,4.681935325119781
39113080300,11.643743628336756,4.676972830253251
39113080400,11.649686360027378,4.681805225188227
39113080500,11.631032635865845,4.676453683093771
39113080600,11.657209435318275,4.668020187542779
39113080700,11.642874872689938,4.67821935797399
39113090302,11.623380763175907,4.669324419575633
39113090303,11.579155428473648,4.669404151266256
39113090304,11.591687737166324,4.671651770020534
39113090600,11.618752611909651,4.660022464750171
39113090700,11.60738365982204,4.657519088980151
39113090800,11.585682545516769,4.64917213963039
39113090900,11.590216795345654,4.653290603696099
39113091000,11.592918937029432,4.650925618754278
39113091100,11.598644271047228,4.660430814510609
39113100101,11.597880409993155,4.689286787816564
39113100102,11.5587181724846,4.687549496919918
39113100201,11.570332692676249,4.683327019849418
39113100202,11.58450485284052,4.683556182067077
39113100203,11.576749954140999,4.675776447638604
39113100301,11.589400764544832,4.683700707734428
39113100302,11.605346902806297,4.6731033908282
39113100400,11.536131771389459,4.668133926078029
39113110100,11.551015101984942,4.713017001368925
39113110201,11.597307150581793,4.695545982888433
39113110202,11.608843391512663,4.695474630390144
39113115002,11.568374675564682,4.701344463381246
39113115011,11.569340511978097,4.700259647501711
39113115012,11.587419073237509,4.699141028062971
39113120101,11.488624064339494,4.677440303216975
39113120102,11.558909209445585,4.686636437371663
39113120103,11.587147733059548,4.684383295687885
39113125000,11.49664111430527,4.694791924024641
39113125101,11.517846691307324,4.686070478439425
39113125102,11.539471829568788,4.696462045859001
39113130101,11.403041700889802,4.65931909650924
39113130102,11.409096080766598,4.640612110882957
39113140100,11.431145143737166,4.626095318275154
39113150100,11.514667236824093,4.634692416837782
39113160100,11.642131520876112,4.638887062970568
39113165000,11.675581482546201,4.662912317590691
39113165100,11.656261566735113,4.644013160164271
39113165200,11.653247548939083,4.643883822724162
39113980000,11.593708259411362,4.652324585900068
39115968800,10.750408819301848,4.451422733059548
39115968900,10.645617663244353,4.427822272416153
39115969000,10.50772865982204,4.40759232238193
39115969100,10.532451785078713,4.368315438056126
39117965000,10.7449495633128,4.50767329431896
39117965100,10.720785274469541,4.478005163586584
39117965200,10.867529730321698,4.543482563997262
39117965300,10.958915298425736,4.543105877481177
39117965400,10.786703344969199,4.464019724845996
39117965500,10.893731026694045,4.447252229295003
39119911000,10.80587165229295,4.44248931211499
39119911100,10.811581084188912,4.463119080766598
39119911200,10.792557496235455,4.457708227241615
39119911300,10.773008816563997,4.478380049965777
39119911400,10.810324552361396,4.500256570841889
39119911500,10.831133082135524,4.493901222450376
39119911600,10.859838576317591,4.50263580971937
39119911700,10.849417954825462,4.499804869952088
39119911800,10.830617450376454,4.498963761122519
39119911900,10.847365902806297,4.498082848733744
39119912000,10.779308063655031,4.486149805612594
39119912100,10.790278173169062,4.49168006844627
39119912200,10.788073028747433,4.488723694045174
39119912300,10.757686826146475,4.479594465434634
39119912400,10.720838021218344,4.470324857631759
39119912500,10.666176543463381,4.461165549623546
39119912600,10.708962945242984,4.443057048596852
39119912700,10.787450403148528,4.477840651608487
39119912800,10.766384608487337,4.439429540041068
39121968300,10.718836785078713,4.306576674195756
39121968400,10.790916382614648,4.404689982888433
39121968500,10.781205482546201,4.396961042436687
39123050100,9.889130629021218,3.902590865160849
39123050201,10.192937731690623,4.087685947296372
39123050202,10.122102255989049,4.038967770704997
39123050301,10.220387033538672,4.107857232717317
39123050302,10.191954453798768,4.083619798767967
39123050500,10.283501226557153,4.133651688569473
39123050600,10.305944049281314,4.152232396303901
39123050700,10.385424778234086,4.14829029431896
39123050800,10.333857151950719,4.112088788501027
39123050900,10.461368123887748,4.132618305270363
39123051000,10.628821159479808,4.172309589322382
39123051100,10.571024717316906,4.077863739219712
39123051200,10.317113419575633,4.148645777549624
39125960100,10.973071055441478,4.663241306639288
39125960200,10.976976825462012,4.587891204654346
39125960300,11.076710177275838,4.614860145106092
39125960400,11.019733058179329,4.645516650239562
39125960500,11.0229184366872,4.679485887063655
39127965800,10.773036833675565,4.476159249828884
39127965900,10.61836264476386,4.453774085557837
39127966000,10.591738364818617,4.442835299794661
39127966100,10.48008907871321,4.417473895277207
39127966200,10.523799947980835,4.435215385352498
39127966300,10.481741466803559,4.434549152635181
39129020100,10.838102269678302,4.563537151266256
39129020200,10.829888735797399,4.559435627652293
39129020310,10.839467358658453,4.552643327173169
39129020320,10.89474171321013,4.563591225188227
39129020400,10.817227726899384,4.566984275838467
39129021100,10.954610223134839,4.530632468856947
39129021200,11.157731464065708,4.550085323750856
39129021300,11.174684437371663,4.554330110882957
39129021401,11.049378134154689,4.55686640862423
39129021402,11.161523428473648,4.559289965776865
39129021500,10.930521544832307,4.572275973305955
39129021600,10.787620858316222,4.56724367008898
39129021700,10.668105183436003,4.534163970568104
39131952200,10.30315279945243,4.430551173853525
39131952300,10.352252312799452,4.467238370294319
39131952400,10.399512011635866,4.501354619438741
39131952500,10.410098823408624,4.506717535934292
39131952600,10.274679475701574,4.475249094455852
39131952700,10.182418971937029,4.420405433264887
39133600102,10.75974215742642,3.838564126625599
39133600103,10.668897661190965,3.802911448323066
39133600200,10.912738741273101,3.881048209445585
39133600301,11.126739425735797,3.940084580424367
39133600302,11.158385307323751,3.937425967145791
39133600401,11.254502812457221,3.94951955578371
39133600402,11.252318570841889,3.937555864476386
39133600403,11.163594930869268,3.93342723340178
39133600500,11.024965737166324,3.877653621492129
39133600602,10.851329785763176,3.830664331279945
39133600603,10.765148937029432,3.790352526351814
39133600703,10.935372544147844,3.8257235229295
39133600704,10.850894130732375,3.792356653661875
39133600705,11.035193527036276,3.842233223134839
39133600706,10.947663189596167,3.80994815742642
39133600800,11.068281342915811,3.835908378507871
39133600901,11.128357229979466,3.868919793976728
39133600902,11.168906289527721,3.878769544832307
39133601000,11.100073407939767,3.849194047912389
39133601100,11.088428838466804,3.853166297741273
39133601200,11.321653841889117,3.936866790554415
39133601300,11.360729148528405,3.951946222450376
39133601400,11.395758430527036,3.951783357289528
39133601501,11.366941894592745,3.945148389459274
39133601502,11.329053521560575,3.932647936344969
39133601503,11.327426318959617,3.930049548939083
39133601600,11.284925648870637,3.931119960985626
39133601701,11.394383595482546,3.9488057816564
39133601702,11.422608985626283,3.945824135523614
39133601801,11.170411382614648,3.877066880219028
39133601802,11.230409047227926,3.900925307323751
39133601901,11.151491266255989,3.872720281314168
39133601902,11.036658932922656,3.831600858316222
39133602000,11.317502422313484,3.916962653661875
39133602100,11.492311163586584,3.950965563997262
39135400100,11.097645047227926,4.426285407939767
39135410100,11.185808803559206,4.489878594798084
39135420100,11.290425380561259,4.589981403832991
39135430100,11.286172645448323,4.560574194387406
39135440100,11.352048260780288,4.572424107460643
39135450100,11.157786879534565,4.474882525667351
39135455001,11.209946790554415,4.513694536618754
39135455002,11.183117871321013,4.492341879534565
39135460100,11.066305724845996,4.447409343600274
39135470101,11.165641110882957,4.489770529774127
39135470102,11.251933652977413,4.519015674195756
39135480100,11.455273368925394,4.587674572210814
39137030100,10.872133264202601,4.639233850102669
39137030200,10.9744175633128,4.687584846680356
39137030300,10.970865648186174,4.688988392881588
39137030400,10.927341944558522,4.680065678986995
39137030500,11.043072387405886,4.717990780971937
39137030600,11.101105135523614,4.74267838329911
39137030700,11.103010260095825,4.735883709103354
39139000400,10.708860559890486,4.435744372347707
39139000500,10.71343160164271,4.440282696098563
39139000600,10.712347314168378,4.441159844626968
39139000700,10.711200325804244,4.437158733744011
39139000800,10.72950480698152,4.436023809034908
39139000900,10.72107339835729,4.424594168377823
39139001000,10.710262920602327,4.430062701574264
39139001100,10.706999180698152,4.444037605749487
39139001200,10.708816186173854,4.454837280629706
39139001300,10.708115735112936,4.446029979466119
39139001400,10.707509283367556,4.455265431211499
39139001500,10.706847013004791,4.445385041752224
39139001600,10.709875417522245,4.438259734428474
39139001700,10.718327772758385,4.438409332648871
39139001800,10.730175897330596,4.424900778234086
39139001900,10.751825240246407,4.414688151950719
39139002000,10.693939631074606,4.407755230663929
39139002101,10.698852277207392,4.444549290212183
39139002102,10.69414067761807,4.434849377823409
39139002200,10.69014637577002,4.459970707734428
39139002300,10.688580219028063,4.466134835728953
39139002400,10.689853659137577,4.463252958247776
39139002500,10.656720333333333,4.464673580424367
39139002600,10.623399584531143,4.429745266940452
39139002700,10.66402425119781,4.425673709103354
39139002800,10.576881121149897,4.408417863791923
39139002900,10.653575761122519,4.376187683093771
39139003001,10.676217214236824,4.436124203969884
39139003002,10.673666795345654,4.405631668720055
39139003100,10.718122101300479,4.440928201916496
39141955500,10.56988231211499,4.530788759753593
39141955601,10.671948275838467,4.580644227926078
39141955602,10.660113505817933,4.593124063655031
39141955603,10.670081486652977,4.570312113620808
39141955700,10.489471370294319,4.541931047912389
39141955800,10.577404058863792,4.568499281314168
39141955900,10.605401141683778,4.585239816563997
39141956000,10.641143155373032,4.581214966461328
39141956100,10.663025794661191,4.600261433264887
39141956200,10.660164666666667,4.599549943189596
39141956300,10.664173222450376,4.592446213552361
39141956400,10.646140210130048,4.594269418206708
39141956500,10.616036995208761,4.580157481177276
39141956600,10.521256271731691,4.535457863107461
39141956700,10.443111769336071,4.521410996577686
39141956800,10.493048919233402,4.545233194387406
39141956900,10.389617108145106,4.507831149212868
39143960800,10.511787611909651,4.292059726214921
39143960900,10.596912085557837,4.306796084188912
39143961000,10.664654994524298,4.28825307871321
39143961100,10.704455492813142,4.377854178644764
39143961200,10.714088778234086,4.433239314168378
39143961300,10.67530064202601,4.398809561943874
39143961400,10.641806868583162,4.375244318959617
39143961500,10.629451519507187,4.366531012320328
39143961600,10.639488652977413,4.361465299794661
39143961700,10.609667540041068,4.355239854209446
39143961800,10.626236228610541,4.372618119780972
39143961900,10.623890352498289,4.398106116358658
39143962000,10.566957482546201,4.361483222450376
39143962100,10.514801904859685,4.314059672826831
39143962200,10.531760119780972,4.342436691991786
39145002100,10.269869709103354,4.359381733744011
39145002200,10.240015661875428,4.359505090349076
39145002300,10.04927160164271,4.335045125256674
39145002400,10.084333627652293,4.292172502395619
39145002500,10.239299624914442,4.292217549623546
39145002600,10.278782486652977,4.340293145106092
39145002700,10.301448330595482,4.304867959616701
39145002800,10.274658978781656,4.2783818275154
39145002900,10.265315012320328,4.266171777549624
39145003000,10.260611047912389,4.265605920602327
39145003100,10.236000772758385,4.246727558521561
39145003200,10.190009811088296,4.234015745379877
39145003300,10.15462752019165,4.243582958932238
39145003400,10.144609382614648,4.24268026899384
39145003500,10.122947259411362,4.231302994524298
39145003600,10.093340513347023,4.23281566255989
39145003700,10.12339248733744,4.238392626283368
39145003800,10.196899962354552,4.263073080766598
39145003900,10.061251001368925,4.238699448323066
39145004000,9.828282422997947,4.224366431211499
39147962500,10.57253175633128,4.42749070568104
39147962600,10.639437095140315,4.448591684462697
39147962700,10.75770354825462,4.51106412183436
39147962800,10.78777732991102,4.53954782477755
39147962900,10.797743191649555,4.551339343600274
39147963000,10.805930090349076,4.567975447638604
39147963100,10.822194013689254,4.606098482546201
39147963200,10.795922919233402,4.57746087063655
39147963300,10.778723333333333,4.553476995893224
39147963400,10.719592934291581,4.516309666666667
39147963500,10.760982806297057,4.541175448323066
39147963600,10.727663015742642,4.535527980835044
39147963700,10.751165545516769,4.559143133470226
39147963800,10.63635820807666,4.498991223134839
39149971400,11.240246126625599,4.803780975359343
39149971500,11.442864045859001,4.881197959616701
39149971600,11.496043014373717,4.88112699247091
39149971700,11.409554080766598,4.861834501711157
39149971800,11.362743805612594,4.825859562628337
39149971900,11.37746425119781,4.825685362765229
39149972000,11.338042944558522,4.810349417522245
39149972100,11.339186775496236,4.82760003559206
39149972200,11.247495583162218,4.764440431211499
39149972300,11.477693563997262,4.851476961670089
39151700100,11.704787213552361,3.834698664613279
39151700200,11.644311502395619,3.875395701574264
39151700300,11.659159950718686,3.857154761122519
39151700400,11.67797631485284,3.861793865160849
39151700500,11.686052772758385,3.854877862422998
39151700600,11.703540865845311,3.860988889801506
39151700700,11.703660247775496,3.881499904859685
39151700800,11.71916831211499,3.86799943394935
39151701000,11.731209707734428,3.857472219712526
39151701100,11.74146540862423,3.881033800136892
39151701200,11.735769826146475,3.877867087611225
39151701300,11.737630952087611,3.851222171800137
39151701500,11.731885490759754,3.839587420260096
39151701700,11.718474627652293,3.843438668720055
39151701800,11.656142376454483,3.856453142368241
39151702100,11.67322041615332,3.84965920054757
39151702300,11.712135717316906,3.848377099247091
39151702500,11.73638671321013,3.864067195756331
39151710200,11.212170780971937,3.883473794661191
39151710300,11.23773246954141,3.886664181382615
39151710400,11.203586637919233,3.881117140999316
39151710500,11.201642686516085,3.87899911430527
39151710600,11.235252529774127,3.885072818617385
39151710700,11.239595615331964,3.882529429842574
39151710800,11.22183148733744,3.889368047912389
39151710900,11.416296932238193,3.926726546885695
39151711000,11.569736309377139,3.963461353867214
39151711111,11.603768301848049,3.975619031485284
39151711112,11.627640011635866,3.983923709103354
39151711121,11.641835199178645,3.975610349760438
39151711122,11.669324754277892,3.967607270362765
39151711202,11.690790683778234,4.132120825462012
39151711211,11.702974435318275,4.101892617385352
39151711212,11.713419576317591,4.091796353182752
39151711311,11.708929006844627,4.015570729637235
39151711312,11.722675967830253,4.02800506844627
39151711321,11.721491356605065,3.969487935660506
39151711322,11.730307475701574,3.956595461327858
39151711402,11.736909472279261,3.996385032854209
39151711411,11.728218260780288,4.037446511293634
39151711412,11.730519961670089,4.04839422587269
39151711501,11.740538676249144,3.941959876796715
39151711502,11.733295138261465,3.909094393566051
39151711600,11.738203229979466,3.887615212183436
39151711700,11.69857766255989,3.898472231348392
39151711800,11.718175341546886,3.937919346338125
39151711900,11.715776313483915,3.963535672142368
39151712000,11.699595996577686,3.94703079945243
39151712102,11.621843837097878,3.933322628336756
39151712111,11.693050425735797,3.962166145790554
39151712112,11.67496290349076,3.943552496919918
39151712201,11.6903551321013,3.919668900752909
39151712202,11.65743753045859,3.914594358658453
39151712300,11.635311367556468,3.899768520876112
39151712400,11.590534325119781,3.894186369609856
39151712500,11.542722004791239,3.884037369609856
39151712601,11.522483316906229,3.890487778234086
39151712602,11.4704773908282,3.892046132785763
39151712700,11.452814290896646,3.905416414784394
39151712800,11.283385886379192,3.89243018275154
39151712900,11.20420234017796,3.874578177275838
39151713000,11.353880252566735,3.887108381245722
39151713100,11.54825327926078,3.877596229979466
39151713201,11.617682938398357,3.887323485968515
39151713202,11.656970069815195,3.943462444900753
39151713300,11.706295009582478,3.933490256673511
39151713401,11.733029919233402,3.905972051334702
39151713402,11.730130380561259,3.952561188911704
39151713501,11.732175570841889,3.99518355578371
39151713502,11.715890056125941,3.974483801505818
39151713600,11.730691232032854,4.031643836413416
39151713700,11.728606030800821,4.057154069130732
39151713900,11.715098069130732,4.069627869952088
39151714000,11.700304452429843,4.088432801505818
39151714100,11.69816579192334,4.065985356605065
39151714200,11.701169780287474,4.037594553045859
39151714302,11.725191034907598,4.012292206707734
39151714400,11.687826135523614,4.024454921971253
39151714600,11.627831048596852,4.033130022587269
39151714701,11.684765480492813,4.111992956194387
39151714702,11.638977223134839,4.157401247091034
39151714801,11.512826202600958,4.169190182067077
39151714802,11.512209169062286,4.050988165639973
39151714901,11.471438623545517,3.947621451060917
39151714902,11.331143802190281,3.920327922655715
39151715000,11.716967260095825,4.037496615331964
39153501100,11.574477552361396,3.971327207392197
39153501700,11.595109892539357,3.972852274469541
39153501800,11.583896839835729,3.990698843942505
39153501900,11.59045553798768,3.992648532511978
39153502101,11.559333525667351,3.973858256673511
39153502102,11.561968280629706,3.976408070499658
39153502200,11.568091529089665,3.973251852156058
39153502300,11.576357880903491,3.962289393566051
39153502500,11.591272048596852,3.963721364134155
39153502600,11.591251745379877,3.95229599247091
39153502700,11.574105236824093,3.964008668035592
39153502800,11.587020800821355,3.963046991101985
39153503100,11.595889715263518,3.966230546885695
39153503200,11.60751342642026,3.976980596167009
39153503300,11.624671720054757,3.982904674195756
39153503400,11.597131017111567,3.966917502395619
39153503500,11.614608785078713,3.973863107460643
39153503600,11.609540018480493,3.966571090349076
39153503701,11.59618263449692,3.961456119096509
39153503702,11.581720976728268,3.970111205338809
39153503800,11.628444718001369,3.984212664613279
39153504100,11.605357993839836,3.976314873374401
39153504200,11.603364342915811,3.978339897330596
39153504400,11.614326262833676,3.992615500342231
39153504500,11.618670265571526,3.988760177275838
39153504600,11.620075450376454,3.986650252566735
39153504700,11.626851052019165,3.99763084531143
39153504800,11.63691979945243,4.004440731690623
39153505200,11.589898804243669,3.994293877481177
39153505300,11.599698785763176,3.997406008213552
39153505400,11.607370404517454,4.022839877481177
39153505500,11.607581691307324,4.010249731690623
39153505600,11.603540993839836,4.005198816563997
39153505700,11.614155388774812,4.023145422997947
39153505800,11.627774411362081,4.033351054072553
39153505900,11.62894706844627,4.013298166324435
39153506100,11.533961260780288,4.003677327857632
39153506200,11.548213587953456,3.999309899383984
39153506400,11.550382201916496,3.977787386721424
39153506500,11.555638450376454,3.978770826146475
39153506600,11.561373041067762,3.972858877481177
39153506700,11.577681303901437,3.989033347022587
39153506800,11.588632370978782,3.981605077344285
39153507101,11.514664042436687,4.005527499657769
39153507102,11.516760245037645,4.018096090349076
39153507201,11.522006370978782,3.997050587953456
39153507202,11.535398488706366,3.993977082819986
39153507203,11.530838262833676,3.986006588637919
39153507300,11.548424024640657,3.971410403832991
39153507400,11.560802219712526,3.975886123203285
39153507500,11.536674852156058,3.984442900068446
39153507600,11.544965268309377,3.977331876112252
39153508000,11.505691463381246,3.999485978097194
39153508301,11.575648123887748,3.974897458590007
39153508399,11.592691176591376,4.025732080766598
39153508600,11.560639156057495,3.983332038329911
39153508800,11.565205422313484,4.010318301163587
39153508900,11.584284180013689,3.968264247775496
39153509000,11.586683493497604,3.965742815879535
39153510100,11.622342620123203,4.073759271731691
39153510200,11.613075033538672,4.057928577002053
39153510301,11.637836466119096,4.072640406570842
39153510302,11.650725875427789,4.062039421629021
39153510400,11.609114965092402,4.098527610540726
39153510500,11.610304538672142,4.088883864476386
39153520103,11.541909421629021,3.978218255989049
39153520104,11.528859558521561,3.981472761122519
39153520105,11.505607353182752,3.980083604380561
39153520106,11.531278812457221,3.981120948665298
39153520201,11.537326893908282,3.982083672142368
39153520202,11.537785329226557,3.980047262833676
39153520301,11.517095767282683,3.989864850787132
39153520302,11.520376919917864,3.984517331964408
39153520400,11.512166935660506,3.992945302532512
39153520500,11.51442976659822,3.993097465434634
39153520600,11.501702890485968,3.987905121149897
39153530101,11.282142546201232,3.962426185489391
39153530103,11.391724346338125,3.97174601026694
39153530104,11.368539663244353,3.964535648870637
39153530105,11.334382073237509,3.971022291581109
39153530108,11.302918188911704,3.968375917180014
39153530401,11.452763143052704,3.977786006160164
39153530402,11.433675733744011,3.976210533196441
39153530501,11.44698777412731,3.976166818617385
39153530502,11.454616629021218,3.972811872689938
39153530603,11.463243533880904,3.986802499657769
39153530604,11.448752134839151,3.982844791238878
39153530605,11.412794733744011,3.974964428473648
39153530606,11.39901837303217,3.968255217659138
39153530700,11.481547311430527,3.985441315537303
39153530800,11.492647241615332,3.971208004791239
39153530901,11.561985279945243,3.971351770704997
39153530902,11.521613641341547,3.970072778234086
39153530903,11.535746568788501,3.967482256673511
39153531001,11.551964052019165,3.967986722108145
39153531002,11.585723543463381,3.976263710472279
39153531101,11.616840742642026,3.98529101779603
39153531102,11.620313153319644,3.982147095140315
39153531103,11.659645570841889,4.001241105407255
39153531401,11.696257203969884,4.013364156057495
39153531405,11.663586204654346,4.001932225188227
39153531500,11.697477960985626,4.043027423682409
39153531601,11.678098978781656,4.054851654346338
39153531602,11.692050101984942,4.074160897330596
39153531701,11.645908631759069,4.118192245037645
39153531702,11.678733180698152,4.098896097878166
39153531801,11.653702001368925,4.034965238193018
39153531802,11.656074572210814,4.019051715947981
39153532001,11.589135445585216,4.108516045174538
39153532003,11.549737281998631,4.089921272416153
39153532004,11.584434330595482,4.061057851471595
39153532202,11.50264180971937,4.028794711156742
39153532301,11.448701800136892,4.032177382614648
39153532302,11.467940574948665,4.012817937029432
39153532501,11.472499843942505,4.0087838275154
39153532502,11.449157186858316,4.016847625598905
39153532600,11.439669271047228,3.99084071321013
39153532701,11.415521085557837,3.977684724845996
39153532702,11.4845636091718,3.962621188227242
39153532703,11.454787033538672,3.986243187542779
39153532705,11.538607637234771,3.977310293634497
39153532706,11.481670559206023,3.983956219028063
39153532708,11.432653247091034,3.973659484599589
39153532901,11.475852421629021,4.004573658453114
39153532902,11.487141882956879,3.997751672826831
39153532999,11.668648049281314,4.004172342231348
39153533000,11.639652085557837,4.048300642710472
39153533101,11.327959171115674,3.971516463381246
39153533102,11.354376285420945,3.9768608678987
39153533200,11.380966030800821,3.975413057494866
39153533400,11.538824813141684,4.044978792607803
39153533501,11.46543682477755,4.046553440793977
39153533502,11.498038170431212,4.066864588637919
39153534000,11.426920768651608,3.986786267624914
39153534100,11.391172236824093,3.981129370294319
39155920300,10.801443688569473,3.622444626283368
39155920400,10.810425813826146,3.610111418206708
39155920500,10.842183393566051,3.62167228678987
39155920600,10.836122234086242,3.651569960301164
39155920700,10.805175088980151,3.689020151950719
39155920800,10.812245918548939,3.654065600958248
39155920900,10.788919642710472,3.677947551676934
39155921000,10.774164640657084,3.673724000684463
39155921100,10.786954033538672,3.64287517522245
39155921200,10.752176590006845,3.675620754962355
39155921300,10.751109217659138,3.63732722587269
39155921400,10.794689214921287,3.610724985626283
39155921500,10.82747076386037,3.610291613278576
39155921600,10.849858592744695,3.616080550308008
39155930101,10.263600231348392,3.670750032169747
39155930102,10.541977447638604,3.544479772073922
39155930200,10.30227847980835,3.676332866529774
39155930300,10.323599411362081,3.701529663928816
39155930400,10.357005079397673,3.742617320328542
39155930500,10.40509653045859,3.783104947296372
39155930600,10.625973483915127,3.755971163586584
39155930700,10.678781722792608,3.706169362765229
39155930800,10.607221908281999,3.698438715263518
39155930900,10.565352581793292,3.631642019164956
39155931000,10.633682611225188,3.64832258110883
39155931100,10.606366587268994,3.585428156741958
39155931200,10.801994149897331,3.548386303901437
39155931300,10.763582210814511,3.463492008898015
39155931400,10.802294493497604,3.410933613278576
39155931500,10.884434346338125,3.444478639972622
39155931601,10.905242264887064,3.461117798767967
39155931602,10.917486881587954,3.468464874058864
39155931700,10.941288941820671,3.495201203969884
39155931900,10.957535924024641,3.518367828199863
39155932000,10.91033858384668,3.533534501711157
39155932200,10.955897242984257,3.560136955509925
39155932300,10.932689622176591,3.56516722587269
39155932500,10.941093054757016,3.587323562628337
39155932600,10.920386421629021,3.602841803559206
39155932701,10.889322947980835,3.592164175906913
39155932702,10.897516360027378,3.600758986995209
39155932801,10.880581546885695,3.610992655030801
39155932802,10.908010855578371,3.617570959616701
39155932900,10.854319751540041,3.589935158795346
39155933001,10.779073468172485,3.594292611225188
39155933002,10.773754639288159,3.610096521560575
39155933100,10.7454347816564,3.696533381245722
39155933301,10.909354814510609,3.639808329226557
39155933302,10.955413258726899,3.607484704996578
39155933400,10.869210930869268,3.682997081451061
39155933500,10.840700120465435,3.747950527036276
39155933600,10.808673559890486,3.753616893223819
39155933700,10.756509844626968,3.744082418206708
39155933800,10.80744140862423,3.638389564681725
39155933900,10.967253752908966,3.572755239561944
39157020100,11.377602998631075,4.196043094455852
39157020200,11.336448533196441,4.093806498288843
39157020300,11.35826154072553,4.028654613278576
39157020400,11.133339187542779,4.024983652977413
39157020500,11.241639824093087,4.21078161670089
39157020600,11.233061012320328,4.140390844626968
39157020700,11.204922789869952,4.124233944558522
39157020800,11.12399622587269,4.14780406844627
39157020900,11.128694984941821,4.116881887748118
39157021000,11.04557782477755,4.100944297741273
39157021100,11.152096500342231,4.145729331279945
39157021200,10.977835059548255,4.062512019164956
39157021300,11.13952201779603,4.298366158110883
39157021400,11.065011510609172,4.257301848049281
39157021500,10.9936355633128,4.16929574880219
39157021600,10.877583116358658,4.031063765229295
39157021700,10.876750125941136,4.281832833675565
39157021800,10.822864310061602,4.208162645448323
39157021900,10.75165132238193,4.133905149212868
39157022001,10.897008474332649,4.093086754277892
39157022002,10.792732029431896,4.07558587816564
39159050100,11.016793995208761,4.66359079945243
39159050200,11.06393592128679,4.653246262833676
39159050301,11.050747522245038,4.637811088295688
39159050303,11.201960724161533,4.644782041067762
39159050304,11.165005021902806,4.650450260780288
39159050400,11.191072869952088,4.646353021902806
39159050500,11.215710028062971,4.636646315537303
39159050601,11.391495482546201,4.581478760438056
39159050602,11.286960771389459,4.614886656399726
39159050700,11.174270761122519,4.613766934976044
39161020100,11.171089394250513,4.74806526899384
39161020200,11.184745384668036,4.69019974606434
39161020300,11.311031049281314,4.725453808350445
39161020400,11.377249075290897,4.821533596851472
39161020500,11.240561924024641,4.780768622176591
39161020600,11.227358134154689,4.740666960985626
39161020700,11.230075771389459,4.737419632443532
39161020800,11.2619301321013,4.758368328542094
39161020900,11.276910095824778,4.770001770704997
39163953000,10.395707529089665,4.490903901437372
39163953100,10.45552631211499,4.509846983572895
39163953200,10.421646059548255,4.495084295003422
39165030101,11.799105969199179,4.668611358658453
39165030102,11.780719674195756,4.67202727652293
39165030200,11.796998965776865,4.679921978781656
39165030501,11.749644381930185,4.678671002737851
39165030503,11.714668755646817,4.68025767008898
39165030504,11.686929952772074,4.686237911704312
39165030600,11.805742798083504,4.672870088980151
39165030700,11.84267476386037,4.668608618754278
39165030800,11.625071258042437,4.673181697467488
39165030900,11.600218872689938,4.676905545516769
39165031000,11.332784513347023,4.641067210130048
39165031100,11.167822315537303,4.61561967761807
39165031200,11.456433645448323,4.658501904175222
39165031300,11.655553446954141,4.668372221765914
39165031400,11.598711120465435,4.663479597535934
39165031500,11.656016613278576,4.66921029431896
39165031600,11.829816737850787,4.677010416837782
39165031700,11.878682130047912,4.679068715263518
39165031902,11.830094570157426,4.690573063655031
39165031903,11.922225149897331,4.695675991101985
39165031904,11.914582550308008,4.69260380698152
39165032003,11.741054528405202,4.674943271731691
39165032004,11.916224507186858,4.679501864476386
39165032005,11.85663357357974,4.682416990417522
39165032006,11.808265005475702,4.678557357289528
39165032007,11.729487358658453,4.671817667351129
39165032100,11.63965924366872,4.665370177275838
39165032201,11.532846284052019,4.646315188227242
39165032202,11.534528272416153,4.648905084188912
39165032300,11.30497920807666,4.622363618069815
39165032400,11.125270831622177,4.607287260095825
39165032501,11.773297328542094,4.680822715263518
39165032502,11.803961390143737,4.675172878850103
39167020101,10.549934234086242,4.282461064339494
39167020102,10.54831459137577,4.28491606844627
39167020200,10.563288197809719,4.311196400410678
39167020300,10.668933588637919,4.313610069130732
39167020400,10.643831370978782,4.313009561259411
39167020500,10.58699909377139,4.29596032991102
39167020800,10.607052554414784,4.304616880903491
39167020900,10.606473993839836,4.31315918275154
39167021000,10.55887305065024,4.293807533880904
39167021100,10.441751783025325,4.25602786036961
39167021200,10.316482210130048,4.215773023956194
39167021300,10.722604456536619,4.376744456536619
39167021400,10.59253490349076,4.31419035797399
39167021500,10.69328393908282,4.347483180013689
39167021600,10.715003321013005,4.389354771389459
39167021700,10.52345787063655,4.332490313483915
39169000100,11.370698389459274,4.344920829568788
39169000200,11.354242644079398,4.345760021902806
39169000300,11.384681975359343,4.339295758384668
39169000500,11.375359029431896,4.351812432580424
39169000600,11.287607798083504,4.361448468172485
39169000700,11.31506554072553,4.332720280629706
39169000800,11.417527925393566,4.315198061601643
39169000900,11.527309880903491,4.291054410677618
39169001000,11.585690517453799,4.277076923340178
39169001100,11.61060106844627,4.251988980150582
39169001200,11.602273693360712,4.267677219028063
39169001300,11.598640985626283,4.291142629021218
39169001400,11.518599245722108,4.32569878439425
39169001700,11.476773093086927,4.310598843942505
39169001800,11.30374189596167,4.36987767008898
39169001900,11.081212769336071,4.378732919917864
39169002000,11.123332036960986,4.366421344284736
39169002100,11.123484867214237,4.31995512183436
39169002200,11.018267091718001,4.241073309377139
39169002300,11.192203296372348,4.230624080766598
39169002400,11.33103965982204,4.22566541889117
39169002500,11.454509728268309,4.218861066392882
39169002901,11.581125345653662,4.147951138945927
39169002902,11.59371527926078,4.153592123203285
39169003000,11.606293752224504,4.201476859000684
39169003100,11.641120388090349,4.205686065708419
39169003200,11.617778446954141,4.240577201232033
39169003300,11.564835884325804,4.25746890622861
39169003400,11.498987350444901,4.190180991786448
39169003500,11.448935587268994,4.177714122518823
39169003700,11.494316447638604,4.33351817522245
39169980000,11.374955874743326,4.339127125941136
39171950100,10.403917085557837,4.439399147843942
39171950200,10.480260798083504,4.477126134154689
39171950300,10.510908412046544,4.487125555099247
39171950400,10.571156937029432,4.50234980971937
39171950500,10.689620649555099,4.542497739219712
39171950600,10.681792660506502,4.545342520876112
39171950700,10.681922880219028,4.546553928131417
39171950800,10.66506745927447,4.539403059548255
39171950900,10.652425667351129,4.516536698836413
39173020100,10.791683725530459,4.080064328542094
39173020200,10.869832826830938,4.101815986995209
39173020300,10.888982327173169,4.148127028747433
39173020401,10.887815127310062,4.196249943874059
39173020402,10.864825973990418,4.227016057494866
39173020500,10.872545854209446,4.209967973990418
39173020601,10.860795475017112,4.233546373716632
39173020602,10.852010600273785,4.250333197809719
39173020700,10.851549751540041,4.227787745379877
39173020800,10.83033990622861,4.134829775496236
39173020900,10.787320227241615,4.172653932922656
39173021000,10.767155996577686,4.272270484599589
39173021100,10.753984040383299,4.35328965982204
39173021200,10.811617472963724,4.327829650924025
39173021300,10.734778305954826,4.40990837303217
39173021400,10.713382119096509,4.479092542778918
39173021500,10.708764245037645,4.450915475017112
39173021600,10.752800264202601,4.377813704996578
39173021701,10.747101505817933,4.391791459958932
39173021702,10.742667354551677,4.402927412046544
39173021800,10.745892880219028,4.391405979466119
39173021901,10.736606446954141,4.412259154004107
39173021902,10.741838479123888,4.406532655715264
39173022100,10.723658685831622,4.441197735797399
39173022200,10.759659201916496,4.518983791238878
39173022300,10.747864275838467,4.531570858316222
39173022400,10.776825153319644,4.553623079397673
39173022500,10.726016040383299,4.426663105407255
39175938000,10.855067673511294,4.640194963723477
39175938100,10.856608197125257,4.639825809034908
39175938200,10.902372474332649,4.687815290212183
39175938300,10.923687384668036,4.683763688569473
39175938400,10.936018941820671,4.680751708418891
39175938500,10.96552722587269,4.688264069815195
40001376600,9.655440894592745,4.148577811772758
40001376700,9.651285815195072,4.146730127994524
40001376800,9.674760771389459,4.133359049965777
40001376900,9.654849997262149,4.133793986310746
40001377000,9.623792633127994,4.118604872689938
40003955600,8.223005754962355,3.902131733059548
40003955700,8.116993440793977,3.869884603696099
40003956000,8.226719298425736,3.874206431211499
40005587600,9.149293885010267,3.954282943874059
40005587700,9.181771283367556,4.061037188911704
40005587800,9.178294525667351,4.113981602327173
40005587900,9.114646248459959,4.078649919233402
40007951600,7.062038405886379,3.616929036276523
40007951700,7.008612730321698,3.587423789185489
40007951800,7.046027297741273,3.609195735797399
40009966100,7.597485752224504,3.726281274469541
40009966200,7.514852208761122,3.703031171115674
40009966500,7.293761308692676,3.657473091033539
40009966800,7.490779028062971,3.702721485284052
40011958600,8.234888422313484,3.817899957563313
40011958700,7.945865882956879,3.728226986995209
40011958800,8.16731627926078,3.779537187542779
40011958900,8.165476904175222,3.774741537303217
40011959000,8.170875079397673,3.781379292265572
40013795600,9.169042037645448,4.160905106776181
40013795700,9.207316736481862,4.15380474880219
40013795900,9.419982628336756,4.20889601026694
40013796001,9.377769309377139,4.203003679671458
40013796002,9.369233700205339,4.212231967145791
40013796100,9.413869819301848,4.229428506502396
40013796200,9.392349900752909,4.220827425735797
40013796300,9.400583277891855,4.222814791238878
40013796400,9.433747891854894,4.233396262833676
40013796500,9.370885207392197,4.218260752908966
40013796600,9.50336380698152,4.2386167816564
40015161600,8.366169180013689,3.801459321697468
40015161700,8.163910746748802,3.787465279945243
40015161800,8.181722028747433,3.761749772758385
40015161900,8.328530334017796,3.793467613278576
40015162000,8.591976229979466,3.83981931485284
40015162100,8.59774640862423,3.844017585900068
40015162200,8.419659627652293,3.792441804928131
40015162300,8.652576154004107,3.861578303901437
40017300100,8.508782017111567,3.820552675564682
40017300201,9.097800455167693,3.848295794661191
40017300202,8.832522988364134,3.841216748117728
40017300300,8.964189660506502,3.857126907597536
40017300400,8.927973260780288,3.852327085557837
40017300500,8.933555474332649,3.855305598220397
40017300600,8.950928080082136,3.85863258110883
40017300700,8.968897794661191,3.858365234770705
40017300801,9.418956474332649,3.87089171321013
40017300802,9.465480499657769,3.877124900752909
40017300901,9.575373371663244,3.885039173853525
40017300902,9.551804813826146,3.896797763175907
40017300904,9.654523846680356,3.890005839835729
40017300905,9.592431065023956,3.892384342915811
40017301001,9.633391675564682,3.894695945927447
40017301003,9.504631942505134,3.900458312799452
40017301006,9.654338362080767,3.903286767967146
40017301007,9.56342852019165,3.902713501711157
40017301008,9.657506173169062,3.903456349760438
40017301009,9.540194254620123,3.899004401779603
40017301100,9.542863646132786,3.897040241615332
40017301201,9.48379938329911,3.894033865160849
40017301202,9.493718351813826,3.899983665982204
40017301300,9.396550165639973,3.897194099931554
40017301406,9.611358635181383,3.906232156057495
40017301407,9.442653470910335,3.902520185489391
40017301408,9.439350772073922,3.906319483915127
40017301409,9.514800902806297,3.908805130047912
40017301410,9.546284603696099,3.900942952087611
4001942600,4.745654943189596,2.563103052019165
4001942700,4.677077051334702,2.489383529774127
4001944000,4.523600137577002,2.410249302532512
4001944100,4.47515546954141,2.399083429842574
4001944201,4.601588987679672,2.463102180698152
4001944202,4.542133544832307,2.425621171800137
4001944300,4.599962415468857,2.456675926762491
4001944901,4.609605980150582,2.458133421629021
4001944902,4.624529098562628,2.476271557152635
4001945001,4.875178203285421,2.564207996577686
4001945002,5.012126982888433,2.641501984257358
4001945100,5.028669693360712,2.663162046543463
4001970200,5.233375473648186,2.75992056605065
4001970300,5.66287245927447,2.885137430527036
4001970501,5.307129560574949,2.689450266255989
4001970502,4.813223230663929,2.510573740588638
40019892100,9.102880245037645,4.078324012320328
40019892200,8.805382568104038,3.976807441478439
40019892300,8.846101868583162,3.983183477754962
40019892400,8.937019952772074,3.994120595482546
40019892500,9.197248545516769,4.084152455852156
40019892600,9.254903366872006,4.121286045174538
40019892700,9.26152914715948,4.112205832991102
40019892800,9.265557887748118,4.11332006091718
40019892900,9.262634639288159,4.11496112183436
40019893000,9.252206400410678,4.098531434633812
40019893100,9.265222722108145,4.119148520876112
40021977600,9.645591507871321,4.104138122518823
40021977700,9.831707829568788,4.100926461327858
40021977800,9.732747891170431,4.112196104722793
40021977900,9.691210435318275,4.125472279945243
40021978000,9.72287071321013,4.119957600273785
40021978100,9.713557600958248,4.127189904175222
40021978201,9.671168185489391,4.129895308692676
40021978202,9.67825682477755,4.118697560574949
40021978300,9.703748400410678,4.110971815879535
40023966900,9.338997458590007,4.254838327173169
40023967000,9.291407009582478,4.233698190965092
40023967100,9.284798227926078,4.226500704312115
40023967200,9.265226214921287,4.21818219301848
40023967300,9.15146978439425,4.162136876796715
40025950100,5.89066081724846,3.083151549623546
40025950300,5.910023764544832,3.083996966461328
40027200100,9.596434490759754,3.930768191649555
40027200200,9.59104401779603,3.921903553045859
40027200300,9.624843300479124,3.924351898699521
40027200400,9.604457880903491,3.92832531485284
40027200500,9.588647062286105,3.935164911019849
40027200601,9.557476123203285,3.936445934976044
40027200602,9.573154839835729,3.932415569472964
40027200700,9.581435847364819,3.921691971252567
40027200800,9.592191832306639,3.918006978781656
40027200900,9.616221278576318,3.931567828199863
40027201000,9.59692759890486,3.938229985626283
40027201101,9.563317590691307,3.95617246954141
40027201102,9.57369125393566,3.943561422313484
40027201201,9.558038904859685,3.940760334017796
40027201202,9.572383442847365,3.943551546201232
40027201203,9.520691790554415,3.953800674195756
40027201301,9.541847005475702,3.94426909377139
40027201403,9.61023816495551,3.899109316906229
40027201404,9.481424533196441,3.930994560574949
40027201405,9.529776968514716,3.919251187542779
40027201505,9.645120670773443,3.91870054072553
40027201507,9.62079116495551,3.932738807665982
40027201508,9.582830715263518,3.943944892539357
40027201509,9.682363414784394,3.908002409308693
40027201510,9.670032347022587,3.919499636550308
40027201602,9.792289207392197,3.861853839835729
40027201603,9.798262544832307,3.861298027378508
40027201604,9.776649125941136,3.86029901779603
40027201607,9.76441209377139,3.889940384668036
40027201609,9.770829185489391,3.888007649555099
40027201610,9.731943908281999,3.899338605749487
40027201611,9.775325489390828,3.875227284736482
40027201612,9.791295577002053,3.862674008213552
40027201700,9.709759891854894,3.909394904859685
40027201801,9.787776941136208,3.882048265571526
40027201802,9.804242163586584,3.870716082135524
40027201902,9.832371098562628,3.872340115674196
40027201903,9.804810239561944,3.887930051334702
40027201904,9.82052359137577,3.877618282683094
40027202002,9.821603149212868,3.858697658453114
40027202004,9.801232088980151,3.85175698220397
40027202005,9.813910763175907,3.860947041752224
40027202006,9.834567763175907,3.871440155373032
40027202007,9.779793639288159,3.856440622176591
40027202008,9.797184029431896,3.861588520876112
40027202102,9.786833509240246,3.8517809137577
40027202104,9.767651744695414,3.851883701574264
40027202105,9.763888120465435,3.85777865982204
40027202106,9.768299075975359,3.857309377138946
40027202107,9.742681305954826,3.865811489390828
40027202201,9.717706754962355,3.868730013689254
40027202203,9.736453553730322,3.868813195756331
40027202205,9.746264234770705,3.887208826146475
40027202206,9.747514813141684,3.874889040383299
40027202301,9.587276519507187,3.857628555099247
40027202302,9.353200608487337,3.858225059548255
40027202402,9.275734064339494,3.885792600273785
40027202403,9.426792485968515,3.899994247091034
40027202404,9.298778281998631,3.965087386036961
40027202405,9.144067731690623,3.95198325393566
40027202500,9.402839342231348,3.96501449486653
40027202600,9.209620177960301,3.982530393566051
40029388100,9.205506726899384,4.006902650924025
40029388200,9.166898670773443,4.039395891170431
4003000100,5.47516835797399,2.793572305954826
4003000201,5.439617152635181,2.753716345653662
4003000202,5.554648813826146,2.811705715263518
4003000203,5.575169505817933,2.80082865229295
4003000301,5.792422403148528,2.840882925393566
4003000302,5.773001119096509,2.83906198220397
4003000303,5.449062474332649,2.700001568104038
4003000400,5.653600987679672,2.799038503080082
4003000500,5.462837232717317,2.681554823408624
4003000600,5.732681900752909,2.689142637234771
4003000700,5.823435298425736,2.691158327857632
4003000800,5.845812773442847,2.694296309377139
4003000901,5.92525847980835,2.705959030116359
4003000902,5.909513226557153,2.696148971252567
4003001000,5.741778198494182,2.800328646817248
4003001100,5.822043112251882,2.798461049281314
4003001200,5.810020464065708,2.834538921971253
4003001300,5.794147867214237,2.845144269678302
4003001401,5.863937831622177,2.867205905544148
4003001402,5.748688054072553,2.811985858316222
4003001501,5.886459701574264,2.876168988364134
4003001502,5.885705146475017,2.874375277891855
4003001601,5.910556412731006,2.888392452429843
4003001602,5.940813458590007,2.899681518138262
4003001701,5.97271515742642,2.917336026694045
4003001702,5.944291270362765,2.901764596851472
4003001703,5.9729755633128,2.910205473648186
4003001800,5.920732837097878,2.889417937029432
4003001900,5.843857024640657,2.851094299794661
4003002001,5.873644919233402,2.8625663045859
4003002002,5.897857062286105,2.876403259411362
4003002100,5.752189666666667,2.817147528405202
40031000100,8.581771708418891,3.751201187542779
40031000200,8.550395056810404,3.730731156741958
40031000300,8.525565907597536,3.733886563997262
40031000401,8.50690353045859,3.740032210814511
40031000402,8.482323082819986,3.741553507871321
40031000403,8.456144449007529,3.745204945242984
40031000501,8.507824984257358,3.741839121149897
40031000502,8.508779048596852,3.753295925393566
40031000600,8.544713833675565,3.740503026009582
40031000700,8.554648279945243,3.740398342915811
40031000800,8.587003227241615,3.750504274469541
40031000900,8.584063556468172,3.752138484599589
40031001000,8.570936162217659,3.755121335386721
40031001100,8.598066689253936,3.766726741957563
40031001400,8.545444106091718,3.749737255304586
40031001500,8.554597208761122,3.751557499657769
40031001600,8.561903917180014,3.768884392197125
40031001700,8.580654869267625,3.772709701574264
40031001901,8.614696188227242,3.77967923613963
40031001902,8.548016236824093,3.79348759890486
40031002001,8.611353362080767,3.799732310061602
40031002003,8.593907831622177,3.828076445585216
40031002004,8.587309372347707,3.800064514031485
40031002005,8.572229979466119,3.796316934976044
40031002100,8.60961011430527,3.828315301163587
40031002200,8.198460514031485,3.714413528405202
40031002301,8.358435054072553,3.764236541409993
40031002302,8.111099312799452,3.735640019849418
40031002401,8.318816971937029,3.733737371663244
40031002403,8.591913030800821,3.792960134154689
40031002404,8.562543032854209,3.756922676249144
40031002500,8.581693605065024,3.763881467488022
40033871100,8.424621128678987,3.826124206707734
40033871200,8.389287331964408,3.880876765229295
40035373100,9.48207540109514,4.167565018480493
40035373200,9.587746087611225,4.104236054072553
40035373300,9.627351328542094,4.157203151266256
40035373400,9.639586849418207,4.147499757015743
40035373500,9.62975911156742,4.179019441478439
40037020101,10.012725353867214,3.464015751540041
40037020102,9.912344971937029,3.4642762183436
40037020103,9.95265214715948,3.482805991101985
40037020601,9.574262963039014,3.536569553730322
40037020602,9.700212075290897,3.513788995208761
40037020702,9.14552936550308,3.645385274469541
40037020704,9.116111509924709,3.654262984941821
40037020705,9.175584343600274,3.592855863791923
40037020706,9.309741061601643,3.52627504312115
40037020707,9.533430379192334,3.501539138261465
40037020800,9.12679704312115,3.653464152635181
40037020900,9.169385313483915,3.641424123203285
40037021000,9.180475958247776,3.662207517453799
40037021101,9.109070321013005,3.716624206023272
40037021102,9.30743881724846,3.6054263908282
40037021201,9.789871771389459,3.465561881587954
40037021202,9.754497315537303,3.500481896646133
40037021300,9.774093237508556,3.502349099931554
40037021400,9.87316659890486,3.497635527720739
40037021500,9.644318915811088,3.55210987063655
40037021600,9.787314239561944,3.508400863791923
40039950800,7.932235745379877,3.781422796714579
40039960400,7.790309019849418,3.749334725530459
40039960600,7.978037776180698,3.771904112251882
40039960700,8.055346353182752,3.780464266255989
40039961000,7.683646624914442,3.703820091033539
40041375601,9.63833896440794,4.218328505817933
40041375602,9.64880863449692,4.241714135523614
40041375700,9.660577551676934,4.235604910335387
40041375801,9.641609685831622,4.19827162696783
40041375802,9.654558199863108,4.225204741957563
40041375900,9.597884442162902,4.158031926078029
40041376000,9.595545070499658,4.175959242984257
40041376100,9.587737633812457,4.118924704312115
40041976200,9.646920334017796,4.166639511978097
40043959100,7.710430956194387,3.652048088980151
40043959200,7.402578787816564,3.612529461327858
40043959300,7.546606223819302,3.643884948665298
40045952600,7.17651449486653,3.604539744010951
40045952800,7.171645828199863,3.580855192334018
40047000100,8.829596780287474,4.011012666666667
40047000200,8.831547682409309,4.01111814715948
40047000600,8.860696503764545,4.012086898015058
40047000700,8.848566923340178,4.014599521560575
40047001100,8.821431145106092,3.987498454483231
40047001200,8.886046552361396,3.970784995893224
40047001300,8.779303839835729,4.000679546885695
40047001401,8.80700419301848,4.010472266255989
40047001402,8.771930060232717,3.995527772758385
40047001500,8.908546420260096,3.99880398973306
40047001601,8.651201711156742,3.969130434633812
40047001602,8.713683920602327,3.969224896646133
40049681100,9.044793130732375,4.024165659137577
40049681200,9.104235159479808,4.037319703627652
40049681300,9.107338593429158,4.046365615331964
40049681400,9.067257976043806,4.063612083504449
40049681500,9.089293567419576,4.058769739904175
40049681600,9.037538093086927,4.001804511293634
40049681700,8.90107363449692,3.962851459958932
40049681800,8.932286982888433,3.956192971252567
40049681900,8.901871182067077,3.998649251882272
4005000100,5.004495990417522,2.535052041752224
4005000200,5.020982997946612,2.539554531827515
4005000300,5.041780553045859,2.548844033538672
4005000400,5.045334151266256,2.555322312799452
4005000500,5.038453268309377,2.568921935660506
4005000600,5.08029729431896,2.581317727583847
4005000700,5.067501186173854,2.564508950718686
4005000800,5.060661666666667,2.559698088980151
4005000900,5.066927865160849,2.564114079397673
4005001000,5.060593862422998,2.556860361396304
4005001101,5.062517926762491,2.562155904859685
4005001102,5.049776303216975,2.554009054757016
4005001200,5.031971640657084,2.546408381245722
4005001301,4.961886513347023,2.541091504449008
4005001302,4.904171882956879,2.551631284052019
4005001500,4.736590072553046,2.474957585900068
4005001600,5.063485077344285,2.580136515400411
4005001700,4.797189242299795,2.48555944421629
4005002000,4.573481075975359,2.489299191649555
4005002100,5.097022633812457,2.741395058863792
4005002200,4.654034991101985,2.458741244353183
4005002300,4.598855893908282,2.437785750855578
40051000100,8.961272019164956,3.926391317590691
40051000400,8.941023268309377,3.930224366187543
40051000500,8.905389516769336,3.919763155373032
40051000600,8.835942460643395,3.908423223134839
40051000700,8.764396038329911,3.89843541615332
40051000800,9.045051942505134,3.911916914442163
40051000901,8.918024635865845,3.876745765229295
40051000902,9.230122249144422,3.914402780287474
40051000903,9.450266871321013,3.930148873374401
40051001000,8.947993119780972,3.928513825462012
40053956400,8.568971570157426,3.949693042436687
40053956500,8.66216176386037,3.935099886379192
40055967100,7.502863753593429,3.713885159479808
40055967200,7.539430066392882,3.730029009582478
40057967800,7.443431385352498,3.738461882956879
4005942201,4.842175668720055,2.627065307323751
4005942202,4.878647599589322,2.635723691991786
4005944900,4.802437787132101,2.580852055441478
4005945000,4.775770405201916,2.57314258110883
4005945100,4.71164877412731,2.521671787132101
4005945200,4.845042245722108,2.60386525393566
40059952100,7.295442630390144,3.66351205065024
40059952200,7.184535997262149,3.637891375085558
40061279100,9.765102742642026,4.15778359890486
40061279200,9.69511751266256,4.132082911704312
40061279300,9.463850201916496,4.01098373853525
40061279400,9.541326188911704,4.08490119028063
40063484600,9.218929623545517,3.871722249828884
40063484700,9.207813639972622,3.903534687200548
40063484800,9.212607600273785,3.950725961670089
40063484900,9.221278492813142,3.944041726214921
40063485000,9.233810900752909,3.928377950718686
40065968100,7.818962234770705,3.790390093086927
40065968200,7.722036674880219,3.773973284052019
40065968300,7.584650282683094,3.759791646817248
40065968400,7.756692461327858,3.78884219028063
40065968500,7.805670314168378,3.793790264202601
40065968600,7.774897687200548,3.79650441889117
40065968700,7.759531403148528,3.79225814715948
40065968800,7.79236119028063,3.795539699520876
40067371600,8.67167547980835,3.919899399726215
40067371700,8.500606633127994,3.880164915126626
40067371800,8.488899514715948,3.884588831622177
40069660198,9.190681771389459,4.125285984257358
40069660200,9.119567331279945,4.095784475017112
40069660300,9.156118327857632,4.109301581793292
4007000100,4.967558697467488,2.501339912388775
4007000200,4.865543262833676,2.488230898699521
4007000301,5.040445735797399,2.533664886379192
4007000302,5.128090884325804,2.538018057494866
4007000400,4.943784893223819,2.5108902183436
4007000500,5.010973528405202,2.530740255989049
4007000600,4.978724849418207,2.525039626283368
4007000700,5.278095229979466,2.593245853524983
4007000800,5.96726682477755,2.84003782477755
4007000900,6.057112195756331,2.902468708418891
4007001000,5.4103259137577,2.698136149212868
4007001100,5.945327912388775,2.878371672826831
4007001200,5.864858348391513,2.842688289527721
4007001300,5.74672025119781,2.786476805612594
40071000100,9.050014739219712,3.802269687200548
40071000201,9.067758179329227,3.79142789596167
40071000202,9.03034526146475,3.794165687200548
40071000300,9.039275984941821,3.790385045859001
40071000400,9.082198793976728,3.790287149897331
40071000500,9.069200765913758,3.798517790554415
40071000600,9.068550391512663,3.808157566735113
40071001100,8.954557569472964,3.895747659137577
40071001200,8.819200328542094,3.783379787132101
40071001301,8.898292478439425,3.899969434633812
40071001302,8.906910360711841,3.890152724845996
40073958100,8.781399207392197,3.909287557152635
40073958200,8.63797759137577,3.86361872073922
40073958300,8.818618045174538,3.86108153798768
40073958400,8.875150095140315,3.852781698836413
40075963600,7.961768891854894,3.728787480492813
40075963700,7.828621607802875,3.745013837097878
40075964200,7.823855292265572,3.74218664476386
40077087100,9.307372030800821,4.010093859685147
40077087200,9.261312592744695,3.895084525667351
40077087300,9.171597729637235,3.953351867214237
40079040102,9.971087862422998,4.214958967830253
40079040198,10.215285567419576,4.257824635181383
40079040299,9.902575140999316,4.190858288158795
40079040301,9.63336374606434,4.132776224503764
40079040302,9.636623721423682,4.138002990417522
40079040303,9.992010247091034,4.212463324435318
40079040401,9.64150090622861,4.137939557152635
40079040402,9.565674336071184,4.119636363449692
40079040500,9.337029941820671,4.05162159137577
40079040601,9.255489411362081,4.01024000752909
40079040602,9.257596507186858,4.033810409308693
40079040700,9.167815383983573,4.020677327857632
4007940200,4.989643514715948,2.594313826146475
4007940400,5.32915746954141,2.704395264887064
40081961100,9.118031012320328,3.771309191649555
40081961200,9.117810670773443,3.807653395619439
40081961300,9.188850570841889,3.803978567419576
40081961400,9.246897563997262,3.852347934976044
40081961500,9.14902401026694,3.84233792128679
40081961600,9.150980178644764,3.817457984941821
40081961700,9.159932405886379,3.815960265571526
40083600100,9.213085203969884,3.843953461327858
40083600200,9.225316965092402,3.857299061601643
40083600300,9.257114130732375,3.839150412046544
40083600400,9.383790791238878,3.826979518138262
40083600500,9.2032568678987,3.838164812457221
40083600600,9.13974623613963,3.796493734428474
40083600700,9.02571915742642,3.885215169062286
40083600800,9.308078056125941,3.849841655030801
40085094100,9.223594533196441,4.025352211498973
40085094200,9.208890367556468,4.013354013689254
40085094300,8.896527965092402,3.910402136892539
40087400101,9.58948464202601,3.9262354366872
40087400102,9.311726354551677,3.949143034223135
40087400201,9.096510865160849,3.987288726214921
40087400202,9.293546470910335,3.965213008213552
40087400300,9.257180683093771,3.982550177960301
40087400400,9.062303693360712,3.990491739904175
40089098200,9.30496627652293,4.133882028747433
40089098300,9.38584526146475,4.235326882272416
40089098400,9.48365694934976,4.31503406844627
40089098500,9.567396966461328,4.312717592060233
40089098600,9.5952241724846,4.331912013689254
40089098700,9.605499605749487,4.375880908281999
40089098800,9.640064588637919,4.375589008898015
40089098900,9.648238759753593,4.372957351129363
40091779600,9.695710386721424,4.044229511978097
40091779700,9.673596577002053,4.024851950718686
40091779900,9.444182869952088,3.903525466119096
40091780100,9.492355067761807,3.926579031485284
40091780200,9.523505923340178,3.958943285420945
40091780300,9.572772980835044,4.007044310061602
40093955100,8.323330830253251,3.876335403148528
40093955200,7.793234668035592,3.697933897330596
40093955300,8.053753941136208,3.785739444900753
40095094698,9.299359335386721,4.157123268309377
40095094700,9.293869468856947,4.150272927446954
40095094801,9.365443140999316,4.149519897330596
40095094802,9.412158014373717,4.192922121149897
40097040100,9.999043718001369,4.094599106776181
40097040200,10.015829561943874,4.101689377138946
40097040300,10.014055531143053,4.095934687200548
40097040400,10.031244798767967,4.061134105407255
40097040501,9.782838419575633,4.086815193702943
40097040502,9.76319411430527,4.097998614647502
40097040600,9.686955585215606,4.107661869267625
40097040700,9.668334758384668,4.134927736481862
40097040800,9.850539376454483,4.094875813826146
4009940500,5.237725485284052,2.708421463381246
4009961100,5.702995075975359,2.882177528405202
4009961201,6.052980855578371,3.026279160164271
4009961202,5.848213069815195,2.95055594934976
4009961300,6.10703421560575,3.05883546954141
4009961400,6.086907676249144,3.050347032169747
4009961500,5.676266857631759,2.904791041752224
4009961600,5.155254867214237,2.62689768788501
4009961700,5.877800667351129,2.983454864476386
40099790600,9.07230421560575,4.07510120054757
40099790700,9.064798405886379,4.069466349075975
40099790800,9.072365945927447,4.074026704312115
40101000100,9.976984134839151,4.08391414715948
40101000200,9.999066028062971,4.09007397467488
40101000300,9.999240152635181,4.104288750855578
40101000400,10.022208505817933,4.124767013689254
40101000600,9.941309637919233,4.116467239561944
40101000700,10.000574692676249,4.111610472963724
40101000801,10.001402659137577,4.130798377823409
40101000802,10.01176017522245,4.125176969199179
40101000900,9.986961291581109,4.126225444900753
40101001000,9.963950498288843,4.098440589322382
40101001100,9.789215916495551,4.022000334702259
40101001200,9.917023624914442,4.024690537303217
40101001300,9.88181922587269,4.117985086926762
40101001400,9.832535719370294,4.124288282683094
40101001500,9.696743529089665,4.102584492813142
40101001600,9.696509392197125,3.879667675564682
40103956600,8.976750755646817,3.819424686516085
40103956900,8.980494112936345,3.884763994524298
40103957000,8.998689394934976,3.881926661875428
40103957100,8.962986043805613,3.884712015058179
40105172100,9.586155645448323,4.159801565366188
40105172200,9.547110668035592,4.107068978781656
40105172300,9.630644082819986,4.017278859000684
40105172400,9.611539611225188,4.012800062970568
40107080600,9.175715599589322,3.819567131416838
40107080700,9.104727431895962,3.817849125941136
40107080900,9.188306843942505,3.845060656399726
40107081000,9.271483052703628,3.864151572895277
40109100100,9.856460132785763,3.816611362765229
40109100200,9.86503547980835,3.827886101300479
40109100300,9.861885259411362,3.810787105407255
40109100400,9.86431347980835,3.815693683093771
40109100500,9.869504778918549,3.810703702258727
40109100600,9.869066818617385,3.811294232032854
40109100700,9.869097125941136,3.810506587268994
40109100800,9.867353204654346,3.819714480492813
40109100900,9.865048575633128,3.836497135523614
40109101000,9.872044633127994,3.819282047912389
40109101100,9.870084718001369,3.808920919917864
40109101200,9.878260298425736,3.807553056125941
40109101300,9.858955809034908,3.816294093086927
40109101400,9.869499336071184,3.812231241615332
40109101500,9.876121783025325,3.814555303216975
40109101600,9.88021884257358,3.805925615331964
40109101700,9.878575963723477,3.80926903559206
40109101800,9.877140729637235,3.809088203285421
40109101900,9.874193396303901,3.811665372347707
40109102000,9.878150364134155,3.831385148528405
40109102100,9.857197403832991,3.842749152635181
40109102200,9.859165,3.840504866529774
40109102300,9.873507734428474,3.837436552361396
40109102400,9.875457836413416,3.817218529089665
40109102500,9.877324528405202,3.802387680355921
40109102600,9.872647885010267,3.812098024640657
40109102700,9.873005122518823,3.81435194934976
40109102800,9.861487594798084,3.816948158795346
40109102900,9.85818905338809,3.816339216974675
40109103000,9.873985217659138,3.809365331964408
40109103200,9.876041500342231,3.805256255989049
40109103300,9.88293306844627,3.811723857631759
40109103400,9.877038462696783,3.820896808350445
40109103500,9.873546542094456,3.818305655715264
40109103601,9.87862831485284,3.812325764544832
40109103602,9.872877492813142,3.818191073921971
40109103700,9.876690934976044,3.810981290896646
40109103800,9.876695674880219,3.816248364818617
40109103900,9.873601557152635,3.826187358658453
40109104000,9.872701402464066,3.819099163586584
40109104100,9.872055288843258,3.826575658453114
40109104200,9.865335070499658,3.854119047912389
40109104300,9.865947471594798,3.840850535934292
40109104400,9.868249382614648,3.843733966461328
40109104500,9.867263173169062,3.836881056810404
40109104600,9.87307559890486,3.836639255304586
40109104700,9.871050047912389,3.830450290212183
40109104800,9.874206133470226,3.842564995208761
40109104900,9.872191339493498,3.839601689938398
40109105000,9.869172639288159,3.843973819986311
40109105100,9.848416037645448,3.806459235455168
40109105201,9.847997947980835,3.809853175906913
40109105202,9.841199057494866,3.808022194387406
40109105300,9.860698396303901,3.835706551676934
40109105400,9.85988931485284,3.850325716632444
40109105500,9.862670370294319,3.862876544832307
40109105600,9.853808116358658,3.853424664613279
40109105700,9.872759083504449,3.84132726146475
40109105800,9.874211336755647,3.831652596167009
40109105903,9.839428714579055,3.859992704312115
40109105904,9.852642383983573,3.837077518138262
40109105905,9.837529458590007,3.853169896646133
40109105906,9.850124509240246,3.861736630390144
40109105907,9.846263742642026,3.861287612594114
40109106000,9.788113404517454,3.799703995208761
40109106100,9.823207506502396,3.798417708418891
40109106200,9.826337537303217,3.797315524298426
40109106301,9.792958567419576,3.794253472279261
40109106302,9.765495828884326,3.783554901437372
40109106303,9.79526937577002,3.799992219028063
40109106401,9.814370247775496,3.806931891854894
40109106402,9.819111921971253,3.819471466119096
40109106403,9.799597564681725,3.81842101026694
40109106501,9.839173813826146,3.825499932922656
40109106502,9.847325557837098,3.82983190349076
40109106503,9.841407532511978,3.811999175906913
40109106601,9.837352493497604,3.83628023340178
40109106602,9.820375293634497,3.850181011635866
40109106604,9.819331131416838,3.838457221081451
40109106606,9.814118748117728,3.847347026694045
40109106607,9.800458440793977,3.852001597535934
40109106608,9.798451666666667,3.83865262422998
40109106609,9.811760203285421,3.832377427104723
40109106610,9.821631855578371,3.835480206023272
40109106702,9.761243264887064,3.868373379192334
40109106704,9.716293123887748,3.879155500342231
40109106705,9.769802696098563,3.853674382614648
40109106706,9.788081592744695,3.857891679671458
40109106707,9.746949647501711,3.870640850787132
40109106708,9.698961943874059,3.872636559890486
40109106801,9.762764295687885,3.87204438329911
40109106802,9.784057269678302,3.87188154072553
40109106803,9.777825832991102,3.87210206091718
40109106804,9.799572085557837,3.867649587953456
40109106902,9.78912754072553,3.881782457221082
40109106903,9.733694186858316,3.879706529774127
40109106906,9.823858586584531,3.866591273100616
40109106907,9.811497339493498,3.873763169062286
40109106909,9.757171081451061,3.883665389459274
40109106910,9.755700956194387,3.885865854893908
40109106911,9.718668064339494,3.885205392197125
40109106912,9.740100100616016,3.888363036276523
40109106913,9.803245056810404,3.874451969883641
40109106914,9.788015019849418,3.875809594113621
40109106915,9.820822091718001,3.868845180013689
40109107001,9.834625430527036,3.864306195071869
40109107002,9.848325698151951,3.857344791238878
40109107101,9.799934670773443,3.888560306639288
40109107103,9.844442145790554,3.873524861738535
40109107104,9.844244168377823,3.874426904175222
40109107206,9.844420062970568,3.868930166324435
40109107207,9.849421275154004,3.860771384668036
40109107209,9.860358667351129,3.849512559206023
40109107210,9.830335288843258,3.871292183436003
40109107211,9.842164013004791,3.874874741957563
40109107212,9.830660118412046,3.878917400410678
40109107213,9.837439457905544,3.87774164202601
40109107214,9.851408758384668,3.87629899247091
40109107215,9.846905485968515,3.864966460643395
40109107216,9.859402587953456,3.866961782340862
40109107217,9.859232143737166,3.857946527036276
40109107218,9.866852286105407,3.854514915811088
40109107219,9.858375763175907,3.852224247775496
40109107220,9.857666977412731,3.860075710472279
40109107221,9.851135815195072,3.861650455167693
40109107222,9.852375880903491,3.854215839835729
40109107223,9.869163523613963,3.852706741273101
40109107302,9.852649923340178,3.85282932991102
40109107303,9.851005003422314,3.861770099247091
40109107305,9.846936930184805,3.830533180013689
40109107306,9.848623707049966,3.850707593429158
40109107401,9.819064592744695,3.857466500342231
40109107403,9.697531709103354,3.843096672826831
40109107404,9.791761666666667,3.843336878850103
40109107405,9.785255800136892,3.853174118412046
40109107500,9.722500140999316,3.836710202600958
40109107601,9.768089076659822,3.837169270362765
40109107604,9.737856498288843,3.82848754825462
40109107605,9.724123757015743,3.831467260095825
40109107606,9.701628647501711,3.829929540041068
40109107607,9.66074665229295,3.825979430527036
40109107703,9.68320894934976,3.823096183436003
40109107704,9.767698349760438,3.82986775633128
40109107705,9.77248558384668,3.821168533196441
40109107706,9.732832848049281,3.823008203285421
40109107707,9.737412103353867,3.824968401779603
40109107801,9.827203865845311,3.843104208761122
40109107804,9.808003013004791,3.831922915811088
40109107805,9.830097047912389,3.825686144421629
40109107806,9.810271514715948,3.81900341615332
40109107807,9.795489072553046,3.837047366872006
40109107808,9.799674134154689,3.833052319644079
40109107809,9.827848508555784,3.831120768651608
40109107810,9.829027404517454,3.831730947296372
40109107900,9.826938227241615,3.816475235455168
40109108003,9.744235165639973,3.812111212867899
40109108005,9.68836273853525,3.793728028062971
40109108006,9.777106377138946,3.825165941820671
40109108007,9.742197321697468,3.81999287816564
40109108008,9.69348445174538,3.811986872005476
40109108009,9.663050109514032,3.819424883641342
40109108010,9.659073788501027,3.811927541409993
40109108011,9.695760209445585,3.807701752224504
40109108101,9.637773195756331,3.761996763175907
40109108106,9.508484329226557,3.783949879534565
40109108107,9.547641034907598,3.759278358658453
40109108109,9.633664670773443,3.736878151950719
40109108110,9.701823770020534,3.744242747433265
40109108113,9.59238206844627,3.739129505817933
40109108114,9.573454902806297,3.748818994524298
40109108201,9.624164997262149,3.744571297741273
40109108203,9.605118733059548,3.759357181382615
40109108204,9.625445604380561,3.74673806844627
40109108206,9.554227188227242,3.789123647501711
40109108207,9.60299119028063,3.749145372347707
40109108208,9.595276638603696,3.75786076659822
40109108213,9.536576260780288,3.808964592060233
40109108215,9.626215691991786,3.77257865229295
40109108216,9.612728360027378,3.767683844626968
40109108217,9.641118412046544,3.754494318959617
40109108218,9.639484191649555,3.793020177960301
40109108219,9.612421854893908,3.796085400410678
40109108220,9.587407929500342,3.775304026009582
40109108221,9.578187889801506,3.800922575633128
40109108301,9.770111206707734,3.76776545927447
40109108302,9.726472180013689,3.745755752908966
40109108303,9.682322058179329,3.719564284052019
40109108304,9.652611454483231,3.736292303216975
40109108307,9.75213585284052,3.810671854209446
40109108309,9.77786946954141,3.793447730321698
40109108310,9.755372778234086,3.791800846680356
40109108313,9.72323240862423,3.804839674880219
40109108314,9.72974390349076,3.796638405201916
40109108315,9.708887980835044,3.79960900752909
40109108316,9.671622486652977,3.788829803559206
40109108317,9.66348720807666,3.7486656954141
40109108318,9.707369879534565,3.764119953456537
40109108402,9.76516165229295,3.821948685831622
40109108403,9.77674978439425,3.818734159479808
40109108404,9.776178464750171,3.80187129705681
40109108504,9.698517834360027,3.84540965982204
40109108506,9.744574700205339,3.82305490349076
40109108507,9.78969636550308,3.826773195756331
40109108508,9.7609426954141,3.846716252566735
40109108511,9.627564167693361,3.84177419301848
40109108512,9.503527700205339,3.835058613963039
40109108513,9.699285301848049,3.853263015058179
40109108514,9.718963963723477,3.86028957357974
40109108515,9.675303485968515,3.862136645448323
40109108519,9.719094495550992,3.837382062970568
40109108520,9.722861028062971,3.823093
40109108521,9.689809097878166,3.860843284052019
40109108523,9.626078045859001,3.860353088980151
40109108524,9.592182523613963,3.864475960985626
40109108525,9.65700950513347,3.87511025119781
40109108526,9.645518618754278,3.87378976386037
40109108527,9.650434701574264,3.848796188911704
40109108528,9.625061628336756,3.853555700205339
40109108529,9.678694041752224,3.848568752224504
40109108530,9.644732963723477,3.856711954825462
40109108601,9.758282055441478,3.884279024640657
40109108602,9.809274596851472,3.876807262149213
40109108603,9.707943269678302,3.901338681724846
40109108701,9.605219611909651,3.838853518822724
40109108703,9.500526101984942,3.82261104312115
40109108704,9.488886816563997,3.841526264887064
40109108706,9.616811680355921,3.823285127994524
40109108707,9.615752302532512,3.832062630390144
40109108708,9.395444936344969,3.837382173853525
40109108709,9.38153768514716,3.847184786447639
40109108801,9.586267308692676,3.806591195756331
40109108802,9.49046770568104,3.813872522245038
40109108803,9.58386885284052,3.793190134839151
40109108804,9.496964324435318,3.795011609856263
40109108900,9.454650494182067,3.777731162902122
40109109001,9.292450542094456,3.782821835728953
40109109003,9.386076411362081,3.83089919028063
40109109004,9.364385564681725,3.805703477754962
40109109100,9.877312844626968,3.806947983572895
40109109201,9.45379196440794,3.761113027378508
40109109202,9.261256718685832,3.772416188911704
40111000100,9.483508032169747,3.800978184804928
40111000200,9.449916908281999,3.782641179329227
40111000300,9.443886869952088,3.808607167008898
40111000400,9.4666468678987,3.823649242299795
40111000500,9.406144619438741,3.768706313483915
40111000600,9.493721813826146,3.652280815195072
40111000700,9.599435802874743,3.821151331279945
40111000800,9.434880184120465,3.87162662422998
40111000901,9.366981703627652,3.850302706365503
40111000902,9.351477104722793,3.869816447638604
40113940001,9.093941234086242,3.587523259411362
40113940002,9.026310998631075,3.706561650924025
40113940003,8.846989417522245,3.702830002053388
40113940004,9.13938421560575,3.860617028747433
40113940005,9.915677774811773,3.302029796714579
40113940006,10.110885929500342,3.279738486652977
40113940007,9.557707863107461,3.40420634770705
40113940008,9.378320475701574,3.64511468514716
40113940009,9.531790265571526,3.463174274469541
40113940010,9.799995905544148,3.483517347022587
40113940011,8.745725387405886,3.732126696098563
40115574100,9.697846212183436,4.318428420260096
40115574200,9.671201058179329,4.296456534565366
40115574300,9.673763356605065,4.295086364134155
40115574400,9.682046828884326,4.294741482546201
40115574500,9.686853550308008,4.293487910335387
40115574600,9.684987166324435,4.301013476386037
40115574700,9.660391780287474,4.272844288158795
40115574800,9.656603871321013,4.254293864476386
40115574900,9.638287446269678,4.276611564681725
40117957100,9.11150632991102,3.594032501026694
40117957200,9.259227513347023,3.518366536618754
40117957300,9.083872557837098,3.629092943874059
40117957400,8.966623364818617,3.729087729637235
40117957500,8.980973458590007,3.735876863107461
40119010101,9.148782039698836,3.86480757357974
40119010102,9.167877105407255,3.869483065708419
40119010200,9.159577830253251,3.874532149897331
40119010300,9.156211798083504,3.8807615633128
40119010400,9.164173021218344,3.874967880219028
40119010500,9.16530529431896,3.870946180013689
40119010600,9.157568019849418,3.863003919233402
40119010700,9.155720498973306,3.865722988364134
40119010800,9.152890886379192,3.871695152635181
40119010900,9.135138334702259,3.871808640657084
40119011000,9.078272924709103,3.859995709103354
40119011101,9.10091884531143,3.810441048596852
40119011102,9.128985893908282,3.825735069130732
40119011200,9.088097875427789,3.727478324435318
40119011301,9.113101239561944,3.736963613278576
40119011302,9.115887374401095,3.763216222450376
40119011400,9.123987788501027,3.790168004106776
4011960100,5.18151692881588,2.65614353798768
4011960200,5.619286625598905,2.894974523613963
4011960300,5.563740632443532,2.88050143394935
4012020100,5.164978843258042,2.537594403148528
4012020201,5.464894270362765,2.686965527720739
4012020202,5.227798952772074,2.569047909650924
4012020501,5.406697873374401,2.665791291581109
4012020502,5.626725387405886,2.761856760438056
4012020602,5.927596176591376,2.846696019164956
40121485600,9.458319537303217,3.94275546954141
40121485700,9.363959456536619,3.882278773442847
40121485800,9.440165578370979,3.840088468172485
40121485900,9.333826657084189,3.804885152635181
40121486000,9.417691988364134,3.749563702258727
40121486100,9.451469268309377,3.720059041067762
40121486200,9.446836640657084,3.72072648733744
40121486300,9.435948594798084,3.702804149897331
40121486400,9.416442482546201,3.655211917864476
40121486500,9.41387751266256,3.664911615331964
40121486600,9.354805815879535,3.73953159137577
40121486700,9.202082106776181,3.80364140109514
40121486800,9.251407597535934,3.832197186173854
40123088600,9.206692212183436,4.023356548939083
40123088700,9.152737970568104,4.047730889117043
40123088800,9.219073683778234,4.056471815195072
40123088900,9.216522637919233,4.069204579055442
40123089000,9.192420219712526,4.064493681040383
40123089100,9.207614373716632,4.06710109377139
40123089200,9.211733222450376,4.065261994524298
40123089300,9.212257624914442,4.072147221765914
40123089598,9.111665544832307,4.030460205338809
40123089600,9.081630929500342,4.05121731485284
40125500200,9.267782334017796,3.92806737303217
40125500301,9.282244529089665,3.929513124572211
40125500302,9.267289895277207,3.929613524298426
40125500400,9.280062718685832,3.925595516769336
40125500500,9.29685724366872,3.924661984257358
40125500600,9.293499236824093,3.924363095140315
40125500700,9.309891971937029,3.925109058863792
40125500800,9.285515181382615,3.924311786447639
40125500900,9.228456385352498,3.907269544147844
40125501001,9.309383798083504,3.881964040383299
40125501003,9.279245599589322,3.878172502395619
40125501004,9.274915863107461,3.90890798973306
40125501101,9.225724271731691,3.92833537577002
40125501102,9.144989984257358,3.918325548939083
40125501201,9.100365079397673,3.94838448733744
40125501300,9.056715872005476,3.954000939767283
40127097600,9.102493666666667,3.9823168678987
40127097700,9.123531771389459,4.058805830937714
40127097800,9.136578629021218,4.076662359342916
4012940200,5.590837847364819,2.748295470225873
4012940300,5.739641075290897,2.812808296372348
4012980000,5.792241077344285,2.796932861054073
40129960000,7.245906491444216,3.609105882272416
4013010101,6.253646818617385,2.800220029431896
4013010102,5.88895674880219,2.703441597535934
4013030401,6.370780438740589,2.845405922655715
4013030402,6.171403082135524,2.787234593429158
4013040502,5.272881285420945,2.533520694045174
4013040506,7.393912976728268,3.150032485284052
4013040507,7.286196388090349,3.126010783709788
4013040512,7.011228028747433,3.05097349486653
4013040513,7.133204303216975,3.083505195071869
4013040514,7.245643854893908,3.11106635797399
4013040515,5.296661404517454,2.560143456536619
4013040516,5.910424284736482,2.758518380561259
4013040517,6.276169908281999,2.845224353182752
4013040518,5.68593832991102,2.652613399726215
4013040519,6.091945196440794,2.757539414099932
4013040520,6.694315136208077,2.936889982888433
4013040521,7.09585057357974,3.060153776865161
4013040522,6.97227683504449,3.038327802874743
4013040523,7.085172963723477,3.066983486652977
4013040524,6.902342245037645,3.022782082819986
4013040525,6.965691726899384,3.051894403148528
4013040526,6.994121895277207,3.065643273100616
4013040527,7.05367351266256,3.078502242299795
4013040528,7.110040891854894,3.086805607802875
4013040529,7.085039614647502,3.074864358658453
4013040530,7.244971908966461,3.121857450376454
4013040531,7.324909169746749,3.139234388774812
4013050603,6.065844138945927,2.925522767282683
4013050604,6.661889321697468,3.100367714579055
4013050605,6.533136630390144,2.977476571526352
4013050606,7.390363772758385,3.230305564681725
4013050607,7.027873787816564,3.183899300479124
4013050608,7.207074486652977,3.218158405886379
4013050609,7.27879743394935,3.221377445585216
4013050610,7.499247750855578,3.276539091718001
4013050611,7.433027796030116,3.282903539356605
4013050701,7.178326617385352,3.219598925393566
4013050702,7.179097080766598,3.22706372347707
4013060801,7.610895160848734,3.207992874058864
4013060802,7.74466853798768,3.233883856262834
4013060901,7.670951166324435,3.226879183436003
4013060902,7.750339221081451,3.246701201916496
4013060903,7.838162376454483,3.270837785763176
4013060904,7.879434044490075,3.27345288843258
4013061009,7.962722615331964,3.373825076659822
4013061010,8.120387167008898,3.380878306639288
4013061011,8.18543973853525,3.375208776180698
4013061012,8.195440209445585,3.410721399041752
4013061013,8.32027815468857,3.415131633812457
4013061014,8.335142722792608,3.425817529089665
4013061015,8.348930229979466,3.434820329226557
4013061016,7.722805548939083,3.305843758384668
4013061017,7.753816722108145,3.323979345653662
4013061018,7.908856523613963,3.351102574264203
4013061019,7.883058523613963,3.375115541409993
4013061020,8.104058893908282,3.387882546885695
4013061021,8.214112608487337,3.40513945174538
4013061022,8.001909182067077,3.393571239561944
4013061023,7.908078865845311,3.380027432580424
4013061024,8.010618977412731,3.403810153319644
4013061025,7.065321622176591,3.087144369609856
4013061026,7.167096990417522,3.108350775496236
4013061027,7.244438479123888,3.128124494182067
4013061028,7.374938893223819,3.157186071868583
4013061029,7.508971868583162,3.183546823408624
4013061030,7.135061089664613,3.106378902121834
4013061031,7.264376757015743,3.146154993839836
4013061032,7.332992093086927,3.15357085284052
4013061033,7.424592877481177,3.177965255304586
4013061034,7.510123161533196,3.198877143052704
4013061035,7.595863134154689,3.209449431895962
4013061036,7.5031926954141,3.206444405886379
4013061037,7.505093655030801,3.201912438740589
4013061038,7.580437971937029,3.222689368925394
4013061039,7.683625267624914,3.245390082135524
4013061040,7.758819396303901,3.250249518138262
4013061041,7.800984038329911,3.258443605749487
4013061042,7.940713006160164,3.29682246201232
4013061043,7.978544199863108,3.314339940451745
4013061044,7.561785790554415,3.233889746748802
4013061045,7.653089887063655,3.27545056605065
4013061046,8.053996528405202,3.349588188911704
4013061047,8.12194625119781,3.374862501711157
4013061100,7.887656878850103,3.313390154004107
4013061200,8.302023649555099,3.440202186173854
4013061300,8.192637924024641,3.430530578370979
4013061401,8.256828642710472,3.440236986995209
4013061402,8.2711979137577,3.436598252566735
4013071503,7.977269924024641,3.276111097193703
4013071504,7.836633128678987,3.246992443531828
4013071505,7.779498987679672,3.240466613963039
4013071506,7.920187741957563,3.257510674880219
4013071509,8.03995311156742,3.271054741273101
4013071510,8.245810819986311,3.3127698678987
4013071511,8.04317420807666,3.26796762422998
4013071512,8.196494651608487,3.302896863107461
4013071513,8.127119117727584,3.289520145790554
4013071514,7.940098622861054,3.255001196440794
4013071515,8.030554008213552,3.277870212867899
4013071516,8.082268254620123,3.29506962422998
4013071517,8.143071988364134,3.302133300479124
4013071600,7.973293883641342,3.296190130047912
4013071701,8.100684726899384,3.335436801505818
4013071702,8.064876674880219,3.314184681040383
4013071801,8.098759047227926,3.312921599589322
4013071802,8.199057091033539,3.33629345927447
4013071903,8.341746727583847,3.326027743326489
4013071906,8.33267652019165,3.349667686516085
4013071909,8.281841590006845,3.341708339493498
4013071910,8.287300660506502,3.325836760438056
4013071911,8.387522918548939,3.348686691991786
4013071912,8.215244201232033,3.3248716954141
4013071913,8.237512339493498,3.329386293634497
4013071914,8.42585133744011,3.345453405201916
4013071915,8.448289798083504,3.344745965092402
4013082002,8.541931770020534,3.439728038329911
4013082007,8.690207342231348,3.448057568104038
4013082008,8.727265174537988,3.452075691307324
4013082009,8.729492560574949,3.461172234086242
4013082010,8.762807718001369,3.463578299110198
4013082012,8.45299526899384,3.433326311430527
4013082016,8.660228581793292,3.45950659137577
4013082017,8.705852929500342,3.477521898699521
4013082018,8.767711407939767,3.477373504449008
4013082019,8.485995130732375,3.445298288158795
4013082020,8.500185960301164,3.457536546885695
4013082021,8.592771340862423,3.460085192334018
4013082022,8.436432592060233,3.457787385352498
4013082023,8.54539483504449,3.471644717316906
4013082024,8.643048393566051,3.479583953456537
4013082025,8.398754631759069,3.453064687200548
4013082026,8.457733675564682,3.46883514715948
4013082027,8.595361576317591,3.489974121149897
4013082028,8.79187488569473,3.490310619438741
4013082203,8.601786284736482,3.484307279945243
4013082204,8.627873459958932,3.479985637234771
4013082205,8.754279724161533,3.489856032854209
4013082206,8.673259010951403,3.480851006160164
4013082207,8.470967015742642,3.463486024640657
4013082208,8.282180319644079,3.437430321697468
4013082209,8.549904635865845,3.483958834360027
4013082210,8.513260889117043,3.473918934976044
4013082211,8.392257321013005,3.45788080971937
4013083000,8.741551194387406,3.496026361396304
4013092305,8.490231709787817,3.343913128678987
4013092306,8.519556273785079,3.348024038329911
4013092307,8.615273611225188,3.365942438740589
4013092308,8.549433431895962,3.354734208761122
4013092309,8.632496301163587,3.361144882956879
4013092311,8.596249332648871,3.369417473648186
4013092312,8.566507642710472,3.367781675564682
4013092401,8.731657798767967,3.382792650924025
4013092402,8.723812765229295,3.377131815879535
4013092500,8.70351609377139,3.386247865160849
4013092600,8.660019763175907,3.387582040383299
4013092705,8.620794412731006,3.390138950718686
4013092708,8.355049524298426,3.364752570841889
4013092709,8.417155938398357,3.366329005475702
4013092710,8.586971449007529,3.412557492813142
4013092711,8.567305232032854,3.392005392197125
4013092712,8.645029959616701,3.409542628336756
4013092713,8.717955725530459,3.435601725530459
4013092715,8.753104889801506,3.423886320328542
4013092716,8.787759571526352,3.43536965982204
4013092717,8.692664044490075,3.406090450376454
4013092718,8.729215268309377,3.414082270362765
4013092719,8.488777158795346,3.426223485284052
4013092720,8.443062910335387,3.401048600273785
4013092721,8.481384468172485,3.384787685831622
4013092723,8.215819042436687,3.360978350444901
4013092724,8.289107895277207,3.367482986310746
4013092801,8.727170024640657,3.40093113963039
4013092802,8.77736377412731,3.415574891170431
4013092900,8.795434849418207,3.40285765229295
4013093001,8.799605887748118,3.398056389459274
4013093002,8.838865101300479,3.400550451060917
4013093101,8.887944951403148,3.407249205338809
4013093104,8.891712033538672,3.423174203969884
4013093105,8.814386665297741,3.4210464366872
4013093106,8.845030480492813,3.435374900068446
4013093200,8.495106184120465,3.368279
4013103205,8.014142933607118,3.245330653661875
4013103206,7.94411739835729,3.229822900752909
4013103207,7.88647895687885,3.218393004106776
4013103208,8.159161167693361,3.271166635181383
4013103209,8.090892162902122,3.259317008213552
4013103210,8.070373058179329,3.2556898275154
4013103211,7.980356696098563,3.239938297741273
4013103212,7.92152580698152,3.225896310061602
4013103214,7.846995252566735,3.209983831622177
4013103215,7.856250742642026,3.212630000684463
4013103216,7.80569320807666,3.204189826146475
4013103217,7.741774760438056,3.187200947980835
4013103219,7.689252665297741,3.179121678302532
4013103220,7.792109447638604,3.202020915126626
4013103302,8.035233639288159,3.247995032169747
4013103303,7.918865962354552,3.228142702258727
4013103304,7.951191967830253,3.234032442162902
4013103305,7.954419119096509,3.235403932238193
4013103306,8.011642980835044,3.250815227241615
4013103400,8.131881496919918,3.268487274469541
4013103501,8.062103867214237,3.258172258726899
4013103502,8.179801550992471,3.278020097878166
4013103604,8.094565790554415,3.266367587953456
4013103605,8.22207080971937,3.287823483230664
4013103606,8.008006668035592,3.248140223134839
4013103607,8.13240398973306,3.271282289527721
4013103608,8.115833761122519,3.267571145106092
4013103609,8.232286670773443,3.290965490759754
4013103611,8.106769094455852,3.26674109377139
4013103612,8.107449336071184,3.269775776865161
4013103614,8.302696661875428,3.297569136892539
4013103615,8.394929691991786,3.310535590691307
4013103701,8.232811682409309,3.285062100616016
4013103702,8.335604595482546,3.306520190965092
4013103900,8.350548004106776,3.313842455852156
4013104000,8.360110520876112,3.316144934291581
4013104100,8.226294118412046,3.288188491444216
4013104202,8.241232962354552,3.298128076659822
4013104203,8.451901952087611,3.330979993155373
4013104204,8.429140837097878,3.334469863791923
4013104205,8.544227928131417,3.339791193702943
4013104206,8.552982325119781,3.346060570841889
4013104207,8.123604557837098,3.276497670773443
4013104212,8.347033417522245,3.314462082135524
4013104214,8.096096260780288,3.278511514715948
4013104215,8.069747917180014,3.270500905544148
4013104216,8.173385483915127,3.296948858316222
4013104217,8.202466503764545,3.296864531143053
4013104218,8.224155262833676,3.295582386036961
4013104219,8.330155379876797,3.317040817932923
4013104221,8.415488136892539,3.329114589322382
4013104222,8.38675063449692,3.32718732991102
4013104223,8.28001906844627,3.309359633127994
4013104224,8.3095855633128,3.312430292265572
4013104225,8.110000837097878,3.27118025119781
4013104226,8.123508938398357,3.272476952087611
4013104227,8.46497093155373,3.337905953456537
4013104301,8.456075568104038,3.324604648186174
4013104302,8.450750586584531,3.323655066392882
4013104401,8.444858199178645,3.325822567419576
4013104402,8.532581518138262,3.331728122518823
4013104501,8.543025967145791,3.332267230663929
4013104502,8.498967483915127,3.330610871321013
4013104600,8.501038680355921,3.3255284366872
4013104701,8.465207902121834,3.319773430527036
4013104702,8.4708856954141,3.318164214921287
4013104801,8.392457416837782,3.313915711156742
4013104802,8.287432441478439,3.298904735112936
4013104900,8.224876648870637,3.283616976728268
4013105002,8.411479003422314,3.325709410677618
4013105003,8.182783263518138,3.275930414099932
4013105004,8.316633921971253,3.309447771389459
40131050101,10.149072462696783,3.862944673511294
40131050103,10.114249499657769,3.86592368514716
40131050104,10.130304917864476,3.867296954825462
40131050105,10.161302054757016,3.843169676249144
40131050201,10.069135644079398,3.927086555099247
40131050202,10.120245622176591,3.884354739219712
40131050203,10.112090446954141,3.89315216495551
40131050301,9.95846463449692,3.926839686516085
40131050302,9.893177227241615,3.982751572895277
40131050303,9.985806288158795,3.964873831622177
40131050304,10.0860354770705,3.872454363449692
40131050403,10.159514355920602,3.745630227926078
40131050404,10.243116568788501,3.669828529774127
40131050405,10.24529884531143,3.740203982888433
40131050406,10.316331427789186,3.652994920602327
40131050407,10.355390216290212,3.637230032169747
40131050408,10.321415910335387,3.715548965776865
40131050409,10.242480872689938,3.797097034223135
40131050501,10.087700236824093,3.942575681040383
40131050502,10.087661199178645,3.905807205338809
40131050601,10.230994266940452,3.797004976043806
40131050602,10.276283396303901,3.769511670773443
40131050603,10.192078105407255,3.848675582477755
40131050604,10.053211424366872,3.953992065023956
40131050701,9.743344079397673,4.030839355920602
40131050702,9.748554013689254,4.007625014373717
40131050801,10.052934310061602,3.81378629705681
40131050802,9.84398178439425,3.896222409993155
4013105101,8.294387212867899,3.300879877481177
4013105102,8.515816074606434,3.337127407939767
4013105103,8.52099713963039,3.346854201232033
4013105200,8.546231492128679,3.330617854893908
4013105300,8.588945671457906,3.329406942505134
4013105400,8.62442668514716,3.335099921971253
4013105501,8.623150991101985,3.346793106776181
4013105502,8.594874749486653,3.33937512936345
4013105503,8.659826542778918,3.351566632443532
4013105601,8.633323590691307,3.34740535797399
4013105602,8.640927222450376,3.357867223819302
4013105701,8.632993892539357,3.359770475017112
4013105702,8.634798262833676,3.363544672142368
4013105800,8.732625767282683,3.377896635181383
4013105900,8.735138572895277,3.376368725530459
4013106001,8.726273370978782,3.362962198494182
4013106002,8.696831567419576,3.353617917864476
4013106003,8.733574465434634,3.356780414099932
4013106100,8.69840596440794,3.356895730321698
4013106200,8.675890881587954,3.34626243394935
4013106300,8.647959776865161,3.347497295003422
4013106400,8.698358514715948,3.368248760438056
4013106501,8.733842185489391,3.359399137577002
4013106502,8.725626967145791,3.366948749486653
4013106600,8.767118622861054,3.362940032854209
4013106701,8.763717786447639,3.356233054757016
4013106702,8.753468629021218,3.356961919917864
4013106703,8.798791592744695,3.369465496235455
4013106801,8.808005707049966,3.370695135523614
4013106802,8.792692535934292,3.364666694045174
4013106900,8.820769877481177,3.380793814510609
4013107000,8.819779454483231,3.389710878850103
4013107101,8.88694456605065,3.398247754962355
4013107102,8.93809739835729,3.413819575633128
4013107201,8.940998475017112,3.399886609856263
4013107202,8.898706296372348,3.394499527720739
4013107300,8.876401472963724,3.375165826830938
4013107400,8.851475853524983,3.369170764544832
4013107500,8.847172446269678,3.376022463381246
4013107601,8.824278681040383,3.381631245722108
4013107602,8.798527069130732,3.382710267624914
4013107700,8.781672420260096,3.38451874880219
4013107800,8.71593976659822,3.380788730321698
4013107900,8.565168362080767,3.362423364818617
4013108000,8.601876579055442,3.37250698220397
4013108100,8.658617750171116,3.377170438740589
4013108200,8.714827657084189,3.391072197125257
4013108301,8.732798360711841,3.393983678986995
4013108302,8.790142763175907,3.410409066392882
4013108400,8.832612587953456,3.409044364134155
4013108501,8.87242492128679,3.41008405338809
4013108502,8.858817126625599,3.416479279945243
4013108601,8.909992422997947,3.409778490759754
4013108602,8.881555908281999,3.401016116358658
4013108802,8.902022841889117,3.393421363449692
4013108901,8.95375464202601,3.393239471594798
4013108902,8.904076605749487,3.378592138945927
4013109001,8.973195840520192,3.396243985626283
4013109002,8.935719789869952,3.386588433264887
4013109003,8.978691417522245,3.39898151266256
4013109101,8.973661075975359,3.406423552361396
4013109102,9.010577513347023,3.417405303901437
4013109200,8.994599848733744,3.41872809377139
4013109300,8.986326678986995,3.435116594798084
4013109400,8.954558830937714,3.441145221081451
4013109500,8.899199028747433,3.438399196440794
4013109601,8.757303342231348,3.449506577002053
4013109602,8.852737336755647,3.450877772073922
4013109603,8.794140427104723,3.451042881587954
4013109604,8.842886653661875,3.441407859000684
4013109701,8.910499207392197,3.465186232717317
4013109702,8.796278856262834,3.466911823408624
4013109703,8.859866704996578,3.465032700205339
4013109704,8.839934013689254,3.462466392881588
4013109705,8.843675523613963,3.468921285420945
4013109801,8.943823837097878,3.467455297741273
4013109802,8.962984883641342,3.457594986310746
4013109900,9.01062272073922,3.462394932922656
4013110001,9.080432234086242,3.457109061601643
4013110002,9.047755108145106,3.448995162217659
4013110100,9.108652299794661,3.447006840520192
4013110400,9.010295162217659,3.412919245037645
4013110501,8.997903981519507,3.4161711724846
4013110502,8.99096205065024,3.420041797399042
4013110600,8.969434711841205,3.42700731211499
4013110701,8.968571465434634,3.433374678302532
4013110702,8.924201707734428,3.42645327926078
4013110801,8.877562054757016,3.42618368514716
4013110802,8.915805231348392,3.438909550308008
4013110901,8.856687213552361,3.42221746201232
4013110902,8.82932441615332,3.41814011430527
4013111000,8.773419332648871,3.408891223819302
4013111100,8.684843104722793,3.388393749486653
4013111201,8.747695325804244,3.400468796714579
4013111202,8.825523386036961,3.422625164271047
4013111203,8.849374685831622,3.424380527036276
4013111204,8.74822905065024,3.404598566735113
4013111300,8.829722112251882,3.42264177412731
4013111401,8.911000095140315,3.438382791238878
4013111402,8.888042255989049,3.433598783709788
4013111501,8.986827482546201,3.450666332648871
4013111502,8.948397728268309,3.444855249828884
4013111601,8.994344694729637,3.446969002053388
4013111602,9.010876709787817,3.450009501711157
4013111700,9.021369815195072,3.442279206023272
4013111800,9.053279791238878,3.439046867214237
4013111900,9.07769009377139,3.442791060232717
4013112100,9.135939718685832,3.453797182067077
4013112201,9.160852440793977,3.459483115674196
4013112202,9.150989387405886,3.466423349075975
4013112301,9.122896080082136,3.47842725119781
4013112302,9.104782912388775,3.471758818617385
4013112401,9.038942535249829,3.468009709787817
4013112402,9.060076,3.485960154004107
4013112502,8.985960194387406,3.480340127310062
4013112503,8.911180606433949,3.476032485968515
4013112504,8.970135942505134,3.472199536618754
4013112505,8.994081862422998,3.483440636550308
4013112507,9.093782906913073,3.485046765913758
4013112508,8.927069490759754,3.490233879534565
4013112509,8.859060921971253,3.480489635181383
4013112510,8.861902366187543,3.488878418206708
4013112511,8.794434939767283,3.483669101984942
4013112512,9.063066273785079,3.489752828884326
4013112513,8.9759835229295,3.497662542094456
4013112514,9.022487474332649,3.48284906091718
4013112601,9.148691069815195,3.470205590006845
4013112602,9.146301197809719,3.475083245722108
4013112700,9.144923488021903,3.46497899247091
4013112900,9.116792316906229,3.454191195071869
4013113000,9.084414971252567,3.450583720054757
4013113100,9.110118257357974,3.462473151266256
4013113201,9.06631931485284,3.455551832991102
4013113202,9.09117721560575,3.459917333333333
4013113203,9.050871098562628,3.44919467008898
4013113300,9.033576445585216,3.456282049281314
4013113400,9.02302836550308,3.456986611225188
4013113501,8.994631008898015,3.455751880903491
4013113502,8.998822003422314,3.455963047912389
4013113601,8.926416116358658,3.443147754962355
4013113602,8.971448401779603,3.453095063655031
4013113700,8.884643024640657,3.435184057494866
4013113801,8.938812655030801,3.447346436002738
4013113802,9.017796475017112,3.471328
4013113900,9.076966890485968,3.474356016427105
4013114000,9.112037275838467,3.468155959616701
4013114100,9.123602657768652,3.463405639288159
4013114200,9.119096364818617,3.4689758275154
4013114301,9.130744648870637,3.466295422997947
4013114302,9.13496707871321,3.463271947296372
4013114401,9.155283329226557,3.471105232717317
4013114402,9.145704150581793,3.466318219028063
4013114500,9.144526023271732,3.47340487816564
4013114600,9.136849461327858,3.481313596167009
4013114703,9.133734639288159,3.472039094455852
4013114800,9.144022473648186,3.477286407255305
4013114900,9.12990167761807,3.469459953456537
4013115200,9.051471115674196,3.48128378439425
4013115300,9.130111506502396,3.490973370978782
4013115400,9.140742380561259,3.478037262149213
4013115500,9.038713867214237,3.487683169746749
4013115600,9.082089762491444,3.478093505817933
4013115700,9.113450434633812,3.486067450376454
4013115801,9.128382561259411,3.485206171115674
4013115802,9.129279544832307,3.483347708418891
4013115900,9.128910431211499,3.495384739904175
4013116000,9.116831151950719,3.499088941820671
4013116100,9.098709478439425,3.50243476659822
4013116202,9.047313275154004,3.497961173853525
4013116203,9.088763627652293,3.51035106091718
4013116204,9.028143245037645,3.487643661875428
4013116205,9.026172600273785,3.499902752908966
4013116300,9.101048542094456,3.507556410677618
4013116400,9.099084216290212,3.499160772073922
4013116500,9.084957855578371,3.485991921971253
4013116602,9.071895957563313,3.486889413415469
4013116603,8.758922258726899,3.476151835728953
4013116604,8.865980177960301,3.479288732375086
4013116605,8.924718334017796,3.492246299794661
4013116606,8.981556679671458,3.489136472279261
4013116607,9.067368255304586,3.476025216974675
4013116608,8.689169405886379,3.468446596851472
4013116609,8.72097687063655,3.468457393566051
4013116610,8.882105604380561,3.488256470225873
4013116611,8.742853033538672,3.474189577002053
4013116612,8.962402026694045,3.494256402464066
4013116613,9.013012374401095,3.488053167008898
4013116702,9.034611122518823,3.500906452429843
4013116703,9.050332077344285,3.502627919233402
4013116704,9.078335368925394,3.522083930869268
4013116707,8.989905619438741,3.515092948665298
4013116708,8.957207810403833,3.518400958247776
4013116709,8.982546541409993,3.514657031485284
4013116710,8.946084603696099,3.521630559890486
4013116711,8.928995900068446,3.519661081451061
4013116712,8.84941629705681,3.526839839835729
4013116713,8.830635788501027,3.51407255578371
4013116714,8.803949757700205,3.508805926762491
4013116715,8.980500950718686,3.512876115674196
4013116717,8.923366300479124,3.526857352498289
4013116718,8.919186143052704,3.523301535249829
4013116719,8.88544563449692,3.521257613278576
4013116720,8.903321761122519,3.52488163449692
4013116721,8.859425140314853,3.514445112936345
4013116725,8.772314520876112,3.501522358658453
4013116727,8.72869960164271,3.49124566255989
4013116728,8.810603608487337,3.501768740588638
4013116729,8.861950735797399,3.511484327857632
4013116730,8.589108529089665,3.455726837782341
4013116731,8.634291681040383,3.465291346338125
4013116732,8.924600356605065,3.491460532511978
4013116733,8.89814831485284,3.503848075975359
4013116800,9.128850039698836,3.452968735112936
4013116900,9.06361955578371,3.428644308008214
4013117000,9.035864835728953,3.415549195756331
4013117100,8.925552670773443,3.403025000684463
4013117200,9.098734592744695,3.471896570157426
4013117300,9.13235929705681,3.479111049965777
4013216806,8.059540055441478,3.253494717316906
4013216807,7.910804509240246,3.221599225188227
4013216809,7.444784932238193,3.107313212867899
4013216810,7.78671719301848,3.191561919233402
4013216813,7.984623323066393,3.23640198973306
4013216816,7.707424876796715,3.184009288158795
4013216818,7.010654321697468,2.995658003422314
4013216819,6.92333364476386,2.972817832306639
4013216820,6.861785249828884,2.960700052019165
4013216821,7.13133132991102,3.027400473648186
4013216822,6.706215878850103,2.934297789185489
4013216826,7.721813608487337,3.1775344770705
4013216829,6.435411238877481,2.857236646132786
4013216830,8.004616638603696,3.243240516769336
4013216831,7.928416607802875,3.226002483915127
4013216832,7.702312441478439,3.167631744010951
4013216833,7.675690360711841,3.161612960985626
4013216834,8.074567342231348,3.257403694729637
4013216835,8.122534413415469,3.267743442847365
4013216836,7.620339897330596,3.145377065023956
4013216837,7.519108509924709,3.124041374401095
4013216838,7.635709464750171,3.159089135523614
4013216839,7.529680370978782,3.133565670773443
4013216840,7.016408542094456,3.009246412731006
4013216841,7.161938262833676,3.046301728268309
4013216842,7.271077516769336,3.072607880903491
4013216843,6.716608054757016,2.927241325804244
4013216844,7.341272313483915,3.092632986995209
4013216845,7.490969731690623,3.129912498973306
4013216846,7.389581439425051,3.100758338809035
4013216847,7.267710334702259,3.072459904175222
4013216848,7.280733993155373,3.066601064339494
4013216849,7.260664483915127,3.06479119028063
4013216850,7.503040210814511,3.13268807871321
4013216851,6.985348080082136,2.996843603011636
4013216852,7.5759764770705,3.146465569472964
4013216853,7.490853613278576,3.126531740588638
4013216901,8.2189731724846,3.294367208761122
4013216902,8.140038419575633,3.272272830937714
4013217001,8.299886358658453,3.303987596167009
4013217002,8.216671973305955,3.282570319644079
4013217101,8.310842356605065,3.306972581793292
4013217102,8.267316609856263,3.296849960985626
4013217201,8.451600822724162,3.336991450376454
4013217203,8.361042764544832,3.315815332648871
4013217204,8.383413587953456,3.321248811772758
4013217300,8.466826697467488,3.33962716495551
4013217400,8.64666299247091,3.377559258042437
4013217501,8.558300812457221,3.356183062286105
4013217502,8.527900211498973,3.358424100616016
4013217600,8.452288062286105,3.340116763175907
4013217700,8.375380592060233,3.323114802874743
4013217800,8.449324264887064,3.334822041752224
4013217900,8.521572307323751,3.356426255989049
4013218000,8.608296697467488,3.370821684462697
4013218100,8.661118202600958,3.38126182477755
4013218200,8.600852887063655,3.371923377138946
4013218300,8.523942388774812,3.352853079397673
4013318400,8.67386964476386,3.392973063655031
4013318501,8.685922850102669,3.390775759069131
4013318700,8.790187492128679,3.410326153319644
4013318800,8.85421832991102,3.428443839151266
4013318900,8.888864607802875,3.442845266255989
4013319000,8.824635047227926,3.423948861054073
4013319101,8.787957023956194,3.415816932238193
4013319103,8.763309019849418,3.411268546201232
4013319104,8.786528830253251,3.418112934976044
4013319201,8.710981153319644,3.4011215229295
4013319202,8.745637985626283,3.415535724845996
4013319300,8.67476884531143,3.398427474332649
4013319401,8.860198917180014,3.459802656399726
4013319402,8.809025678302532,3.450593876796715
4013319403,8.780732182067077,3.431861559890486
4013319404,8.768891190965092,3.435285403832991
4013319500,8.824719933607118,3.436273097878166
4013319600,8.873669711156742,3.444589539356605
4013319703,8.986481563997262,3.483016429158111
4013319704,8.953249301848049,3.455799926078029
4013319705,8.931175895277207,3.45818633744011
4013319706,8.955893248459959,3.478285252566735
4013319800,8.901639978097194,3.461475126625599
4013319902,8.919335878850103,3.484611490759754
4013319903,8.867807660506502,3.472937117043121
4013319904,8.825388868583162,3.466667635865845
4013319905,8.877759650239562,3.490410086926762
4013319906,8.83444640862423,3.483717476386037
4013319907,8.85531794934976,3.496341983572895
4013319908,8.899450029431896,3.490378370294319
4013319909,8.808967177275838,3.486586130047912
4013319910,8.918339599589322,3.510813501026694
4013320001,8.952354871321013,3.505427464750171
4013320002,8.974256657084189,3.499404370978782
4013320007,8.958732024640657,3.487612748117728
4013320100,8.767746546201232,3.407769848049281
40133583100,9.169836714579055,3.897242787132101
40133583200,9.193383240246407,3.915852727583847
40133583300,9.194683214921287,3.943475904859685
40133583400,9.185813816563997,3.937387023956194
40133583500,9.186151519507187,3.9389924770705
40133583600,9.208843404517454,3.95049307871321
40133583700,9.154078121149897,3.963464561259411
40133583800,9.159016270362765,4.000779193702943
40133583900,9.176868399726215,3.971876602327173
4013420104,7.701589403832991,3.207708872005476
4013420105,7.631721472963724,3.186916580424367
4013420107,7.454202802874743,3.123359076659822
4013420108,7.348421737850787,3.091602661190965
4013420109,7.554656154004107,3.160039202600958
4013420110,7.352828982888433,3.093384874058864
4013420111,7.564963655030801,3.169651207392197
4013420112,7.368771913073238,3.097411622861054
4013420113,7.812855552361396,3.238640245722108
4013420114,7.705976474332649,3.215208975359343
4013420115,7.584556548939083,3.175808900068446
4013420116,7.441811446269678,3.131185990417522
4013420202,7.832022986310746,3.241080113620808
4013420206,7.683458501711157,3.184017692676249
4013420207,7.487339697467488,3.129072806297057
4013420208,7.989127796714579,3.278515482546201
4013420209,7.903014558521561,3.259103613278576
4013420210,7.765725285420945,3.221775690622861
4013420211,7.592994145106092,3.161145292950034
4013420212,7.680379335386721,3.193842063655031
4013420213,8.040178437371663,3.297213544832307
4013420214,7.918081194387406,3.272543737166324
4013420215,7.910987883641342,3.250524503080082
4013420216,7.831000741273101,3.234183197125257
4013420301,8.107130345653662,3.273094785763176
4013420302,8.020256898699521,3.256543655715264
4013420303,7.963242170431212,3.250116924024641
4013420304,7.858211622861054,3.2292524770705
4013420401,8.212736579055442,3.289284223134839
4013420402,7.9442259137577,3.236228169746749
4013420501,8.30464334770705,3.313218288843258
4013420503,8.248976998631075,3.305757715263518
4013420504,8.235076598220397,3.310530991101985
4013420602,8.192561743326489,3.316514444900753
4013420603,8.110118877481177,3.293598549623546
4013420604,8.183970199178645,3.302342179329227
4013420704,8.140055744695414,3.313292478439425
4013420705,8.025766807665982,3.277826106091718
4013420706,8.072192069130732,3.298042489390828
4013420707,8.193682081451061,3.331171843258042
4013420708,8.131256437371663,3.324128227926078
4013420709,8.231156553045859,3.341161112251882
4013420710,8.149245127310062,3.329562505817933
4013420800,8.252717722792608,3.323862646817248
4013420901,8.2920003045859,3.321840227926078
4013420902,8.33293067008898,3.332572106091718
4013421001,8.400343190965092,3.343327576317591
4013421002,8.366540544147844,3.333750694729637
4013421101,8.368081729637235,3.325877780971937
4013421102,8.448614178644764,3.34173914715948
4013421201,8.551437542094456,3.357433427104723
4013421202,8.528108404517454,3.360841501026694
4013421302,8.514737143737166,3.366043615331964
4013421303,8.605005385352498,3.37479454072553
4013421304,8.64741516495551,3.387947057494866
4013421400,8.447985244353183,3.358459075290897
4013421501,8.397436816563997,3.355790287474333
4013421502,8.365982064339494,3.343016653661875
4013421601,8.312558650924025,3.342294990417522
4013421602,8.34012932238193,3.351216557152635
4013421701,8.246363783709788,3.338872548939083
4013421702,8.285063070499658,3.345432819301848
4013421801,8.391347376454483,3.376080509924709
4013421802,8.369184768651608,3.363923121149897
4013421901,8.447778859000684,3.376212331964408
4013421902,8.427786217659138,3.369644733744011
4013422001,8.489118638603696,3.369761364818617
4013422002,8.520072156057495,3.389771819301848
4013422102,8.640938283367556,3.395037397672827
4013422103,8.67061335523614,3.408591115674196
4013422104,8.716044245722108,3.419035155373032
4013422105,8.580735481861738,3.398131175906913
4013422106,8.561155212867899,3.3815503908282
4013422107,8.633448529089665,3.400861900068446
4013422203,8.619140030116359,3.417115418206708
4013422204,8.685310773442847,3.424474249828884
4013422205,8.760059642710472,3.443993004106776
4013422209,8.682883587953456,3.468781568104038
4013422210,8.729780966461328,3.476733821355236
4013422211,8.777738661875428,3.486618107460643
4013422212,8.782056719370294,3.460623971252567
4013422213,8.77104773100616,3.465540433264887
4013422215,8.724397190965092,3.46069598973306
4013422216,8.641901640657084,3.429433442847365
4013422217,8.665392796714579,3.446295787816564
4013422218,8.773953037645448,3.469282428473648
4013422219,8.72406934770705,3.468790242299795
4013422220,8.673757132785763,3.453527485968515
4013422221,8.727720603696099,3.446885046543463
4013422222,8.695815722108145,3.445678440793977
4013422301,8.508382832306639,3.396151774811773
4013422302,8.421611518822724,3.38923011430527
4013422304,8.634342548939083,3.454001945242984
4013422305,8.561053204654346,3.44710667008898
4013422307,8.571130763175907,3.426025272416153
4013422308,8.454410546885695,3.402387292265572
4013422309,8.543861293634497,3.42743131485284
4013422401,8.481219760438056,3.423111242299795
4013422402,8.421268271731691,3.409145374401095
4013422403,8.501643951403148,3.434151641341547
4013422404,8.429226583162218,3.425008110882957
4013422501,8.26036410403833,3.357091647501711
4013422502,8.316406798767967,3.356183859000684
4013422503,8.355130357289528,3.376150622176591
4013422504,8.291903323066393,3.364460590006845
4013422506,8.327746757015743,3.387372518822724
4013422507,8.260392195071869,3.371099796714579
4013422508,8.402004064339494,3.393814178644764
4013422509,8.344692722792608,3.392119472963724
4013422510,8.285086544147844,3.387374661190965
4013422511,8.367020201232033,3.41203517522245
4013422512,8.309137898699521,3.400400510609172
4013422513,8.180893153319644,3.338932449691992
4013422514,8.216615880219028,3.352039686516085
4013422606,8.195394435318275,3.367159300479124
4013422607,8.10421839835729,3.324657874743326
4013422609,7.870104780971937,3.26660606091718
4013422610,7.800478899383984,3.240000880219028
4013422615,7.588069772758385,3.180786472963724
4013422616,7.491581744010951,3.141717665297741
4013422617,7.954686312799452,3.295926288843258
4013422618,7.88635674880219,3.278776250513347
4013422620,8.196595542094456,3.356596553730322
4013422621,8.130576633812457,3.343881186858316
4013422622,8.028675606433949,3.318144650924025
4013422623,8.07467127652293,3.336351287474333
4013422624,8.059885080082136,3.309362186858316
4013422625,7.93747868788501,3.276336900068446
4013422626,7.826693613278576,3.249537579739904
4013422627,7.715823210814511,3.2113438275154
4013422628,7.597973572895277,3.179093828199863
4013422629,7.456818641341547,3.137363160164271
4013422630,7.65256990622861,3.199217967145791
4013422631,7.671785936344969,3.200914991101985
4013422632,7.724503101300479,3.219459592744695
4013422633,7.916424446269678,3.282795615331964
4013422634,7.848125321013005,3.262746772758385
4013422635,7.756601078028747,3.228556238193018
4013422636,8.151663221081451,3.339250947296372
4013422637,8.046581545516769,3.311690468856947
4013422638,8.064206443531828,3.320805438740589
4013422639,7.977405422997947,3.29314337577002
4013422640,7.807648652977413,3.255369342915811
4013422641,7.911904729637235,3.288510951403148
4013422642,7.725485761806982,3.231607761806982
4013422643,7.713772069815195,3.225531260095825
4013422644,7.608536995208761,3.189620978097194
4013422646,7.626463316906229,3.216966624914442
40135030101,9.817326136892539,4.147889780287474
40135030103,10.173515991101985,4.19684825119781
40135030104,9.886003867214237,4.146444579739904
40135030201,9.721777839835729,4.121570876796715
40135030202,9.781142646132786,4.152999876112252
40135030301,9.895106422313484,4.181692049965777
40135030302,9.91225552019165,4.177516789185489
40135030401,9.971602598220397,4.193333299794661
40135030402,10.112303983572895,4.182474872005476
4013522800,7.989717529089665,3.335808631759069
4013522901,8.627734749486653,3.470811472963724
4013522903,8.647643653661875,3.491684988364134
4013522904,8.61486077412731,3.481438834360027
4013523002,8.693333041067762,3.498708028062971
4013523003,8.683850546885695,3.477358473648186
4013523005,8.734444640657084,3.48792367761807
4013523006,8.726510735797399,3.504209967145791
4013523102,8.625572325119781,3.498080135523614
4013523103,8.723528907597536,3.514010728268309
4013523104,8.691623037645448,3.508799333333333
4013610000,5.983192747433265,2.728996753593429
4013610100,6.178968227241615,2.788439711841205
4013610200,6.350934507186858,2.838820607118412
4013610300,6.414453750855578,2.851987427789186
4013610400,6.436340399726215,2.865545119780972
4013610500,6.528575930184805,2.892364496919918
4013610600,6.721783240930869,2.944510832306639
4013610700,6.332356454483231,2.831836134839151
4013610800,6.76706096440794,2.953648285420945
4013610900,7.163317623545517,3.067984012320328
4013611000,7.047034301163587,3.036488936344969
4013611100,7.186714678302532,3.070224793292266
4013611200,7.384188256673511,3.123009429158111
4013611300,6.985564336755647,3.014044811088296
4013611400,7.259968963723477,3.087946955509925
4013611500,7.324816590691307,3.104970592744695
4013611600,7.422547438056126,3.126653329226557
4013611700,7.499301145790554,3.152222160848734
4013611800,7.560644724161533,3.15949376386037
4013611900,7.381639884325804,3.119178553045859
4013612000,6.91013909650924,2.995121905544148
4013612200,7.203472744010951,3.07139679945243
4013612300,7.463489941136208,3.136713031485284
4013612400,7.06476883504449,3.035013503764545
4013612500,6.725616332648871,2.941163990417522
4013612600,6.913409941820671,2.987524537303217
4013612700,6.904231163586584,2.984559526351814
4013612800,7.024489102669404,3.017967576317591
4013612900,6.961018765229295,3.001778104722793
4013613000,6.731580887063655,2.943508359342916
4013613100,6.613247303901437,2.909732423682409
4013613200,6.834191872689938,2.968386353182752
4013613300,7.189283300479124,3.058606121149897
4013613400,7.393776489390828,3.13768715468857
4013613500,7.424343438740589,3.139797443531828
4013613600,7.458648184120465,3.148220202600958
4013613700,7.585678485968515,3.17483254825462
4013613800,7.522854497604381,3.162861839835729
4013613900,7.571538464065708,3.171749142368241
4013614000,7.576983535249829,3.176646041752224
4013614100,7.697221696098563,3.199125251882272
4013614200,7.669207861054073,3.194895219028063
4013614300,7.698879618754278,3.193820623545517
4013614400,7.776451263518138,3.208272386036961
4013614500,7.674525248459959,3.182020266940452
4013614600,7.786496078028747,3.207563682409309
4013614700,7.71824341889117,3.194710214921287
4013614800,7.804500123203285,3.213488449007529
4013614900,7.719260042436687,3.194138908281999
4013615000,7.567295735112936,3.149475678986995
4013615100,7.415168110198494,3.113304635181383
4013615200,7.445130057494866,3.120348805612594
4013615300,7.528270697467488,3.175578721423682
4013615400,7.58903527926078,3.187437719370294
4013615500,7.64278128678987,3.196558019164956
4013615600,7.711669242299795,3.204269969199179
4013615700,7.775374752224504,3.217014886379192
4013615800,7.814222651608487,3.227660024640657
4013615900,7.853732463381246,3.235634312799452
4013616000,7.864923898015058,3.232980744695414
4013616100,7.858109527036276,3.223493648870637
4013616200,7.91766502532512,3.237047674195756
4013616300,7.911295665982204,3.235990138945927
4013616400,7.911586837097878,3.23150563449692
4013616500,7.909160783709788,3.232171574948665
4013616600,7.893892902806297,3.228427702258727
4013616700,7.878870067077344,3.22403684531143
4013616800,7.856370498973306,3.224570467488022
4013616900,7.804273401779603,3.206993783025325
4013617000,7.735281344969199,3.188733083504449
4013617100,7.690921335386721,3.179803535249829
4013617200,7.739657773442847,3.189966542778918
4013617300,7.698817932238193,3.176213425735797
4013617400,7.628382633127994,3.202008841889117
4013617500,7.766258611225188,3.223771514715948
4013617600,7.838674947296372,3.236742767967146
4013617700,7.888704967145791,3.245581501711157
4013617800,7.919729149212868,3.246946047227926
4013617900,7.975226906913073,3.250268941820671
4013618000,7.988880221765914,3.256312600273785
4013618100,8.00076309377139,3.257386075975359
4013618200,7.987443822724162,3.248197089664613
4013618300,8.040640046543463,3.259796896646133
4013618400,7.991105441478439,3.247265210130048
4013618500,8.04162583504449,3.254993277207392
4013618600,8.01447898973306,3.251576607118412
4013618700,7.960342387405886,3.24295927652293
4013618800,8.02116553798768,3.253600134154689
4013618900,7.977414657084189,3.241194108829569
4013619000,7.924460443531828,3.233085288158795
4013619100,7.985874231348392,3.242512078028747
4013619200,7.970064383983573,3.240420718001369
4013619300,7.892133299794661,3.22282617522245
4013619400,7.942462401779603,3.237147323066393
4013619500,7.868807660506502,3.213973151950719
4013619600,7.805592314168378,3.203572674880219
4013619700,7.726348034223135,3.188545587268994
4013619800,7.772404421629021,3.193250246406571
4013619900,7.691089501026694,3.177681177960301
40137000101,8.696893811772758,3.917937021902806
40137000102,8.65385635523614,3.911694236824093
40137000200,8.692060386721424,3.917097938398357
40137000300,8.682337691991786,3.923220385352498
40137000400,8.683118032169747,3.912238936344969
40137000600,8.656304869952088,3.908777608487337
40137000800,8.696844501711157,3.92582733744011
40137000901,8.663669178644764,3.877083861054073
40137000902,8.696980440109514,3.913980909650924
40137001000,8.67584923613963,3.925719947980835
40137001100,8.557296767967146,3.894627963723477
4013723303,7.870915270362765,3.368995651608487
4013723304,7.398149242299795,3.250838816563997
4013723305,6.299114638603696,3.084021600958248
4013723306,6.634737279945243,3.072215145790554
4013723307,7.752007900068446,3.348118269678302
4013723308,7.638852980150582,3.326993019164956
4013810000,8.920397348391513,3.521527438056126
4013810100,8.857901342915811,3.511622876112252
4013810200,8.802279833675565,3.505470412731006
4013810300,8.768172188911704,3.498673498973306
4013810400,8.887769965092402,3.524080775496236
4013810500,8.866447123203285,3.525447386036961
4013810600,8.823920765229295,3.513728923340178
4013810700,8.790627378507871,3.508686404517454
4013810800,8.760766336755647,3.509066435318275
4013810900,8.816703451060917,3.527533613278576
4013811000,8.795106774811773,3.520849252566735
4013811100,8.780978663244353,3.52177507871321
4013811200,8.747484862422998,3.513594622861054
4013811300,8.575725481177276,3.464989731690623
4013811400,8.565006162902122,3.468753691991786
4013811500,8.507075876112252,3.460307457221082
4013811600,8.566862919917864,3.483050219028063
4013811700,8.510131232032854,3.468119664613279
4013811800,8.728986331279945,3.526174722108145
4013811900,8.707698411362081,3.521504792607803
4013812000,8.66007831485284,3.510482568104038
4013812100,8.555503047912389,3.479749234086242
4013812200,8.673610245037645,3.521298886379192
4013812300,8.629285223819302,3.514376957563313
4013812400,8.545449648186174,3.490335256673511
4013812500,8.44591461670089,3.470391208761122
4013812600,8.635685822039699,3.510751550308008
4013812700,8.596538249828884,3.510381355920602
4013812800,8.444860508555784,3.468528090349076
4013812900,8.591600055441478,3.506882742642026
4013813000,8.552595413415469,3.507181395619439
4013813100,8.52460732238193,3.500633231348392
4013813200,8.494648660506502,3.488997081451061
4013813300,8.427217632443532,3.473425381245722
4013813400,8.488989844626968,3.489132844626968
4013813500,8.452420016427105,3.484250500342231
4013813600,8.350476219028063,3.459010409308693
4013813700,8.505725149897331,3.497949373716632
4013813800,8.440554970568104,3.482281765229295
4013813900,8.409150158795346,3.47858646201232
4013814000,8.353091514031485,3.463542284736482
4013814100,8.308394194387406,3.454970376454483
4013814200,8.5768755229295,3.460282895277207
4013814300,8.496966833675565,3.448597775496236
4013814400,8.440120521560575,3.434739231348392
4013814500,8.3778625229295,3.422363622861054
4013814600,8.31990154072553,3.416049596851472
4013814700,8.250981004106776,3.391973000684463
4013814800,8.138158691991786,3.373547015058179
4013814900,8.469019606433949,3.446839516769336
4013815000,8.390142440109514,3.434415325804244
4013815100,8.264649871321013,3.410999576317591
4013815200,8.151039227926078,3.384286101984942
4013815300,8.451701430527036,3.460549622176591
4013815400,8.351258180013689,3.442093848733744
4013815500,8.300735364818617,3.421690390143737
4013815600,8.156562072553046,3.387218616016427
4013815700,8.198335303901437,3.405604428473648
4013815800,8.137513635181383,3.385429104722793
4013815900,8.361268188911704,3.452465594798084
4013816000,8.251326501026694,3.429202936344969
4013816100,8.17969754825462,3.400792470910335
4013816200,8.126839409308693,3.38852558110883
4013816300,8.152779980150582,3.403292045174538
4013816400,8.168413471594798,3.414817334017796
4013816500,8.105498912388775,3.397944752224504
4013816600,8.064254008898015,3.372134746748802
4013816700,8.059510874743326,3.376956072553046
4013816800,7.976077004106776,3.348966970568104
4013816900,7.785079386721424,3.294629712525667
4013817000,7.998488095140315,3.364317880219028
4013817100,7.830566146475017,3.315282107460643
4013817200,7.908545045174538,3.34712403559206
4013817300,8.568915511293634,3.503060511978097
4013817400,8.545189890485968,3.50133109377139
4013817500,8.526986049281314,3.493933587953456
4013817600,7.858570367556468,3.292931737850787
4013940700,6.043037274469541,2.92988389596167
4013941000,8.3759144366872,3.417621468172485
4013941100,8.675874757700205,3.5120386091718
4013941200,6.561648379876797,2.876376373716632
4013941300,7.711694234770705,3.169810321013005
4013980100,6.059696869267625,3.003026331964408
4013980400,8.83684662696783,3.526605306639288
4013980500,8.628865678986995,3.511434997946612
4013980600,7.756966045174538,3.255441229295003
4013980700,6.579671625598905,2.886746594798084
40139950600,7.146994004791239,3.681145263518138
40139950700,7.044419576317591,3.630920300479124
40139950800,7.00154780698152,3.60867976386037
40139950900,6.99510401779603,3.60478292881588
40139951000,6.529825605749487,3.390846310061602
40141070100,7.926844414099932,3.785659496919918
40141070200,7.855642789869952,3.781239063655031
40141070300,7.911774840520192,3.78637719028063
40141070400,7.90320147980835,3.782974787132101
40141070500,8.13324348733744,3.811475664613279
40143000100,10.290311975359343,3.371267272416153
40143000200,10.225337891854894,3.27680004312115
40143000300,10.271058112936345,3.332942631759069
40143000400,10.24679461670089,3.291968147843942
40143000500,10.191427657768652,3.248753130047912
40143000600,10.175294753593429,3.243678116358658
40143000700,10.157545752224504,3.246513244353183
40143000800,10.141613144421629,3.252268344969199
40143000900,10.167249364134155,3.288335151266256
40143001000,10.185831383983573,3.287979546885695
40143001200,10.209778305954826,3.293103986995209
40143001300,10.230458161533196,3.295090060232717
40143001400,10.26373109650924,3.325301816563997
40143001500,10.287903648870637,3.356926170431212
40143001600,10.319066303216975,3.399965379876797
40143001700,10.329543295003422,3.419046017111567
40143001800,10.311349389459274,3.395293348391513
40143001900,10.295636366187543,3.378049876112252
40143002000,10.278878056125941,3.349952539356605
40143002100,10.281045291581109,3.364209559890486
40143002301,10.245685158795346,3.340559529774127
40143002500,10.208933342915811,3.332866267624914
40143002700,10.136826100616016,3.32525658384668
40143002900,9.99474929705681,3.343188196440794
40143003000,10.070815004106776,3.344419914442163
40143003100,10.207322107460643,3.358356132785763
40143003200,10.239715804243669,3.364522735797399
40143003300,10.255024828884326,3.382254725530459
40143003400,10.2585337816564,3.367906117727584
40143003500,10.289389616016427,3.389114400410678
40143003600,10.288174726214921,3.39872688569473
40143003700,10.308067333333333,3.411961802190281
40143003800,10.331827765913758,3.442291102669404
40143003900,10.305526325804244,3.436067937029432
40143004000,10.298330296372348,3.462347930869268
40143004101,10.27156172347707,3.439570392881588
40143004200,10.280502757015743,3.415128080082136
40143004301,10.253858484599589,3.401814143052704
40143004302,10.243686919917864,3.427993506502396
40143004400,10.215742839835729,3.41625832991102
40143004500,10.224190963723477,3.388888747433265
40143004600,10.18655137303217,3.370197893223819
40143004700,10.075423511978097,3.4193345633128
40143004800,10.121023869267625,3.423642718001369
40143004900,10.176713981519507,3.411983673511294
40143005001,10.199707474332649,3.44311035523614
40143005002,10.22188462422998,3.449120477754962
40143005100,10.260311896646133,3.462132169746749
40143005200,10.277507183436003,3.482766826830938
40143005300,10.329058399041752,3.465944119096509
40143005401,10.020620014373717,3.619967802190281
40143005402,10.074345657084189,3.687143604380561
40143005500,9.90331223340178,3.553686917180014
40143005600,10.02495489596167,3.437632592060233
40143005700,10.147041235455168,3.261944301163587
40143005801,10.269825581793292,3.538054875427789
40143005805,10.26919588843258,3.572552287474333
40143005806,10.282119252566735,3.603039332648871
40143005807,10.207690922655715,3.609267679671458
40143005808,10.188565474332649,3.478135834360027
40143005900,10.352114422997947,3.539818637234771
40143006000,10.339490960985626,3.437036678302532
40143006200,10.136362077344285,3.199876486652977
40143006506,9.92339826899384,3.403061240246407
40143006507,9.917874627652293,3.430134006160164
40143006600,10.066529519507187,3.388812657768652
40143006701,10.117189889801506,3.448213500342231
40143006703,10.100858744010951,3.529234293634497
40143006705,10.106248459958932,3.490509281314168
40143006707,9.997905932922656,3.512154728952772
40143006708,10.000485937713895,3.553978492813142
40143006801,10.182802334702259,3.461190055441478
40143006803,10.213151277891855,3.471556701574264
40143006804,10.199629902121834,3.466691106776181
40143006901,10.262071808350445,3.501941938398357
40143006902,10.279434302532512,3.519543327857632
40143006903,10.303870295687885,3.548651689938398
40143006905,10.319940344969199,3.527109915811088
40143006906,10.329465122518823,3.549986259411362
40143006907,10.312054937713895,3.562153919917864
40143007000,10.319503151266256,3.482488693360712
40143007101,10.353988659137577,3.478102960301164
40143007102,10.376349800136892,3.518225248459959
40143007200,10.346635691307324,3.458214690622861
40143007304,10.391024998631075,3.552059805612594
40143007305,10.383140557837098,3.555062769336071
40143007306,10.380515545516769,3.584160119780972
40143007308,10.363647546201232,3.655033509924709
40143007309,10.390665495550992,3.564285953456537
40143007310,10.389748553045859,3.569806854209446
40143007311,10.381472808350445,3.59519967008898
40143007312,10.370106706365503,3.60719484257358
40143007402,10.255673385352498,3.690024164271047
40143007407,10.283339951403148,3.699382061601643
40143007408,10.2530415633128,3.710326000684463
40143007409,10.300137318275154,3.630917145106092
40143007410,10.299987825462012,3.600967404517454
40143007411,10.274941681040383,3.614078019164956
40143007412,10.272886388774812,3.628385533880904
40143007413,10.272361957563313,3.650030290212183
40143007414,10.298193036960986,3.667627245722108
40143007415,10.264114887748118,3.670937173853525
40143007503,10.240220803559206,3.702943551676934
40143007506,10.217532098562628,3.715611485284052
40143007507,10.210893502395619,3.684090868583162
40143007508,10.211483101300479,3.65062879192334
40143007510,10.240062542778918,3.679994484599589
40143007511,10.173832796030116,3.718637203969884
40143007512,10.169546697467488,3.688072351129363
40143007513,10.127856986310746,3.664873015742642
40143007515,10.11064323613963,3.719399332648871
40143007516,10.030410596167009,3.691607308008214
40143007518,10.24982493908282,3.642126239561944
40143007519,10.243769590691307,3.661057249828884
40143007520,10.144770830937714,3.634053544832307
40143007522,10.13386585284052,3.69226762422998
40143007523,10.094983146475017,3.695258906913073
40143007524,10.240916646817248,3.614228222450376
40143007608,10.171374496235455,3.477789985626283
40143007609,10.191681824093087,3.487697335386721
40143007611,10.221778566735113,3.503060816563997
40143007612,10.187190735112936,3.518122336755647
40143007613,10.24263376659822,3.516138400410678
40143007614,10.209940883641342,3.532963342915811
40143007615,10.263307804243669,3.537935632443532
40143007616,10.278037535934292,3.558058419575633
40143007617,10.28633385284052,3.580229219712526
40143007618,10.260950778918549,3.594367710472279
40143007619,10.246352492128679,3.569309275154004
40143007620,10.222199724161533,3.545431980150582
40143007624,10.043790733744011,3.621532119780972
40143007625,10.164059327173169,3.525139981519507
40143007629,10.179545245037645,3.591157541409993
40143007630,10.197508741273101,3.608881199178645
40143007631,10.178905709787817,3.53975010403833
40143007632,10.200817153319644,3.562850334017796
40143007633,10.16834870568104,3.568175715263518
40143007634,10.14676417522245,3.548715299110198
40143007635,10.13210787063655,3.613444442847365
40143007636,10.122390593429158,3.599550482546201
40143007637,10.108495663244353,3.581223806297057
40143007638,10.067124542094456,3.564522496919918
40143007639,10.217325839835729,3.578219743326489
40143007641,10.173412431895962,3.506944703627652
40143007642,10.159097652977413,3.495281558521561
40143007701,9.907455124572211,3.516687565366188
40143007702,9.761354757700205,3.573482689938398
40143007801,9.957041160164271,3.687822434633812
40143007802,9.841945375085558,3.653684810403833
40143007900,10.088817388090349,3.241483981519507
40143008001,10.169936716632444,3.239197659137577
40143008002,10.113626315537303,3.210850630390144
40143008200,10.3580098678987,3.476375659137577
40143008300,10.370903782340862,3.493233478439425
40143008400,10.343214309377139,3.49143300752909
40143008501,10.365739371663244,3.523462017111567
40143008502,10.34198574880219,3.527887683778234
40143008600,10.296831522245038,3.503454748117728
40143008700,10.238467630390144,3.480986926078029
40143008800,9.994681208761122,3.360287862422998
40143008900,10.391330902121834,3.531865404517454
40143009003,10.318650841889117,3.650398067077344
40143009004,10.363160286105407,3.570341933607118
40143009006,10.357820329226557,3.589132707049966
40143009007,10.348397869952088,3.656412837782341
40143009008,10.343725078028747,3.589501757015743
40143009009,10.329390678986995,3.661751045174538
40143009101,10.048118351129363,3.31340427652293
40143009104,10.134391600958248,3.348042971252567
40143009200,9.902277290896646,3.381099177275838
40143009300,9.778779216974675,3.39361288843258
40143009401,9.738088008213552,3.423205039014374
40143009402,9.769630792607803,3.444740887748118
40143009500,9.505741882956879,3.461181983572895
40143011100,10.289679830253251,3.398958681040383
40145030101,10.0120314366872,4.0690038678987
40145030102,10.024450404517454,4.073797483230664
40145030201,9.954390062970568,4.068152466119096
40145030202,10.023821544147844,4.114079045174538
40145030300,10.016219471594798,3.98490365229295
40145030402,10.22897401026694,3.789594569472964
40145030403,10.328018769336071,3.715980476386037
40145030405,10.302119312799452,3.721111657768652
40145030406,10.291142595482546,3.724204180698152
40145030502,10.227363899383984,3.751123984941821
40145030505,10.234133224503764,3.780318281314168
40145030506,10.273771437371663,3.736993114989733
40145030507,10.269844108145106,3.724318208761122
40145030508,10.215953231348392,3.771335919917864
40145030509,10.182101381245722,3.797680456536619
40145030510,10.160752113620808,3.792923029431896
40145030511,10.138297689938398,3.769015214236824
40145030512,10.119535313483915,3.824257736481862
40145030601,9.931271859685147,3.787746348391513
40145030602,10.010052880903491,3.838075724161533
40145030798,9.957528313483915,3.984701944558522
40145030800,10.05647376386037,3.881967636550308
40147000100,9.504679202600958,3.950275611909651
40147000200,9.511045776180698,3.941891302532512
40147000300,9.53489717522245,3.942990466119096
40147000400,9.560950498288843,3.96356967008898
40147000500,9.576187066392882,3.965138300479124
40147000600,9.588981826146475,3.940088283367556
40147000700,9.567944273100616,3.930588083504449
40147000800,9.538182668035592,3.925892682409309
40147000900,9.525167755646817,3.917544890485968
40147001000,9.468829592060233,4.061982582477755
40147001100,9.538734415468857,4.004222796030116
40147001200,9.613958812457221,3.945739796714579
40147001300,9.735715963039014,3.790890518138262
40149964900,7.745961541409993,3.76422715742642
40149965000,7.738946420944558,3.758346295687885
40149965100,7.892552433264887,3.769709489390828
40149965400,7.992675453798768,3.765897052703628
40151954200,7.554395499657769,3.699032370294319
40151954300,7.921330212867899,3.813197295003422
40151954400,7.778306128678987,3.744796968514716
40153953100,7.503643991786448,3.665843247091034
40153953200,7.397510496919918,3.643505342231348
40153953300,7.441889868583162,3.669851822724162
40153953400,7.406766095824778,3.663960566735113
40153953500,7.410159360027378,3.663001342231348
4015940400,4.73028666255989,2.434456284736482
4015940501,5.62843380698152,2.780260282683094
4015950100,4.684996581793292,2.484650431895962
4015950401,5.027606838466804,2.521593387405886
4015950402,4.977561902806297,2.499263867214237
4015950500,5.171336622861054,2.579872357289528
4015950600,5.215426798083504,2.605714996577686
4015950703,5.193072608487337,2.603196579055442
4015950704,5.104077310061602,2.5614454366872
4015950705,5.163613195756331,2.589743636550308
4015950706,5.170002833675565,2.589890325804244
4015951401,5.462491759753593,2.700296247775496
4015951402,5.438709445585216,2.697364749486653
4015951501,5.569983303216975,2.750461147843942
4015951502,5.557734661190965,2.744216453114305
4015951601,5.574510872689938,2.747954328542094
4015951602,5.587352056125941,2.753075684462697
4015951700,5.599270464065708,2.756233099247091
4015951800,5.605800151266256,2.764679394934976
4015951900,5.613603524298426,2.769554998631075
4015952001,5.59125388569473,2.760032618754278
4015952002,5.522770561943874,2.736790032169747
4015952003,5.546999857631759,2.741555414099932
4015952004,5.603763216974675,2.76447556605065
4015952400,5.504703950034223,2.729500227926078
4015952500,5.547250108145106,2.742493732375086
4015952600,5.608997343600274,2.767828853524983
4015952700,5.559961500342231,2.742193350444901
4015952800,5.499919603011636,2.713780471594798
4015952900,5.566126558521561,2.748723636550308
4015953000,5.584693037645448,2.757611629021218
4015953100,5.607308057494866,2.765309845995893
4015953200,5.626812316906229,2.773142153319644
4015953300,5.532404330595482,2.73048970294319
4015953401,5.561100460643395,2.74224002532512
4015953402,5.259776506502396,2.601405274469541
4015953601,5.102887067077344,2.564570831622177
4015953602,5.134885140999316,2.573152143052704
4015953800,5.158757241615332,2.584912434633812
4015953900,5.130205778234086,2.576434551676934
4015954800,4.759937407939767,2.412268960985626
4015954900,5.19825241889117,2.602727097878166
4015955000,5.58976726899384,2.769495090349076
4017940008,4.656471650924025,2.510984869267625
4017940010,4.621991749486653,2.477772802874743
4017940011,4.610214255989049,2.483657596851472
4017940012,4.70235827926078,2.528415468856947
4017940013,4.67141522587269,2.509277427104723
4017940014,4.75236843394935,2.537787342915811
4017940015,4.820017952772074,2.575071447638604
4017940100,4.924160899383984,2.580650570841889
4017940301,4.877653834360027,2.570343016427105
4017940302,4.893237067077344,2.574752813141684
4017942300,4.832871566735113,2.603911802190281
4017942400,4.838784282683094,2.608149099931554
4017942500,4.842681061601643,2.610952764544832
4017960100,5.124995134839151,2.713430136892539
4017960200,5.265085514031485,2.782993914442163
4017960400,5.133147331964408,2.70428741615332
4017960500,5.133500325119781,2.703797554414784
4017960600,5.17438435797399,2.71706673853525
4017961300,4.924263099931554,2.607463542094456
4017961700,4.987308448323066,2.639163746748802
4017962500,4.870995412731006,2.582249425051335
4017963300,5.071147993839836,2.676268039698836
4017963400,5.185844701574264,2.748056980835044
4017963700,4.852088824093087,2.552466079397673
4017963800,5.151694490075291,2.718417659137577
4017964201,4.834059346338125,2.536852850102669
4017964202,4.868341655030801,2.553491984941821
4017964800,5.044969088295688,2.660929054072553
4017964900,4.824866323066393,2.56543842642026
4017965200,5.054187729637235,2.66694706091718
4017965300,5.008273349760438,2.652089411362081
4019000100,7.218081391512663,3.101268455167693
4019000200,7.251266272416153,3.103941210814511
4019000300,7.200818493497604,3.0794155229295
4019000400,7.184590265571526,3.079765722108145
4019000500,7.164412348391513,3.072904925393566
4019000600,7.115280057494866,3.056432034907598
4019000700,7.177636659137577,3.093740757015743
4019000800,7.226771119780972,3.11578994934976
4019000900,7.243714874058864,3.120225504449008
4019001000,7.259080702258727,3.120355295003422
4019001100,7.210011289527721,3.081552319644079
4019001200,7.168273127310062,3.054456689938398
4019001302,7.14055963449692,3.043678758384668
4019001303,7.092389796714579,3.01877235797399
4019001304,7.08994934770705,3.014557698836413
4019001400,7.119915682409309,3.033485431895962
4019001500,7.077570453798768,3.025424396303901
4019001600,7.049425354551677,3.026188900752909
4019001700,6.948578666666667,2.980849315537303
4019001801,7.01031884257358,3.020111536618754
4019001802,7.057912370978782,3.045086868583162
4019001900,7.136736334017796,3.086183507871321
4019002000,7.183611646132786,3.114470475017112
4019002100,7.205312491444216,3.132772819986311
4019002201,7.236456553730322,3.14726438329911
4019002202,7.228999212867899,3.136110036276523
4019002300,7.248719855578371,3.135932395619439
4019002400,7.252244939767283,3.155852446954141
4019002501,7.271778210814511,3.15028445927447
4019002503,7.268144389459274,3.150032245722108
4019002504,7.232076084188912,3.144486195756331
4019002505,7.190000307323751,3.136506251882272
4019002506,7.132356920602327,3.141728997946612
4019002602,6.977118195071869,2.968779985626283
4019002603,7.021327887063655,2.984721724845996
4019002604,7.016058893223819,2.978229546201232
4019002701,6.895453216290212,2.937897012320328
4019002702,6.913649176591376,2.961529401779603
4019002703,6.984813431895962,2.9829635229295
4019002801,6.895138136892539,2.968091269678302
4019002802,6.934934523613963,2.986108245722108
4019002803,6.970909352498289,3.001955457221082
4019002901,6.931143420944558,3.00962005065024
4019002903,6.810955091718001,2.960234271731691
4019002904,6.881624226557153,3.000137986995209
4019002905,6.861296497604381,2.970308149897331
4019003002,6.913691245722108,3.035589397672827
4019003003,6.847049629021218,3.004918792607803
4019003004,6.793410879534565,2.978944874743326
4019003101,7.016633412731006,3.042287168377823
4019003102,6.975654859685147,3.044949845995893
4019003200,7.056983065708419,3.065988223134839
4019003302,6.906015542778918,3.050690902806297
4019003303,6.985419386036961,3.067752255989049
4019003304,7.038351019849418,3.078223279945243
4019003400,7.10126194661191,3.087629627652293
4019003501,7.120299674880219,3.103451437371663
4019003502,7.058430927446954,3.090570698151951
4019003503,7.047233383983573,3.092236092402464
4019003504,6.993800464065708,3.08567804312115
4019003600,6.96651083504449,3.089673494182067
4019003702,7.183328466803559,3.151994861054073
4019003704,7.177483058179329,3.150117239561944
4019003705,7.140785354551677,3.150650389459274
4019003706,7.210145719370294,3.151896441478439
4019003707,7.210011933607118,3.152998451060917
4019003801,7.228440525667351,3.148234056125941
4019003802,7.212471286105407,3.153733457221082
4019003901,7.206027229979466,3.151039921971253
4019003902,7.170472493497604,3.146477980150582
4019003903,7.134852230663929,3.142386022587269
4019004008,6.936796273785079,3.066590221081451
4019004010,6.823826201916496,3.02589032238193
4019004011,6.851556110882957,3.044703693360712
4019004022,6.711755559206023,3.000518819986311
4019004025,6.427647443531828,2.865422767967146
4019004026,6.482094061601643,2.938455287474333
4019004029,6.894178846680356,3.06673774880219
4019004030,6.723746655715264,2.95797495687885
4019004031,6.633975737166324,2.94161974880219
4019004032,6.705222856262834,2.970690828199863
4019004033,6.955437232717317,3.080355211498973
4019004034,6.965727192334018,3.08482158384668
4019004035,6.767696889801506,3.022807403832991
4019004036,6.791154468172485,3.027683126625599
4019004037,6.882907184120465,3.054816526351814
4019004038,6.885568551676934,3.059920915811088
4019004039,6.739947415468857,2.993718039698836
4019004042,6.513183782340862,2.932872092402464
4019004043,6.556549197125257,2.952098961670089
4019004044,6.397850138945927,2.905019759069131
4019004046,6.620159266255989,2.94950446954141
4019004047,6.563330039014374,2.9308645633128
4019004048,6.600815996577686,2.956923388090349
4019004049,6.63405947980835,2.973669958932238
4019004050,6.225497368240931,2.82733628678987
4019004051,6.066759420260096,2.789072011635866
4019004052,5.412750772758385,2.588897450376454
4019004053,6.381851167693361,2.859132119780972
4019004054,6.237958423682409,2.820276731690623
4019004055,6.417872986310746,2.889910541409993
4019004056,6.702742773442847,3.008058371663244
4019004057,6.631923152635181,2.987728620123203
4019004058,6.737452957563313,3.021397511293634
4019004061,5.81405107118412,2.770890092402464
4019004062,6.384691083504449,2.951553029431896
4019004063,6.568900612594114,2.986524384668036
4019004064,6.35487102532512,2.934997856947296
4019004065,6.636772104722793,3.015888445585216
4019004066,6.575915051334702,2.997650138261465
4019004067,6.799127596167009,2.998975531143053
4019004068,6.838070735797399,3.018033106091718
4019004069,6.752884073921971,3.004937815879535
4019004070,6.70568187816564,2.991394347022587
4019004071,6.698236375085558,2.980142952087611
4019004072,6.662439945927447,2.974861375085558
4019004073,6.804266742642026,3.067349958932238
4019004074,6.590694041752224,3.006854589322382
4019004107,5.855107900752909,2.796306492128679
4019004109,5.756340303216975,2.780566043805613
4019004110,7.186137082819986,3.145387624914442
4019004112,7.11660441615332,3.135966782340862
4019004113,6.783866759069131,3.066299438056126
4019004114,6.656884271047228,3.027430554414784
4019004115,7.141641030800821,3.142743181382615
4019004116,7.099275241615332,3.132575970568104
4019004117,7.17142464202601,3.135933516084873
4019004119,6.139003673511294,2.88494599247091
4019004120,5.888530321013005,2.797788338124572
4019004122,7.175136754962355,3.150915965092402
4019004307,6.214625350444901,2.909223802874743
4019004310,7.158189980835044,3.125212311430527
4019004311,7.023004630390144,3.094453110882957
4019004312,7.097115258042437,3.116366021902806
4019004313,5.872776177275838,2.772885737166324
4019004316,5.554263387405886,2.721602700889802
4019004317,6.214780890485968,2.904036776865161
4019004320,6.903844658453114,3.068749136208077
4019004321,7.00805892128679,3.098826611909651
4019004322,6.987650203969884,3.094847716632444
4019004323,6.548758861054073,3.006381889801506
4019004324,5.971645270362765,2.827037392881588
4019004325,6.003400716632444,2.842838466119096
4019004326,6.391133329226557,2.957415587268994
4019004327,6.362522108829569,2.945382026694045
4019004328,6.116298308692676,2.874616938398357
4019004329,6.574959310061602,3.006317987679672
4019004330,6.169975541409993,2.892490821355236
4019004331,6.241604809034908,2.916048226557153
4019004332,6.206270127310062,2.901505205338809
4019004333,6.908848516084873,3.054699768651608
4019004334,6.549518120465435,2.960316089664613
4019004404,7.013646338809035,3.069022893223819
4019004407,7.292081133470226,3.156398271047228
4019004411,7.121365470225873,3.044825078028747
4019004412,7.08775929705681,3.016618865845311
4019004413,7.142245893908282,3.058121882956879
4019004414,7.172655657768652,3.059294959616701
4019004415,7.265280003422314,3.116997256673511
4019004418,6.940366524298426,2.962485429842574
4019004419,6.398625990417522,2.920720448323066
4019004421,6.741587533880904,2.99452274606434
4019004422,7.11401450513347,3.089201886379192
4019004423,6.706070292265572,2.968144777549624
4019004424,5.944563970568104,2.784706395619439
4019004425,6.076059625598905,2.841811211498973
4019004426,6.771386983572895,2.932587750171116
4019004427,6.669996197809719,2.9311088275154
4019004428,6.886281362080767,3.003755103353867
4019004429,6.789489229979466,2.954831935660506
4019004430,6.47913529705681,2.930126133470226
4019004431,6.575353503080082,2.938245103353867
4019004504,7.080387908966461,3.005088840520192
4019004505,7.034829008898015,2.977169889801506
4019004506,6.973315767967146,2.953126151266256
4019004508,6.951770289527721,2.938256496919918
4019004510,6.90975897467488,2.92742283504449
4019004511,6.939370136892539,2.942014013689254
4019004512,6.972641812457221,2.953840953456537
4019004513,6.977425186858316,2.953052305270363
4019004610,6.923133288158795,2.937306034223135
4019004613,6.863478681040383,2.922017575633128
4019004614,6.675238637234771,2.862749492813142
4019004615,6.756739938398357,2.878263674880219
4019004616,6.888864321697468,2.916799472963724
4019004617,6.789506976728268,2.885909314168378
4019004618,6.852229223134839,2.901450702258727
4019004619,6.404876698151951,2.797396669404518
4019004620,6.455383036276523,2.805880420944558
4019004621,6.603491113620808,2.851626305270363
4019004622,6.553790438740589,2.826654295003422
4019004623,6.64025416495551,2.868745298425736
4019004624,6.740792661190965,2.894517181382615
4019004625,6.694555021218344,2.877355230663929
4019004626,6.756470256673511,2.888531229295003
4019004627,6.837269161533196,2.915356771389459
4019004628,6.825418184804928,2.904502563997262
4019004630,6.580677134154689,2.871691332648871
4019004631,6.555886702258727,2.853731151950719
4019004632,6.519612730321698,2.839104691991786
4019004633,6.419740465434634,2.804809642710472
4019004634,6.426223367556468,2.825555925393566
4019004635,6.323806811772758,2.778972588637919
4019004636,6.237507302532512,2.756833979466119
4019004638,6.269304180698152,2.814152016427105
4019004639,6.562503518822724,2.889665650924025
4019004640,6.022103534565366,2.71246635797399
4019004641,6.18010568788501,2.74727958110883
4019004642,6.043220952772074,2.704968687200548
4019004643,5.820563006844627,2.652571046543463
4019004644,6.659474394934976,2.882126301163587
4019004645,6.684045440109514,2.896532103353867
4019004646,6.757747859000684,2.911532745379877
4019004647,6.774962567419576,2.905686924024641
4019004710,6.844905759753593,2.927770235455168
4019004711,6.642888596851472,2.871628362765229
4019004712,6.707998701574264,2.904227982888433
4019004713,6.514755482546201,2.816755983572895
4019004714,6.586682449007529,2.837359973305955
4019004715,5.674204791238878,2.613613470225873
4019004716,5.709277800136892,2.618675253251198
4019004717,6.405605373716632,2.81014648733744
4019004718,6.463292715263518,2.837320797399042
4019004719,6.282611371663244,2.792490224503764
4019004720,6.515427006160164,2.866088841204654
4019004721,6.643594241615332,2.918673702258727
4019004722,6.497169442847365,2.872144034907598
4019004723,6.376569277207392,2.836359323066393
4019004724,6.646753150581793,2.900307736481862
4019004725,6.785741255989049,2.880314169062286
4019004726,6.723851848733744,2.871584318959617
4019410501,7.092254778234086,3.126709382614648
4019410502,7.033112718685832,3.126166183436003
4019410503,6.779342690622861,3.066784859000684
4019470400,5.879107963039014,2.99780342642026
4019470500,6.215538206707734,2.849922388774812
4019940600,5.846348779603012,2.86235136550308
4019940700,5.836597410677618,2.947184465434634
4019940800,5.533898885010267,2.767365124572211
4019940900,6.565050119096509,2.982097841889117
4019941000,6.782894380561259,3.030444957563313
4021000201,6.100018500342231,2.795950327173169
4021000204,7.553055383983573,3.213706473648186
4021000205,7.542219580424367,3.233717295003422
4021000206,7.534800353867214,3.237546368240931
4021000207,6.916340932922656,3.035670559206023
4021000208,7.128747255304586,3.123936262833676
4021000209,7.707894060232717,3.298632531143053
4021000210,7.566423403832991,3.259345118412046
4021000211,7.451888757015743,3.228263624914442
4021000212,7.345463185489391,3.204584816563997
4021000213,7.555636266255989,3.263577091033539
4021000214,7.733234020533881,3.306599401779603
4021000215,7.856019854893908,3.350841102669404
4021000307,7.031084443531828,2.988969869952088
4021000308,7.284357991101985,3.071744247091034
4021000309,7.196041572210814,3.034914689253936
4021000310,7.065597136208077,2.987007873374401
4021000311,6.880680966461328,2.931507369609856
4021000312,7.295545896646133,3.073802208761122
4021000313,7.367041330595482,3.102121722108145
4021000314,7.274667798767967,3.071881788501027
4021000315,7.151748592060233,3.025664381245722
4021000316,6.877804921971253,2.957134277891855
4021000317,7.356050578370979,3.104867134839151
4021000318,7.181591789869952,3.04287351266256
4021000319,7.1919733045859,3.071212443531828
4021000400,6.015322605065024,2.81668893908282
4021000603,5.612905287474333,2.604402073237509
4021000604,5.478139993839836,2.572175532511978
4021000700,5.364507295687885,2.592006893223819
4021000801,7.011701614647502,3.106777554414784
4021000802,5.849452165639973,2.735093754277892
4021000803,6.229617464065708,2.868194184804928
4021000901,6.676603975359343,3.008205965776865
4021000902,6.749728087611225,3.033183003422314
4021001000,7.111242998631075,3.149220488021903
4021001100,7.343592861738535,3.225164490759754
4021001200,7.286717062286105,3.206386800136892
4021001301,7.922351409308693,3.35490425119781
4021001303,7.792517994524298,3.342991833675565
4021001304,7.859460472963724,3.350047234086242
4021001305,7.861579844626968,3.345097238193018
4021001306,7.805013171115674,3.331522006844627
4021001403,7.777788795345654,3.315484362765229
4021001404,7.751055570841889,3.31333212936345
4021001405,7.696491101300479,3.308490351129363
4021001406,7.644217636550308,3.294336354551677
4021001407,7.589275742642026,3.284490655030801
4021001408,7.556398262833676,3.281944884325804
4021001500,7.745693551676934,3.313611811772758
4021001600,7.810899758384668,3.317805386721424
4021001701,7.58283255578371,3.257980167008898
4021001702,8.050611546885695,3.356560492813142
4021001703,8.091366526351814,3.358804292265572
4021001704,8.055837496235455,3.350611580424367
4021001705,8.184962315537303,3.381020210130048
4021001706,8.131956488021903,3.365032225188227
4021001707,8.117847563997262,3.361971633127994
4021001708,8.178667727583847,3.3713784366872
4021001709,8.228699370294319,3.387318028747433
4021001710,8.288536472279261,3.382800130732375
4021001711,8.1990353908282,3.351240853524983
4021001900,7.246273270362765,3.208197906913073
4021002001,7.258943933607118,3.210620851471595
4021002002,7.019686724161533,3.139874298425736
4021002003,6.8760560862423,3.0986228275154
4021002101,7.120450748117728,3.17534461670089
4021002102,6.797638709103354,3.07908525393566
4021002103,6.455445770020534,2.97800968514716
4021002200,5.465499929500342,2.632385188911704
4021002300,6.047574942505134,2.828993925393566
4021002400,5.340552626283368,2.636277798083504
4021941200,7.928866718685832,3.371315863107461
4021941300,8.309999726899384,3.426154223819302
4021941400,6.723921412731006,3.052266989048597
4023966000,5.631424927446954,2.721513506502396
4023966101,5.799022768651608,2.765150935660506
4023966103,6.1067768678987,2.792670142368241
4023966104,5.902584367556468,2.751813466803559
4023966105,5.857803266255989,2.784876846680356
4023966200,6.165514603696099,2.796733768651608
4023966301,6.088371779603012,2.768004367556468
4023966302,6.163654382614648,2.770262814510609
4023966401,6.19191026146475,2.780550282683094
4023966402,6.200429481861738,2.774483453798768
4025000202,5.191981618754278,2.589398316221766
4025000203,5.251529115674196,2.60684334770705
4025000204,4.846877803559206,2.46268378439425
4025000300,5.326364420944558,2.621268851471595
4025000401,5.263039620807666,2.588055206707734
4025000402,5.251599554414784,2.582899334702259
4025000500,5.312308798767967,2.603692753593429
4025000604,5.36957840109514,2.632513221081451
4025000605,5.376684477754962,2.633061474332649
4025000606,5.353032696098563,2.617208034223135
4025000607,5.31986890622861,2.609486780287474
4025000608,5.38634010403833,2.642858674195756
4025000609,5.376845033538672,2.637455713894593
4025000610,5.354598549623546,2.627059897330596
4025000700,5.154895800136892,2.533259073921971
4025000801,5.166469416837782,2.543409394250513
4025000802,5.210010269678302,2.56210149486653
4025000900,5.202532214921287,2.560419481861738
4025001001,5.194515505817933,2.561467176591376
4025001002,5.050761926762491,2.504587435318275
4025001101,5.102526607802875,2.520283488706366
4025001102,5.070315724161533,2.500270960985626
4025001200,4.728737540041068,2.390972367556468
4025001300,4.882847352498289,2.416898843942505
4025001401,5.186516451060917,2.524249413415469
4025001402,5.013285904175222,2.444081330595482
4025001403,4.928824943189596,2.417431800136892
4025001500,5.174212876796715,2.545298565366188
4025001601,5.448635852156058,2.710063401779603
4025001602,5.044344698151951,2.554552847364819
4025001603,5.340604672826831,2.670171097878166
4025001701,5.47618574606434,2.727286770704997
4025001702,5.327073744695414,2.678628646817248
4025001703,5.157607602327173,2.613664334702259
4025001801,5.224839149212868,2.642667667351129
4025001802,5.121814622176591,2.592448765913758
4025001900,5.3232262183436,2.648552678302532
4025002001,5.434776030800821,2.707468133470226
4025002002,5.50334858384668,2.732751300479124
4025002003,5.486372373716632,2.732932546201232
4025002004,5.4470578275154,2.705401331964408
4025002100,4.619933858316222,2.389168031485284
4027000100,6.99185062696783,3.021397673511294
4027000200,6.987527729637235,3.025990212183436
4027000301,6.969096431211499,3.030836880903491
4027000302,6.990551650239562,3.028025628336756
4027000402,7.005452843942505,3.044426559206023
4027000403,7.013424488021903,3.040187648186174
4027000404,6.995069902121834,3.035217151266256
4027000501,7.030553010951403,3.039762134839151
4027000502,7.005502942505134,3.035703986995209
4027000600,7.020476976043806,3.028015482546201
4027000700,7.042132553045859,3.031946700889802
4027000800,7.047543500342231,3.038050075975359
4027000901,7.057630300479124,3.047771466803559
4027000902,7.057041455852156,3.054205639972622
4027000903,7.033044493497604,3.056179338809035
4027000905,7.055802291581109,3.060787813826146
4027000907,7.083021030116359,3.067637459958932
4027000908,7.119749199863108,3.098734859685147
4027001001,7.109771545516769,3.081707569472964
4027001003,7.087703468856947,3.060950999315537
4027001004,7.076780519507187,3.054496095824778
4027001100,7.077008821355236,3.05345095687885
4027001200,7.049399840520192,3.055006944558522
4027010905,6.788735623545517,3.050194549623546
4027010907,6.704935196440794,3.036408959616701
4027010910,6.594369609856263,3.011079357289528
4027010911,6.894366958932238,3.053644028062971
4027010913,6.964594128678987,3.037282320328542
4027010914,6.546436290212183,2.966004436002738
4027011000,7.103828620123203,3.099826216974675
4027011104,6.837765366872006,3.05975418275154
4027011106,6.92688650513347,3.067989190965092
4027011107,7.011656898699521,3.074648464750171
4027011108,6.776208884325804,3.04643706844627
4027011110,6.711741874058864,3.040179108145106
4027011111,6.755012599589322,3.050455210814511
4027011112,6.629700379192334,3.026973965092402
4027011114,6.620376095824778,3.024185003422314
4027011115,6.511347684462697,3.00576532238193
4027011201,6.278192160848734,2.957031837782341
4027011202,6.046860453114305,2.95353393908282
4027011403,7.236788629021218,3.252167376454483
4027011405,7.220896815195072,3.250374438740589
4027011406,7.170386665982204,3.227230498288843
4027011501,7.212673295003422,3.181219167008898
4027011503,7.180293579739904,3.151212319644079
4027011504,7.191114353182752,3.17853110403833
4027011600,7.241738498288843,3.235928876796715
4027011700,6.839108958247776,3.063523138945927
4027011800,7.028358837097878,3.147103904175222
4027012100,5.647408370294319,2.780525270362765
4027980003,5.863849066392882,2.982002280629706
4027980004,5.969483832306639,2.955137788501027
4027980005,6.870516674195756,3.139970578370979
4027980006,7.099699384668036,3.096656475017112
41001950100,5.519099943189596,2.894320824093087
41001950200,5.926180600273785,3.089749270362765
41001950300,6.150446178644764,3.225185329226557
41001950400,6.052358834360027,3.153855831622177
41001950500,5.97352384257358,3.120334227926078
41001950600,5.903574753593429,3.114952193702943
41003000100,7.665009593429158,3.735266116358658
41003000202,7.453325773442847,3.665758874058864
41003000400,7.578525429158111,3.725899861054073
41003000500,7.685884434633812,3.758578626283368
41003000600,7.905270206023272,3.847198278576318
41003000900,7.431904376454483,3.658710725530459
41003001001,7.700340646817248,3.761144647501711
41003001002,7.64040613963039,3.743216298425736
41003001101,7.5944245633128,3.719959742642026
41003001102,7.646234682409309,3.740561836413416
41003010100,8.22431785284052,3.964769438056126
41003010200,6.875213572210814,3.442952255989049
41003010300,6.45714763449692,3.26661580971937
41003010400,7.247528859000684,3.557360221081451
41003010600,7.646016865845311,3.750285930869268
41003010702,7.525201854893908,3.689946887063655
41003010800,7.206079410677618,3.566792856262834
41003010900,7.196857815879535,3.566886776865161
41005020100,9.767264127994524,4.120579758384668
41005020200,9.75370182477755,4.131327524982888
41005020302,9.749876267624914,4.154600464750171
41005020303,9.769407544832307,4.134568114989733
41005020304,9.739048524298426,4.13933584257358
41005020401,9.717780600273785,4.165663572210814
41005020403,9.710050806297057,4.140449651608487
41005020404,9.740466351129363,4.138973216290212
41005020501,9.579929726899384,4.103803676933607
41005020503,9.713159844626968,4.114021690622861
41005020504,9.641976499657769,4.109626646132786
41005020505,9.606514726214921,4.084158578370979
41005020600,9.437549190965092,4.047922986995209
41005020700,9.466325497604381,4.081085776180698
41005020800,9.705841718001369,4.062811187542779
41005020900,9.682704338124572,4.04255164476386
41005021000,9.614581851471595,4.012709664613279
41005021100,9.622406466803559,4.034202863107461
41005021200,9.722911941820671,4.08689242642026
41005021300,9.677710902806297,4.094106133470226
41005021400,9.654909121149897,4.071169303216975
41005021500,9.578047709103354,4.033423474332649
41005021601,9.514279685831622,3.973215760438056
41005021602,9.545085234770705,4.005137149897331
41005021700,9.54112490349076,4.053685148528405
41005021801,9.550503453114305,4.041104666666667
41005021802,9.554180674880219,4.052932357289528
41005021900,9.445214460643395,4.021245271731691
41005022000,9.416675165639973,4.009989193702943
41005022101,9.420735057494866,4.003188042436687
41005022103,9.066103796030116,3.842049314168378
41005022105,9.257397532511978,3.911497665982204
41005022107,9.3705551321013,3.949672226557153
41005022108,9.261216086926762,3.930579269678302
41005022201,9.470576807665982,3.96194688843258
41005022205,9.328512298425736,3.919710997262149
41005022206,9.372347137577002,3.921126999315537
41005022207,9.191972381930185,3.87063512936345
41005022208,9.097005213552361,3.830888885010267
41005022301,9.142191412046544,3.904594524298426
41005022302,9.042864420944558,3.899375832991102
41005022400,9.319642117043121,4.008652818617385
41005022500,9.249130760438056,3.988841357289528
41005022602,9.281805070499658,4.030519775496236
41005022603,8.950165540041068,3.906637222450376
41005022605,9.075202291581109,3.955454126625599
41005022606,9.18037859890486,3.98806200752909
41005022702,9.500714579739904,4.115022910335387
41005022707,9.350128959616701,4.117952689938398
41005022708,9.186206648870637,4.089999628336756
41005022710,9.36540470294319,4.120344017111567
41005022800,9.189513725530459,4.088008832991102
41005022901,8.960377140999316,3.960261409993155
41005022904,9.092639011635866,4.037382904175222
41005022905,9.219357201916496,4.063712223819302
41005022906,9.008135370978782,3.999486843258042
41005022907,9.011593971937029,4.001752635181383
41005023001,8.588257770704997,3.767266230663929
41005023002,8.57841086036961,3.786337272416153
41005023100,8.299305373716632,3.626285220396988
41005023201,8.64498273100616,3.689005046543463
41005023202,8.646165989048597,3.711766685831622
41005023300,8.078285970568104,3.502333771389459
41005023401,7.504338154004107,3.313985006844627
41005023403,7.051524742642026,3.181180401779603
41005023404,7.219379121149897,3.227333169062286
41005023500,7.384126969199179,3.297757687200548
41005023600,7.238420660506502,3.286910793292266
41005023700,8.077625761122519,3.625400716632444
41005023800,8.434900826146475,3.844662759753593
41005023901,7.906742329226557,3.597133600958248
41005023902,7.730013480492813,3.532613978097194
41005024000,6.287590034907598,3.000816167693361
41005024100,6.715838513347023,3.121677577686516
41005024200,6.525321714579055,3.028159504449008
41005024302,6.139490606433949,2.881525239561944
41005024303,5.776934876112252,2.760090990417522
41005024304,5.616559793292266,2.712992336755647
41005024400,9.423324105407255,4.131703609856263
41005980000,5.565351533880904,2.717983238193018
41007950100,5.565364346338125,2.839356944558522
41007950200,5.572054432580424,2.834421524982888
41007950300,5.593687177275838,2.84274561670089
41007950400,5.630505006844627,2.828007511293634
41007950500,5.485253917864476,2.830855997946612
41007950600,5.508667307323751,2.805542147843942
41007950700,5.457858117043121,2.803506097878166
41007950900,5.425242891170431,2.799571953456537
41007951100,5.387727194387406,2.760996725530459
41007951200,5.595992625598905,2.779031690622861
41007951300,5.486524154004107,2.820357793976728
41007990000,5.540052425735797,2.834821266940452
41009970200,6.206862717316906,2.959299686516085
41009970300,6.487220763175907,3.031948189596167
41009970400,6.60386980971937,3.049598252566735
41009970500,6.744102349075975,3.091731151950719
41009970600,7.137576913073238,3.202148691991786
41009970700,7.152230982888433,3.20570217522245
41009970800,7.108549247091034,3.190166149212868
41009970900,7.552201735112936,3.321959125941136
41009971000,7.116634765913758,3.204815839835729
41009971100,6.058402503764545,2.888399251882272
41011000100,6.488839656399726,3.403152086926762
41011000200,6.553477300479124,3.410728548939083
41011000300,6.627011015742642,3.48732131485284
41011000400,6.613425579739904,3.482704482546201
41011000502,6.592249796714579,3.488309501026694
41011000503,6.616140858316222,3.484833924709103
41011000504,6.647781579055442,3.500875431211499
41011000600,6.652152087611225,3.497828311430527
41011000700,6.664186618754278,3.502455943874059
41011000800,6.662878700205339,3.505046876796715
41011000900,6.727387808350445,3.530919655715264
41011001000,6.446824721423682,3.42540127652293
41011001100,6.445259926078029,3.374367962354552
41013950100,5.961587223134839,2.861795611225188
41013950200,6.561901473648186,3.0358763908282
41013950300,7.575541405886379,3.409349179329227
41013950400,5.895208701574264,2.907800803559206
41015950100,5.994153069815195,3.160210229295003
41015950200,6.090270006844627,3.215178388774812
41015950301,6.080696140999316,3.150199831622177
41015950302,6.469446596167009,3.358337579739904
41015950400,6.194466493497604,3.171387691991786
41015990101,6.374170865845311,3.3364977816564
41017000100,6.02399462422998,2.955455242299795
41017000200,6.080867898699521,2.958596206707734
41017000300,6.393616954825462,3.098857045174538
41017000401,6.812921984941821,3.245318457905544
41017000402,6.48628561670089,3.121922532511978
41017000500,5.901068212183436,2.89285128678987
41017000600,7.619371678302532,3.543722481861738
41017000700,7.897346318959617,3.611955973305955
41017000800,8.08675686036961,3.686683544147844
41017000900,8.172375370978782,3.710888457905544
41017001001,8.23514052019165,3.747071279945243
41017001002,8.151968948665298,3.719540661875428
41017001100,7.875950882272416,3.64792964476386
41017001200,7.769814492813142,3.565020062286105
41017001300,7.460129492128679,3.48379601779603
41017001400,7.328923809034908,3.426298798767967
41017001500,7.56863125393566,3.519345397672827
41017001600,7.681310425735797,3.56234553045859
41017001700,7.784423308008214,3.601373026009582
41017001800,7.689076525667351,3.563363164271047
41017001901,7.595327329226557,3.51915253045859
41017001902,7.611507668720055,3.538491470225873
41017002000,7.422259075975359,3.473586127994524
41017002100,7.266540481177276,3.411317641341547
41019010000,6.394360908966461,3.315720839151266
41019020000,6.532193610540726,3.37829843394935
41019030000,6.89066420054757,3.432928032854209
41019040000,6.882762060232717,3.348295213552361
41019050001,6.653518504449008,3.223280922655715
41019050002,7.15256879945243,3.516842769336071
41019060000,7.080873837782341,3.525230240246407
41019070000,6.828233247091034,3.474654289527721
41019080000,7.333560431211499,3.629779252566735
41019090000,7.154149471594798,3.492353721423682
41019100000,5.879651999315537,2.851626806297057
41019110000,7.053855590006845,3.44795862422998
41019120000,7.307343640657084,3.58978448733744
41019130000,7.318877678986995,3.594117211498973
41019140000,7.359499771389459,3.637214943189596
41019150000,7.371038246406571,3.646690960301164
41019160000,7.30828776659822,3.63175140109514
41019170000,6.722240740588638,3.419328070499658
41019180000,6.810758925393566,3.339814459958932
41019190000,7.068966685831622,3.490663117043121
41019200000,6.933451739904175,3.436396611909651
41019210000,6.452239962354552,3.171050894592745
41021960100,6.323192516084873,3.220415503080082
41023960100,5.450872039698836,2.81811575633128
41023960200,5.627315008898015,2.850819519507187
41025960100,5.849046833675565,2.840580599589322
41025960200,5.552399663244353,2.838129099931554
41027950100,5.460784734428474,2.689768031485284
41027950200,5.846990138261465,2.858964539356605
41027950300,5.883649449007529,2.878782070499658
41027950400,5.856435980835044,2.880545407939767
41029000100,8.216746208761122,3.591748824093087
41029000201,8.225741160848734,3.591520721423682
41029000202,8.210016317590691,3.587762195071869
41029000203,8.178780072553046,3.56624782477755
41029000300,8.269926399041752,3.640077420944558
41029000403,8.166774826146475,3.592575325119781
41029000404,8.19634507118412,3.616261148528405
41029000405,8.222743113620808,3.615398389459274
41029000406,8.236469813826146,3.618247199178645
41029000501,8.17717806091718,3.573922908281999
41029000502,8.209315638603696,3.596879299110198
41029000601,8.08202129705681,3.567510739219712
41029000602,8.001538366187543,3.528869500342231
41029000700,8.078148989048597,3.539736283367556
41029000800,8.264433295003422,3.636135715263518
41029000900,8.257489246406571,3.661449765229295
41029001001,8.275499288843258,3.659093984941821
41029001002,8.244129034907598,3.671400832991102
41029001100,8.146489110882957,3.668285498973306
41029001200,8.223169916495551,3.638278438740589
41029001301,8.13374840862423,3.637912100616016
41029001302,7.982347256673511,3.571833614647502
41029001400,7.739527262149213,3.53323810403833
41029001500,7.953599755646817,3.574049151950719
41029001601,7.952386196440794,3.514125654346338
41029001602,7.848069316906229,3.476056470910335
41029001700,7.565377639972622,3.401983430527036
41029001800,7.18665087816564,3.299062900068446
41029001900,7.14941893155373,3.292621202600958
41029002000,7.203250052019165,3.304532138945927
41029002100,7.237861125256674,3.316958299794661
41029002200,7.101957758384668,3.278616461327858
41029002300,6.887475392197125,3.2093273908282
41029002400,7.283850521560575,3.328852045859001
41029002500,6.705823568788501,3.147600470910335
41029002600,6.35083192128679,3.075001033538672
41029002700,6.733905126625599,3.226371773442847
41029002800,7.649578179329227,3.533399031485284
41029002900,7.08724917522245,3.382395611909651
41029003001,7.835252234770705,3.575235858316222
41029003002,6.89215097467488,3.239736868583162
41031940000,6.123824396303901,2.986781876796715
41031960100,6.124470497604381,2.976278140314853
41031960201,6.979717625598905,3.330295668035592
41031960202,6.85084041889117,3.27702780971937
41031960301,7.402364082135524,3.475904224503764
41031960302,6.419939915811088,3.102826443531828
41033360100,6.762556329226557,3.354543395619439
41033360300,7.327137533880904,3.510277548939083
41033360400,7.492392838466804,3.532478420944558
41033360500,7.767956746748802,3.603178033538672
41033360600,7.715261706365503,3.590708589322382
41033360701,7.733118683778234,3.590078546201232
41033360702,7.740109291581109,3.585275279945243
41033360800,7.583002778234086,3.579982054072553
41033360900,6.673665650239562,3.307541188911704
41033361000,7.560718022587269,3.550030901437372
41033361100,7.665427600273785,3.579850376454483
41033361200,7.719235247091034,3.581994915126626
41033361300,7.635831776180698,3.545868460643395
41033361400,7.026732814510609,3.327651585900068
41033361500,6.714998145106092,3.312302277891855
41033361600,6.378045475701574,3.145435483915127
41035970100,5.883367803559206,2.921218980835044
41035970200,6.145534420260096,3.006336431211499
41035970300,6.466552108829569,3.072965697467488
41035970400,6.901759746748802,3.163944490075291
41035970500,6.340184188911704,3.045677126625599
41035970600,6.780428359342916,3.173862589322382
41035970700,7.182774556468172,3.250725075290897
41035970800,7.411929865845311,3.292103701574264
41035970900,7.241316263518138,3.279724219028063
41035971000,7.209328711156742,3.236025752908966
41035971100,7.344781245037645,3.249875948665298
41035971200,7.437231785763176,3.256947466803559
41035971300,7.408673899383984,3.234052255304586
41035971400,7.427012396988364,3.23664429431896
41035971500,7.471248854209446,3.276656731690623
41035971600,7.44763270568104,3.279671665297741
41035971700,7.427300857631759,3.286329445585216
41035971800,7.466048976728268,3.300458866529774
41035971900,7.430033396988364,3.296143195756331
41035972000,7.321915791238878,3.280224880903491
41037960100,5.930773939767283,2.957488668035592
41037960200,6.371846836413416,2.965175272416153
41039000100,5.747782576317591,2.77019045174538
41039000200,6.864434080082136,3.185547851471595
41039000300,7.779560442847365,3.571876917180014
41039000402,7.17131353045859,3.480636173169062
41039000403,7.597288914442163,3.618428318959617
41039000404,7.776895518138262,3.644512922655715
41039000500,6.277034430527036,3.212812717316906
41039000702,6.240250085557837,3.274355937029432
41039000705,6.147172301848049,3.246573198494182
41039000706,6.071741718685832,3.206325153319644
41039000707,6.169047152635181,3.241475926762491
41039000708,6.022479405886379,3.147808395619439
41039000800,7.007273899383984,3.443713180698152
41039000902,6.909446016427105,3.403338310061602
41039000903,7.530536883641342,3.572228620123203
41039000904,7.305372460643395,3.50463412936345
41039001001,7.733453223134839,3.623031449007529
41039001002,7.723126155373032,3.577780184804928
41039001101,7.689533393566051,3.488899822724162
41039001102,7.383641861054073,3.352321514031485
41039001201,7.336763117727584,3.358337871321013
41039001202,7.161489158795346,3.312491990417522
41039001301,6.880740242984257,3.140853264887064
41039001302,6.900501450376454,3.17298336550308
41039001400,6.278260219028063,2.948490478439425
41039001500,5.947899777549624,2.773685721423682
41039001600,6.366395724161533,2.950548488706366
41039001700,7.31766119028063,3.31948884257358
41039001801,7.256630519507187,3.295837448323066
41039001803,7.420477301163587,3.368187582477755
41039001804,7.199403020533881,3.281261001368925
41039001902,7.622634476386037,3.43728557357974
41039001903,7.521005656399726,3.407029660506502
41039001904,7.497892624914442,3.396009091033539
41039002001,7.632070488021903,3.45260131211499
41039002002,7.72479126899384,3.492057972621492
41039002101,7.803064763175907,3.530423386721424
41039002102,7.816098492128679,3.526794804928131
41039002201,7.93049876659822,3.599739899383984
41039002202,7.884052467488022,3.567196219712526
41039002301,7.967220739219712,3.629868984941821
41039002302,7.935043326488706,3.633457780287474
41039002401,7.930317534565366,3.649167400410678
41039002403,7.96217125119781,3.649670853524983
41039002404,7.972789515400411,3.644660467488022
41039002501,7.936478280629706,3.655236507871321
41039002503,7.967418887748118,3.654681080082136
41039002504,7.930142473648186,3.631279272416153
41039002600,8.029740526351814,3.665246758384668
41039002700,8.001316856947296,3.638912518822724
41039002800,7.997166191649555,3.631737516769336
41039002902,7.919416145790554,3.579770612594114
41039002903,7.950379065023956,3.599667749486653
41039002904,7.969833674195756,3.604901409993155
41039003000,7.924910880903491,3.573690961670089
41039003101,7.874694780971937,3.558465965776865
41039003102,7.860154288158795,3.543708461327858
41039003201,7.809521391512663,3.524937387405886
41039003202,7.7870874366872,3.503603898015058
41039003301,7.727157242299795,3.492102593429158
41039003302,7.733473199178645,3.48949997467488
41039003400,7.68207993155373,3.465895103353867
41039003500,7.627288714579055,3.443475636550308
41039003600,7.79071646954141,3.501406112251882
41039003700,7.857968108145106,3.534832990417522
41039003800,7.881608296372348,3.545672279945243
41039003900,7.908171979466119,3.575773776180698
41039004000,7.938721979466119,3.582914429158111
41039004100,7.977485206023272,3.608618783025325
41039004200,7.969316357289528,3.609825052703628
41039004300,7.98575025119781,3.622045855578371
41039004401,7.943866102669404,3.605702970568104
41039004403,7.926944908281999,3.582313340862423
41039004404,7.917965292950034,3.589583393566051
41039004405,7.898628158795346,3.588560183436003
41039004501,7.92281194934976,3.576920995208761
41039004502,7.938564955509925,3.585527363449692
41039004600,7.905671260780288,3.565675435318275
41039004700,7.882739651608487,3.555404590006845
41039004800,7.863445735112936,3.535708191649555
41039004900,7.836930202600958,3.528642199863108
41039005000,7.823336835728953,3.524028537303217
41039005100,7.86374384257358,3.543285722792608
41039005200,7.879564984257358,3.545793553730322
41039005300,7.890758983572895,3.56565372073922
41039005400,7.856073726899384,3.559229917864476
41041950100,5.754566092402464,2.979413399041752
41041950303,5.677793145790554,2.96552325393566
41041950304,5.69196707118412,2.972457937713895
41041950400,5.705769502395619,2.988315431211499
41041950601,5.805659605065024,3.013556598220397
41041950602,5.824967912388775,3.044487029431896
41041950800,5.928101800821355,3.101825859000684
41041950900,5.97961262422998,3.119924811772758
41041951000,5.940330131416838,3.117729429158111
41041951100,5.97892656605065,3.128379368240931
41041951200,5.972687132785763,3.131306203285421
41041951300,6.063386543463381,3.149668924709103
41041951400,6.156151849418207,3.178478562628337
41041951500,6.006689991101985,3.126660198494182
41041951600,5.939921519507187,3.109610085557837
41041951700,5.996188036276523,3.117278945927447
41041951800,6.177679159479808,3.174666926078029
41043020100,8.399691097878166,4.01652904312115
41043020200,8.224326464065708,3.943053636550308
41043020300,8.257824658453114,3.962485785763176
41043020400,8.347177327857632,4.008947826830938
41043020500,8.347380119780972,3.996919971252567
41043020600,8.303495208761122,3.972852822039699
41043020700,8.269836855578371,3.961534725530459
41043020801,8.317048938398357,3.995101854893908
41043020802,8.29039758110883,3.981060143737166
41043030100,7.777116560574949,3.694001374401095
41043030200,6.06042346201232,2.935006675564682
41043030300,5.74872183504449,2.798115047912389
41043030401,7.007190712525667,3.281498839835729
41043030402,6.615961249828884,3.107682755646817
41043030500,7.504347910335387,3.527294629021218
41043030600,7.788610818617385,3.714722198494182
41043030700,8.133655714579055,3.912987406570842
41043030800,8.036252538672142,3.810874461327858
41043030902,7.584232893908282,3.57535609377139
41043030903,7.761186879534565,3.667365788501027
41043030904,7.691039478439425,3.633206446954141
41045940000,5.096484963723477,2.75580671321013
41045970200,7.923331922655715,4.033824970568104
41045970300,8.158318772758385,4.129597890485968
41045970400,8.289055223134839,4.188748432580424
41045970500,8.100778858316222,4.103875036960986
41045970600,7.055905216290212,3.643737655715264
41045970700,7.329922680355921,3.717116263518138
41045970900,5.38685236550308,2.846605116358658
41047000200,8.57077474880219,4.063507560574949
41047000300,8.574879274469541,4.064881953456537
41047000400,8.606018838466804,4.071708584531143
41047000501,8.610255540041068,4.076790733059548
41047000502,8.605070117043121,4.070799208761122
41047000600,8.592309495550992,4.072980484599589
41047000701,8.607575382614648,4.061624370294319
41047000900,8.59161625393566,4.079638202600958
41047001000,8.616323711156742,4.088147963723477
41047001100,8.621907843942505,4.10580867761807
41047001200,8.594582875427789,4.087214266255989
41047001300,8.536523898699521,4.062485539356605
41047001401,8.536146585900068,4.038354924709103
41047001402,8.562762357289528,4.050972672826831
41047001501,8.598521633812457,4.062495635865845
41047001502,8.599796742642026,4.060800449691992
41047001503,8.599326772073922,4.060374445585216
41047001601,8.614646288158795,4.06100195687885
41047001602,8.60687498973306,4.057463534565366
41047001603,8.588593140999316,4.042250232717317
41047001604,8.606582759069131,4.061702427104723
41047001701,8.61347811156742,4.076683451060917
41047001702,8.603392739904175,4.059852412046544
41047001703,8.57828370294319,4.040160912388775
41047001801,8.601896049281314,4.064276884325804
41047001802,8.556784510609172,4.0406165229295
41047001803,8.570975257357974,4.050875471594798
41047002000,8.608332321013005,4.10126235797399
41047002101,8.604460600273785,4.09363893155373
41047002102,8.59584162696783,4.102340228610541
41047002201,8.552695654346338,4.07624942642026
41047002202,8.528504967830253,4.07022810403833
41047002301,8.475244590006845,4.050399809034908
41047002303,8.563757227241615,4.07918505065024
41047002304,8.529560382614648,4.06440496440794
41047002400,8.339602240246407,3.995606550308008
41047002501,8.574436056125941,4.041926388774812
41047002502,8.614618873374401,4.043054933607118
41047002600,8.484169367556468,3.971409925393566
41047002700,8.398034037645448,3.965703442847365
41047002800,8.38747903559206,4.018983572895277
41047010100,8.600478776180698,3.970554140999316
41047010201,8.966896531827515,4.060861247775496
41047010202,8.930279240930869,4.043701848049281
41047010303,8.721441619438741,4.037869062970568
41047010304,8.741502004791239,4.027632470910335
41047010305,8.752012481861738,4.013181887063655
41047010306,8.761690611909651,4.032056751540041
41047010307,8.801710764544832,4.039028358658453
41047010400,8.384627950718686,3.886189741957563
41047010501,6.884604932922656,3.272281680355921
41047010502,8.056332759753593,3.762922581793292
41047010503,8.026237866529774,3.757795460643395
41047010600,5.598401707049966,2.734802300479124
41047010701,7.679831531143053,3.640447046543463
41047010702,7.524810874743326,3.562607038329911
41047010801,8.309956288843258,3.948765027378508
41047010802,8.4113102183436,4.018857777549624
41049970100,7.142960757700205,3.56558541615332
41049970200,6.001398938398357,3.059765317590691
41051000100,9.714140770704997,4.032399699520876
41051000200,9.694831399726215,4.027477368240931
41051000301,9.644715032854209,3.983691837097878
41051000302,9.660779444900753,4.010672641341547
41051000401,9.597337542094456,3.964846928131417
41051000402,9.540235684462697,3.94058473100616
41051000501,9.532359608487337,3.936740240246407
41051000502,9.46539231485284,3.914069795345654
41051000601,9.386868330595482,3.887266127310062
41051000602,9.461019463381246,3.919076861054073
41051000701,9.4390224770705,3.886992110198494
41051000702,9.45644758110883,3.896716559206023
41051000801,9.536387273100616,3.923206795345654
41051000802,9.564881286105407,3.936524222450376
41051000901,9.614617998631075,3.961379631074606
41051000902,9.631533848733744,3.970384838466804
41051001000,9.67532663449692,3.9905377816564
41051001101,9.649790199178645,3.984658522245038
41051001102,9.657120669404518,3.991588867214237
41051001201,9.593357468172485,3.963825626283368
41051001202,9.629249542778918,3.973010744695414
41051001301,9.551415054072553,3.93379919301848
41051001302,9.559779629021218,3.942378577002053
41051001400,9.52635315742642,3.918658273100616
41051001500,9.507385838466804,3.909322439425051
41051001601,9.44046347980835,3.871834648186174
41051001602,9.345186727583847,3.853889123203285
41051001701,9.358001140314853,3.846084314168378
41051001702,9.312079792607803,3.835138492813142
41051001801,9.437278821355236,3.877293937713895
41051001802,9.475222301848049,3.889743902121834
41051001900,9.503899856947296,3.913662562628337
41051002000,9.54740632991102,3.93313156605065
41051002100,9.61239090349076,3.97056865982204
41051002203,9.511154169746749,3.929643509924709
41051002303,9.56929452019165,3.959319823408624
41051002401,9.510617596851472,3.93128307871321
41051002402,9.545353670773443,3.944201465434634
41051002501,9.476765594113621,3.90637573853525
41051002502,9.541007288843258,3.925589156057495
41051002600,9.462306913073238,3.892981399041752
41051002701,9.409190054072553,3.871091223134839
41051002702,9.444520091718001,3.883475002737851
41051002801,9.36980464476386,3.847487697467488
41051002802,9.415614692676249,3.871609414099932
41051002901,9.289150685831622,3.813429330595482
41051002902,9.316183872005476,3.82318127652293
41051002903,9.242565114989733,3.803968745379877
41051003000,9.350477879534565,3.849928630390144
41051003100,9.387388668035592,3.864105509240246
41051003200,9.420024947296372,3.876292008898015
41051003301,9.397715588637919,3.873437394250513
41051003302,9.455987458590007,3.902919342231348
41051003401,9.423677513347023,3.885350301848049
41051003402,9.48585842642026,3.916577184120465
41051003501,9.402745614647502,3.894822655715264
41051003502,9.464928119096509,3.917997447638604
41051003601,9.301180470910335,3.832715222450376
41051003602,9.307753529089665,3.828260843942505
41051003603,9.284060395619439,3.812658045174538
41051003701,9.284726769336071,3.828763724161533
41051003702,9.364819895277207,3.861519031485284
41051003801,9.253084336071184,3.82387438329911
41051003802,9.310624002053388,3.853057710472279
41051003803,9.359957872005476,3.872176153319644
41051003901,9.220389138945927,3.823175240246407
41051003902,9.306189134154689,3.862334603011636
41051004001,9.15923300752909,3.811428080082136
41051004002,9.22811794661191,3.845960767282683
41051004101,8.955437152635181,3.756985229979466
41051004102,9.134556562628337,3.812280635181383
41051004200,9.056608735112936,3.790277286105407
41051004300,9.119809127994524,3.819714103353867
41051004500,9.531426451060917,3.947916606433949
41051004601,9.626393348391513,3.997381752224504
41051004602,9.653088508555784,4.01175653798768
41051004700,9.577368116358658,3.97631278439425
41051004800,9.609539377138946,3.986690750171116
41051004900,9.601890336755647,3.977903972621492
41051005000,9.610270138261465,3.977555472963724
41051005100,9.618464526351814,3.97446729431896
41051005200,9.621821583162218,3.992660801505818
41051005500,9.632209354551677,3.996740291581109
41051005600,9.645172993155373,4.001403504449008
41051005700,9.663994052703628,4.00395305065024
41051005800,9.702847334702259,4.033600770020534
41051005900,9.702960216974675,4.033679342915811
41051006001,9.739819623545517,4.041994433264887
41051006002,9.741294697467488,4.067322511293634
41051006100,9.741872479123888,4.05660715742642
41051006200,9.752571045174538,4.074734833675565
41051006300,9.744151749486653,4.082549838466804
41051006402,9.785716071868583,4.107806189596167
41051006403,9.774272258042437,4.113066222450376
41051006404,9.761249884325804,4.121604245037645
41051006501,9.746999761122519,4.107641403832991
41051006502,9.756040887748118,4.093140396303901
41051006601,9.721344665982204,4.078234230663929
41051006602,9.742690141683778,4.078514906913073
41051006701,9.722737909650924,4.067736009582478
41051006702,9.723882596851472,4.059814898699521
41051006801,9.673054305270363,4.045979410677618
41051006802,9.723087250513347,4.050840354551677
41051006900,9.633528742642026,4.022794616016427
41051007000,9.203687909650924,3.863413127310062
41051007100,8.109659073237509,3.507448130732375
41051007201,8.940749414784394,3.716636621492129
41051007202,8.997670186173854,3.749392082135524
41051007300,9.082835535934292,3.722447171115674
41051007400,9.237601636550308,3.792774777549624
41051007500,9.318242323066393,3.82560542642026
41051007600,9.226002210130048,3.784708051334702
41051007700,9.170921151266256,3.769279305954826
41051007800,9.181579074606434,3.780082758384668
41051007900,9.091498648870637,3.741201631759069
41051008001,9.16870192128679,3.784097305270363
41051008002,9.099830438056126,3.758999832306639
41051008100,9.214844816563997,3.799974387405886
41051008201,9.289685004106776,3.829951696783025
41051008202,9.228219377823409,3.811182442162902
41051008301,9.380813739219712,3.871268787132101
41051008302,9.321940689253936,3.853946465434634
41051008400,9.254966155373032,3.831075202600958
41051008500,9.303522620807666,3.858591316221766
41051008600,9.502239787816564,3.939425921971253
41051008700,9.563979805612594,3.968205905544148
41051008800,9.563121958247776,3.980023090349076
41051008901,9.119602427789186,3.820484370294319
41051008902,9.373128577002053,3.907950192334018
41051009000,9.217710451060917,3.827082282683094
41051009101,9.038136853524983,3.76624912183436
41051009102,9.052642789869952,3.786953154004107
41051009201,9.127137394250513,3.77980245927447
41051009202,9.04385659137577,3.761292504449008
41051009301,8.946505205338809,3.719998091718001
41051009302,9.045554568788501,3.752895959616701
41051009400,8.979223693360712,3.722686105407255
41051009501,8.912043711156742,3.697790806297057
41051009502,9.011524073921971,3.723484980835044
41051009603,8.627176291581109,3.624142015742642
41051009604,8.715570374401095,3.651448985626283
41051009605,8.831101006160164,3.679436114989733
41051009606,8.860336450376454,3.701413614647502
41051009701,8.982411106776181,3.74252138329911
41051009702,8.881022739219712,3.711151732375086
41051009801,8.74948125393566,3.666159403832991
41051009803,8.849903186173854,3.714600833675565
41051009804,8.937472106776181,3.741838488706366
41051009903,8.842809021902806,3.733066065708419
41051009904,8.670208850102669,3.659441761122519
41051009905,8.74166839835729,3.68834601026694
41051009906,8.554344083504449,3.635163696783025
41051009907,8.435112932922656,3.605783900752909
41051010001,8.497575214236824,3.602050523613963
41051010002,8.652354709103354,3.645357796714579
41051010100,8.500661554414784,3.592534088295688
41051010200,8.602210066392882,3.603444202600958
41051010303,8.243715137577002,3.50610156605065
41051010304,8.331444987679672,3.531920546885695
41051010305,8.039507859000684,3.439286937029432
41051010306,8.12856120807666,3.469655457221082
41051010402,7.769135030116359,3.383619481177276
41051010405,8.382823565366188,3.559308919917864
41051010407,8.152496206707734,3.494505733059548
41051010408,8.294614639288159,3.548449882956879
41051010409,8.159348377823409,3.50290948733744
41051010410,8.268132382614648,3.524494368240931
41051010411,8.275682323066393,3.529630883641342
41051010500,6.187572463381246,2.872417002053388
41051010600,9.636318073237509,3.985358926762491
41051980000,9.389269051334702,3.889935320328542
41053005100,8.527826019164956,4.058063713894593
41053005201,8.455467375085558,4.030217295687885
41053005202,8.512408174537988,4.038279010951403
41053005300,8.181109036960986,3.916773775496236
41053020202,7.524941362080767,3.67472253045859
41053020203,7.273429004791239,3.572656058179329
41053020204,7.12089695687885,3.524083574948665
41053020302,7.695768551676934,3.756376850787132
41053020303,7.763881141683778,3.775722813826146
41053020304,7.741052460643395,3.775377464750171
41053020400,6.219089890485968,3.157906987679672
41053020500,7.279832826146475,3.561255163586584
41055950100,6.269366529089665,3.167367466803559
41057960100,5.348642112251882,2.706582555099247
41057960200,5.433763813826146,2.804304582477755
41057960300,5.387879969883641,2.726808264202601
41057960400,5.534251295687885,2.782987813141684
41057960500,5.542701008898015,2.854017147843942
41057960600,5.58770060164271,2.878212934976044
41057960700,5.640995142368241,2.87394462422998
41057960800,5.686572608487337,2.94433362696783
41059940000,6.2833968678987,3.092723078028747
41059950100,6.257969932238193,3.165434032854209
41059950200,6.852364063655031,3.423684889801506
41059950300,6.961983999315537,3.446845156741958
41059950400,7.22160224366872,3.537383539356605
41059950500,6.691814533196441,3.32200387816564
41059950600,6.542760257357974,3.176863603696099
41059950700,6.759962962354552,3.26553402532512
41059950800,7.848664388090349,3.85680007871321
41059950900,7.840037607118412,3.854650438056126
41059951000,7.775451203285421,3.827537730321698
41059951100,7.677988594798084,3.779945834360027
41059951200,7.856990856262834,3.865224988364134
41059951300,7.556304336755647,3.712068572210814
41059951400,5.527079039698836,2.802240774811773
41061970100,5.900362584531143,3.024007751540041
41061970200,5.674714034907598,2.967866824093087
41061970300,5.827542986995209,2.999124911704312
41061970400,5.969399818617385,3.036345852156058
41061970500,5.882577631759069,2.992151357289528
41061970600,5.360337351813826,2.76571240862423
41061970700,5.865824574264203,3.001243343600274
41061970800,5.906753779603012,3.023620596167009
41063960100,5.760594978097194,3.036271478439425
41063960200,5.802209080082136,3.015203359342916
41063960300,5.588276887063655,2.933735718685832
41065970100,6.294057145106092,3.113635618754278
41065970200,6.275015114989733,3.102441746748802
41065970300,6.266762196440794,3.095764269678302
41065970400,6.25817740862423,3.09255411430527
41065970500,6.237924793976728,3.077926958932238
41065970600,6.079231105407255,2.991214285420945
41065970700,5.996084099247091,2.984396688569473
41065970800,5.972648204654346,3.000086166324435
41067030101,9.531293037645448,3.995132438740589
41067030102,9.423593203969884,3.969114755646817
41067030200,9.550396193702943,4.018210633127994
41067030300,9.627179739219712,4.046634699520876
41067030401,9.594631797399042,4.054714483230664
41067030402,9.679155061601643,4.078949413415469
41067030501,9.647103431211499,4.079395384668036
41067030502,9.688596264887064,4.090343887748118
41067030600,9.696152984257358,4.115081576317591
41067030700,9.708529101984942,4.12929770294319
41067030801,9.701379768651608,4.151462164271047
41067030803,9.661902855578371,4.143779633812457
41067030805,9.657249997946612,4.152466568788501
41067030806,9.728895466119096,4.16836080698152
41067030900,9.669895423682409,4.11064572073922
41067031003,9.49592974880219,4.037899453114305
41067031004,9.531664801505818,4.063425790554415
41067031005,9.587929792607803,4.060069041067762
41067031006,9.59193679192334,4.071075381245722
41067031100,9.545350835728953,4.049284373716632
41067031200,9.465916292265572,4.022184460643395
41067031300,9.5501767816564,4.034218586584531
41067031402,9.37567184531143,3.976409013689254
41067031403,9.330322914442163,3.94809029705681
41067031404,9.420972037645448,3.9921581724846
41067031504,8.771555341546886,3.738035876112252
41067031506,9.151428900068446,3.875370980150582
41067031507,9.245994015742642,3.90855813963039
41067031508,9.28334496440794,3.913182201232033
41067031509,8.673124633812457,3.703383568788501
41067031511,8.94879320807666,3.80204310403833
41067031512,9.037624216974675,3.830948344284736
41067031513,9.077442485968515,3.83907784257358
41067031514,8.965524483915127,3.794734735112936
41067031606,9.084793482546201,3.870748724845996
41067031609,8.904074850102669,3.799232535934292
41067031610,9.058674338809035,3.858694540041068
41067031611,9.169641524298426,3.891565446954141
41067031612,9.144640506502396,3.899026845995893
41067031613,9.2358466954141,3.938042722792608
41067031614,8.971683783709788,3.829892342231348
41067031615,9.003063893223819,3.842158854209446
41067031616,8.950924977412731,3.805388468172485
41067031617,8.811227973305955,3.751502061601643
41067031703,9.104426873374401,3.896090138945927
41067031704,9.115037422313484,3.906886377138946
41067031705,9.205974874743326,3.926853965776865
41067031706,9.30360115468857,3.959049704312115
41067031804,9.233211185489391,3.97527854072553
41067031805,9.273070995893224,3.963958500342231
41067031806,9.343232091718001,3.982958221765914
41067031807,9.410901525667351,4.008245254620123
41067031812,9.44915890349076,4.061909151950719
41067031813,9.381004714579055,4.029152381930185
41067031814,9.364806299794661,4.011143414784394
41067031815,9.41930876659822,4.022665947980835
41067031904,9.622877082819986,4.119631345653662
41067031907,9.486073285420945,4.098168199863108
41067031908,9.385916791238878,4.05905098220397
41067031909,9.417884019849418,4.047630637919233
41067031910,9.535753815195072,4.094895135523614
41067031911,9.55956971321013,4.087541312799452
41067031912,9.637670232032854,4.109428392197125
41067032001,9.580332821355236,4.137362127994524
41067032003,9.589964954140999,4.151015301848049
41067032004,9.629710517453799,4.159400539356605
41067032005,9.700199470910335,4.163759036960986
41067032103,9.251744833675565,4.076138107460643
41067032104,9.371692904175222,4.108066088295688
41067032107,9.486491000684463,4.1311431321013
41067032108,9.599856792607803,4.151964212183436
41067032109,9.520667039014374,4.141896290212183
41067032110,9.504443926762491,4.141995817932923
41067032200,8.922265612594114,3.952817080082136
41067032300,8.984512409308693,3.903090259411362
41067032404,8.601155786447639,3.694969410677618
41067032406,8.826234892539357,3.783761839151266
41067032407,8.781121307323751,3.758203553730322
41067032408,8.74904044421629,3.746389301163587
41067032409,8.460279924709103,3.640735299794661
41067032410,8.524818989048597,3.672725106091718
41067032501,8.32540767761807,3.602494032169747
41067032502,8.474128745379877,3.670700759069131
41067032503,8.581944138945927,3.716045908281999
41067032603,8.241469524982888,3.562250451060917
41067032604,8.263102065708419,3.572685134154689
41067032606,8.398855429842574,3.609463160164271
41067032607,8.670802419575633,3.70517456605065
41067032608,8.509464698151951,3.652033932922656
41067032609,8.321091535249829,3.577962056810404
41067032610,8.337764506502396,3.58737841615332
41067032700,7.379971494182067,3.288295633812457
41067032800,7.621423637234771,3.3781928275154
41067032901,7.832468318275154,3.452063865160849
41067032902,7.945953221765914,3.510677144421629
41067033000,8.050791641341547,3.58959657357974
41067033101,7.408972390143737,3.348035072553046
41067033102,7.545483403148528,3.394311529089665
41067033200,7.551979151950719,3.3790219137577
41067033301,7.367859266940452,3.32266879192334
41067033302,6.968151019164956,3.191296518822724
41067033400,6.48642640109514,3.013422108829569
41067033500,6.025112013004791,2.878712481861738
41067033600,6.280662088980151,2.98447759137577
41069960100,5.608260169746749,2.84231641889117
41071030101,8.915412599589322,3.999421097878166
41071030102,8.606933535934292,3.888534735112936
41071030201,8.660680017111567,3.92432087063655
41071030202,8.658288708418891,3.926148378507871
41071030301,8.215102606433949,3.78544654825462
41071030302,8.201287431211499,3.722659097878166
41071030400,6.676413633812457,3.1969828678987
41071030501,6.548275284736482,3.224007297741273
41071030502,5.908751932922656,2.993508990417522
41071030601,7.654356303216975,3.640242934291581
41071030602,7.171166741957563,3.441635708418891
41071030701,7.377101800821355,3.515623798767967
41071030702,7.387276041067762,3.532190804928131
41071030801,7.534402547570157,3.572490221081451
41071030802,7.527311878850103,3.585853904859685
41071030900,8.246356042436687,3.872742045859001
41071031000,7.716296061601643,3.694110236824093
42001030101,10.690511962354552,3.518455746748802
42001030102,10.697626088295688,3.546338388774812
42001030200,10.445573508555784,3.500408190965092
42001030300,10.09214013963039,3.447203579055442
42001030400,9.953790000684463,3.484548902806297
42001030500,10.175240105407255,3.467737427104723
42001030600,10.302887533880904,3.526939485284052
42001030700,10.366784245722108,3.565295511978097
42001030800,10.644424446954141,3.555783620123203
42001030900,10.515337045174538,3.562458330595482
42001031000,10.494759691991786,3.566538453798768
42001031101,10.474065039014374,3.563174873374401
42001031102,10.414594014373717,3.565594022587269
42001031201,10.16620418275154,3.558788195071869
42001031202,10.204257023956194,3.561353841889117
42001031203,10.31365272073922,3.558268849418207
42001031300,10.239476664613279,3.558903314168378
42001031401,10.112646570841889,3.510820541409993
42001031402,10.071823678302532,3.549076757700205
42001031501,10.144023324435318,3.528193394250513
42001031502,10.142444320328542,3.531594290212183
42001031600,9.934215101300479,3.54455040109514
42001031700,9.899453999315537,3.544677902806297
42003010300,11.506312819301848,3.294816026694045
42003020100,11.492926516084873,3.2928687816564
42003020300,11.480421275838467,3.269736301163587
42003030500,11.493402344969199,3.284560752908966
42003040200,11.524278180698152,3.279631425735797
42003040400,11.513811149212868,3.27827086036961
42003040500,11.536087607118412,3.287015834360027
42003040600,11.549582508555784,3.290304733744011
42003040900,11.549701691991786,3.292488119096509
42003050100,11.495190932238193,3.271930148528405
42003050600,11.488904804928131,3.261807669404518
42003050900,11.485830339493498,3.267549078028747
42003051000,11.500971788501027,3.273771291581109
42003051100,11.510706410677618,3.279237257357974
42003060300,11.447770716632444,3.242274722108145
42003060500,11.461512971252567,3.252060436002738
42003070300,11.528276087611225,3.290279319644079
42003070500,11.526747549623546,3.304694709103354
42003070600,11.53782652019165,3.308276327857632
42003070800,11.540325969199179,3.316490863107461
42003070900,11.514506713894593,3.279947016427105
42003080200,11.477800501711157,3.26053680971937
42003080400,11.496105502395619,3.271776379876797
42003080600,11.498754313483915,3.280788496235455
42003080700,11.509301941136208,3.29047207118412
42003080900,11.484599561943874,3.273245202600958
42003090100,11.446201305270363,3.261519124572211
42003090200,11.453387064339494,3.248516541409993
42003090300,11.460132271047228,3.249627754277892
42003100500,11.472903320328542,3.295008950718686
42003101100,11.455219363449692,3.292584320328542
42003101400,11.472432448323066,3.323019258042437
42003101600,11.477458475701574,3.282898355920602
42003101700,11.481240229979466,3.28086076386037
42003101800,11.462005095824778,3.307294567419576
42003110200,11.493433657768652,3.317080642710472
42003110600,11.508966938398357,3.328481479123888
42003111300,11.507067953456537,3.313189883641342
42003111400,11.497236071868583,3.292870936344969
42003111500,11.518146370978782,3.301358388090349
42003120300,11.534339248459959,3.349062216974675
42003120400,11.533093092402464,3.3335238275154
42003120700,11.556601141683778,3.343654479123888
42003120800,11.540097963723477,3.330537757015743
42003130100,11.577306403148528,3.371342881587954
42003130200,11.563735520876112,3.359780101984942
42003130300,11.571542150581793,3.355094986995209
42003130400,11.585189338124572,3.368168975359343
42003130600,11.59724818275154,3.387046908281999
42003140100,11.546231024640657,3.297619318959617
42003140200,11.549479048596852,3.310667507871321
42003140300,11.569132197809719,3.314609798083504
42003140400,11.564854028062971,3.322266395619439
42003140500,11.578996554414784,3.341524641341547
42003140600,11.579607745379877,3.345263935660506
42003140800,11.610303254620123,3.331106978781656
42003141000,11.621243624914442,3.351804800136892
42003141100,11.653383594798084,3.346086313483915
42003141300,11.592339162902122,3.322159531827515
42003141400,11.632721613963039,3.332166412731006
42003151600,11.575143199863108,3.308058409308693
42003151700,11.60026201779603,3.324693868583162
42003160800,11.560138305954826,3.30501754072553
42003160900,11.562821928131417,3.302846214236824
42003170200,11.518371930184805,3.298421105407255
42003170600,11.533811224503764,3.30968770568104
42003180300,11.516995650924025,3.308115262149213
42003180700,11.503259405201916,3.303512600958248
42003190300,11.480944986995209,3.30820780971937
42003191100,11.459604915811088,3.303534985626283
42003191400,11.486367945927447,3.306069090349076
42003191500,11.490420140314853,3.309427260095825
42003191600,11.47446997467488,3.314861501711157
42003191700,11.504962112936345,3.32133413963039
42003191800,11.505209542778918,3.332804717316906
42003191900,11.482192065023956,3.325912225188227
42003192000,11.474923651608487,3.31651753798768
42003202200,11.387066793292266,3.313884250513347
42003202300,11.433445466803559,3.316056777549624
42003210700,11.44808067761807,3.302443574948665
42003220600,11.469820527720739,3.293197660506502
42003240600,11.468388082819986,3.271756026694045
42003241200,11.465084188227242,3.274509266255989
42003250300,11.467921010951403,3.300824477754962
42003250700,11.45393040109514,3.303193758384668
42003250900,11.476440770704997,3.295542223819302
42003260200,11.429733201232033,3.319232543463381
42003260700,11.457216107460643,3.3104461321013
42003260900,11.462624213552361,3.30223295687885
42003261200,11.43715176386037,3.314832449007529
42003261400,11.467039717316906,3.300909031485284
42003261500,11.462720474332649,3.308494311430527
42003262000,11.469663357289528,3.286425830253251
42003270100,11.41651913963039,3.321106683093771
42003270300,11.428282242984257,3.316070951403148
42003270400,11.443927875427789,3.308619518138262
42003270800,11.426216910335387,3.314081559206023
42003271500,11.439878793292266,3.30975511156742
42003281400,11.413043021218344,3.309571696783025
42003281500,11.406340355920602,3.310046260095825
42003290100,11.541211995893224,3.327818562628337
42003290200,11.564470349075975,3.32463253045859
42003290400,11.573866989048597,3.33607752019165
42003300100,11.529711497604381,3.31216125119781
42003310200,11.738324385352498,3.36098846201232
42003310300,11.70381385284052,3.351127330595482
42003320400,11.55618184257358,3.332398023271732
42003320600,11.517589702258727,3.3300771321013
42003320700,11.543566106776181,3.341391496919918
42003401100,11.020570519507187,3.589003008213552
42003401200,11.075462400410678,3.540927559890486
42003401300,11.09395170294319,3.544954835728953
42003402000,11.114992097193703,3.542119596851472
42003403500,11.139881378507871,3.536605336755647
42003404000,11.199380232032854,3.532903841889117
42003405000,11.174559231348392,3.536761748117728
42003406000,11.056870103353867,3.575556471594798
42003407001,11.141584208761122,3.547581969199179
42003407002,11.213983028747433,3.516049450376454
42003408001,11.165664401779603,3.52008681724846
42003408002,11.208763867214237,3.494572760438056
42003409000,11.181470954825462,3.481003956194387
42003410000,11.20002394661191,3.462810665297741
42003411000,11.198985080082136,3.466466988364134
42003412001,11.210866667351129,3.425270005475702
42003412002,11.252587619438741,3.402752968514716
42003413100,11.22788379192334,3.430344669404518
42003413201,11.264482815195072,3.406949407939767
42003413202,11.251917412046544,3.409887216290212
42003413300,11.305403785078713,3.397072390143737
42003413400,11.314200855578371,3.400001499657769
42003413500,11.268463249144422,3.419016032854209
42003414101,11.262248553730322,3.476914004791239
42003414102,11.2640425229295,3.450027574264203
42003414200,11.322956627652293,3.433476524982888
42003415001,11.286608895277207,3.496638138945927
42003415002,11.360010477754962,3.449487394250513
42003416000,11.282216297741273,3.514499094455852
42003417100,11.295895669404518,3.509614760438056
42003417200,11.300385369609856,3.511690489390828
42003418000,11.320838030116359,3.504381909650924
42003419000,11.35411976386037,3.483431745379877
42003420000,11.492813644079398,3.421229725530459
42003421100,11.460205481177276,3.423706058863792
42003421200,11.428462147843942,3.372424642710472
42003422000,11.423127789185489,3.422862362080767
42003423000,11.489533572895277,3.370581863107461
42003424000,11.475562251882272,3.3411480862423
42003425000,11.44826977412731,3.322575483915127
42003426300,11.361793924024641,3.393862295687885
42003426400,11.405095965776865,3.359720908966461
42003426700,11.425544272416153,3.364229810403833
42003426800,11.377561545516769,3.397899362765229
42003427000,11.449368872005476,3.282917039698836
42003427100,11.406798978097194,3.346515618069815
42003427200,11.438014632443532,3.30722528678987
42003428100,11.464952676933607,3.279792394934976
42003428200,11.454686212183436,3.301381091033539
42003429100,11.408743950034223,3.330670569472964
42003429201,11.348129216290212,3.381624207392197
42003429202,11.388681578370979,3.355797027378508
42003429300,11.332242681724846,3.365237341546886
42003429400,11.353635902121834,3.362098391512663
42003429500,11.360448199863108,3.368582345653662
42003429600,11.375705668035592,3.334208438740589
42003429700,11.401225478439425,3.329828967830253
42003430100,11.392917489390828,3.344570698836413
42003430200,11.372997633812457,3.34859248733744
42003431100,11.399717831622177,3.325076410677618
42003431400,11.381491925393566,3.331743883641342
42003431500,11.385476724845996,3.32378872347707
42003432300,11.359330941136208,3.329095735797399
42003432400,11.37075904312115,3.325052828199863
42003434000,11.344525396303901,3.335992848049281
42003435000,11.309731635181383,3.343268196440794
42003437000,11.286212666666667,3.373341039698836
42003439000,11.184018329226557,3.404744696783025
42003445500,11.160907717316906,3.363822560574949
42003446000,11.147801021902806,3.372898633812457
42003447000,11.149260472963724,3.386456828199863
42003448000,11.131476698836413,3.37748383504449
42003449000,11.108413958247776,3.366713948665298
42003450700,11.195234019164956,3.346333300479124
42003450800,11.183416464750171,3.352255509240246
42003451101,11.099333015742642,3.35055087063655
42003451102,11.115444728952772,3.346427916495551
42003451104,11.030935804928131,3.335351524982888
42003451105,11.031528073237509,3.319470212183436
42003451300,11.113292777549624,3.317811467488022
42003452000,10.877437360027378,3.260423479123888
42003453003,11.014557798767967,3.259285828884326
42003453004,11.008570568788501,3.273873525667351
42003455000,10.985709809034908,3.235647455167693
42003456001,11.04674627652293,3.240166835728953
42003456003,10.96946826146475,3.218169021218344
42003456004,11.123652874058864,3.271412258042437
42003457100,11.184699235455168,3.276282905544148
42003457200,11.216589407939767,3.287197551676934
42003458000,11.14566437577002,3.268668358658453
42003459101,11.246677353867214,3.342143681040383
42003459102,11.220298003422314,3.314394993839836
42003459201,11.202514926078029,3.298746345653662
42003459202,11.283841333333333,3.301908579055442
42003460001,11.305515133470226,3.331185908281999
42003460002,11.309414670773443,3.31811078439425
42003461000,11.28996780698152,3.344499503764545
42003462100,11.368860754962355,3.322782812457221
42003462600,11.362984874058864,3.316407284052019
42003463900,11.367523299794661,3.316261032169747
42003464300,11.369201631074606,3.310491158795346
42003464400,11.395390472963724,3.313728787816564
42003465600,11.363539857631759,3.307189145106092
42003465800,11.354217855578371,3.307560143052704
42003468700,11.302282333333333,3.302781603011636
42003468800,11.283723550992471,3.297675755646817
42003468900,11.331438890485968,3.306483826146475
42003469000,11.398293380561259,3.312996540041068
42003470300,11.304790915811088,3.303508937713895
42003470400,11.280276924024641,3.301556223819302
42003470501,11.38016796440794,3.312589570157426
42003470502,11.348596470910335,3.306112492128679
42003470600,11.293382449691992,3.300506360027378
42003471000,11.275326891854894,3.293711470225873
42003472100,11.436996344284736,3.316622392881588
42003472200,11.427529593429158,3.320660289527721
42003472300,11.455057719370294,3.32611784257358
42003472400,11.440632683778234,3.326590499657769
42003473100,11.406177396303901,3.317824018480493
42003473200,11.410054308008214,3.32636673853525
42003473300,11.468575307323751,3.334701757015743
42003473401,11.430678023271732,3.331854638603696
42003473402,11.419702945927447,3.331402861738535
42003473500,11.384058514715948,3.326954927446954
42003473601,11.364787793292266,3.312814305954826
42003473602,11.342219210130048,3.318108163586584
42003474101,11.301740728268309,3.308861926762491
42003474102,11.320223583162218,3.317736524982888
42003474201,11.228599145790554,3.298200765229295
42003474202,11.205069709787817,3.295117051334702
42003474203,11.245380266940452,3.310195732375086
42003475101,11.408466103353867,3.341056789185489
42003475102,11.411256274469541,3.340375039014374
42003475200,11.332716234770705,3.328147995893224
42003475301,11.404701635181383,3.343251923340178
42003475303,11.336191508555784,3.338521208761122
42003475304,11.318834911704312,3.340469245037645
42003475401,11.479789906913073,3.350655136208077
42003475402,11.413447047912389,3.352057574264203
42003476100,11.482848798767967,3.341973537303217
42003476200,11.511405117043121,3.345932764544832
42003477100,11.527286661875428,3.344938231348392
42003477200,11.561047815879535,3.346664477754962
42003477300,11.601852623545517,3.356959431895962
42003478100,11.591340849418207,3.344464492813142
42003478200,11.612073911019849,3.347693659137577
42003479000,11.507950683778234,3.33634332238193
42003480101,11.578060258042437,3.359122417522245
42003480102,11.530597210130048,3.3526691321013
42003480200,11.640639776180698,3.356488954825462
42003480300,11.60914373853525,3.330168669404518
42003480400,11.650021399041752,3.346281623545517
42003481000,11.545763397672827,3.31810215468857
42003482500,11.685022846680356,3.347769454483231
42003483800,11.683108758384668,3.348094961670089
42003484300,11.687664439425051,3.354839658453114
42003484500,11.734635336755647,3.36018820807666
42003484600,11.709318386721424,3.353951737850787
42003485000,11.709199005475702,3.362115067761807
42003486700,11.743237611225188,3.389455210130048
42003486800,11.742546561259411,3.387758223134839
42003486900,11.757882724161533,3.391300409308693
42003487000,11.799631712525667,3.368952088980151
42003488100,11.743762045174538,3.365826726214921
42003488200,11.735430349075975,3.369522655715264
42003488300,11.773784557837098,3.364771802874743
42003488400,11.783720351813826,3.37504693155373
42003488500,11.709855747433265,3.360584336755647
42003488600,11.73178251266256,3.360706486652977
42003489001,11.648524108829569,3.367045202600958
42003489002,11.603180552361396,3.361856032854209
42003490002,11.420143549623546,3.362604065708419
42003490003,11.520311744695414,3.358923067077344
42003490004,11.474326881587954,3.37457066255989
42003491101,11.581702691307324,3.372023995893224
42003491200,11.671634621492129,3.361543841204654
42003492700,11.697375160848734,3.356595836413416
42003492800,11.641057223134839,3.364415234770705
42003492900,11.622440042436687,3.369288350444901
42003494000,11.555927876796715,3.392624977412731
42003495000,11.376970993155373,3.427567021902806
42003496101,11.474729793292266,3.423174130732375
42003496102,11.397350191649555,3.433764051334702
42003496200,11.560312868583162,3.413485959616701
42003497000,11.669420663244353,3.372948939767283
42003498000,11.781253550308008,3.351743930869268
42003499300,11.801834099931554,3.352951049281314
42003499400,11.77141354825462,3.350505412731006
42003500300,11.805973517453799,3.35652551266256
42003501000,11.686381024640657,3.3855394770705
42003503002,11.681521264202601,3.405277608487337
42003504100,11.69887745174538,3.407103646817248
42003507000,11.638250273100616,3.42379553798768
42003508000,11.637145825462012,3.422656818617385
42003509400,11.64830324366872,3.42059274880219
42003510000,11.702560796030116,3.399401189596167
42003512000,11.694133958932238,3.392119108829569
42003512800,11.7181741724846,3.385953659137577
42003512900,11.698782379876797,3.376059735112936
42003513800,11.714536032169747,3.373472165639973
42003514000,11.687865510609172,3.366310188227242
42003515100,11.680079904175222,3.37272548733744
42003515200,11.657191600958248,3.367268073237509
42003515300,11.66769085284052,3.357226657768652
42003515401,11.649024932238193,3.355812815879535
42003516100,11.632227835728953,3.360191728268309
42003516200,11.636647166324435,3.368113564681725
42003517000,11.676550869952088,3.385703558521561
42003518001,11.65303256605065,3.391054824093087
42003519000,11.620872038329911,3.419599483915127
42003520001,11.595052474332649,3.435424596851472
42003520002,11.650602034907598,3.412010579055442
42003521100,11.485679808350445,3.479738843942505
42003521200,11.567202457905544,3.450189740588638
42003521301,11.495449877481177,3.471900461327858
42003521302,11.562942292265572,3.453034149897331
42003521401,11.408828208761122,3.500257882956879
42003521402,11.459596572210814,3.477431534565366
42003521500,11.397032000684463,3.504862306639288
42003522000,11.543908895277207,3.457961765913758
42003523100,11.54708261670089,3.398932173169062
42003523200,11.580006540041068,3.418115514715948
42003523300,11.534788988364134,3.443491159479808
42003523400,11.575216318959617,3.439245790554415
42003523501,11.503241984941821,3.45921725119781
42003523502,11.486670748117728,3.47439441889117
42003523600,11.555143621492129,3.450717907597536
42003523701,11.442883362080767,3.471525886379192
42003523702,11.441573303216975,3.480565967145791
42003523800,11.498420629705681,3.4456783908282
42003524000,11.454637091718001,3.451403485968515
42003525100,11.414387378507871,3.467131522245038
42003525200,11.428096406570842,3.456157057494866
42003525300,11.400159880903491,3.473515361396304
42003526101,11.31900639835729,3.515318310061602
42003526102,11.269461259411362,3.529008669404518
42003526201,11.379257049281314,3.506981150581793
42003526202,11.403690083504449,3.505268839151266
42003526301,11.306635117043121,3.52615905065024
42003526302,11.312783952772074,3.527032740588638
42003550900,11.775223352498289,3.373479924024641
42003551200,11.736891099247091,3.39169978439425
42003551300,11.705814041067762,3.392728183436003
42003551900,11.766522891854894,3.381446460643395
42003552000,11.755839030800821,3.382770543463381
42003552100,11.802161417522245,3.367066879534565
42003552200,11.811923488021903,3.370525908281999
42003552300,11.780970362080767,3.37381431211499
42003552400,11.758804197809719,3.370157472279261
42003560400,11.599073900752909,3.360034693360712
42003560500,11.617805342915811,3.358196565366188
42003560600,11.619717836413416,3.368278874058864
42003561000,11.628166815195072,3.374375871321013
42003561100,11.60768717522245,3.379784731690623
42003561200,11.605858384668036,3.374449924709103
42003561400,11.604644016427105,3.402288840520192
42003561500,11.627222759753593,3.386854069815195
42003561600,11.571317833675565,3.315014409308693
42003561700,11.576135103353867,3.317720579739904
42003561900,11.534524362080767,3.361321353182752
42003562000,11.494204366872006,3.266204576317591
42003562300,11.638691973990418,3.337244036960986
42003562400,11.515535502395619,3.315874430527036
42003562500,11.406549507186858,3.311162806297057
42003562600,11.441839755646817,3.306597123203285
42003562700,11.469274596167009,3.293308065023956
42003562800,11.355373290212183,3.308501969883641
42003562900,11.633104063655031,3.337227511978097
42003563000,11.343651196440794,3.316819535249829
42003563100,11.430137240246407,3.311760222450376
42003563200,11.480971028062971,3.2884227816564
42003563300,11.217749909650924,3.39035039835729
42003563800,11.259354945242984,3.358848757015743
42003563900,11.660622330595482,3.398477362765229
42003564000,10.860266924024641,3.220664397672827
42003564100,11.316022939767283,3.30622965982204
42003564200,11.601174801505818,3.421327970568104
42003564400,11.605034064339494,3.433094511978097
42003564500,11.536714222450376,3.386359195756331
42003980000,11.499171307323751,3.377708147843942
42003980100,11.491274502395619,3.335857680355921
42003980300,11.618650249828884,3.343204818617385
42003980400,11.441883874743326,3.31097139835729
42003980500,11.572301293634497,3.301202621492129
42003980600,11.444286492128679,3.30615647980835
42003980700,11.477496692676249,3.297086550308008
42003980800,11.545731089664613,3.296382115674196
42003980900,11.421101458590007,3.313201279945243
42003981000,11.462347598220397,3.271362660506502
42003981100,11.594406019164956,3.338304960985626
42003981200,11.474233223134839,3.297158488021903
42003981800,11.509715605749487,3.363088216974675
42003982200,11.5197657816564,3.278771197125257
42005950100,9.979929880219028,3.865376767967146
42005950200,10.142491186858316,3.808446303216975
42005950300,10.222496446269678,3.7898633908282
42005950400,10.514349579739904,3.71900979945243
42005950500,10.409429334702259,3.731361568104038
42005950600,10.264203455852156,3.793112724845996
42005950700,10.21449645174538,3.838949700889802
42005950800,10.566030663244353,3.741170579739904
42005950900,10.536773969199179,3.728083988364134
42005951000,10.560183847364819,3.71105626899384
42005951100,10.433676047227926,3.730537301163587
42005951200,10.688652474332649,3.680699353182752
42005951300,10.832744923340178,3.667216862422998
42005951400,10.776781898699521,3.681568037645448
42005951500,10.842999344284736,3.653354546201232
42005951600,10.721230875427789,3.687218417522245
42005951700,10.463802264887064,3.787827740588638
42005951800,10.881997492128679,3.649964458590007
42005951900,10.919829323066393,3.639742627652293
42007600601,11.056167624914442,3.529053541409993
42007600602,11.077740800136892,3.471566604380561
42007600700,11.157736292265572,3.399301379876797
42007601000,11.194909789869952,3.330121645448323
42007601100,11.182934344284736,3.381765492128679
42007601200,11.19848070294319,3.326215941820671
42007601300,11.201540472963724,3.321516549623546
42007601400,11.201889594113621,3.319986980835044
42007601600,11.194794232032854,3.338947216974675
42007601700,11.188826878850103,3.373245782340862
42007601800,11.17930646954141,3.450394364818617
42007602100,11.194345572210814,3.371935672142368
42007602300,11.191371972621492,3.374360412731006
42007602400,11.183248613963039,3.369742272416153
42007602500,11.177908414784394,3.373465527036276
42007602601,11.146224052019165,3.391603005475702
42007602602,11.180008624914442,3.363791072553046
42007602701,11.095375736481862,3.409443798767967
42007602702,11.050540900068446,3.455714657084189
42007602800,11.026323762491444,3.414412382614648
42007602900,10.939985292265572,3.380593787816564
42007603000,11.027391080082136,3.365888750855578
42007603202,11.14613215742642,3.389931472963724
42007603300,11.187711360027378,3.38861677412731
42007603400,11.189159739219712,3.38626983504449
42007603500,11.191970324435318,3.403983455167693
42007603600,11.188382307323751,3.414248631759069
42007603700,11.191690585215606,3.419845126625599
42007603801,11.201234908281999,3.428935575633128
42007603802,11.196653914442163,3.450766070499658
42007603803,11.187964830253251,3.427213845995893
42007603900,11.171439587953456,3.404873171800137
42007604000,11.1544240862423,3.399335079397673
42007604100,11.135442180698152,3.383074323066393
42007604200,11.148526800136892,3.395894885010267
42007604500,11.168227819301848,3.404009247775496
42007604600,11.12576170568104,3.38749246954141
42007604700,11.12346422587269,3.385364866529774
42007604800,11.113421847364819,3.377046095140315
42007604901,11.096284912388775,3.376398727583847
42007604902,11.07725725393566,3.365055110882957
42007605001,10.911665481177276,3.302992262149213
42007605002,10.770137653661875,3.241675295003422
42007605100,11.093657066392882,3.519729363449692
42007605200,11.176244542094456,3.377565262149213
42007605300,11.142246481177276,3.478958971937029
42007605400,11.191506822724162,3.349038919917864
42007605500,11.148346820670773,3.387210707734428
42007605600,11.19321709650924,3.378139361396304
42007605700,11.16321459137577,3.402148486652977
42007605800,11.152635769336071,3.453730877481177
42009960100,9.637107562628337,3.763520709787817
42009960200,9.669895350444901,3.761544526351814
42009960300,9.559062840520192,3.743840708418891
42009960400,9.606929611225188,3.774973673511294
42009960500,9.479633030116359,3.744888598220397
42009960600,9.460166935660506,3.756499540041068
42009960700,9.448088061601643,3.745429709103354
42009960800,9.501496158110883,3.755838900752909
42009960900,9.331871433264887,3.678548518822724
42009961000,9.177082455852156,3.659003344969199
42009961100,9.005766617385352,3.581944323750856
42011000100,11.336350924709103,3.5248394366872
42011000200,11.357608959616701,3.485385039014374
42011000300,11.337910822724162,3.473127867214237
42011000400,11.31951856605065,3.490888641341547
42011000500,11.299664661875428,3.49035415742642
42011000600,11.272712594113621,3.497046655030801
42011000700,11.293681199178645,3.507913758384668
42011000800,11.305259830937714,3.505152380561259
42011000900,11.322618391512663,3.5026045633128
42011001000,11.338011777549624,3.498210754962355
42011001100,11.356719539356605,3.498948998631075
42011001200,11.348174807665982,3.509358082819986
42011001300,11.329037291581109,3.509769119780972
42011001400,11.313676102669404,3.512772847364819
42011001500,11.310213801505818,3.515654134154689
42011001600,11.307582747433265,3.520173363449692
42011001700,11.320006631074606,3.514477239561944
42011001800,11.298236438740589,3.529257468856947
42011001900,11.32124137303217,3.527356115674196
42011002000,11.312383603011636,3.542953785763176
42011002100,11.320958891170431,3.533216497604381
42011002200,11.333286319644079,3.534592308692676
42011002300,11.334079648870637,3.528943759753593
42011002500,11.347550118412046,3.521525900068446
42011002600,11.372267851471595,3.538547900068446
42011002700,11.38461071321013,3.544917110882957
42011002900,11.351590840520192,3.55187553045859
42011010100,10.872589357289528,3.729427214921287
42011010201,10.952641120465435,3.547791119780972
42011010202,10.676721912388775,3.616051529089665
42011010302,11.101090835728953,3.582685837097878
42011010303,11.066750553730322,3.498269461327858
42011010304,11.239252404517454,3.453129854893908
42011010400,11.22885274880219,3.706877907597536
42011010500,11.456537817932923,3.683739307323751
42011010600,11.401875391512663,3.571868412731006
42011010700,11.547855399726215,3.659570407939767
42011010801,11.585179589322382,3.666991990417522
42011010802,11.492098237508556,3.606661354551677
42011010902,11.451094603696099,3.574763660506502
42011010903,11.387458853524983,3.506593563997262
42011010904,11.3938665633128,3.51317645174538
42011010905,11.42974560164271,3.558138698836413
42011011000,11.406598787132101,3.527864991101985
42011011101,11.382552385352498,3.49787759890486
42011011102,11.406593343600274,3.543931419575633
42011011200,11.369306347022587,3.517233941820671
42011011300,11.37893459137577,3.564047010951403
42011011400,11.416840338124572,3.572715548939083
42011011500,11.464933216290212,3.602414359342916
42011011601,11.411983537303217,3.58079388569473
42011011602,11.479811161533196,3.621635783709788
42011011603,11.352604483230664,3.590823087611225
42011011701,11.21299901779603,3.610158625598905
42011011702,11.475064541409993,3.659552384668036
42011011703,11.204649167008898,3.629213722108145
42011011800,11.105052389459274,3.588957370978782
42011011902,11.030622118412046,3.590489929500342
42011011903,11.020907928131417,3.577962285420945
42011011904,11.032371395619439,3.584315545516769
42011012001,11.140816505817933,3.580385810403833
42011012002,11.242997209445585,3.570859021902806
42011012101,11.219675976728268,3.553383008898015
42011012103,11.129582010951403,3.571123848733744
42011012104,11.186208675564682,3.550472017111567
42011012105,11.194679236824093,3.572558810403833
42011012200,11.278893183436003,3.541776209445585
42011012300,11.232898706365503,3.526623034907598
42011012400,11.184083731690623,3.482690084873374
42011012500,11.20317873853525,3.465916491444216
42011012600,11.279732149897331,3.466758268309377
42011012700,11.254195273785079,3.430573694045174
42011012800,11.224009490759754,3.475678726214921
42011012900,11.078047271047228,3.552972526351814
42011013000,10.958689039014374,3.57012152019165
42011013100,10.882967831622177,3.552378415468857
42011013200,10.881413463381246,3.553703552361396
42011013301,10.766028234770705,3.497261770020534
42011013302,10.79102383504449,3.520240523613963
42011013401,10.947259313483915,3.553984277207392
42011013402,10.858663971252567,3.541979028747433
42011013500,11.016426519507187,3.518073142368241
42011013600,10.9277762183436,3.540136654346338
42011013701,10.83380005065024,3.544474197125257
42011013702,10.78896028678987,3.551859667351129
42011013800,10.573227375085558,3.576887937713895
42011013900,10.392848693360712,3.548829823408624
42011014000,10.720394500342231,3.53913481724846
42011014100,10.705862619438741,3.533351060232717
42011014200,10.787933628336756,3.522080897330596
42013010101,9.605665617385352,3.588547206707734
42013010102,9.600292065023956,3.590027049281314
42013010103,9.563671965776865,3.582475439425051
42013010401,9.769521593429158,3.649689260780288
42013010402,9.725267762491444,3.648117945927447
42013010500,9.864868029431896,3.714567220396988
42013010600,9.95073684257358,3.729151105407255
42013010700,9.883553817932923,3.669994767282683
42013010800,9.829676529774127,3.689459945242984
42013010900,9.921372954825462,3.741270896646133
42013011001,9.859221368925394,3.76451307118412
42013011002,9.948950052703628,3.765765574948665
42013011100,9.91133329431896,3.773230561259411
42013011200,9.949580544147844,3.768073461327858
42013011300,9.791458073237509,3.763367979466119
42013011400,9.829886399726215,3.785503734428474
42013011500,9.842182138945927,3.789088293634497
42013011600,9.764542744695414,3.775004664613279
42013100200,9.940746018480493,3.736325407939767
42013100300,9.931767199178645,3.720550141683778
42013100400,9.918468189596167,3.710213342231348
42013100500,9.913185908281999,3.699080128678987
42013100600,9.909127633127994,3.691256118412046
42013100700,9.911939099247091,3.685457628336756
42013100800,9.890463908966461,3.685838531827515
42013100900,9.897778658453114,3.673551078028747
42013101100,9.95808172073922,3.747529693360712
42013101200,9.953457721423682,3.735884525667351
42013101400,9.936726049281314,3.719410168377823
42013101500,9.936166913073238,3.705806657084189
42013101600,9.928800099931554,3.704893143737166
42013101700,9.926190629021218,3.69163584257358
42013101800,9.92627545174538,3.686493091033539
42013101900,9.921775937029432,3.700466174537988
42015950100,8.270193108145106,3.696778342915811
42015950200,8.327125311430527,3.720026030116359
42015950300,8.312898336071184,3.712338527720739
42015950400,8.305545262833676,3.703480658453114
42015950500,8.277939358658453,3.686494574264203
42015950600,8.141211119780972,3.594923525667351
42015950700,8.116322798083504,3.574925791238878
42015950800,8.195516122518823,3.634376422997947
42015950900,8.296568319644079,3.679077893908282
42015951000,8.281382569472964,3.669055538672142
42015951100,8.288595668035592,3.655792761122519
42015951200,8.19044962422998,3.612436843942505
42015951300,8.138488973990418,3.58908293155373
42015951400,8.151880939767283,3.584601921971253
42017100102,10.408364148528405,3.010511423682409
42017100103,10.462817891170431,3.029019869952088
42017100104,10.433514597535934,3.024147753593429
42017100105,10.420671696098563,3.014352844626968
42017100201,10.397788773442847,3.058498305954826
42017100206,10.349872292950034,3.020187425735797
42017100207,10.374872180698152,3.013649881587954
42017100208,10.405926524298426,3.026584474332649
42017100209,10.388413377138946,3.00043941615332
42017100210,10.344632660506502,2.982877813141684
42017100211,10.312076298425736,3.010570655030801
42017100212,10.30649143394935,2.984134476386037
42017100302,10.293786976728268,2.967215995893224
42017100303,10.213860702258727,2.944656364134155
42017100304,10.303839537303217,2.9549226091718
42017100306,10.290019202600958,2.933316672142368
42017100307,10.322090318275154,2.961125095140315
42017100401,10.208876272416153,2.951376876112252
42017100402,10.168054306639288,2.95254782477755
42017100403,10.127208049965777,2.950740457905544
42017100404,10.085662735797399,2.947186402464066
42017100406,10.098346874058864,2.951568952772074
42017100407,10.052064611909651,2.944661863107461
42017100408,10.096644968514716,2.947674212867899
42017100500,10.150783005475702,2.955376793976728
42017100600,10.182727856262834,2.953500306639288
42017100700,10.216891676249144,2.948731595482546
42017100803,10.163047197809719,2.97565481724846
42017100804,10.189333269678302,2.970014491444216
42017100805,10.178911143737166,2.961549769336071
42017100807,10.149992943189596,2.986835414784394
42017100808,10.11743494661191,3.016745991101985
42017100809,10.053399421629021,2.986682075290897
42017100811,10.24298831211499,2.973633729637235
42017100900,10.274503737166324,3.023336839151266
42017101100,10.258772831622177,2.99956120807666
42017101401,10.418765767967146,3.084019468856947
42017101403,10.310151210130048,3.051720772073922
42017101404,10.373083457221082,3.085135850787132
42017101405,10.377414289527721,3.072008910335387
42017101503,10.420476777549624,3.115374182067077
42017101504,10.408483848733744,3.134951540041068
42017101505,10.364504023956194,3.104901160848734
42017101506,10.351676826146475,3.124822783025325
42017101603,10.385817993155373,3.167077708418891
42017101605,10.392682293634497,3.160013884325804
42017101607,10.403571854209446,3.142624122518823
42017101609,10.324878646132786,3.16897890349076
42017101610,10.32077054825462,3.181483112251882
42017101611,10.381785437371663,3.186653996577686
42017101802,10.314993088980151,3.24144592128679
42017101803,10.314815936344969,3.212569273100616
42017101805,10.234268187542779,3.199521550308008
42017101807,10.289328691307324,3.198430597535934
42017101808,10.351672844626968,3.195833159479808
42017101900,10.277772334017796,3.258211208761122
42017102002,10.157595893908282,3.251754420260096
42017102003,10.314746952087611,3.272731718001369
42017102004,10.305485014373717,3.254548258726899
42017102102,10.160858221765914,3.272503757700205
42017102104,10.347572553045859,3.306517058179329
42017102300,10.252880898015058,3.300765361396304
42017102401,10.295351266255989,3.312131563997262
42017102402,10.291364281314168,3.311764615331964
42017102500,10.331610982888433,3.324043271731691
42017102600,10.400559518138262,3.339654411362081
42017102700,10.402087457905544,3.350064596167009
42017102801,10.602535839835729,3.415700728268309
42017103101,10.367970091718001,3.314592814510609
42017103102,10.392504167693361,3.32493170568104
42017103103,10.426463755646817,3.335691744010951
42017103300,10.195181755646817,3.250874472963724
42017103400,10.38359920054757,3.234610792607803
42017103700,9.990238553730322,3.199503710472279
42017103800,9.842568260780288,3.175055655030801
42017103900,9.786344434633812,3.184498961670089
42017104000,10.016361568788501,3.233588316221766
42017104100,10.094520407255305,3.249837688569473
42017104201,9.806697359342916,3.173165696098563
42017104203,9.930709492128679,3.203521227241615
42017104204,10.026922763175907,3.230488849418207
42017104301,9.735326804243669,3.139372397672827
42017104303,9.70837087816564,3.108499798083504
42017104304,9.749129568788501,3.07986354825462
42017104400,9.665444733744011,3.079140117727584
42017104502,9.950887985626283,3.13956792881588
42017104503,9.995542465434634,3.186828581793292
42017104505,9.919612763175907,3.176365519507187
42017104506,9.862442149212868,3.160489145106092
42017104601,10.11854445927447,3.193541253251198
42017104603,10.195615693360712,3.222346269678302
42017104604,10.108427722792608,3.2283552183436
42017104701,10.077976353867214,3.213129054072553
42017104702,10.08857779945243,3.206842173169062
42017104703,10.065179893908282,3.201839534565366
42017104800,10.210188668720055,3.240691473648186
42017104901,10.198297934976044,3.181036638603696
42017104902,10.187564094455852,3.159168490759754
42017105003,10.141134728268309,3.090413959616701
42017105004,10.280866819301848,3.095318935660506
42017105006,10.260887386721424,3.060467011635866
42017105008,10.216244898015058,3.138202754277892
42017105009,10.19030865229295,3.068272323066393
42017105010,10.149680778234086,3.066412544832307
42017105011,10.179799605749487,3.04569823613963
42017105012,10.293641605749487,3.110198101300479
42017105013,10.254542480492813,3.122123006844627
42017105100,9.992754186173854,3.103032338124572
42017105202,10.048142563997262,3.02371534017796
42017105203,10.039442839835729,3.060110485284052
42017105206,9.957797456536619,3.012028354551677
42017105207,9.976255880903491,3.056234455852156
42017105208,9.956721247775496,3.033146210130048
42017105300,10.038087460643395,3.029213661190965
42017105400,9.788763935660506,3.02256442642026
42017105505,9.81501162696783,2.880563173853525
42017105506,9.909793541409993,2.937968623545517
42017105507,9.880944966461328,2.905696177275838
42017105508,9.865018102669404,2.975491952087611
42017105509,9.900216238193018,2.962527361396304
42017105510,10.012992648186174,2.961290197809719
42017105511,9.986118401779603,2.946893800821355
42017105600,9.843431973305955,2.927338653661875
42017105702,9.777299551676934,2.853529379876797
42017105704,9.807055742642026,2.863916543463381
42017105801,9.946500229979466,2.917969352498289
42017105805,9.888712203285421,2.903570334702259
42017105807,10.108587455852156,2.960451448323066
42017105808,10.035196162902122,2.947230062970568
42017105809,10.023656709103354,2.942003832306639
42017105810,9.983186462696783,2.929123725530459
42017105811,10.016871293634497,2.934196174537988
42017105812,10.02967699247091,2.938381911019849
42017105900,10.010833440109514,2.939504529774127
42017106000,10.25548482477755,2.983871975359343
42017106100,10.212796188911704,3.012706625598905
42017106200,10.33132952019165,3.142958963723477
42017106300,10.259835358658453,3.288799379192334
42017106401,10.362808674880219,3.32290668788501
42017106402,10.526777683778234,3.367983772073922
42017106500,10.4087638275154,3.307306590006845
42017106600,10.180850542094456,3.18323207871321
42017980000,9.850808424366872,2.93011162696783
42019902100,10.752643136208077,3.721063980150582
42019902200,10.762862474332649,3.722773533880904
42019902300,10.784739940451745,3.714585720054757
42019902400,10.7658676091718,3.719627621492129
42019902500,10.77806680698152,3.710217579739904
42019902600,10.789994962354552,3.711227830937714
42019902700,10.808021167693361,3.699845878850103
42019902800,10.7828703045859,3.708622046543463
42019902900,10.74269237577002,3.717611132785763
42019903000,10.843190806297057,3.685237177275838
42019903100,10.840458484599589,3.692876234086242
42019910100,10.130657404517454,3.806468691991786
42019910200,10.197115225188227,3.779720404517454
42019910301,10.359155461327858,3.740290631074606
42019910302,10.612087778234086,3.700311835728953
42019910400,10.466017978781656,3.714646355920602
42019910500,10.461623005475702,3.724407948665298
42019910600,10.440527501026694,3.761295230663929
42019910700,10.55036341889117,3.751531954140999
42019910800,10.652678502395619,3.732863311430527
42019910900,10.678715142368241,3.734597767967146
42019911000,10.769579684462697,3.672737347022587
42019911100,10.881844342231348,3.662457314168378
42019911200,10.717734299794661,3.718190718001369
42019911300,10.516991117727584,3.73770703559206
42019911400,10.768129423682409,3.680068836413416
42019911501,10.8599894366872,3.675758561259411
42019911502,10.981608353867214,3.610459069130732
42019911600,10.955889657768652,3.655811212867899
42019911700,11.007112995208761,3.613327287474333
42019911800,11.016937542094456,3.592415533196441
42019911900,11.086997529089665,3.549532103353867
42019912001,11.147559950034223,3.517187976043806
42019912002,11.174984056125941,3.500673535934292
42019912101,11.189681694045174,3.481447056810404
42019912102,11.181774006160164,3.491617967145791
42019912200,11.193869341546886,3.482519882272416
42019912301,11.130465259411362,3.540731988364134
42019912303,11.157638391512663,3.51504364476386
42019912304,11.170792679671458,3.5188399137577
42019912401,11.136179545516769,3.545168808350445
42019912402,11.102542555099247,3.573193175906913
42019912700,10.91697993155373,3.632043729637235
42019912800,11.05029428678987,3.589780772073922
42021000100,10.048551926078029,3.699320475701574
42021000200,10.04220505065024,3.696435467488022
42021000300,10.03610557357974,3.688625866529774
42021000500,10.010633388090349,3.693303982888433
42021000600,9.998351715947981,3.686759904175222
42021000700,10.010835915126626,3.684465822039699
42021001200,10.05525615742642,3.709060145106092
42021010100,10.058549720054757,3.741932522245038
42021010200,10.049164854209446,3.729924902806297
42021010300,10.015194236824093,3.742137344969199
42021010500,10.012726442847365,3.704697960301164
42021010600,9.985424234086242,3.715728066392882
42021010700,9.958313009582478,3.730715094455852
42021010801,9.908729492813142,3.7006004366872
42021011000,9.976567539356605,3.685107595482546
42021011100,9.966198438056126,3.674292471594798
42021011200,10.0255093045859,3.687839814510609
42021011300,10.024339120465435,3.690702411362081
42021011400,10.046530684462697,3.703489984941821
42021011500,10.035085948665298,3.778129065023956
42021011600,9.976381354551677,3.787570943874059
42021011700,9.961439182067077,3.80041794934976
42021011800,9.795543449691992,3.812199091718001
42021011900,9.768622537303217,3.803948556468172
42021012000,9.665840104722793,3.754328166324435
42021012100,9.572149971252567,3.687430409308693
42021012200,9.78425088569473,3.724219602327173
42021012300,9.803893409993155,3.76368341889117
42021012400,9.777842691991786,3.777220710472279
42021012500,9.885410908966461,3.790577036276523
42021012600,9.875720854893908,3.777650779603012
42021012700,9.837757758384668,3.765176887748118
42021012800,9.831820381930185,3.762721472963724
42021012900,9.811997468172485,3.76437277412731
42021013000,9.837346929500342,3.766118425051335
42021013100,9.829638151266256,3.754891110198494
42021013200,9.909447751540041,3.762105334702259
42021013300,9.81110429431896,3.742580300479124
42021013400,10.054960507871321,3.714066197125257
42021013500,10.0416517816564,3.702449814510609
42021013600,10.065830187542779,3.722248783709788
42021013700,9.864686534565366,3.712473886379192
42023960100,8.29497223340178,3.637994618069815
42023960200,8.335932455852156,3.617933108829569
42025020102,9.224155065708419,3.382480841204654
42025020103,8.959513177275838,3.318492706365503
42025020105,8.858650533880904,3.238048562628337
42025020106,8.678506532511978,3.3101528275154
42025020200,9.073561535934292,3.440276173169062
42025020300,9.289895646817248,3.44593857357974
42025020400,9.374870017111567,3.48500792128679
42025020500,9.553854126625599,3.417477427789186
42025020600,9.399793083504449,3.378486509240246
42025020700,9.342858171800137,3.331375668035592
42025020800,9.357283988364134,3.270839468172485
42025020900,9.611591568104038,3.328197668720055
42027010100,8.899600570157426,3.485947303216975
42027010200,8.772580813826146,3.450712359342916
42027010300,9.187926965092402,3.518783325119781
42027010400,9.207955916495551,3.468446238193018
42027010500,9.231591357289528,3.318217446269678
42027010600,9.082350405886379,3.410136563997262
42027010700,9.182708549623546,3.491849413415469
42027010800,9.205797148528405,3.604083258726899
42027010900,9.407685691307324,3.457660641341547
42027011000,9.332709951403148,3.386861361396304
42027011100,9.290117148528405,3.367616004106776
42027011201,9.365654622861054,3.288492313483915
42027011300,9.368023872689938,3.205790891170431
42027011400,9.367482423682409,3.238399099247091
42027011501,9.476133911704312,3.230962848733744
42027011502,9.451647412731006,3.188591431211499
42027011600,9.447930636550308,3.219197028747433
42027011702,9.471301229979466,3.262062999315537
42027011800,9.511727435318275,3.337771726214921
42027011901,9.36742671321013,3.341410702258727
42027011902,9.457695847364819,3.313794854893908
42027012000,9.476372112251882,3.205755796030116
42027012100,9.473190073237509,3.191352609856263
42027012200,9.469608018480493,3.18580719301848
42027012300,9.462451772758385,3.176710714579055
42027012400,9.474586813826146,3.206685887748118
42027012500,9.474307538672142,3.198278639288159
42027012600,9.475059501711157,3.206811371663244
42027012700,9.48127373100616,3.224060168377823
42027012800,9.48224192128679,3.226241133470226
42027981202,9.405210464065708,3.308319626283368
42029300101,10.663909364134155,3.266890743326489
42029300103,10.674181602327173,3.325411638603696
42029300104,10.671751016427105,3.293780587953456
42029300106,10.671754471594798,3.303530268309377
42029300107,10.673727930184805,3.334276342915811
42029300108,10.67660694661191,3.252477900752909
42029300109,10.665808648870637,3.215830017111567
42029300201,10.676866275154004,3.277744686516085
42029300202,10.672071924024641,3.271772577002053
42029300301,10.637196026694045,3.292952891854894
42029300302,10.644537301848049,3.3277385633128
42029300303,10.672093116358658,3.334933657084189
42029300400,10.663491242984257,3.345716071868583
42029300501,10.696282735112936,3.358602433264887
42029300502,10.732330916495551,3.401333728952772
42029300600,10.752871664613279,3.420934301163587
42029300700,10.741568378507871,3.409871865160849
42029300800,10.758835679671458,3.429863664613279
42029300900,10.737099437371663,3.403318786447639
42029301000,10.77317398973306,3.452714986995209
42029301100,10.801159338124572,3.473806968514716
42029301300,10.849292298425736,3.530812550308008
42029301401,10.879600370294319,3.551682229979466
42029301402,10.904377420260096,3.564986229295003
42029301500,10.874043249828884,3.548276612594114
42029301600,10.954523739219712,3.576757980150582
42029301700,10.874307880219028,3.55116284257358
42029301800,10.805477204654346,3.506453373716632
42029301900,10.752542123887748,3.467564611909651
42029302000,10.736049205338809,3.419914849418207
42029302101,10.691507514715948,3.392765095824778
42029302102,10.671613401779603,3.381065775496236
42029302202,10.681770326488706,3.420510535249829
42029302203,10.643263363449692,3.396564794661191
42029302204,10.648891376454483,3.38329649486653
42029302300,10.580722592744695,3.339781945242984
42029302400,10.570641957563313,3.334176006844627
42029302500,10.550157099247091,3.323153291581109
42029302600,10.56697862422998,3.326011819301848
42029302702,10.593231847364819,3.335109722792608
42029302703,10.609811958247776,3.358795735112936
42029302704,10.630983229979466,3.37895292128679
42029302705,10.57277199247091,3.311574110198494
42029302706,10.553409351129363,3.312942353182752
42029302802,10.635307694729637,3.355433681724846
42029302803,10.63622034017796,3.350981225188227
42029302804,10.604009838466804,3.317095840520192
42029302805,10.587869320328542,3.314797442847365
42029302901,10.565923484599589,3.289300142368241
42029302902,10.509353120465435,3.278396091033539
42029303000,10.502292927446954,3.259777687200548
42029303100,10.440940054757016,3.239169642710472
42029303301,10.253950227926078,3.132753269678302
42029303302,10.294434498973306,3.15914740109514
42029303401,10.282176811088296,3.150893504449008
42029303402,10.289055960301164,3.163909045859001
42029303501,10.365388182067077,3.214926027378508
42029303502,10.37546249486653,3.228362163586584
42029303801,10.533498213552361,3.34806276386037
42029303802,10.597153419575633,3.395434340862423
42029303901,10.500154317590691,3.301688847364819
42029303902,10.580320247775496,3.358653513347023
42029304000,10.653952893908282,3.428961054072553
42029304101,10.649976844626968,3.424928535249829
42029304102,10.648898718001369,3.428535774811773
42029304201,10.670184143052704,3.438864257357974
42029304300,10.740393869952088,3.484832958247776
42029304403,10.718584490759754,3.448863201916496
42029304404,10.700898420944558,3.449689881587954
42029304405,10.705870185489391,3.461305527036276
42029304406,10.729710770020534,3.472995548939083
42029304501,10.779751030800821,3.508936972621492
42029304502,10.757412345653662,3.498112300479124
42029304600,10.847251984941821,3.536148027378508
42029304900,11.094986533880904,3.598208930869268
42029305000,11.158688138945927,3.615442333333333
42029305101,10.891634026694045,3.526569682409309
42029305102,11.020799533880904,3.562856823408624
42029305300,10.765530786447639,3.47247596440794
42029305400,10.726061327173169,3.457000427789186
42029305500,10.71903329705681,3.456998438740589
42029305600,10.698446496235455,3.444501570157426
42029305700,10.686578027378508,3.438876119096509
42029306000,10.623556249828884,3.401021837097878
42029306300,10.27826332238193,3.199538744010951
42029306501,10.161573470225873,3.110389721423682
42029306503,10.27938092128679,3.142391077344285
42029306504,10.230121805612594,3.128882041067762
42029306600,10.071804670773443,3.10996754072553
42029306700,10.118842432580424,3.148599837097878
42029306800,10.090428533880904,3.216094761806982
42029306900,10.190175661190965,3.212770914442163
42029307000,10.330020533880904,3.260701480492813
42029307100,10.493275759069131,3.333290765913758
42029307200,10.674749310746064,3.424619683778234
42029307300,10.890166372347707,3.509543262149213
42029307400,10.853752407939767,3.491539036960986
42029307700,10.72865914715948,3.44971224366872
42029307800,10.530854284052019,3.381260221765914
42029307900,10.449536869267625,3.377810915811088
42029308000,10.354544909650924,3.344541623545517
42029308101,10.254088189596167,3.288564528405202
42029308102,10.267959694729637,3.335930801505818
42029308200,10.279984631759069,3.37795570568104
42029310400,10.547627287474333,3.315971363449692
42029311000,10.828022466119096,3.503944213552361
42029311100,10.368655367556468,3.190198507871321
42029311200,10.452722535249829,3.289325967145791
42029311300,10.441012092402464,3.263275302532512
42029311401,10.696269219712526,3.455159676249144
42029311403,10.783481379876797,3.490977338124572
42029311404,10.853509441478439,3.528967127310062
42029311500,10.986275062970568,3.582177988364134
42029311600,10.659969772758385,3.425844887063655
42029311700,10.300920687200548,3.193075308692676
42029311800,10.988509841889117,3.531184359342916
42031160101,9.173652872005476,3.868745106776181
42031160102,9.488658833675565,3.911458052703628
42031160200,9.364655609856263,3.883828252566735
42031160300,9.563328015058179,3.893743764544832
42031160400,9.736606776865161,3.885008560574949
42031160500,9.890930395619439,3.86164198973306
42031160600,9.615897815879535,3.903959457905544
42031160700,10.003207312799452,3.841993166324435
42031160800,9.845145194387406,3.892174627652293
42031160900,9.734934210814511,3.9198448275154
42033330100,9.292857740588638,3.876118796030116
42033330200,9.299300557837098,3.870530588637919
42033330300,9.276862161533196,3.867148173853525
42033330400,9.180970403832991,3.84649305065024
42033330500,9.153982920602327,3.812513859685147
42033330600,8.991899383983573,3.714007652977413
42033330700,8.794542015742642,3.604725776865161
42033330800,9.01301092128679,3.522166257357974
42033330900,9.242515407939767,3.591579195756331
42033331000,9.158343002737851,3.648774988364134
42033331100,9.17805190349076,3.716053314168378
42033331200,9.169135538672142,3.711322750171116
42033331300,9.217662537303217,3.715985203285421
42033331401,9.290416264202601,3.771523596851472
42033331402,9.153190875427789,3.761971804928131
42033331500,9.422573878850103,3.801603238877481
42033331600,9.356112518822724,3.700272507186858
42033331700,9.368507014373717,3.636341786447639
42033331800,9.461063336755647,3.693446027378508
42033331900,9.539735610540726,3.775965529774127
42035030100,8.268116724161533,3.50243365982204
42035030200,8.697081485968515,3.513412575633128
42035030300,8.55044525119781,3.566818226557153
42035030400,8.866280806297057,3.680929051334702
42035030500,8.947505464750171,3.679096349075975
42035030600,8.9116188678987,3.634596815879535
42035030700,8.886771209445585,3.619296427789186
42035030800,9.043657783709788,3.616316930184805
42035030900,9.078300075290897,3.682316185489391
42037050100,8.90958497467488,3.7402185633128
42037050200,9.324096596851472,3.882027440793977
42037050300,9.677888912388775,3.943245414099932
42037050400,9.369470160164271,3.840110075975359
42037050500,9.222701936344969,3.774985804243669
42037050600,9.234880332648871,3.750370832306639
42037050700,9.273299323750856,3.764209805612594
42037050800,9.498936776180698,3.854265284736482
42037050900,9.491862533196441,3.862430028062971
42037051000,9.64542012183436,3.906247436002738
42037051100,9.624711735112936,3.908590119780972
42037051200,9.659435629705681,3.919121097193703
42037051300,9.605252478439425,3.872279525667351
42037051400,9.376743718685832,3.78632758110883
42037051500,9.571972169062286,3.808629785763176
42039110100,9.170652721423682,3.84502604312115
42039110201,9.630700073921971,3.907071036276523
42039110202,9.450996342915811,3.873818531827515
42039110300,9.719496135523614,3.899082703627652
42039110400,9.831949073921971,3.867554370294319
42039110501,9.920523070499658,3.863195876796715
42039110502,9.900731287474333,3.879520431211499
42039110600,9.76185488843258,3.904502731690623
42039110700,9.665856135523614,3.905330199863108
42039110800,9.575294921971253,3.882065316221766
42039110900,9.347080221765914,3.856340299794661
42039111000,9.218058336755647,3.857287594798084
42039111100,9.238306553730322,3.868176067761807
42039111200,9.249507675564682,3.863845697467488
42039111300,9.807608175906913,3.867962655715264
42039111400,9.82468918275154,3.898774920602327
42039111500,9.830052332648871,3.906311329226557
42039111600,9.836035628336756,3.900001404517454
42039111700,9.800093372347707,3.909086052019165
42039111800,9.902980093086927,3.892762453114305
42039111900,10.032881492813142,3.820703275154004
42039112001,10.06175589596167,3.771028470910335
42039112002,9.946912151266256,3.821194119096509
42041010100,11.308594227926078,3.587519039698836
42041010201,11.257465815195072,3.588544703627652
42041010203,11.399420632443532,3.56624000752909
42041010204,11.34955254825462,3.567291240930869
42041010300,11.409522613963039,3.56796605338809
42041010400,11.405729062970568,3.559927338809035
42041010500,11.434795589322382,3.559857675564682
42041010600,11.476573995208761,3.559036033538672
42041010700,11.520850349075975,3.558815807665982
42041010800,11.55336392128679,3.562665183436003
42041010900,11.511138980835044,3.557041359342916
42041011002,11.455879873374401,3.557717715263518
42041011101,11.415822303216975,3.565996761806982
42041011102,11.3720531724846,3.552360067077344
42041011200,11.383387175906913,3.556686605065024
42041011301,11.211336503764545,3.56135327652293
42041011302,11.259297296372348,3.545030561943874
42041011303,11.331625150581793,3.561439658453114
42041011304,11.378876440109514,3.55477390622861
42041011305,11.314882082135524,3.545500483230664
42041011400,11.261238350444901,3.528717710472279
42041011500,11.288673959616701,3.534460232032854
42041011601,11.317697394934976,3.541561650239562
42041011602,11.226588102669404,3.530499553045859
42041011605,11.330156607118412,3.553520808350445
42041011700,11.029835159479808,3.484384965092402
42041011801,11.094728730321698,3.479077912388775
42041011802,11.145771099931554,3.488837999315537
42041011803,10.903296566735113,3.363708526351814
42041011901,10.607477868583162,3.298664028747433
42041011902,10.725931704996578,3.290783301163587
42041012000,10.707906491444216,3.323612594113621
42041012100,10.769399688569473,3.345869864476386
42041012200,10.740995600958248,3.339568490075291
42041012300,10.708492918548939,3.335338242984257
42041012400,10.651878850787132,3.349430002737851
42041012501,10.673639088295688,3.398208585215606
42041012502,10.850324522245038,3.412375576317591
42041012600,10.676478907597536,3.460234710472279
42041012701,10.422274046543463,3.440709951403148
42041012702,10.173597054072553,3.462958861054073
42041012800,10.224218028747433,3.471077631759069
42041012900,10.199136786447639,3.485811744695414
42041013000,10.15362326146475,3.476871013004791
42041013101,10.1706948678987,3.595558984941821
42041013102,10.161720659137577,3.608747260780288
42041013200,10.161666003422314,3.617112885010267
42041981001,11.454955833675565,3.560595676249144
42041981606,11.263047177275838,3.542176698836413
42043020100,11.48478931485284,3.56143653798768
42043020300,11.454255184804928,3.576726453798768
42043020400,11.444358517453799,3.57029809377139
42043020500,11.419897874058864,3.565428282683094
42043020600,11.432174505817933,3.575672327173169
42043020700,11.411380533880904,3.583429611909651
42043020800,11.39507311156742,3.578106091033539
42043020900,11.362991070499658,3.589098327857632
42043021100,11.391550550308008,3.60207958384668
42043021200,11.490135253251198,3.570013119096509
42043021300,11.504500196440794,3.55612174606434
42043021400,11.52899203559206,3.543254171115674
42043021500,11.517285162217659,3.555547545516769
42043021600,11.497677603011636,3.577784229295003
42043021700,11.522151804243669,3.570230209445585
42043021800,11.294978907597536,3.617715012320328
42043021901,11.25616127926078,3.647133507871321
42043021903,11.433468168377823,3.618532507186858
42043021904,11.346636382614648,3.637571734428474
42043022000,11.478896900068446,3.609293234770705
42043022100,11.512803622861054,3.604911812457221
42043022200,11.506558049965777,3.592358274469541
42043022300,11.497005954825462,3.637284265571526
42043022401,11.372464527720739,3.673373098562628
42043022403,11.441365313483915,3.658021064339494
42043022501,11.26926088569473,3.691492160164271
42043022502,11.369629186173854,3.705112793976728
42043022601,11.469455259411362,3.683045229979466
42043022604,11.535135725530459,3.693320323750856
42043022605,11.538316093086927,3.662220843258042
42043022606,11.550444209445585,3.630887656399726
42043022701,11.589357772758385,3.627979488021903
42043022702,11.607405891854894,3.67492220054757
42043022800,11.636737519507187,3.657259490759754
42043022900,11.6026102183436,3.56963314715948
42043023000,11.565901976043806,3.592631921971253
42043023100,11.545243077344285,3.571945488706366
42043023300,11.57744526899384,3.557816620123203
42043023400,11.624235507186858,3.589806060232717
42043023500,11.687836458590007,3.637649381930185
42043023601,11.683982606433949,3.667313872005476
42043023602,11.735147561259411,3.670924475701574
42043023700,11.779506331279945,3.6959787816564
42043023800,11.794228427104723,3.707253123887748
42043023900,11.779475826146475,3.707211339493498
42043024001,11.84822527926078,3.729638008898015
42043024002,11.894528511978097,3.793749069130732
42043024101,11.622658943874059,3.79305723340178
42043024102,11.756272880219028,3.801334787816564
42043024104,11.743937262149213,3.73689273100616
42043024105,11.748666898699521,3.773329062286105
42043024200,11.670594238877481,3.805405681724846
42043024300,11.697559886379192,3.792432407255305
42043024400,11.679798660506502,3.734352418206708
42043024502,11.164734146475017,3.774834430527036
42043024503,11.585260820670773,3.751480140314853
42043024600,11.255132823408624,3.733896062286105
42043024700,10.900825578370979,3.723259858316222
42043024800,10.662735832306639,3.757308762491444
42043024900,10.362949753593429,3.80125805338809
42043025000,10.413988780971937,3.806399453114305
42043025100,10.359438631759069,3.835457173853525
42043025200,10.472143813826146,3.804760724161533
42043025300,10.471148858316222,3.798595364134155
42043025400,10.52022719028063,3.779711898015058
42045400301,10.85868117522245,3.114071761806982
42045400302,10.857078993155373,3.113071640657084
42045400401,10.847933566735113,3.119640969199179
42045400402,10.844496796714579,3.117499136892539
42045400500,10.834953805612594,3.128914075975359
42045400600,10.822033247775496,3.135704528405202
42045400700,10.835840483915127,3.133026763175907
42045400801,10.842821826146475,3.126059821355236
42045400802,10.826782641341547,3.138411012320328
42045400900,10.823058047912389,3.142282194387406
42045401000,10.818177431211499,3.156058466803559
42045401101,10.821366905544148,3.152374115674196
42045401103,10.796917987679672,3.163135736481862
42045401104,10.816075905544148,3.153879950718686
42045401200,10.785589108145106,3.171887900752909
42045401301,10.79087920054757,3.163599748117728
42045401302,10.804977848049281,3.157658082135524
42045401401,10.792782318959617,3.146454041067762
42045401402,10.805416757015743,3.147395100616016
42045401501,10.785969190965092,3.157806326488706
42045401502,10.779672637919233,3.154796173169062
42045401600,10.810767505817933,3.130288868583162
42045401700,10.853068010951403,3.116252614647502
42045401800,10.846269733744011,3.124695013004791
42045401900,10.811928385352498,3.132169032854209
42045402000,10.818447839835729,3.124809082819986
42045402100,10.842747796714579,3.09674539835729
42045402200,10.826684402464066,3.117405874743326
42045402300,10.835247834360027,3.106258494182067
42045402400,10.817865057494866,3.107466541409993
42045402500,10.823946876796715,3.115923929500342
42045402600,10.821471991101985,3.119113707049966
42045402700,10.812313433264887,3.109113392881588
42045402800,10.79530495687885,3.126628953456537
42045402900,10.768949277891855,3.121660156057495
42045403001,10.768106969883641,3.14935258384668
42045403002,10.780360425735797,3.147958394934976
42045403101,10.787260472963724,3.135325798083504
42045403103,10.803328791238878,3.13185834017796
42045403104,10.806294983572895,3.131929708418891
42045403200,10.791450063655031,3.138869802190281
42045403300,10.798063375085558,3.150652278576318
42045403401,10.762618451060917,3.132950090349076
42045403402,10.726607301163587,3.130339990417522
42045403501,10.759384485968515,3.140320773442847
42045403502,10.760246039014374,3.146260052703628
42045403601,10.726296684462697,3.142572965092402
42045403602,10.700973594113621,3.13803303559206
42045403701,10.667588839151266,3.131907019849418
42045403702,10.652503430527036,3.137604353182752
42045403800,10.711384802874743,3.146225440109514
42045403901,10.675518652977413,3.148997466119096
42045403902,10.697947311430527,3.157738315537303
42045404003,10.764457070499658,3.161170439425051
42045404004,10.745831177275838,3.15380813963039
42045404101,10.681095368240931,3.166151082819986
42045404102,10.662763696098563,3.15937662696783
42045404103,10.661653506502396,3.146914883641342
42045404300,10.634615950034223,3.149548069815195
42045404400,10.651053524982888,3.16176553045859
42045404500,10.645034219712526,3.161800533880904
42045404600,10.638331840520192,3.160033861738535
42045404700,10.637313163586584,3.1546117816564
42045404800,10.6245335229295,3.148068978781656
42045404900,10.618664967830253,3.150948923340178
42045405000,10.607433439425051,3.149804083504449
42045405100,10.610052616016427,3.152675126625599
42045405200,10.595238376454483,3.145870957563313
42045405300,10.578419246406571,3.153721378507871
42045405400,10.54994153045859,3.150885077344285
42045406100,10.638441392197125,3.164935900068446
42045406201,10.630575458590007,3.167949105407255
42045406202,10.635160993839836,3.174444205338809
42045406300,10.618293328542094,3.159756504449008
42045406401,10.600185917180014,3.160139117727584
42045406402,10.585992387405886,3.161150153319644
42045406500,10.501329015058179,3.141899437371663
42045406600,10.446453223134839,3.134968603011636
42045406700,10.450984830253251,3.135350709787817
42045406801,10.516342296372348,3.161761279945243
42045406802,10.489694770704997,3.144233098562628
42045406803,10.466220690622861,3.149775667351129
42045406902,10.586851802190281,3.173336099931554
42045406903,10.553978624914442,3.177305334017796
42045406904,10.567729932238193,3.19120593908282
42045407000,10.543795668720055,3.204290847364819
42045407101,10.612698665982204,3.193590663244353
42045407102,10.658637076659822,3.193391765913758
42045407201,10.618386266255989,3.227018162902122
42045407202,10.612413886379192,3.21029956605065
42045407401,10.702253417522245,3.193432242984257
42045407404,10.679508351129363,3.174506399041752
42045407501,10.693030874058864,3.206938904859685
42045407502,10.690438753593429,3.202113629705681
42045407600,10.712573394250513,3.17823540109514
42045407700,10.74675727926078,3.167502291581109
42045407801,10.738197392881588,3.192634576317591
42045407802,10.760305427104723,3.186036531827515
42045407803,10.764372587268994,3.169910432580424
42045407804,10.777934433264887,3.166515484599589
42045407805,10.764896754962355,3.164403292950034
42045407806,10.736937013004791,3.172137972621492
42045407901,10.683732841889117,3.225618754962355
42045407902,10.68514140109514,3.21101134770705
42045407903,10.707256757700205,3.203319958932238
42045408001,10.714963362765229,3.217088318275154
42045408002,10.739483237508556,3.209564415468857
42045408101,10.752409022587269,3.202840036276523
42045408102,10.760469490075291,3.197935922655715
42045408103,10.772944748117728,3.193369520876112
42045408300,10.766531934291581,3.165888524982888
42045408400,10.762795936344969,3.192057671457906
42045408500,10.776321457905544,3.178847560574949
42045408600,10.78252753045859,3.173274367556468
42045408700,10.787715409993155,3.161087403148528
42045408800,10.797384936344969,3.155560389459274
42045408900,10.811173182067077,3.140777500342231
42045409000,10.81048358384668,3.15247768788501
42045409100,10.806838206707734,3.158424043805613
42045409200,10.797209090349076,3.168109314168378
42045409300,10.795702520876112,3.165667725530459
42045409400,10.779883433264887,3.179428470910335
42045409500,10.78686547980835,3.174511582477755
42045409601,10.734779901437372,3.183902511293634
42045409602,10.731830258042437,3.172599480492813
42045409701,10.711220561943874,3.208658067761807
42045409702,10.710201089664613,3.169839828199863
42045409802,10.678373588637919,3.193113886379192
42045409803,10.687049316221766,3.230354633127994
42045409902,10.689543830937714,3.242963292265572
42045409903,10.702831151950719,3.225213094455852
42045409904,10.683046991786448,3.246883080766598
42045410000,10.622347798083504,3.259396904859685
42045410100,10.529914134154689,3.247901915126626
42045410200,10.394403466119096,3.183992184804928
42045410301,10.504691696783025,3.208007761806982
42045410302,10.427124180013689,3.172588807665982
42045410400,10.433475316221766,3.150186611909651
42045410500,10.855370859000684,3.110360830937714
42045410601,10.717024684462697,3.158865653661875
42045410602,10.724580724161533,3.162596841889117
42045410700,10.58669411156742,3.140647315537303
42045410800,10.664404807665982,3.180801504449008
42045980000,10.656687143052704,3.113674212867899
42047950100,8.556520377138946,3.765046865160849
42047950200,8.783587617385352,3.814308683778234
42047950400,8.819595265571526,3.824127872005476
42047950500,8.721028818617385,3.815676419575633
42047950900,8.647766214921287,3.697116690622861
42047951000,8.9523640862423,3.833034098562628
42047951100,8.738387391512663,3.802569354551677
42047951200,8.602737498973306,3.761599390143737
42047951300,8.646922928131417,3.752121898015058
42049000100,9.563207623545517,3.842109138945927
42049000200,9.570652201232033,3.871715210130048
42049000300,9.560475631759069,3.854855551676934
42049000400,9.548938247775496,3.830729004106776
42049000500,9.543847091718001,3.822386882956879
42049000600,9.540624909650924,3.813388744695414
42049000700,9.559644338809035,3.832013793976728
42049000800,9.557549953456537,3.838331689938398
42049000900,9.560258929500342,3.848817927446954
42049001000,9.573991506502396,3.856894389459274
42049001100,9.570875733744011,3.866304934976044
42049001200,9.567412099247091,3.849242811088296
42049001300,9.560728529774127,3.836459009582478
42049001400,9.555190008213552,3.832985865160849
42049001500,9.553438833675565,3.817423577002053
42049001600,9.54254419028063,3.819444832991102
42049001700,9.559078272416153,3.830977299110198
42049001800,9.566776171800137,3.84020745174538
42049001900,9.569055477754962,3.843801595482546
42049002000,9.570971592060233,3.850572306639288
42049002100,9.573086598220397,3.868780110198494
42049002200,9.572292266255989,3.862236529774127
42049002300,9.568124769336071,3.851227206707734
42049002400,9.564035435318275,3.843765332648871
42049002500,9.555812643394935,3.834206195756331
42049002600,9.55392868788501,3.830633605749487
42049002700,9.547914899383984,3.831393785078713
42049002800,9.555102575633128,3.842069195071869
42049002900,9.567449621492129,3.851651037645448
42049003000,9.567081196440794,3.859337401779603
42049010101,9.562430956194387,3.918101830253251
42049010103,9.629844657768652,3.919102713894593
42049010104,9.613380075290897,3.908220490759754
42049010107,9.62578554072553,3.912789811772758
42049010201,9.552835174537988,3.918002432580424
42049010202,9.571658125256674,3.920020923340178
42049010301,9.563278580424367,3.892876769336071
42049010303,9.586964867214237,3.91034636550308
42049010304,9.575184905544148,3.916927617385352
42049010400,9.574663313483915,3.894233392197125
42049010500,9.575850838466804,3.889965511293634
42049010700,9.576556377138946,3.8716831724846
42049010800,9.580598323066393,3.879395060232717
42049010902,9.587713245037645,3.909245503764545
42049010903,9.577627553045859,3.87720442642026
42049010904,9.5891508678987,3.896928036276523
42049011001,9.566328270362765,3.862330967145791
42049011002,9.574053698836413,3.869266266940452
42049011101,9.520286906913073,3.82769476659822
42049011102,9.541526697467488,3.84243253798768
42049011201,9.388586242299795,3.822574073921971
42049011202,9.526501097878166,3.862970331279945
42049011300,9.520623741273101,3.815430635181383
42049011400,9.517875741273101,3.812846247091034
42049011503,9.450901359342916,3.812866167008898
42049011505,9.31677132991102,3.799962427104723
42049011507,9.357328793292266,3.804096047227926
42049011600,9.10418131485284,3.766015082819986
42049011701,9.088878831622177,3.770948679671458
42049011702,9.14164727926078,3.778156349760438
42049011801,9.181788277891855,3.797327329226557
42049011802,9.047280336755647,3.813613659137577
42049011900,8.98443248733744,3.799758624914442
42049012001,9.195683478439425,3.823570762491444
42049012002,9.232536689938398,3.832564838466804
42049012100,9.383741767967146,3.853181379192334
42049012201,9.561717034907598,3.896413726214921
42049012202,9.55024819028063,3.893978910335387
42049012300,9.47737254072553,3.820063289527721
42049012400,9.546988404517454,3.857537173853525
42049980109,9.63505498973306,3.915861064339494
42051260100,10.84631955578371,3.521442696098563
42051260200,10.595008904175222,3.528913521560575
42051260300,10.28320096440794,3.512920051334702
42051260401,10.0606693045859,3.49158306091718
42051260402,9.909092643394935,3.490059206707734
42051260500,9.546690773442847,3.484447237508556
42051260600,9.862068993839836,3.507408023271732
42051260700,9.945470224503764,3.51874755578371
42051260800,9.96857546954141,3.512054692676249
42051260900,10.058242270362765,3.538711678302532
42051261000,10.291418782340862,3.547126934976044
42051261100,10.637219832306639,3.539742475017112
42051261200,10.587574758384668,3.549023763175907
42051261300,10.458305859000684,3.557644592744695
42051261401,10.320309533196441,3.567564460643395
42051261402,10.441797783709788,3.564777972621492
42051261500,10.193269382614648,3.569505941136208
42051261600,10.00229965229295,3.552675182067077
42051261700,9.998584173169062,3.560861676249144
42051261800,9.878625266940452,3.553005816563997
42051261900,9.954192422313484,3.561994643394935
42051262000,9.973223855578371,3.566950790554415
42051262100,9.957566960985626,3.56485090622861
42051262200,9.942193962354552,3.561591596167009
42051262300,9.914201507186858,3.555392724161533
42051262400,9.734922185489391,3.543328490075291
42051262500,9.724421737166324,3.527032717316906
42051262600,9.698789080082136,3.519279869267625
42051262701,9.334211798767967,3.493221467488022
42051262702,9.199345009582478,3.470022938398357
42051262800,9.764053670773443,3.545736331279945
42051262900,10.140823722792608,3.580634759069131
42051263000,10.076812776865161,3.575526463381246
42051263100,9.790176088980151,3.548619633812457
42051263200,9.657078091033539,3.533061789185489
42051263300,10.194535436002738,3.525451067761807
42053530100,8.802658301163587,3.81207158384668
42053530201,9.047221161533196,3.844658693360712
42053530300,8.951003262833676,3.82796392128679
42055010100,9.836621336755647,3.695032511293634
42055010200,10.088822802874743,3.733106370294319
42055010300,10.173696930184805,3.653472446954141
42055010400,10.25945065229295,3.735476392197125
42055010500,10.120786941820671,3.638735270362765
42055010600,10.217724841204654,3.722816725530459
42055010700,10.192573202600958,3.721450728268309
42055010800,10.282155509240246,3.77837463449692
42055010900,10.270814270362765,3.764764687200548
42055011000,10.285386282683094,3.794744346338125
42055011100,10.266382422997947,3.759710954140999
42055011200,10.270601963723477,3.778065123203285
42055011301,10.262408939767283,3.809192112936345
42055011302,10.160963109514032,3.785980144421629
42055011400,10.070375284052019,3.796786222450376
42055011500,9.929461603696099,3.777283725530459
42055011600,9.862710019164956,3.746999363449692
42055011700,10.187412915126626,3.780080130732375
42055011800,10.221293160164271,3.785169832306639
42055011900,10.209169094455852,3.761305917864476
42055012000,10.06212649486653,3.657862267624914
42055012100,10.056787640657084,3.677307149212868
42055012200,10.054267269678302,3.671994170431212
42055012300,10.042861901437372,3.666465430527036
42055012400,10.024686032169747,3.65708690349076
42055012501,9.983723056125941,3.634975874743326
42055012502,9.890276108145106,3.591477839835729
42057960100,9.649895014373717,3.740104728268309
42057960200,9.495522792607803,3.724297395619439
42057960300,9.404301768651608,3.691562104722793
42059970100,10.238359943874059,3.572002197809719
42059970200,10.325032704996578,3.556975059548255
42059970300,10.3098175633128,3.4660137816564
42059970400,10.043257020533881,3.578273915811088
42059970501,10.222820885010267,3.534321281998631
42059970502,10.100407180698152,3.573831930184805
42059970600,10.191987427104723,3.535589074606434
42059970700,9.936435967830253,3.594107654346338
42059970800,9.943965570841889,3.568553997262149
42061950100,9.58194819301848,3.431956155373032
42061950200,9.5803521321013,3.511494173853525
42061950300,9.697644185489391,3.599683049965777
42061950400,9.7070538275154,3.620853859000684
42061950500,9.688608490759754,3.596338455167693
42061950600,9.708550715947981,3.687958588637919
42061950800,9.595099541409993,3.687225893908282
42061950900,9.650829353867214,3.629881091718001
42061951000,9.63774105065024,3.634573636550308
42061951100,9.692092572210814,3.663672861738535
42061951200,9.553732874058864,3.672366553045859
42061951300,9.549848958932238,3.721333435318275
42063960100,9.723383927446954,3.873127120465435
42063960200,9.978293739904175,3.883170960985626
42063960300,9.765055178644764,3.853400741273101
42063960400,9.867959830253251,3.84190971321013
42063960500,10.102435285420945,3.875741464750171
42063960600,10.334937399726215,3.836159719370294
42063960700,10.323264630390144,3.839429701574264
42063960800,10.288815718685832,3.833847511978097
42063960900,10.228931793292266,3.85180499247091
42063961000,10.281732559890486,3.843755708418891
42063961101,10.288986464750171,3.850611163586584
42063961102,10.289549611225188,3.84274184257358
42063961200,10.266818201916496,3.852364739904175
42063961300,10.06644043394935,3.847099674880219
42063961400,10.021379292950034,3.822674123887748
42063961500,10.203950169746749,3.789000542778918
42063961600,10.340042798767967,3.798900008213552
42063961700,10.314400225188227,3.810085048596852
42063961800,10.515828342915811,3.746162763175907
42063961900,10.487098626283368,3.71031507118412
42063962000,10.285161017111567,3.718370187542779
42063962100,10.322157207392197,3.680867285420945
42063962200,10.135828123203285,3.775934891854894
42065950100,9.133925306639288,3.86859459890486
42065950200,9.098228586584531,3.870300425051335
42065950300,9.285460272416153,3.89951980971937
42065950400,9.459429950034223,3.918751483915127
42065950500,9.482797558521561,3.922883796714579
42065950600,9.514389528405202,3.919805359342916
42065950700,9.436086947296372,3.898669332648871
42065950800,9.433343336755647,3.901190907597536
42065950900,9.754016694729637,3.908826897330596
42065951000,9.5471539137577,3.890293995893224
42065951100,9.648115420260096,3.892367455852156
42065951200,9.679271543463381,3.900066809034908
42065951300,9.692536991786448,3.897238542778918
42067070100,9.918972399726215,3.678748232032854
42067070201,9.725644791238878,3.564723840520192
42067070202,9.90417019028063,3.597485850787132
42067070300,10.102734711841205,3.685757681040383
42067070400,10.206583984941821,3.796195023956194
42069100200,8.851946703627652,3.529425136208077
42069100300,8.849322753593429,3.52504796440794
42069100400,8.835231454483231,3.515884509924709
42069100500,8.823750668720055,3.507402684462697
42069100600,8.850957108829569,3.525035338809035
42069100800,8.846391753593429,3.527574483915127
42069100900,8.850831513347023,3.53145329705681
42069101000,8.837946865160849,3.516436064339494
42069101100,8.841374791238878,3.526949299794661
42069101200,8.835750126625599,3.546314360711841
42069101300,8.852888772073922,3.539619357289528
42069101400,8.855142897330596,3.536690013689254
42069101600,8.861016759753593,3.544202103353867
42069101700,8.861933002053388,3.548170085557837
42069101800,8.864039382614648,3.562489227926078
42069101900,8.87931176659822,3.555526141683778
42069102000,8.86678087816564,3.549726247775496
42069102100,8.872642920602327,3.552125449691992
42069102200,8.87187667761807,3.5498830862423
42069102300,8.865200582477755,3.53974770568104
42069102500,8.853525446954141,3.528304942505134
42069102600,8.843581143052704,3.517112960301164
42069102700,8.833259177275838,3.516464285420945
42069102800,8.78645247980835,3.491345969199179
42069102900,8.844030579055442,3.52495405065024
42069103000,8.859310229979466,3.533240838466804
42069103100,8.866772434633812,3.542671017111567
42069110100,8.234668397672827,3.477159308008214
42069110201,8.453430367556468,3.558801048596852
42069110202,8.590993803559206,3.540815384668036
42069110300,8.692562359342916,3.601219266255989
42069110401,8.742343466119096,3.56620403559206
42069110402,8.732164090349076,3.584592963723477
42069110403,8.809460776180698,3.573321331279945
42069110500,8.785517676933607,3.583163751540041
42069110600,8.377300394934976,3.470166822724162
42069110700,8.336264886379192,3.471673134154689
42069110800,8.300738906913073,3.466047745379877
42069110900,8.338726571526352,3.466115622176591
42069111000,8.501726710472279,3.489279178644764
42069111100,8.54709112936345,3.482937187542779
42069111200,8.697812196440794,3.517011305270363
42069111300,8.624614377138946,3.466816881587954
42069111400,8.705945542094456,3.48660739835729
42069111500,8.765240160848734,3.514450006844627
42069111600,8.7942963908282,3.534126969199179
42069111700,8.756728130732375,3.489719674880219
42069111800,8.590210917180014,3.426823582477755
42069112000,8.823973957563313,3.50520894661191
42069112100,8.772095122518823,3.481233434633812
42069112200,8.84245867008898,3.518095198494182
42069112300,8.835543510609172,3.515983529774127
42069112400,8.876907219712526,3.610390353867214
42069112500,8.885658473648186,3.563525798767967
42069112600,8.904690002737851,3.577561942505134
42069112700,8.901546644079398,3.565578152635181
42069112800,8.858960450376454,3.539657976043806
42069112901,8.58141079192334,3.370712371663244
42069112902,8.435053266940452,3.316143244353183
42071000100,12.033406873374401,3.55626845174538
42071000200,12.049158439425051,3.524975183436003
42071000300,12.073768271047228,3.553723588637919
42071000400,12.071726271731691,3.565469600958248
42071000500,12.070922306639288,3.58046254072553
42071000600,12.047136271731691,3.577277924709103
42071000700,12.033476219028063,3.535172977412731
42071000800,12.000624057494866,3.536664249828884
42071000900,12.020377467488022,3.54876510403833
42071001000,12.022125250513347,3.575240015742642
42071001100,12.032265160848734,3.583373047227926
42071001200,11.978114439425051,3.571934837782341
42071001400,12.001650794661191,3.561746109514032
42071010101,11.787358075290897,3.751401993155373
42071010102,11.844261234770705,3.755028909650924
42071010201,12.011323431211499,3.810046425735797
42071010202,12.017803801505818,3.795613575633128
42071010300,12.154995022587269,3.817345746748802
42071010400,12.187540197125257,3.810513234770705
42071010501,12.108905119780972,3.833177481177276
42071010502,12.165112392197125,3.800094524298426
42071010600,12.027808995893224,3.808364639972622
42071010701,11.984103265571526,3.780837622861054
42071010702,11.994084483230664,3.776622223134839
42071010801,11.942600366187543,3.739607525667351
42071010802,11.839515529089665,3.682921325804244
42071010900,12.068976236824093,3.768661733059548
42071011000,11.894614250513347,3.686424562628337
42071011100,11.95308001026694,3.713026
42071011200,11.881671533880904,3.677952353182752
42071011300,11.928931857631759,3.689824603011636
42071011400,11.884823709787817,3.681287499657769
42071011502,11.950271170431212,3.699253861738535
42071011503,12.03330956605065,3.687813900752909
42071011504,12.069056177275838,3.717431611225188
42071011600,12.209255527720739,3.742587592744695
42071011701,12.074671247091034,3.651699360711841
42071011703,12.143581819301848,3.72918438329911
42071011704,12.099126368925394,3.676570896646133
42071011705,12.160608726214921,3.686774483915127
42071011801,12.12423634770705,3.601410146475017
42071011802,12.105266480492813,3.56472892128679
42071011803,12.180077788501027,3.636252839151266
42071011804,12.218606797399042,3.674762167693361
42071011805,12.133240882956879,3.626679698836413
42071011901,12.264434462696783,3.742000520876112
42071011902,12.20000041889117,3.696920429158111
42071012001,12.215754047227926,3.771408991101985
42071012002,12.213975099931554,3.781412242984257
42071012102,12.214062917864476,3.748360470225873
42071012103,12.170598654346338,3.795108329226557
42071012104,12.167316880903491,3.774979593429158
42071012200,12.007422245722108,3.765955160848734
42071012301,12.020117303216975,3.779278848733744
42071012302,12.043225076659822,3.773681741273101
42071012402,12.101668971252567,3.763111217659138
42071012403,12.084966097193703,3.780844234770705
42071012404,11.972219884325804,3.763267684462697
42071012501,11.733224667351129,3.721386538672142
42071012502,11.875205830253251,3.759871002053388
42071012601,11.630975604380561,3.703503577002053
42071012602,11.358032856947296,3.660297816563997
42071012700,11.630971918548939,3.702058039014374
42071012800,11.821170405201916,3.703639771389459
42071012900,11.844178291581109,3.71403758384668
42071013000,12.05719894934976,3.726924947296372
42071013101,12.072066449007529,3.667392109514032
42071013102,11.987604428473648,3.689499681724846
42071013202,12.001445073921971,3.561751748117728
42071013203,12.064845064339494,3.609206757700205
42071013204,11.883136158795346,3.617217891170431
42071013301,11.945700287474333,3.553531272416153
42071013303,11.71364904312115,3.591573878850103
42071013304,11.834802812457221,3.575317729637235
42071013400,12.008876219712526,3.529302501711157
42071013501,11.920099643394935,3.584826040383299
42071013502,12.001582544832307,3.604945823408624
42071013503,12.071032971252567,3.606244688569473
42071013601,11.899688003422314,3.614895234086242
42071013602,11.855353338809035,3.622903360027378
42071013701,11.988494161533196,3.627713081451061
42071013702,11.92552034770705,3.650831578370979
42071013800,11.66973228678987,3.627411453798768
42071013901,11.679166285420945,3.596054162902122
42071013902,11.472051027378508,3.594466826146475
42071014000,11.57367263449692,3.606914748117728
42071014101,11.805838300479124,3.647300363449692
42071014102,11.538269303901437,3.620313151266256
42071014201,11.346933670773443,3.637431029431896
42071014202,11.305304344284736,3.603667338809035
42071014300,11.101145967145791,3.555547371663244
42071014401,11.320744698151951,3.59094615468857
42071014402,11.229246299110198,3.583731470225873
42071014501,11.112732958932238,3.567056867214237
42071014502,10.63398284531143,3.50179987063655
42071014601,10.953878444900753,3.549409289527721
42071014602,10.687001769336071,3.483896044490075
42071014700,11.991026830253251,3.546550754962355
42073000100,10.907585718001369,3.603829342231348
42073000200,10.930377511293634,3.616640399041752
42073000300,10.933995600273785,3.609490809034908
42073000400,10.95046744421629,3.603069382614648
42073000600,10.942138869952088,3.607705963723477
42073000700,10.960634687200548,3.612001777549624
42073000800,10.96560711430527,3.612581506502396
42073000900,10.97001588843258,3.609847344284736
42073001000,10.990914156741958,3.597041908966461
42073010100,10.666022160164271,3.660100906913073
42073010201,10.845893771389459,3.581020991101985
42073010202,10.78814014715948,3.604429898699521
42073010300,10.731072163586584,3.567543744695414
42073010400,10.872856015058179,3.511956091033539
42073010500,10.956153539356605,3.564549607802875
42073010600,10.950773637234771,3.587509351813826
42073010700,10.954224180698152,3.59496306844627
42073010800,10.893359760438056,3.599540569472964
42073010900,10.887755515400411,3.631702236824093
42073011000,10.977123405886379,3.624549091718001
42073011100,11.028798014373717,3.599633585900068
42073011200,11.002855770704997,3.588468470910335
42073011300,11.035584536618754,3.578652670773443
42073011400,11.09292084257358,3.547217935660506
42073011500,11.014555179329227,3.578844558521561
42073011600,11.081964757700205,3.543309604380561
42073011700,11.081058874743326,3.5366222183436
42073011800,11.103069005475702,3.531947048596852
42075000100,11.69781274606434,3.813024722792608
42075000200,11.720740603696099,3.81661609377139
42075000300,11.637996518822724,3.815431822724162
42075000401,11.62089398973306,3.807488189596167
42075000402,11.643447810403833,3.814183731690623
42075000500,11.694077759753593,3.803682936344969
42075002000,10.823052851471595,3.794458537303217
42075002100,11.087013473648186,3.801066917864476
42075002200,11.154692643394935,3.811105743326489
42075002300,11.170410460643395,3.801706382614648
42075002400,11.495137042436687,3.831900969199179
42075002500,11.628133924024641,3.836834260095825
42075002600,11.626624504449008,3.831465748117728
42075002701,11.53848783504449,3.823929445585216
42075002702,11.543240254620123,3.797003641341547
42075002800,11.477455258726899,3.77958374606434
42075002900,11.493306524298426,3.775887030800821
42075003000,11.629895310746064,3.760377138945927
42075003100,11.823911667351129,3.804678308008214
42075003200,11.84439336550308,3.811520140999316
42075003300,11.698192216290212,3.792935396988364
42075003400,11.786250374401095,3.810691969883641
42075003500,11.761799715263518,3.823795256673511
42075003600,11.655717389459274,3.825238274469541
42075003700,11.788768973990418,3.839918501026694
42075003800,11.590141780971937,3.824176882956879
42075003901,11.626179432580424,3.823066000684463
42075003902,11.654529678986995,3.81934188569473
42075004000,11.91093347980835,3.838247362765229
42075004100,11.913595651608487,3.841145561259411
42075004200,11.931275820670773,3.826664320328542
42077000101,10.676038798767967,3.170797861054073
42077000102,10.691201780971937,3.207278396988364
42077000400,10.692417700889802,3.24490667761807
42077000500,10.720201506502396,3.257371679671458
42077000600,10.730319610540726,3.262503919233402
42077000700,10.683163924709103,3.26351380971937
42077000800,10.68996701026694,3.267322975359343
42077000900,10.697931526351814,3.262696631759069
42077001000,10.696632852156058,3.272727959616701
42077001200,10.720124041752224,3.272214264202601
42077001401,10.732118095140315,3.295551277207392
42077001402,10.741140117043121,3.344048843942505
42077001501,10.739389622176591,3.306478346338125
42077001502,10.735441796030116,3.312892353867214
42077001600,10.68979474606434,3.275032260780288
42077001700,10.689780015742642,3.282203427789186
42077001800,10.713528821355236,3.287841062286105
42077001900,10.681300661190965,3.300543666666667
42077002000,10.711932222450376,3.305225793292266
42077002100,10.728822201232033,3.317525876796715
42077002201,10.674459023956194,3.308407308008214
42077002202,10.714675761806982,3.325476160164271
42077002301,10.697812984941821,3.360648978097194
42077002302,10.7197288678987,3.343726148528405
42077005100,9.872289192334018,3.345770323066393
42077005200,9.929027097878166,3.378451003422314
42077005301,9.992256235455168,3.426621995893224
42077005302,10.068666174537988,3.487154730321698
42077005401,10.353008503764545,3.441510360711841
42077005402,10.438872550992471,3.484121089664613
42077005503,10.31606779945243,3.353418329226557
42077005504,10.268445809034908,3.325402947980835
42077005505,10.250771464065708,3.391299485968515
42077005506,10.423323882272416,3.407310986310746
42077005601,10.40985141615332,3.296417336071184
42077005602,10.52604278439425,3.260735370978782
42077005702,10.626627092402464,3.250820518822724
42077005703,10.66806590349076,3.250344344969199
42077005704,10.661243917180014,3.279437872689938
42077005705,10.598979271731691,3.283790141683778
42077005800,10.461563143737166,3.260787980835044
42077005901,10.574124217659138,3.218182665297741
42077005902,10.593395720054757,3.171483922655715
42077006001,10.602654924024641,3.328672910335387
42077006002,10.592395078028747,3.392671091718001
42077006101,10.71329944421629,3.389016621492129
42077006102,10.691294904175222,3.373725943874059
42077006202,10.682146327857632,3.491612346338125
42077006203,10.677366346338125,3.429965344284736
42077006204,10.636599741957563,3.443432620807666
42077006302,10.781477504449008,3.48882846201232
42077006303,10.768756262149213,3.452053948665298
42077006304,10.73817235523614,3.40007283504449
42077006305,10.730368419575633,3.428053411362081
42077006307,10.765152264887064,3.444820222450376
42077006308,10.769302115674196,3.46219105065024
42077006401,10.739913853524983,3.410101473648186
42077006402,10.75203694934976,3.450580413415469
42077006500,10.745911054072553,3.390396866529774
42077006600,10.756015656399726,3.384757117043121
42077006701,10.718110637234771,3.212691315537303
42077006702,10.722278752908966,3.28961135797399
42077006703,10.7376285229295,3.360436291581109
42077006800,10.681559494182067,3.17149811156742
42077006902,10.59499177412731,3.311069703627652
42077006903,10.631197771389459,3.264015514715948
42077006905,10.657304953456537,3.335587967145791
42077006906,10.694069411362081,3.321351197809719
42077007000,10.686441316906229,3.423424176591376
42077009100,10.622878432580424,3.103668667351129
42077009200,10.632898815195072,3.126650631074606
42077009300,10.660749857631759,3.136211793976728
42077009400,10.675245173169062,3.148191822724162
42077009500,10.644057081451061,3.124902039698836
42077009600,10.715096631074606,3.224207209445585
42077009700,10.713177770020534,3.281361707734428
42079200100,8.931351529089665,3.606526008213552
42079200200,8.929198780971937,3.610724299794661
42079200300,8.927968806297057,3.619610034907598
42079200400,8.928820251882272,3.612789401779603
42079200500,8.925608273785079,3.604305887748118
42079200600,8.922391146475017,3.6031614770705
42079200700,8.929867077344285,3.599383039698836
42079200800,8.92347953798768,3.597819575633128
42079200900,8.925274867214237,3.591982654346338
42079201000,8.933093292950034,3.598486126625599
42079201100,8.930732270362765,3.602680086926762
42079201200,8.933599911704312,3.608750222450376
42079201300,8.926208266255989,3.596898500342231
42079201400,8.926808317590691,3.595688597535934
42079201500,8.933382205338809,3.588090013004791
42079201600,8.931262647501711,3.593611321697468
42079210100,8.832766466803559,3.517601588637919
42079210200,8.884834613963039,3.554419492813142
42079210300,8.896977456536619,3.56755780698152
42079210400,8.913713278576318,3.583822123887748
42079210500,8.932611357289528,3.599526417522245
42079210600,8.923901636550308,3.588472338124572
42079210700,8.934367804243669,3.597404535249829
42079210800,8.923988865160849,3.586361901437372
42079210900,8.920882771389459,3.588544074606434
42079211000,8.931530878850103,3.604582897330596
42079211101,8.930958800821355,3.616070585900068
42079211102,8.892485199178645,3.629325941820671
42079211201,8.78910366255989,3.637379609856263
42079211203,8.817822463381246,3.636848162217659
42079211204,8.771150676933607,3.630273761806982
42079211205,8.700849796030116,3.622792451060917
42079211301,8.865979004791239,3.646707651608487
42079211302,8.749985177960301,3.634330765913758
42079211303,8.620526264202601,3.611948908281999
42079211304,8.554064798083504,3.608508509240246
42079211400,8.881688440109514,3.633665245722108
42079211500,8.915224540041068,3.618771353867214
42079211600,8.928186526351814,3.613082944558522
42079211701,8.85313135523614,3.532253169746749
42079211702,8.903763377823409,3.571590944558522
42079211800,8.89540676386037,3.555855462696783
42079211900,8.925095568104038,3.591847548939083
42079212000,8.936831816563997,3.605977959616701
42079212100,8.932540097193703,3.615022461327858
42079212200,8.919576321697468,3.618998674880219
42079212300,8.919616509240246,3.629819234770705
42079212700,8.928050004791239,3.622983392197125
42079212800,8.930010460643395,3.615443088295688
42079212900,8.926228186858316,3.615365062286105
42079213000,8.929063922655715,3.617368507186858
42079213100,8.928476519507187,3.607756741273101
42079213200,8.925667960985626,3.619217904859685
42079213300,8.916175897330596,3.633070308692676
42079213400,8.914430135523614,3.630322403148528
42079213600,8.921861352498289,3.629259590691307
42079213700,8.915301225188227,3.628093975359343
42079213800,8.916309533880904,3.628803308008214
42079213900,8.8873498678987,3.64393245927447
42079214000,8.915895653661875,3.638672287474333
42079214100,8.926953780971937,3.640533517453799
42079214200,8.923870848049281,3.632567108829569
42079214300,8.931611963039014,3.625070277891855
42079214400,8.931898298425736,3.635511627652293
42079214500,8.92070468514716,3.622225313483915
42079214600,8.926778281314168,3.60911733744011
42079214900,8.916919266940452,3.586515345653662
42079215000,8.927152473648186,3.603699612594114
42079215100,8.924709451060917,3.59516826899384
42079215200,8.920365620123203,3.5855267816564
42079215300,8.717329637919233,3.431158202600958
42079215400,8.818258249144422,3.46594649486653
42079215501,8.865020912388775,3.528861295003422
42079215502,8.903673812457221,3.545389612594114
42079215503,8.933025088980151,3.587020255304586
42079215504,8.98572783504449,3.615052583162218
42079215600,8.94551454825462,3.651233307323751
42079215701,8.833722278576318,3.655170962354552
42079215702,8.894671203285421,3.683624355920602
42079215800,8.578522788501027,3.621528928131417
42079215900,8.724477828199863,3.664888783025325
42079216000,9.00434075633128,3.696657908966461
42079216100,9.119996039014374,3.7217636091718
42079216200,9.117015585900068,3.685970828199863
42079216400,9.247328396988364,3.682679060232717
42079216501,9.11973443394935,3.609541709103354
42079216502,9.141688370294319,3.635204681724846
42079216600,9.008371983572895,3.567755188911704
42079216700,8.940595026009582,3.498372655715264
42079216800,8.881560305954826,3.439912331964408
42079216900,9.037707947980835,3.51743170568104
42079217001,9.177738425051335,3.588076268309377
42079217002,9.075570908281999,3.569124980835044
42079217100,9.072338735797399,3.5377692183436
42079217200,9.095875559890486,3.537963887063655
42079217300,9.121928711841205,3.53940629705681
42079217400,9.115331993839836,3.545427422313484
42079217500,9.100332531143053,3.542233136892539
42079217600,9.092460828199863,3.54917567008898
42079217700,9.074513485968515,3.549586900068446
42079217800,9.100358452429843,3.551427095140315
42079217900,9.103274493497604,3.561683737166324
42079218000,8.925283497604381,3.615937074606434
42079980100,9.112076125941136,3.578796549623546
42081000100,9.244284587953456,3.899541212183436
42081000200,9.238833718001369,3.893573191649555
42081000300,9.26265294934976,3.900715550308008
42081000400,9.295973915126626,3.91129786036961
42081000500,9.281197199178645,3.910595377138946
42081000600,9.300688490075291,3.919501733059548
42081000800,9.316356919917864,3.921758449007529
42081000900,9.233456209445585,3.876202685831622
42081001000,9.1905958678987,3.8641131724846
42081010100,8.338879783709788,3.616207898699521
42081010200,8.270780377823409,3.548327628336756
42081010300,8.807362056810404,3.719397523613963
42081010400,8.711794674195756,3.735552177275838
42081010500,8.668996223134839,3.734099963039014
42081010600,8.95786868514716,3.81046193155373
42081010700,9.026345163586584,3.847442026694045
42081010800,9.352949839835729,3.9423545229295
42081010900,9.231745214921287,3.902485978097194
42081011000,9.304089244353183,3.920822716632444
42081011100,9.286802709103354,3.915652396303901
42081011200,9.149526993839836,3.870155381245722
42081011301,9.046272148528405,3.806765700889802
42081011302,9.097615361396304,3.836944393566051
42081011400,9.360546753593429,3.91357667761807
42081011601,9.320548925393566,3.906120768651608
42081011602,9.375193234086242,3.935482090349076
42081011700,9.554581438056126,3.969372868583162
42081011800,9.125963174537988,3.79196389596167
42081011900,8.906265508555784,3.718622075975359
42083420100,8.26164838329911,3.706911058179329
42083420200,8.23585019028063,3.694846385352498
42083420300,8.23761439835729,3.70197744421629
42083420400,8.237879278576318,3.704124376454483
42083420500,8.23823826146475,3.708252353182752
42083420600,8.137745655715264,3.664921161533196
42083420700,8.122364314168378,3.641685087611225
42083420800,8.236337875427789,3.683480409993155
42083420900,8.374228960301164,3.725319382614648
42083421000,8.291958749486653,3.711320611225188
42083421100,8.431472325804244,3.756193611225188
42083421200,8.540442897330596,3.773698941820671
42085030100,10.734016241615332,3.378133379192334
42085030300,10.689971707734428,3.371432682409309
42085030400,10.680395821355236,3.356000250513347
42085030500,10.716047479123888,3.321210041752224
42085030900,10.730656287474333,3.319184348391513
42085031100,10.738951245722108,3.328740132785763
42085031200,10.660361963723477,3.407352665297741
42085031300,10.578105026694045,3.43546635797399
42085031400,10.643975134154689,3.378404149897331
42085031700,10.630970886379192,3.400490700205339
42085031800,10.056663144421629,3.781852034223135
42085031900,10.238978271047228,3.705600541409993
42085032000,10.258251861054073,3.669357976728268
42085032100,10.274964480492813,3.676005635865845
42085032200,10.280895186173854,3.681416995208761
42085032300,10.514952715263518,3.49955711156742
42085032400,10.380163917864476,3.595622865160849
42085032501,10.045887153319644,3.757535016427105
42085032502,10.129148614647502,3.730866543463381
42085032601,10.433459468172485,3.596847006160164
42085032602,10.363184725530459,3.672495675564682
42085032701,10.793071679671458,3.4293869137577
42085032702,10.621270455167693,3.515265582477755
42085032800,10.251095102669404,3.728182488706366
42085032900,10.335320101984942,3.716253222450376
42085033000,10.352810403832991,3.712915782340862
42085033100,10.535934904175222,3.65230093155373
42085033200,10.722188635865845,3.36289723613963
42085033300,10.659539460643395,3.419596701574264
42085033400,10.764246019164956,3.34393331485284
42087960100,9.508602875427789,3.555965446954141
42087960200,9.661428507871321,3.513390305954826
42087960300,9.678151902806297,3.519174316906229
42087960400,9.669446940451745,3.605370849418207
42087960500,9.708156027378508,3.573294386721424
42087960600,9.762746475017112,3.568773904859685
42087960700,9.767576175906913,3.575225116358658
42087960800,9.766371488021903,3.5745455229295
42087960900,9.776640950034223,3.577107427789186
42087961000,9.735205018480493,3.566481789869952
42087961100,9.745862472963724,3.587353673511294
42087961200,9.706876074606434,3.624001256673511
42089300101,8.369349898699521,3.063784016427105
42089300102,8.471836508555784,3.056247830937714
42089300201,8.214061527720739,3.096671162902122
42089300202,8.445232188227242,3.054482352498289
42089300301,8.401517327173169,3.193770817932923
42089300304,8.623757648186174,3.153208509924709
42089300305,8.292549772073922,3.13359034770705
42089300307,8.316855942505134,3.139493545516769
42089300308,8.32766860164271,3.171900501026694
42089300309,8.508393638603696,3.16547929431896
42089300311,8.45185959890486,3.160532029431896
42089300312,8.50661473853525,3.247110665297741
42089300401,8.561397273100616,3.047292911019849
42089300402,8.68279611156742,3.048595265571526
42089300403,8.775165884325804,3.091415285420945
42089300501,8.853466892539357,3.028654302532512
42089300502,8.736626117043121,3.048073336755647
42089300600,8.854989052703628,3.050657396988364
42089300700,8.90713012936345,3.051485602327173
42089300800,8.937132584531143,3.052403627652293
42089300900,8.858782085557837,3.055671722792608
42089301001,8.755709159479808,3.05622125119781
42089301002,9.007701750855578,3.054086805612594
42089301101,9.008704416837782,3.087169681040383
42089301102,9.171628597535934,3.089050574264203
42089301202,9.079521772758385,3.137920015058179
42089301203,9.34054438329911,3.143710162902122
42089301204,8.874408664613279,3.160718617385352
42089301205,8.869959635181383,3.132495389459274
42089301301,9.037994109514032,3.200790440793977
42089301302,9.436109509924709,3.195570727583847
42089301401,8.559397572895277,3.039950838466804
42089301402,8.429328809034908,3.053109023271732
42091200103,10.455245137577002,3.117968128678987
42091200104,10.470676016427105,3.0984541321013
42091200105,10.549106805612594,3.103929957563313
42091200106,10.550721796714579,3.122382177275838
42091200200,10.49269097467488,3.121742544832307
42091200301,10.483543841204654,3.16494273100616
42091200305,10.436653955509925,3.152588457905544
42091200306,10.451923238877481,3.145392032169747
42091200307,10.503779806297057,3.151082593429158
42091200308,10.522005986995209,3.15170290349076
42091200309,10.526423229295003,3.140659922655715
42091200310,10.504102572895277,3.137174214921287
42091200401,10.462407503764545,3.161395160164271
42091200402,10.42826374880219,3.164391397672827
42091200501,10.41535687816564,3.187902282683094
42091200502,10.458726407255305,3.175783814510609
42091200505,10.413057173853525,3.208763917180014
42091200506,10.455878701574264,3.191871364818617
42091200507,10.48552780971937,3.17565759890486
42091200602,10.446534106091718,3.252751380561259
42091200603,10.395085840520192,3.266687099247091
42091200605,10.412609247091034,3.229683832306639
42091200606,10.407711536618754,3.254381736481862
42091200607,10.390654105407255,3.252362663244353
42091200703,10.399984808350445,3.282649084188912
42091200704,10.449797364134155,3.28963038329911
42091200707,10.400014600958248,3.302209091718001
42091200708,10.467078467488022,3.313080058179329
42091200800,10.43783101026694,3.306060585900068
42091200901,10.464312140999316,3.278130197125257
42091200902,10.471662882956879,3.274696345653662
42091200903,10.48239188843258,3.266665850102669
42091200906,10.472986371663244,3.261581412731006
42091200907,10.483384963723477,3.282869271047228
42091200908,10.466488995893224,3.285420967830253
42091201003,10.498723084188912,3.245900597535934
42091201004,10.497833783025325,3.265200595482546
42091201005,10.527428186173854,3.25625354072553
42091201006,10.519686370294319,3.22662056605065
42091201100,10.504429689938398,3.233265176591376
42091201201,10.502229221765914,3.20278141889117
42091201203,10.495394587953456,3.188737519507187
42091201204,10.525339719370294,3.171233110882957
42091201301,10.53361096440794,3.163970633127994
42091201302,10.554618134154689,3.1582823045859
42091201404,10.55276563449692,3.155351156057495
42091201406,10.575579744695414,3.14937773100616
42091201407,10.609139353867214,3.138971562628337
42091201408,10.52562545174538,3.162419168377823
42091201409,10.499330624914442,3.176651090349076
42091201410,10.522175116358658,3.1651206091718
42091201411,10.563968612594114,3.150501184804928
42091201501,10.590673431211499,3.105215062286105
42091201502,10.592549995208761,3.115185378507871
42091201603,10.544471411362081,3.150504181382615
42091201604,10.564145204654346,3.149159826146475
42091201605,10.573992066392882,3.143938787816564
42091201606,10.574699295687885,3.141156648870637
42091201607,10.586801376454483,3.138329843942505
42091201608,10.574669012320328,3.129734121149897
42091201703,10.599332708418891,3.137499608487337
42091201704,10.629556297741273,3.138455595482546
42091201705,10.645872746748802,3.130105140999316
42091201706,10.627027976728268,3.13522979945243
42091201800,10.622725116358658,3.126296492128679
42091201901,10.623029109514032,3.101925588637919
42091201902,10.655244388090349,3.100962210814511
42091202000,10.629577603011636,3.086184678986995
42091202100,10.649514865160849,3.117414265571526
42091202201,10.670961260780288,3.074163841204654
42091202202,10.691746983572895,3.064663941820671
42091202301,10.682880735797399,3.098354396988364
42091202302,10.684133098562628,3.102026498288843
42091202401,10.699572112251882,3.100960266255989
42091202402,10.70789332238193,3.089055990417522
42091202500,10.687414012320328,3.11433337577002
42091202602,10.66250814715948,3.115070151266256
42091202603,10.660969022587269,3.123518980150582
42091202604,10.651852321013005,3.127955008213552
42091203000,10.58643257357974,3.125284900752909
42091203103,10.614459121149897,3.095923666666667
42091203104,10.641177566735113,3.098668586584531
42091203105,10.662037691307324,3.099347028062971
42091203106,10.625257187542779,3.092208714579055
42091203203,10.541884659137577,3.164952045859001
42091203204,10.533225026694045,3.186568212867899
42091203205,10.541958138261465,3.159792690622861
42091203207,10.542890028062971,3.151561495550992
42091203208,10.563039335386721,3.123806638603696
42091203302,10.575321349075975,3.205813453798768
42091203303,10.54959442642026,3.132605010951403
42091203304,10.544450531143053,3.131106493497604
42091203401,10.588088014373717,3.190284965092402
42091203402,10.629805042436687,3.233243381245722
42091203403,10.614804887063655,3.198425107460643
42091203500,10.547034042436687,3.093825874743326
42091203601,10.561801136208077,3.121751854209446
42091203602,10.5571788275154,3.118280873374401
42091203700,10.564521086926762,3.164958859685147
42091203801,10.581443124572211,3.152685785078713
42091203803,10.591766438056126,3.153626976728268
42091203804,10.594642941136208,3.156064037645448
42091203901,10.576311342231348,3.123263464065708
42091203902,10.567825252566735,3.103841059548255
42091204002,10.550891671457906,3.054218229295003
42091204007,10.58637964202601,3.077194545516769
42091204008,10.597187417522245,3.082726086926762
42091204009,10.56089773100616,3.085923310061602
42091204010,10.549946660506502,3.101460097878166
42091204101,10.624675552361396,3.094576618754278
42091204102,10.63792793908282,3.107983018480493
42091204200,10.651501759753593,3.12311703559206
42091204300,10.830478066392882,3.089817550992471
42091204400,10.829771707734428,3.098747258042437
42091204500,10.825085730321698,3.10993731485284
42091204600,10.800223757015743,3.125519423682409
42091204701,10.769874972621492,3.117664171115674
42091204702,10.804535382614648,3.107860460643395
42091204800,10.716271074606434,3.120507466119096
42091204900,10.695294754962355,3.152922577686516
42091205000,10.741132173853525,3.155165353182752
42091205100,10.74866353045859,3.149956436002738
42091205200,10.756833689253936,3.140068369609856
42091205300,10.778558490759754,3.15345837303217
42091205400,10.794769474332649,3.133508169746749
42091205501,10.79254441615332,3.143484716632444
42091205502,10.811708311430527,3.138208969199179
42091205503,10.822126441478439,3.126044517453799
42091205600,10.80896970568104,3.126494622861054
42091205700,10.591012504449008,3.124775772758385
42091205801,10.661202110882957,3.261364124572211
42091205805,10.617567436002738,3.174705598220397
42091205806,10.604257789185489,3.138664940451745
42091205807,10.629335037645448,3.180884372347707
42091205808,10.632971620123203,3.213284459958932
42091205809,10.609161295687885,3.171665475017112
42091205903,10.65566665229295,3.208375227926078
42091205904,10.662873065023956,3.159619008213552
42091205905,10.636416739904175,3.164774999315537
42091205906,10.620435438740589,3.121146460643395
42091206004,10.649539697467488,3.287819047912389
42091206005,10.620559295687885,3.25367394934976
42091206006,10.648474890485968,3.272938197809719
42091206007,10.676378468172485,3.308833839151266
42091206102,10.713844273785079,3.371665883641342
42091206104,10.713201823408624,3.389911794661191
42091206105,10.751245318275154,3.432296158110883
42091206106,10.772481076659822,3.450364112251882
42091206201,10.794821938398357,3.46836378439425
42091206202,10.792275536618754,3.468061904859685
42091206300,10.693784823408624,3.379650778234086
42091206400,10.708291550992471,3.405647553730322
42091206501,10.699275759753593,3.409838527036276
42091206502,10.683168613963039,3.420397918548939
42091206600,10.686661488021903,3.436005428473648
42091206702,10.660021927446954,3.382507106776181
42091206703,10.64848962422998,3.383972650239562
42091206704,10.640116169062286,3.345570718001369
42091206801,10.564431689938398,3.258736510609172
42091206802,10.610332615331964,3.274870417522245
42091206901,10.492678704996578,3.28918355578371
42091206904,10.499480342231348,3.313281668720055
42091206905,10.560577557152635,3.319815121149897
42091206906,10.542753517453799,3.292202722792608
42091207001,10.585008399726215,3.362185247775496
42091207003,10.567116829568788,3.383161377138946
42091207004,10.5565719137577,3.370364396303901
42091207101,10.5031364770705,3.358496734428474
42091207103,10.455295789869952,3.35866765229295
42091207104,10.439179950718686,3.336837517453799
42091207201,10.433510825462012,3.336879149897331
42091207202,10.416150607802875,3.337312061601643
42091207300,10.419408776180698,3.343161442162902
42091207400,10.52666107871321,3.39549663449692
42091207500,10.622676327173169,3.427098308692676
42091207600,10.60536673100616,3.433547222450376
42091207800,10.707159938398357,3.471747774811773
42091207900,10.65927628678987,3.451287709787817
42091208000,10.682413455852156,3.459853574948665
42091208100,10.702770335386721,3.467068321697468
42091208201,10.773667221081451,3.514048627652293
42091208203,10.833806776865161,3.535910480492813
42091208204,10.859054570157426,3.542780121149897
42091208301,10.755196882956879,3.500346526351814
42091208302,10.805033470225873,3.523121872005476
42091208400,10.719346474332649,3.476539429158111
42091208500,10.691841837782341,3.455866287474333
42091208601,10.754472791238878,3.476329850787132
42091208603,10.817637227926078,3.505444342231348
42091208604,10.785735104722793,3.473914726214921
42091208702,10.843641562628337,3.538755627652293
42091208703,10.814372772073922,3.515514610540726
42091208704,10.840399519507187,3.533767060232717
42091208801,10.886915223819302,3.556233435318275
42091208802,10.865640913073238,3.545842188227242
42091208901,10.89052823613963,3.557955122518823
42091208903,10.862016158795346,3.543327475017112
42091208904,10.885283864476386,3.555680038329911
42091208905,10.867952464065708,3.550691171800137
42091208906,10.877801618754278,3.550423830937714
42091209000,10.912220847364819,3.564212901437372
42091209100,10.86521965229295,3.544520838466804
42091209201,10.929025546201232,3.568495670773443
42091209202,10.924621184804928,3.568737196440794
42091210100,10.608691976043806,3.130452773442847
42091210200,10.643047965776865,3.127351877481177
42091210300,10.660080407939767,3.115195993839836
42091210400,10.669718107460643,3.119313470910335
42091210500,10.691430755646817,3.114138453114305
42091210600,10.543968195756331,3.073457203969884
42091210700,10.671201923340178,3.338883581793292
42093050100,9.77472264476386,4.0230956091718
42093050200,9.923473203969884,3.998148935660506
42093050300,9.951540425051335,4.00747572347707
42093050400,9.974589611225188,4.035061886379192
42095010100,10.517556395619439,3.106195002053388
42095010200,10.551690198494182,3.094279371663244
42095010300,10.606455576317591,3.091887404517454
42095010400,10.554193710472279,3.093661597535934
42095010500,10.605569711156742,3.09489705338809
42095010600,10.600647257357974,3.096252657768652
42095010700,10.631362040383299,3.106055295687885
42095010800,10.643437915126626,3.118547829568788
42095010900,10.672402859685147,3.154577973305955
42095011000,10.656827361396304,3.14311037303217
42095011100,10.656486907597536,3.150568206707734
42095011200,10.637213392881588,3.13741347980835
42095011300,10.586450754277892,3.131225605749487
42095014100,10.128571648186174,3.146537527036276
42095014200,10.24273259890486,3.165652084873374
42095014300,10.197251258726899,3.159638414099932
42095014400,10.170544859685147,3.153820285420945
42095014500,10.154172737850787,3.149575271047228
42095014600,10.304914828199863,3.161330041752224
42095014700,10.22491060164271,3.159979006160164
42095015201,9.383882997262149,3.09174952019165
42095015300,9.465463761806982,3.096422101984942
42095015400,9.591662198494182,3.102713754277892
42095015500,9.680331589322382,3.140455399041752
42095015600,9.412157327173169,3.112774281314168
42095015700,9.50346966255989,3.127853521560575
42095015801,9.944944767967146,3.163075178644764
42095015802,9.667175065023956,3.158532274469541
42095015901,9.908446740588638,3.186717004791239
42095015902,9.878009027378508,3.214570759069131
42095016001,9.884513229979466,3.26543425119781
42095016002,9.866112841889117,3.314709911704312
42095016100,9.900636075975359,3.335830583162218
42095016201,10.357540543463381,3.26166635797399
42095016202,10.422834729637235,3.237646829568788
42095016300,10.52233944421629,3.231553692676249
42095016400,10.290886783709788,3.241551588637919
42095016500,10.343967277891855,3.176383425735797
42095016600,10.22825032238193,3.174641284736482
42095016700,10.180070070499658,3.166084118412046
42095016800,10.149343706365503,3.164701947980835
42095016901,10.377584935660506,3.137436166324435
42095016902,10.32063306091718,3.16182636550308
42095017000,10.049649167693361,3.157521841204654
42095017101,10.15618692128679,3.165367863107461
42095017102,9.996606843942505,3.148081597535934
42095017200,10.301360016427105,3.173361924709103
42095017300,10.308477767967146,3.170996298425736
42095017401,10.226635127994524,3.171886980835044
42095017402,10.368608175906913,3.177172691307324
42095017501,10.387810386721424,3.165739018480493
42095017502,10.379369869952088,3.157914095824778
42095017603,10.532752945927447,3.10095487063655
42095017604,10.485517335386721,3.117870056810404
42095017605,10.443099935660506,3.137271893223819
42095017606,10.496671741957563,3.119496743326489
42095017607,10.459655234770705,3.137411820670773
42095017702,10.542856239561944,3.11638783504449
42095017703,10.574918963039014,3.084784603696099
42095017704,10.488818991786448,3.120935834360027
42095017800,10.58180633744011,3.091216012320328
42095017901,10.572722556468172,3.170068187542779
42095017902,10.553949836413416,3.185922795345654
42095018001,10.475088292265572,3.163761255989049
42095018002,10.620251394250513,3.206994772758385
42095018100,10.263943414784394,3.15914605065024
42095018200,9.220467101984942,3.020230740588638
42095018300,9.159832754962355,3.040874703627652
42097080100,9.882687171800137,4.06972612936345
42097080200,9.788174963039014,4.042903574264203
42097080300,10.075795206707734,4.084878630390144
42097080400,10.164122404517454,4.099106440793977
42097080500,10.216038610540726,4.08968184531143
42097080600,10.250636958247776,4.076493390143737
42097080700,10.0217854366872,4.004052533880904
42097080800,10.017909561259411,3.94464198973306
42097080900,9.80761288569473,3.806802442162902
42097081000,9.768262250513347,3.78946915742642
42097081100,9.772863210130048,3.790368391512663
42097081200,9.964821106776181,3.877307069815195
42097081300,10.003734932238193,3.887610383983573
42097081400,10.002007130047912,3.883372857631759
42097081500,9.971424335386721,3.880606429158111
42097081600,9.98757185284052,3.883480533880904
42097081700,9.96780458384668,3.872226405886379
42097081800,10.113027303901437,3.905711816563997
42097081900,10.250660245037645,4.0179241724846
42097082000,10.259953303216975,4.057218392197125
42097082100,10.278062509240246,4.057305057494866
42097082200,10.26814135797399,4.047415368925394
42097082300,10.27637345174538,3.899090417522245
42097082400,9.84668361670089,3.826417105407255
42099030100,10.32545158384668,3.714644344969199
42099030201,10.535958048596852,3.70273771321013
42099030202,10.354390167008898,3.627428675564682
42099030301,10.876904342915811,3.59022273853525
42099030302,10.701972391512663,3.639343403148528
42099030400,11.022158596851472,3.550879796030116
42099030501,10.639588476386037,3.445578855578371
42099030502,10.433819612594114,3.502409078028747
42099030601,10.150989110198494,3.503926828884326
42099030602,9.888092149212868,3.52506159890486
42101000100,10.813370149212868,2.963541455852156
42101000200,10.83952740862423,2.969612747433265
42101000300,10.857913232717317,2.985080442847365
42101000401,10.86491716495551,2.990602080082136
42101000402,10.870976368240931,2.979629704996578
42101000500,10.842640301848049,2.965964309377139
42101000600,10.838494146475017,2.963896394934976
42101000700,10.86265032238193,2.982379385352498
42101000801,10.871425229979466,2.994391986310746
42101000803,10.864931603696099,2.9858323045859
42101000804,10.858926704996578,2.973130336071184
42101000901,10.851331631074606,2.96907522587269
42101000902,10.836331479123888,2.968191922655715
42101001001,10.827537144421629,2.969606765913758
42101001002,10.815688691307324,2.967699492813142
42101001101,10.855465125941136,2.970204839835729
42101001102,10.834921370978782,2.966792565366188
42101001201,10.874166719370294,2.993647617385352
42101001202,10.855521549623546,2.975448375085558
42101001300,10.874755438740589,2.999434565366188
42101001400,10.854355056125941,2.976625259411362
42101001500,10.845810752908966,2.974272892539357
42101001600,10.815140876796715,2.973122741273101
42101001700,10.814288659137577,2.976223897330596
42101001800,10.841326894592745,2.971978239561944
42101001900,10.852627508555784,2.978207268309377
42101002000,10.862354786447639,2.998847518822724
42101002100,10.860938719370294,2.989909509924709
42101002200,10.860474264887064,2.98244185284052
42101002300,10.846327552361396,2.983577559890486
42101002400,10.839697590691307,2.973656524298426
42101002500,10.81382792881588,2.981358201232033
42101002701,10.820939030116359,2.991851943189596
42101002702,10.810418255304586,2.994239795345654
42101002801,10.825356461327858,2.987943313483915
42101002802,10.836069840520192,2.991836307323751
42101002900,10.846141006844627,2.990203574264203
42101003001,10.847408485968515,2.994440698836413
42101003002,10.847619270362765,2.99101892881588
42101003100,10.857191902121834,2.994356514031485
42101003200,10.862140481177276,3.002929563997262
42101003300,10.878935047227926,3.016662462696783
42101003600,10.853693945927447,3.012471538672142
42101003701,10.843352431211499,2.996154910335387
42101003702,10.848530295003422,3.006023883641342
42101003800,10.834589274469541,3.011348471594798
42101003901,10.827651188227242,2.995507364818617
42101003902,10.803933065023956,3.008538481861738
42101004001,10.823747135523614,3.00198534770705
42101004002,10.814275391512663,3.006802511293634
42101004101,10.807220485284052,2.997475071868583
42101004102,10.804290411362081,3.01027129431896
42101004201,10.80625543394935,3.002029075290897
42101004202,10.76920343394935,3.010273675564682
42101005000,10.738239238877481,3.056716387405886
42101005400,10.736495360027378,3.117307905544148
42101005500,10.81068725119781,3.106488755646817
42101005600,10.7843085633128,3.107299997262149
42101006000,10.832693791238878,3.100998282683094
42101006100,10.844719358658453,3.081994795345654
42101006200,10.843382977412731,3.084294763175907
42101006300,10.840703711841205,3.094690571526352
42101006400,10.83662881724846,3.091923500342231
42101006500,10.856629672826831,3.083169456536619
42101006600,10.854927066392882,3.074529108145106
42101006700,10.85638306091718,3.071759167008898
42101006900,10.867248323066393,3.047200758384668
42101007000,10.866348321697468,3.061090117043121
42101007101,10.856291406570842,3.064086366872006
42101007102,10.871525472279261,3.071439280629706
42101007200,10.873109876796715,3.081866928131417
42101007300,10.88196553045859,3.067440417522245
42101007400,10.879417967830253,3.046747755646817
42101007700,10.878896117727584,3.038678609856263
42101007800,10.878779486652977,3.052369247091034
42101007900,10.876275563997262,3.056215124572211
42101008000,10.874103793292266,3.067345650924025
42101008101,10.86544262422998,3.077610511978097
42101008102,10.871500108145106,3.084335496919918
42101008200,10.868997479123888,3.097599266255989
42101008301,10.862587186173854,3.097355810403833
42101008302,10.869007776180698,3.093587945927447
42101008400,10.861653059548255,3.080987054757016
42101008500,10.872106635181383,3.069592508555784
42101008601,10.878867249828884,3.055975443531828
42101008602,10.875376646132786,3.058333804243669
42101008701,10.878547965776865,3.044785739219712
42101008702,10.879071464750171,3.03924068788501
42101008801,10.879421386721424,3.029331091718001
42101008802,10.876277826830938,3.030292792607803
42101009000,10.868849472963724,3.014991285420945
42101009100,10.873140541409993,3.029351908281999
42101009200,10.875005229295003,3.044801828884326
42101009300,10.87230511156742,3.071083242984257
42101009400,10.867673134154689,3.080329219028063
42101009500,10.87329677412731,3.091916301163587
42101009600,10.85791473853525,3.099320834360027
42101009801,10.832691474332649,3.126580420260096
42101009802,10.832571442847365,3.123447171115674
42101010000,10.849224620123203,3.103118823408624
42101010100,10.863162088295688,3.09817945174538
42101010200,10.869942040383299,3.082595080082136
42101010300,10.866943865845311,3.072317447638604
42101010400,10.872673445585216,3.063191787132101
42101010500,10.871461458590007,3.058641898015058
42101010600,10.870700586584531,3.048154213552361
42101010700,10.867356422313484,3.0458175633128
42101010800,10.873007475701574,3.036833880219028
42101010900,10.869701058863792,3.021571753593429
42101011000,10.866809986995209,3.050845303216975
42101011100,10.862918537303217,3.07083051266256
42101011200,10.869747828199863,3.088174338809035
42101011300,10.862077664613279,3.093636386721424
42101011400,10.853443034223135,3.102342724845996
42101011500,10.846706945242984,3.111253672826831
42101011700,10.84242347980835,3.10191689596167
42101011800,10.856826649555099,3.096312446954141
42101011900,10.855966751540041,3.08809636550308
42101012000,10.844098587268994,3.091169203969884
42101012100,10.848530532511978,3.090198013689254
42101012201,10.843023151266256,3.08112693908282
42101012203,10.838733321013005,3.082304141683778
42101012204,10.844472515400411,3.083799170431212
42101012500,10.854470817932923,2.99112772073922
42101013100,10.835397438056126,2.973232839835729
42101013200,10.842898568104038,2.979178290896646
42101013300,10.850135362080767,2.989517839151266
42101013401,10.858260690622861,3.00405292128679
42101013402,10.856139445585216,2.990342454483231
42101013500,10.848102637234771,2.997274630390144
42101013601,10.858333427104723,3.006641600273785
42101013602,10.859906862422998,3.015084418206708
42101013700,10.859846652977413,3.024488059548255
42101013800,10.850210917180014,3.013924602327173
42101013900,10.846470644079398,3.005988527720739
42101014000,10.844109474332649,2.995245572895277
42101014100,10.838219631759069,2.984238539356605
42101014200,10.797886415468857,2.966608830253251
42101014300,10.772707018480493,2.970913830253251
42101014400,10.813190481861738,2.979008401779603
42101014500,10.821373023956194,2.98482295687885
42101014600,10.831118618754278,2.993635845995893
42101014700,10.839661167008898,3.002055310061602
42101014800,10.840996079397673,3.011801481177276
42101014900,10.846443038329911,3.023360232717317
42101015101,10.854431287474333,3.041048177275838
42101015102,10.843823709787817,3.031602361396304
42101015200,10.843628367556468,3.020202321697468
42101015300,10.833291855578371,3.008617292265572
42101015600,10.808478270362765,2.990120529089665
42101015700,10.793758062286105,2.982317957563313
42101015800,10.790964195071869,2.97882594934976
42101016000,10.765271312799452,2.98091054072553
42101016100,10.768388265571526,2.987509826146475
42101016200,10.793274666666667,2.990450448323066
42101016300,10.78270659137577,2.996238578370979
42101016400,10.800141370294319,3.004555049965777
42101016500,10.807148041067762,3.004691334017796
42101016600,10.814091407255305,3.00908631211499
42101016701,10.83073181724846,3.021461112936345
42101016702,10.820141327857632,3.01431787063655
42101016800,10.840722651608487,3.030521535249829
42101016901,10.834482186173854,3.035947826830938
42101016902,10.846535271047228,3.047222422313484
42101017000,10.831845017111567,3.062525617385352
42101017100,10.833338143737166,3.054636716632444
42101017201,10.829308741957563,3.039175990417522
42101017202,10.829532003422314,3.040523488706366
42101017300,10.81911357357974,3.027272
42101017400,10.802103095140315,3.015048991101985
42101017500,10.79372653798768,3.011335138261465
42101017601,10.777953599589322,3.001708127994524
42101017602,10.768780639288159,3.000604950718686
42101017701,10.73672677412731,2.989251110882957
42101017702,10.752284967145791,2.997229149897331
42101017800,10.744118016427105,2.991500968514716
42101017900,10.741107686516085,2.987522800136892
42101018001,10.738595993839836,2.980164149897331
42101018002,10.728654691991786,2.984918170431212
42101018300,10.64914988569473,2.986155364134155
42101018400,10.627091159479808,2.993571543463381
42101018800,10.715474310061602,2.992705486652977
42101019000,10.687471614647502,2.989159863791923
42101019100,10.708231926078029,3.00176416495551
42101019200,10.731090828199863,2.99638180971937
42101019501,10.763310839835729,3.007356377823409
42101019502,10.757989110882957,3.00554668788501
42101019700,10.762020718685832,3.032109023271732
42101019800,10.774971861054073,3.025997270362765
42101019900,10.785664704996578,3.021298760438056
42101020000,10.795358285420945,3.021938185489391
42101020101,10.80642774606434,3.031787968514716
42101020102,10.796003214236824,3.037814609856263
42101020200,10.812521623545517,3.045744136208077
42101020300,10.784555420260096,3.034632856947296
42101020400,10.7809199137577,3.051817349075975
42101020500,10.801976605065024,3.051000624914442
42101020600,10.817545761122519,3.077344821355236
42101020700,10.837018882272416,3.075351189596167
42101020800,10.822356252566735,3.082053979466119
42101020900,10.829957980150582,3.092136062286105
42101021000,10.812241390143737,3.097488639288159
42101021100,10.810663535249829,3.09519312183436
42101021200,10.788174173169062,3.097172057494866
42101021300,10.793577211498973,3.103782281314168
42101021400,10.80268671321013,3.100752712525667
42101021500,10.788144567419576,3.107594824093087
42101021600,10.765423393566051,3.113823506502396
42101021700,10.761257333333333,3.107559945242984
42101021800,10.731481196440794,3.107764522245038
42101021900,10.743012825462012,3.112324848733744
42101022000,10.71493873853525,3.108714464750171
42101023100,10.725843260095825,3.108229232032854
42101023500,10.774730667351129,3.092043173853525
42101023600,10.768927617385352,3.094272830937714
42101023700,10.768111696098563,3.096969874743326
42101023800,10.781653618754278,3.087545382614648
42101023900,10.790219080082136,3.087663892539357
42101024000,10.810108378507871,3.079367837782341
42101024100,10.790103582477755,3.079366274469541
42101024200,10.789718675564682,3.069094272416153
42101024300,10.808992282683094,3.069913843258042
42101024400,10.791601689938398,3.064752958932238
42101024500,10.770894210814511,3.06821841615332
42101024600,10.777424151950719,3.080996263518138
42101024700,10.770278145106092,3.08086788569473
42101024800,10.756573490075291,3.084084369609856
42101024900,10.747420082819986,3.084321616016427
42101025200,10.767477963039014,3.092652837782341
42101025300,10.747271828199863,3.094056325119781
42101025400,10.737759524298426,3.099286823408624
42101025500,10.735231657768652,3.10448694661191
42101025600,10.72140124366872,3.103950074606434
42101025700,10.709346523613963,3.107470747433265
42101025800,10.708759332648871,3.107013635181383
42101025900,10.69750770568104,3.109534678986995
42101026000,10.70317909650924,3.106106895277207
42101026100,10.713841793976728,3.107481639288159
42101026200,10.72024511430527,3.099626831622177
42101026301,10.708009150581793,3.10809353045859
42101026302,10.712931592060233,3.098428570841889
42101026400,10.724819783709788,3.093678825462012
42101026500,10.731674501711157,3.088056130732375
42101026600,10.718509235455168,3.093230754962355
42101026700,10.72989932991102,3.080716516769336
42101026800,10.720182817932923,3.080997078028747
42101026900,10.711678691307324,3.074464333333333
42101027000,10.723117828884326,3.06840826899384
42101027100,10.713053517453799,3.065476108829569
42101027200,10.705712900752909,3.061083058179329
42101027300,10.718505824093087,3.050981686516085
42101027401,10.731615606433949,3.054869696098563
42101027402,10.72504603559206,3.05122904312115
42101027500,10.733170006844627,3.055298643394935
42101027600,10.7368259137577,3.068638702258727
42101027700,10.740359387405886,3.079334091718001
42101027800,10.740568492128679,3.067723884325804
42101027901,10.750860076659822,3.077217425051335
42101027902,10.753996837097878,3.068509834360027
42101028000,10.781148825462012,3.05459463449692
42101028100,10.763408746748802,3.056516502395619
42101028200,10.749131613963039,3.055461986310746
42101028300,10.763211721423682,3.047736216290212
42101028400,10.758902991101985,3.04403988569473
42101028500,10.744457750171116,3.042207704996578
42101028600,10.737194120465435,3.043365826146475
42101028700,10.74141872347707,3.033236059548255
42101028800,10.730274983572895,3.025333752908966
42101028901,10.716467182067077,3.011654060232717
42101028902,10.706332032854209,3.020994561259411
42101029000,10.723578968514716,3.037954509240246
42101029100,10.702785422997947,3.038564232032854
42101029200,10.701926748117728,3.019825238877481
42101029300,10.675188582477755,2.998924747433265
42101029400,10.66679983504449,2.993844472963724
42101029800,10.631536257357974,3.005271957563313
42101029900,10.645166505817933,2.999159618754278
42101030000,10.65884252019165,3.005662805612594
42101030100,10.674447056125941,3.010798327173169
42101030200,10.672880063655031,3.01525435523614
42101030501,10.682974259411362,3.04429580698152
42101030502,10.691823735797399,3.050590093086927
42101030600,10.673018488706366,3.052026728952772
42101030700,10.661238028062971,3.061584173853525
42101030800,10.654382440793977,3.049962159479808
42101030900,10.665355926078029,3.043705620807666
42101031000,10.647983655715264,3.049715620123203
42101031101,10.660240039698836,3.040496325119781
42101031102,10.668678245037645,3.033661087611225
42101031200,10.659610972621492,3.026875942505134
42101031300,10.65247905065024,3.041569841204654
42101031401,10.642414199863108,3.038968843942505
42101031402,10.616997253251198,3.037370177960301
42101031501,10.601937202600958,3.029577872005476
42101031502,10.609285460643395,3.03038468788501
42101031600,10.617185163586584,3.023917082819986
42101031700,10.638076568788501,3.021668747433265
42101031800,10.658377315537303,3.019612917180014
42101031900,10.635209675564682,3.014644247091034
42101032000,10.610745070499658,3.016066698151951
42101032100,10.612955719370294,3.010315412731006
42101032300,10.607111041752224,3.01086825393566
42101032500,10.593870803559206,3.017015839151266
42101032600,10.585259180698152,3.019359012320328
42101032900,10.568145878850103,3.027304442162902
42101033000,10.578557126625599,3.025431351129363
42101033101,10.584354681724846,3.028563012320328
42101033102,10.567896737166324,3.030877718685832
42101033200,10.592920341546886,3.035502879534565
42101033300,10.591511720054757,3.043053681040383
42101033400,10.604159993155373,3.044860377138946
42101033500,10.639252571526352,3.052109718685832
42101033600,10.620625229979466,3.059893668720055
42101033701,10.598198370294319,3.063400136208077
42101033702,10.605175754277892,3.065653559890486
42101033800,10.640809760438056,3.060694791238878
42101033900,10.652453626283368,3.072635913073238
42101034000,10.632545700205339,3.069025434633812
42101034100,10.629036737166324,3.079666234770705
42101034200,10.61304476659822,3.08363103559206
42101034400,10.589675044490075,3.085703629705681
42101034501,10.587000862422998,3.062365676933607
42101034502,10.57942767008898,3.06906768788501
42101034600,10.559931813826146,3.049257576317591
42101034701,10.567819481861738,3.046950655715264
42101034702,10.57363637303217,3.041837837097878
42101034801,10.557625660506502,3.03775993908282
42101034802,10.546576582477755,3.040559572210814
42101034803,10.52463178439425,3.034131757015743
42101034900,10.53830831485284,3.022123073237509
42101035100,10.497548138945927,3.024662112936345
42101035200,10.512284496919918,3.02617059890486
42101035301,10.506219861054073,3.032578075290897
42101035302,10.517286658453114,3.041147908966461
42101035500,10.560609594798084,3.072777973305955
42101035601,10.563747574948665,3.079869628336756
42101035602,10.55436090622861,3.094000341546886
42101035701,10.526951030800821,3.080446442847365
42101035702,10.526889502395619,3.091518740588638
42101035800,10.495860775496236,3.086346369609856
42101035900,10.508424623545517,3.077434881587954
42101036000,10.513649623545517,3.071938826830938
42101036100,10.482215422313484,3.052355944558522
42101036201,10.490435049965777,3.039324009582478
42101036202,10.477690876796715,3.03699183504449
42101036203,10.466467342915811,3.026813698151951
42101036301,10.450782075975359,3.030324245037645
42101036302,10.466016020533881,3.045221615331964
42101036303,10.44328885284052,3.040886224503764
42101036400,10.45903920054757,3.057222741273101
42101036501,10.460896649555099,3.084180210130048
42101036502,10.457115631074606,3.068992906913073
42101036600,10.799696688569473,2.971788353867214
42101036700,10.813054198494182,2.959027594798084
42101036900,10.873279978097194,3.010082518822724
42101037200,10.777951366872006,3.01857759137577
42101037300,10.792109041067762,3.037689657768652
42101037500,10.833948483230664,3.110170513347023
42101037600,10.84631696440794,2.971232609856263
42101037700,10.826004452429843,3.000103726899384
42101037800,10.696234415468857,2.983830475017112
42101037900,10.692789852156058,2.982714795345654
42101038000,10.651941658453114,2.994218394934976
42101038100,10.586876010951403,3.014470482546201
42101038200,10.69666244421629,2.985553195071869
42101038300,10.745057804928131,3.015471238193018
42101038400,10.694601912388775,3.104278146475017
42101038500,10.696110767967146,3.108961941820671
42101038600,10.743560136892539,3.109444819986311
42101038700,10.680210544147844,3.113252930184805
42101038800,10.742073340862423,3.103245698836413
42101038900,10.744982162902122,3.090963257357974
42101039000,10.678633402464066,3.033099542778918
42101980000,10.861254388090349,3.058078525667351
42101980100,10.760178167008898,3.103304582477755
42101980200,10.596828721423682,3.060449047227926
42101980300,10.527549353867214,3.059932500342231
42101980400,10.719939004791239,3.106357392881588
42101980500,10.770249531143053,3.039236466119096
42101980600,10.778528551676934,3.03816411156742
42101980700,10.741724807665982,3.027353
42101980800,10.839877013689254,3.118593154004107
42101980900,10.812080425735797,3.078549272416153
42101989100,10.528914257357974,3.017741822724162
42103950102,7.817064652977413,3.191420169062286
42103950103,7.962529972621492,3.200540010951403
42103950104,7.900360478439425,3.194431584531143
42103950201,7.832428753593429,3.266272110198494
42103950202,7.862026734428474,3.225863414099932
42103950301,8.043639298425736,3.240744752224504
42103950302,8.079861548939083,3.25572909650924
42103950501,7.933037610540726,3.199405087611225
42103950502,7.978294636550308,3.158446663244353
42103950601,7.903187711156742,3.176222094455852
42103950603,7.952282848049281,3.172247531827515
42103950605,7.930143590006845,3.143474493497604
42103950606,7.919941371663244,3.153391048596852
42103950701,8.063782045174538,3.097649798767967
42103950702,8.005100874058864,3.126208954140999
42103950801,8.204397490759754,3.07370995687885
42103950802,8.297223299794661,3.060344514715948
42103950900,8.087252778918549,3.119679715947981
42105950100,7.782833678986995,3.477333006160164
42105950200,7.924384216290212,3.570472612594114
42105950300,7.905011419575633,3.529769930184805
42105950400,8.021807355920602,3.552897915126626
42105950500,7.898430458590007,3.475901327857632
42107000100,9.377603188911704,3.671419971252567
42107000200,9.213282028062971,3.546304378507871
42107000300,9.346764750855578,3.563958066392882
42107000400,9.511111142368241,3.627471137577002
42107000500,9.507987735112936,3.632773485968515
42107000601,9.549964311430527,3.674949242984257
42107000602,9.525601649555099,3.664367516084873
42107000700,9.573597331279945,3.685513047227926
42107000800,9.651150140314853,3.687594336755647
42107000900,9.754811252566735,3.739850986995209
42107001000,9.74283616495551,3.747386260095825
42107001100,10.047916292265572,3.813301213552361
42107001200,10.197684011635866,3.807920819986311
42107001300,10.09890703559206,3.751628451060917
42107001400,9.83615188843258,3.69866328678987
42107001500,9.980157711841205,3.71154166255989
42107001600,10.047650187542779,3.707810957563313
42107001700,10.045081869267625,3.697524879534565
42107001800,10.008901417522245,3.6942628678987
42107001900,9.989954643394935,3.686061828199863
42107002000,9.974167818617385,3.684885141683778
42107002100,9.991890577002053,3.679420659137577
42107002200,9.899710668035592,3.65994811430527
42107002300,9.851435480492813,3.677041926762491
42107002400,9.762926741957563,3.633284859000684
42107002500,9.656366378507871,3.572552567419576
42107002600,9.444794206707734,3.525021130047912
42107002700,9.488601420944558,3.514808086926762
42107002800,9.409407708418891,3.503637707734428
42107002900,9.759533915811088,3.510191498973306
42107003000,10.150022213552361,3.613027520876112
42107003100,10.130779851471595,3.643981084188912
42107003200,10.15072413963039,3.683753818617385
42107003300,10.262941442162902,3.685694403832991
42107003400,10.425982704312115,3.663976220396988
42107003500,10.430150750171116,3.711881802874743
42107003600,10.519448149212868,3.743190186858316
42107003700,10.34460731211499,3.786043258042437
42107003800,10.545698489390828,3.768027619438741
42107003900,10.607647700889802,3.776441342915811
42109070100,10.285938524982888,4.061471341546886
42109070200,10.211307796030116,3.999330248459959
42109070300,9.98597936550308,3.882583896646133
42109070400,10.004163162217659,3.824695753593429
42109070500,9.667716685831622,3.699048285420945
42109070600,10.27590692128679,3.925717764544832
42109070701,10.288513438740589,4.004577726214921
42109980705,10.289298094455852,4.008872889117043
42111020101,9.882730690622861,3.658090472963724
42111020102,9.793755896646133,3.662781125256674
42111020200,9.674237801505818,3.701671650924025
42111020300,9.782737817932923,3.705524449691992
42111020400,9.500019371663244,3.666824863791923
42111020500,9.538400807665982,3.624114087611225
42111020600,9.659844521560575,3.608526955509925
42111020700,9.448928108145106,3.534179559890486
42111020800,9.361291780971937,3.551434572895277
42111020900,9.359018180698152,3.581236291581109
42111021000,9.348623885010267,3.560960791238878
42111021100,9.325936611909651,3.563665116358658
42111021200,9.302238774811773,3.607143031485284
42111021300,8.96911521560575,3.523322976728268
42111021400,9.100341869952088,3.529049317590691
42111021500,8.964092407939767,3.466997831622177
42111021600,8.924981338124572,3.455754391512663
42111021700,8.863707425735797,3.428152527036276
42111021800,9.150573156057495,3.503267428473648
42111021901,9.205207176591376,3.472118143737166
42111021902,8.952452544147844,3.449559561943874
42113960100,8.199085227241615,3.578007323750856
42113960200,8.32125412183436,3.630091158110883
42115032000,8.233862803559206,3.695253812457221
42115032100,8.191972209445585,3.677077552361396
42115032200,8.048844971937029,3.614876288158795
42115032300,7.818168858316222,3.517401314168378
42115032400,7.916746678986995,3.493522904859685
42115032500,8.099317375085558,3.57858255578371
42115032600,8.219520771389459,3.64526574606434
42115032700,8.317509273785079,3.665403841889117
42115032800,8.356666247775496,3.641731334017796
42115032901,8.24162827926078,3.540303368240931
42115032902,8.093551145106092,3.451110033538672
42117950100,8.021601547570157,3.474277950718686
42117950200,7.855627479123888,3.401457227926078
42117950300,7.770556669404518,3.414306925393566
42117950400,7.888225782340862,3.434001414099932
42117950500,8.089882327857632,3.536080477754962
42117950600,8.046704704312115,3.509521350444901
42117950700,8.046867720054757,3.512661872005476
42117950800,7.991784942505134,3.496910209445585
42117950900,7.903179549623546,3.476160629705681
42117951000,8.13250368514716,3.551407997946612
42119090102,9.807468292950034,4.010679821355236
42119090200,9.469430264887064,3.787866625598905
42119090300,9.84196270294319,3.931143967830253
42119090400,10.044287520876112,3.991458219028063
42119090502,9.955283048596852,4.016299127310062
42119090600,10.147492702258727,4.061840915811088
42119090700,10.126388725530459,4.079837932238193
42119980101,9.688786917180014,4.012906524982888
42119980501,10.064420364818617,4.0740347816564
42119980800,10.148771592744695,4.075345125941136
42121200000,9.24449143394935,3.859862714579055
42121200100,9.525119904175222,3.874260133470226
42121200200,9.765681106776181,3.844686407255305
42121200300,9.712504506502396,3.856130663244353
42121200400,9.726178669404518,3.850700947980835
42121200500,9.717208136892539,3.858968649555099
42121200600,9.655645070499658,3.871896986310746
42121200700,9.550404454483231,3.884051186173854
42121200800,9.584985932238193,3.88484713963039
42121200900,9.557621051334702,3.884254231348392
42121201000,9.525553168377823,3.884748048596852
42121201100,9.372944349760438,3.875005260780288
42121201200,9.543532183436003,3.873923358658453
42121201300,9.644808997262149,3.874077412731006
42121201400,9.959298417522245,3.798887499657769
42121201500,9.801066460643395,3.853178219712526
42123970100,8.511978872689938,3.76772755578371
42123970200,8.683686849418207,3.803958882272416
42123970300,8.832944333333333,3.793467350444901
42123970400,8.889928724161533,3.807296099247091
42123970500,8.771128635181383,3.807857292265572
42123970600,8.707957387405886,3.806785377823409
42123970700,8.648798552361396,3.80198720807666
42123970800,8.664717716632444,3.803504019164956
42123970900,8.639914299110198,3.798003694045174
42123971000,8.562199553730322,3.776745393566051
42123971100,8.74093574880219,3.800109711156742
42123971200,8.62921221560575,3.787528011635866
42123971400,8.909002972621492,3.813626080082136
42125704100,10.61803822587269,3.10411148733744
42125711000,10.651269073921971,3.128613015742642
42125712700,10.620619481177276,3.139844338124572
42125713700,10.627997206707734,3.146246621492129
42125714000,10.725995234086242,3.182646278576318
42125715700,10.821620672826831,3.193712406570842
42125721000,10.608227636550308,3.204022926762491
42125722700,10.634559691307324,3.140214313483915
42125731000,10.509096859000684,3.277815626283368
42125732000,10.47488988843258,3.250470160848734
42125741100,10.828810798767967,3.18749967008898
42125741300,10.997670742642026,3.238064118412046
42125742100,10.715308492128679,3.14148231485284
42125742200,10.643891238193018,3.119725902806297
42125743700,10.760373160164271,3.159512773442847
42125744100,10.864538013689254,3.196898040383299
42125744200,10.813585455852156,3.179983245722108
42125745100,10.846639995208761,3.202987866529774
42125745200,10.910616490759754,3.256288317590691
42125746100,11.188265830937714,3.306917535934292
42125746200,11.081541266255989,3.276583838466804
42125746301,11.097121349075975,3.299091532511978
42125746302,11.238912271731691,3.347409288158795
42125751100,10.576387058179329,3.123150255304586
42125751200,10.558582651608487,3.117539415468857
42125752700,10.565236714579055,3.138129731690623
42125753700,10.653089175906913,3.130778775496236
42125754200,10.641146099931554,3.135782125256674
42125754300,10.634802114989733,3.107622989048597
42125754400,10.592615491444216,3.078715414784394
42125754500,10.604059641341547,3.087823552361396
42125754600,10.6090494366872,3.095831229295003
42125755100,10.688521378507871,3.131314683778234
42125755200,10.754357327173169,3.226783082819986
42125755700,10.533979745379877,3.328701013004791
42125761000,10.82277094661191,3.382350030116359
42125762000,10.556433854893908,3.454354686516085
42125763700,10.810901039014374,3.486383682409309
42125764000,10.908228130732375,3.44109641615332
42125771100,11.187154750855578,3.373159501711157
42125771200,11.359753197809719,3.373146804928131
42125772700,11.274372271731691,3.42312341615332
42125773100,11.25632573853525,3.435924865845311
42125773200,11.273919908966461,3.432672977412731
42125774700,11.219596407255305,3.440495305270363
42125775200,11.195171501711157,3.46193617522245
42125775300,11.15692751266256,3.470177508555784
42125781700,11.08006805338809,3.454499696783025
42125782700,11.132935321697468,3.457419360027378
42125783200,11.103458579739904,3.464837368240931
42125783300,11.066486869952088,3.471457501026694
42125784000,10.921338727583847,3.505527975359343
42125791000,10.865564623545517,3.502558930184805
42125792100,10.794132898015058,3.510168342231348
42125792200,10.713835751540041,3.525836945927447
42125795700,10.526613023271732,3.521201196440794
42125795800,10.863464423682409,3.191894983572895
42125795900,10.654604644079398,3.524604411362081
42125796000,10.36260285284052,3.393328658453114
42127960100,7.51745119028063,3.338867446269678
42127960200,7.676481618069815,3.405329961670089
42127960300,8.02392558110883,3.416695808350445
42127960400,7.796842572895277,3.356092087611225
42127960500,7.6386214366872,3.307674833675565
42127960600,7.893943429158111,3.314579321013005
42127960700,7.974199500342231,3.351078934976044
42127960800,8.051690275838467,3.349296519507187
42127960900,8.206790866529774,3.405664609856263
42127961000,8.268003130047912,3.354226251882272
42127961100,8.096228404517454,3.299162323066393
42127961200,8.288366676933607,3.319746780287474
42127961300,8.277904331964408,3.25369794661191
42127961400,8.315287047912389,3.219977546885695
42129800100,11.211754981519507,3.529488887063655
42129800200,11.210751241615332,3.532985185489391
42129800300,11.18618294934976,3.531334552361396
42129800400,11.162362030800821,3.535615255989049
42129800500,11.176663978097194,3.53258001026694
42129800600,11.220339679671458,3.529998274469541
42129800700,11.238450676933607,3.526074639972622
42129800800,11.229527785763176,3.531440905544148
42129800900,11.197864542778918,3.537931852156058
42129801001,11.139296336755647,3.539398858316222
42129801002,11.132178869952088,3.549242867214237
42129801100,11.089983180013689,3.548591598220397
42129801200,11.000083837782341,3.610637722108145
42129801300,10.926748027378508,3.637219583162218
42129801400,10.871075817932923,3.649359859000684
42129801500,10.845486600958248,3.647068230663929
42129801600,10.830657684462697,3.658432857631759
42129801701,11.09014963449692,3.568290522245038
42129801702,11.02095487063655,3.577519948665298
42129801703,10.92028145174538,3.594645117043121
42129801800,10.717162323750856,3.613969534565366
42129801900,10.718685763175907,3.521734282683094
42129802001,11.08895636550308,3.545612113620808
42129802002,11.01047174880219,3.520499440793977
42129802101,11.248581371663244,3.533847752908966
42129802102,11.185809843258042,3.532571501711157
42129802103,11.258149611909651,3.505379646817248
42129802200,11.491166155373032,3.464386081451061
42129802301,11.345972984941821,3.490148887748118
42129802303,11.104567715947981,3.484994826830938
42129802304,11.14649474880219,3.498045475017112
42129802400,10.969181256673511,3.481759169062286
42129802500,10.937187255304586,3.464510234086242
42129802600,10.967629684462697,3.464101308008214
42129802700,10.937772095824778,3.461770177960301
42129802800,10.998560967145791,3.465838906913073
42129802900,11.170885132785763,3.477379642710472
42129803000,11.258387349760438,3.471353789185489
42129803100,11.312543095824778,3.479100887748118
42129803200,11.45977276659822,3.46489945174538
42129803301,11.512000961670089,3.448180624914442
42129803302,11.451833563997262,3.44342870294319
42129803400,11.372845188227242,3.457571533196441
42129803501,11.232937011635866,3.467043692676249
42129803502,11.305034507871321,3.467766651608487
42129803600,11.054344678302532,3.468175887063655
42129803700,10.80034823613963,3.434114475701574
42129803800,10.61039743394935,3.413742701574264
42129803901,10.673107846680356,3.415385816563997
42129803902,10.66708915468857,3.407167630390144
42129804000,10.695047543463381,3.415624429158111
42129804100,10.637957034223135,3.400486715263518
42129804200,10.584553058179329,3.388864470910335
42129804300,10.623062767282683,3.404030123887748
42129804400,10.593738154004107,3.405116549623546
42129804501,10.525865104722793,3.422263681040383
42129804502,10.507918292950034,3.376950118412046
42129804600,10.612897234086242,3.436988743326489
42129804701,10.809527697467488,3.452105665982204
42129804702,10.665013143737166,3.420288514715948
42129804801,10.847956203969884,3.447320351129363
42129804802,10.998830535249829,3.463687918548939
42129804900,10.69235190349076,3.461549499657769
42129805000,11.052266309377139,3.471808099247091
42129805100,11.298990894592745,3.455412229295003
42129805200,11.106682599589322,3.471556387405886
42129805400,11.150539237508556,3.463518745379877
42129805500,11.086029109514032,3.471109371663244
42129805600,11.01137056605065,3.487784271047228
42129805800,11.119266824093087,3.47280320807666
42129805901,10.900502594798084,3.502525396303901
42129805902,11.072332425735797,3.477833531143053
42129806000,11.091756080082136,3.476029859000684
42129806100,10.905291247091034,3.485592159479808
42129806200,10.65509687816564,3.503342446954141
42129806300,10.211787925393566,3.501869151950719
42129806400,10.218857386036961,3.495452250513347
42129806500,10.300375091033539,3.495081060232717
42129806600,10.43489501779603,3.477307853524983
42129806700,10.249884902806297,3.471217871321013
42129806800,10.20522865229295,3.476394002737851
42129806900,10.203246296372348,3.465233021902806
42129807000,10.036949083504449,3.460693793976728
42129807100,10.265482226557153,3.439716481177276
42129807200,10.311689201916496,3.418535937029432
42129807300,10.084678769336071,3.478462187542779
42129807401,10.412378772758385,3.471918841889117
42129807402,10.330487792607803,3.443650895277207
42129807500,10.279786368240931,3.491198392197125
42129807600,10.23123623340178,3.484712406570842
42129807700,10.236280819301848,3.496018417522245
42129807800,10.182650431895962,3.509880165639973
42129807900,10.36138425393566,3.584780743326489
42129808100,10.165904242299795,3.607266067761807
42129808200,10.153251441478439,3.556356330595482
42129808300,10.010984950034223,3.661959177275838
42129808401,9.756827631759069,3.528010318959617
42129808402,9.856360752224504,3.569113919233402
42129808500,9.856129853524983,3.543733711156742
42129808600,9.672660699520876,3.488953818617385
42131400100,8.335873032169747,3.629357413415469
42131400200,8.336658062970568,3.596056092402464
42131400300,8.572711386721424,3.636183205338809
42131400400,8.599917394934976,3.648567694729637
42131400500,8.758395334017796,3.634910882956879
42131400600,8.551050348391513,3.627785976728268
42131400700,8.554668224503764,3.609962988364134
42133000100,11.3820309137577,3.416694475017112
42133000200,11.391379618069815,3.405768146475017
42133000300,11.41605039835729,3.407234955509925
42133000400,11.44304332238193,3.400412821355236
42133000500,11.415044051334702,3.391176447638604
42133000600,11.389934332648871,3.390620613963039
42133000700,11.366519744010951,3.407116459958932
42133000800,11.352863820670773,3.412551486652977
42133000900,11.343018213552361,3.420986180698152
42133001000,11.356583890485968,3.423352906913073
42133001100,11.335119627652293,3.434761318275154
42133001200,11.353756993155373,3.438092195071869
42133001300,11.36082804312115,3.452548208761122
42133001400,11.420185775496236,3.464732962354552
42133001500,11.387157945927447,3.4365830862423
42133001600,11.390587239561944,3.421162460643395
42133010110,11.606431067761807,3.509018514031485
42133010120,11.545936798083504,3.467912532511978
42133010130,11.548857731690623,3.492325348391513
42133010210,11.487108048596852,3.423551380561259
42133010220,11.479049388774812,3.432000722792608
42133010300,11.443540060232717,3.406039143737166
42133010400,11.388737235455168,3.397256965776865
42133010510,11.27462977412731,3.441607816563997
42133010520,11.333094479123888,3.409734496235455
42133020100,11.57737378439425,3.57510747980835
42133020220,11.653970475701574,3.616638681040383
42133020221,11.575379292265572,3.596158414784394
42133020222,11.482916213552361,3.586462482546201
42133020310,11.284817127310062,3.558464611225188
42133020320,11.114293369609856,3.559900475701574
42133020410,10.850247039014374,3.514284283367556
42133020420,11.087003101300479,3.535415767282683
42133020510,10.827798446954141,3.548631420260096
42133020521,10.987601650924025,3.521638098562628
42133020522,10.897629719370294,3.53506985284052
42133020600,11.214545252566735,3.551158560574949
42133020710,11.290916118412046,3.545051031485284
42133020720,11.320135019849418,3.536779547570157
42133020800,11.557359202600958,3.591161385352498
42133020910,11.747111800136892,3.655620445585216
42133020921,11.702778468172485,3.64488464476386
42133020922,11.570784991101985,3.61007788843258
42133021010,11.690958979466119,3.57181210403833
42133021020,11.718192094455852,3.617493425735797
42133021100,11.562315637234771,3.510322208761122
42133021210,11.477060359342916,3.48426733744011
42133021220,11.505245733744011,3.537232858316222
42133021300,11.319536270362765,3.458163484599589
42133021410,11.392929767282683,3.503433485968515
42133021420,11.322934687200548,3.523585143737166
42133021500,11.238681818617385,3.500740227241615
42133021600,11.137652457905544,3.487174140999316
42133021711,10.619459140314853,3.542113127310062
42133021712,10.775440788501027,3.5113769137577
42133021720,11.02310568514716,3.480308886379192
42133021801,10.429665682409309,3.557409594798084
42133021802,10.539392161533196,3.553649045174538
42133021900,10.483440902121834,3.558414913073238
42133022000,10.485739340862423,3.559709271047228
42133022100,10.50123223613963,3.562246749486653
42133022200,10.538337393566051,3.562967524982888
42133022300,10.507137078028747,3.568708321013005
42133022401,10.388862965776865,3.500085907597536
42133022402,10.330217722108145,3.527259880219028
42133022500,10.509701331964408,3.489003180013689
42133022600,10.835041110198494,3.463255158795346
42133022700,11.183969348391513,3.444847168377823
42133022800,11.187016223134839,3.448722902121834
42133022910,11.327368919233402,3.464647069130732
42133022920,11.073774483915127,3.472691298425736
42133023000,11.182699303901437,3.476027889117043
42133023100,11.163622439425051,3.494084712525667
42133023200,11.137451504449008,3.515909772758385
42133023301,11.475641015058179,3.499899334017796
42133023302,11.349012620807666,3.51306946954141
42133023400,11.762204865160849,3.612970331964408
42133023500,11.694020415468857,3.60157192881588
42133023601,11.539556563997262,3.570124427789186
42133023602,11.558710208761122,3.596241240246407
42133023710,10.795860148528405,3.474222945242984
42133023721,11.102647194387406,3.544561104722793
42133023722,10.784166203285421,3.523550142368241
42133023810,10.490902240930869,3.464714417522245
42133023821,10.362186945242984,3.445389990417522
42133023822,10.391552458590007,3.442732101984942
42133023901,10.442059529089665,3.453203124572211
42133023902,10.651109715263518,3.48294275633128
42133024001,10.47220476386037,3.487927177960301
42133024002,10.469931422997947,3.47192865229295
44001030100,7.697435492128679,2.352501246406571
44001030200,7.705576242299795,2.362268369609856
44001030300,7.725601711156742,2.375845353867214
44001030400,7.639218334017796,2.381371461327858
44001030500,7.651112195071869,2.396350694729637
44001030601,7.655935680355921,2.412647358658453
44001030602,7.61197805338809,2.397844912388775
44001030700,7.463784093086927,2.41133121560575
44001030800,7.438856134839151,2.420973875427789
44001030901,7.529400859000684,2.415966552361396
44001030902,7.505269883641342,2.405662257357974
44003020101,7.330094167008898,2.375766138945927
44003020102,7.384170717316906,2.37326685284052
44003020200,7.411377511293634,2.375201402464066
44003020300,7.4229478678987,2.375859312799452
44003020400,7.480688819301848,2.372583045174538
44003020500,7.507842438740589,2.367605110198494
44003020601,7.40524774606434,2.379846602327173
44003020602,7.319898770020534,2.382606390143737
44003020603,7.288011585215606,2.38264092128679
44003020604,7.357762500342231,2.377037834360027
44003020701,7.235403521560575,2.4308042183436
44003020702,7.246789844626968,2.397773515400411
44003020703,7.312476364818617,2.387955376454483
44003020800,7.110179990417522,2.378082739904175
44003020901,7.320298937029432,2.377811958247776
44003020903,7.219396507871321,2.383362758384668
44003020904,7.269154948665298,2.382414496919918
44003021001,7.708152041752224,2.318450698836413
44003021002,7.717593800136892,2.322557999315537
44003021100,7.650815343600274,2.3382770862423
44003021200,7.667993761122519,2.331927682409309
44003021300,7.652984884325804,2.335274367556468
44003021401,7.590992087611225,2.353040056810404
44003021402,7.604229353867214,2.350942627652293
44003021501,7.588777501026694,2.360903364134155
44003021502,7.531476736481862,2.36859931211499
44003021600,7.452602358658453,2.376145782340862
44003021700,7.505784205338809,2.369573770704997
44003021800,7.54963075633128,2.359911881587954
44003021901,7.515899483915127,2.358689051334702
44003021902,7.550935399041752,2.362145917180014
44003021903,7.486428182067077,2.365505100616016
44003022000,7.45207240109514,2.368943850787132
44003022100,7.528907602327173,2.361043159479808
44003022201,7.393562302532512,2.372116382614648
44003022202,7.404560793292266,2.373521292950034
44003022300,7.500448587953456,2.367432343600274
44003022400,7.326691207392197,2.377332119096509
44003980000,7.582193016427105,2.350448823408624
44005040101,7.320061023271732,2.432073503080082
44005040102,7.062507937029432,2.451142351813826
44005040103,7.16458307118412,2.418530991786448
44005040200,6.966289310061602,2.432490533196441
44005040302,6.909078454483231,2.441430303901437
44005040303,6.996281789185489,2.430550245722108
44005040304,6.977036468172485,2.444177345653662
44005040400,6.8960748275154,2.459642594113621
44005040500,6.896482729637235,2.436104958247776
44005040600,6.878086146475017,2.445751247775496
44005040700,6.863442039014374,2.448261270362765
44005040800,6.83093265229295,2.45052083504449
44005040900,6.795393058863792,2.449689358658453
44005041000,6.830619606433949,2.447722076659822
44005041100,6.854246438056126,2.435882541409993
44005041200,6.917055775496236,2.433256141683778
44005041300,6.900258290212183,2.402718492813142
44005041400,6.916453490075291,2.505455311430527
44005041601,7.451242631074606,2.440787435318275
44005041602,7.347157203285421,2.446407429158111
44005041701,7.356525486652977,2.465043149897331
44005041702,7.153827301848049,2.483393620123203
44007000101,7.829774872689938,2.285122119096509
44007000102,7.7853264770705,2.288873767967146
44007000200,7.81740937303217,2.277263803559206
44007000300,7.844412710472279,2.273610691307324
44007000400,7.853999918548939,2.264640041067762
44007000500,7.831598690622861,2.269473805612594
44007000600,7.877159285420945,2.263674753593429
44007000700,7.890493271731691,2.27264726899384
44007000800,7.942731905544148,2.291333110882957
44007000900,7.931806000684463,2.302054069815195
44007001000,7.899511214236824,2.301594412046544
44007001100,7.912472629021218,2.291313524982888
44007001200,7.885191868583162,2.281166179329227
44007001300,7.874539134154689,2.298819854893908
44007001400,7.848683417522245,2.28876724366872
44007001500,7.804865159479808,2.290328850102669
44007001600,7.854939030116359,2.307746961670089
44007001700,7.827862745379877,2.320749239561944
44007001800,7.849982396303901,2.329179615331964
44007001900,7.895384995893224,2.317830432580424
44007002000,7.893670052703628,2.348579767282683
44007002101,7.936703649555099,2.340722724845996
44007002102,7.912101381930185,2.331515394250513
44007002200,7.9422463045859,2.320167183436003
44007002300,7.961926301163587,2.335898936344969
44007002400,7.957032915811088,2.355291169746749
44007002500,7.953823843942505,2.309666098562628
44007002600,7.989687244353183,2.322786097878166
44007002700,8.001104167693361,2.339021895277207
44007002800,8.011263775496236,2.361610636550308
44007002900,8.024901353867214,2.344952970568104
44007003100,7.995774800821355,2.31021364202601
44007003200,8.020658876796715,2.320137507186858
44007003300,8.032041737850787,2.331280894592745
44007003400,8.010911969883641,2.310095271731691
44007003500,7.963070421629021,2.291053369609856
44007003601,7.964892301848049,2.291003480492813
44007003602,7.966539834360027,2.296007941136208
44007003700,7.925260416837782,2.281482338124572
44007010101,8.007595741273101,2.306937245037645
44007010102,7.983294628336756,2.316250514715948
44007010200,7.942554422997947,2.287499812457221
44007010300,7.92462755578371,2.301530590006845
44007010400,7.895366576317591,2.282188569472964
44007010501,7.873509184120465,2.313533313483915
44007010502,7.823511727583847,2.317741950718686
44007010600,7.749392446269678,2.327401171800137
44007010701,7.781628386036961,2.336395495550992
44007010702,7.745430578370979,2.336928405886379
44007010800,8.10231502532512,2.400097787132101
44007010900,8.109660353867214,2.418168356605065
44007011000,8.106973554414784,2.418447855578371
44007011100,8.096337219712526,2.408038882272416
44007011200,8.129017117727584,2.456696743326489
44007011301,8.143516542778918,2.502990909650924
44007011302,8.163147080082136,2.50797257357974
44007011401,8.171803970568104,2.558574188911704
44007011402,8.191977748117728,2.614889728268309
44007011403,8.137800850787132,2.582935650924025
44007011500,8.108723,2.554996444900753
44007011600,8.066105097193703,2.475662088980151
44007011701,8.110929099931554,2.455000186858316
44007011702,8.084094550308008,2.428680814510609
44007011800,8.036420763175907,2.37938412183436
44007011901,8.002785241615332,2.378550995893224
44007011902,8.005882235455168,2.401670370294319
44007012000,7.955248358658453,2.37906841889117
44007012102,7.917742898699521,2.378004917864476
44007012103,7.954803921971253,2.402252010951403
44007012104,7.940404702258727,2.412642553730322
44007012200,7.746263976728268,2.412285095824778
44007012300,7.88116209377139,2.407079557152635
44007012401,7.843415084873374,2.364873302532512
44007012402,7.808248291581109,2.348569417522245
44007012500,7.719275044490075,2.360016272416153
44007012601,7.960547507186858,2.512936801505818
44007012602,7.982701508555784,2.470018967830253
44007012701,7.885545731690623,2.51816401026694
44007012702,7.81292414715948,2.469102026694045
44007012801,8.038980461327858,2.649954151950719
44007012802,8.063034987679672,2.618959422313484
44007012803,8.011852467488022,2.595940312799452
44007012900,7.805456382614648,2.62921455578371
44007013001,7.767452214236824,2.649985183436003
44007013002,7.883866480492813,2.624063880903491
44007013101,7.627080568788501,2.575538999315537
44007013102,7.754608863791923,2.532304424366872
44007013201,7.580037247091034,2.412011802874743
44007013202,7.50760883504449,2.446181173169062
44007013300,7.423288099931554,2.49343073853525
44007013400,7.755840349075975,2.304260466803559
44007013500,7.788938286105407,2.29508912183436
44007013600,7.736483415468857,2.307983503764545
44007013701,7.758286128678987,2.299414703627652
44007013702,7.739942334702259,2.313601944558522
44007013800,7.717513455852156,2.320505495550992
44007013900,7.683223441478439,2.329233503764545
44007014000,7.759811282683094,2.308120614647502
44007014100,7.804904620807666,2.300782904859685
44007014200,7.625845700889802,2.34749220807666
44007014300,7.712674913073238,2.329947357289528
44007014400,7.641304718001369,2.347989923340178
44007014501,7.62983417522245,2.360132299110198
44007014502,7.681845360711841,2.344439614647502
44007014600,7.567149596851472,2.370812430527036
44007014700,7.772604253251198,2.319618232717317
44007014800,7.720176504449008,2.345128646132786
44007015000,8.068559060232717,2.385234183436003
44007015100,8.083214969199179,2.381475698836413
44007015200,8.094923248459959,2.385468574264203
44007015300,8.107551981519507,2.407296529774127
44007015400,8.101787683778234,2.404520395619439
44007015500,8.110132289527721,2.417892070499658
44007015600,8.107490265571526,2.410928753593429
44007015700,8.108420168377823,2.427787326488706
44007015800,8.081646108145106,2.399989927446954
44007015900,8.095935865160849,2.395021084873374
44007016000,8.098618941136208,2.390380726899384
44007016100,8.080820907597536,2.370681388774812
44007016300,8.054184789869952,2.362457746748802
44007016400,8.061525981519507,2.355161834360027
44007016500,8.052277829568788,2.343623180013689
44007016600,8.065332328542094,2.351758918548939
44007016700,8.085028203285421,2.365699881587954
44007016800,8.081583044490075,2.37378035797399
44007016900,8.056937338809035,2.373191230663929
44007017000,8.053217106776181,2.352781528405202
44007017100,8.066021639288159,2.352310761806982
44007017300,8.116858415468857,2.647916584531143
44007017400,8.089072400410678,2.640042021902806
44007017500,8.085992116358658,2.626184681040383
44007017600,8.098660136208077,2.6287869137577
44007017700,8.111026574948665,2.61731298973306
44007017800,8.113147255304586,2.630707039014374
44007017900,8.125173750855578,2.634475325804244
44007018000,8.121534759069131,2.640196942505134
44007018100,8.137266805612594,2.648869332648871
44007018200,8.142519204654346,2.644591665982204
44007018300,8.138133507871321,2.63911831485284
44007018400,8.158727115674196,2.639628446954141
44007018500,8.13806146201232,2.623020572210814
44009041500,6.554240451060917,2.636132432580424
44009050102,7.127959743326489,2.387375948665298
44009050103,7.180777623545517,2.386877907597536
44009050104,7.261590474332649,2.38309139835729
44009050301,7.064207819986311,2.388146013004791
44009050302,7.025007574264203,2.390344315537303
44009050401,6.95156641889117,2.399329449691992
44009050402,6.935377834360027,2.393712342915811
44009050500,7.029745628336756,2.401369061601643
44009050600,6.984124249828884,2.452792126625599
44009050700,7.085322242984257,2.506585529774127
44009050801,7.156097457221082,2.60959378439425
44009050802,7.12716742642026,2.621759310061602
44009050901,7.121906054072553,2.603223199863108
44009050902,7.041471926762491,2.598498854893908
44009051000,7.048629335386721,2.631149154004107
44009051101,6.930149417522245,2.539818015058179
44009051102,6.877884670773443,2.508807234086242
44009051201,6.819060197125257,2.443431714579055
44009051202,6.797817145106092,2.439792807665982
44009051302,6.781637932922656,2.500470244353183
44009051304,6.822249892539357,2.490413022587269
44009051305,6.835597713894593,2.416191701574264
44009051306,6.89264770568104,2.444258288158795
44009051400,6.901181338809035,2.427310461327858
44009051502,6.809935361396304,2.409649533196441
44009051503,6.748547707734428,2.458295284736482
44009051504,6.733208130047912,2.479878991101985
45001950100,9.824967529774127,3.743348947296372
45001950200,9.803779835728953,3.823636020533881
45001950300,9.800456610540726,3.916223970568104
45001950400,9.824588795345654,3.894506056125941
45001950500,9.808914269678302,3.928697162902122
45001950600,9.763704850102669,3.953003162217659
45003020100,9.97216863449692,3.758622824093087
45003020200,10.277016238877481,3.929309855578371
45003020301,10.467535018480493,3.982514287474333
45003020302,10.584517366187543,4.047646385352498
45003020400,10.805448500342231,4.144642165639973
45003020500,10.820904483915127,4.150873613963039
45003020601,10.901590238877481,4.180044086926762
45003020602,10.971131711156742,4.211274250513347
45003020701,10.997836371663244,4.223392550308008
45003020702,11.06946590622861,4.251964583162218
45003020801,11.003532905544148,4.228010607118412
45003020802,11.09771714715948,4.257692189596167
45003020901,10.80359806091718,4.241519893223819
45003020902,10.92047005065024,4.240807145106092
45003021001,10.957273598220397,4.219644302532512
45003021002,11.007804153319644,4.237488848049281
45003021101,10.888611603011636,4.200804169062286
45003021102,10.825719700205339,4.173335747433265
45003021201,10.754852699520876,4.163810239561944
45003021202,10.705452021902806,4.133646898015058
45003021203,10.653727503764545,4.155283464065708
45003021300,10.684966678302532,4.110422413415469
45003021400,10.618717743326489,4.086779439425051
45003021500,10.621564627652293,4.11554459137577
45003021601,10.461661310061602,4.043772755646817
45003021602,10.551039636550308,4.107089001368925
45003021700,9.933614556468172,3.785703943189596
45003021800,9.852246405201916,3.794053453798768
45003021900,10.091418036960986,3.984400467488022
45003022001,10.368227671457906,4.088119911704312
45003022002,10.622757353182752,4.184228488021903
45003022100,10.479965254620123,4.20735464202601
45003980100,10.179622704312115,4.11461794934976
45005970200,9.586931020533881,4.045966678986995
45005970300,9.52235449486653,3.981367629021218
45005970400,9.507674418206708,4.029305359342916
45007000200,10.252618596167009,3.890154058863792
45007000300,10.243544187542779,3.870382498973306
45007000500,10.170189127310062,3.868088108145106
45007000600,10.21073027652293,3.900448107460643
45007000700,10.24251340862423,3.924036183436003
45007000800,10.276418283367556,3.914394981519507
45007000900,10.273014293634497,3.907294302532512
45007001000,10.301607062286105,3.902493341546886
45007001100,10.293146790554415,3.882918855578371
45007010102,10.235016609856263,3.521835036960986
45007010103,10.160629092402464,3.424177526351814
45007010104,10.15338681724846,3.580167477754962
45007010200,10.276001664613279,3.518777607802875
45007010300,10.24334737577002,3.620537752224504
45007010401,10.207331465434634,3.657929142368241
45007010402,10.167343650924025,3.714921290896646
45007010500,10.239936114989733,3.711257733059548
45007010600,10.198660574948665,3.778929859685147
45007010700,10.161566016427105,3.838383259411362
45007010800,10.262169959616701,3.938550422313484
45007010900,10.186398682409309,3.97719935797399
45007011001,10.234821508555784,3.98728107118412
45007011002,10.298883557837098,3.93580427652293
45007011100,10.312350668720055,3.909064840520192
45007011201,10.282101733059548,3.848674238193018
45007011202,10.238591848733744,3.820662422313484
45007011300,10.06321800752909,3.82807925393566
45007011401,10.081957367556468,3.771516550308008
45007011402,10.032729381245722,3.715757751540041
45007011500,9.932786292950034,3.739714223819302
45007011600,9.913472692676249,3.841178234770705
45007011700,9.913066880903491,3.936872912388775
45007011800,10.062515478439425,3.905702008213552
45007011901,10.186794917180014,3.932605132785763
45007011902,10.136941520876112,3.889576558521561
45007012001,10.292887057494866,3.943075005475702
45007012002,10.263472091033539,3.964395219712526
45007012200,10.117584355920602,3.982162467488022
45007012300,10.206130297741273,3.873361553045859
45009960100,9.676486192334018,3.913633674195756
45009960200,9.485656626283368,3.856800189596167
45009960300,9.542497194387406,3.936859002053388
45009960400,9.393355064339494,3.867075349760438
45011970100,9.851590895277207,3.959837352498289
45011970200,9.754585470225873,3.927943026694045
45011970300,9.736642516769336,3.990019089664613
45011970400,9.66488074606434,3.974604332648871
45011970500,9.660818167693361,4.011500608487337
45011980100,9.846389644079398,4.065206283367556
45013000100,8.83304832238193,3.635669730321698
45013000200,8.832983440793977,3.66240822587269
45013000300,8.876967884325804,3.681046019164956
45013000400,8.770522048596852,3.629289429842574
45013000501,8.847382214236824,3.672133617385352
45013000502,8.777267379876797,3.647508020533881
45013000503,8.738316997262149,3.634100209445585
45013000600,8.715609719370294,3.617594754962355
45013000700,8.697304158110883,3.610171636550308
45013000800,8.676437303216975,3.609946026009582
45013000901,8.544166388090349,3.515823953456537
45013000902,8.612827908281999,3.570579981519507
45013000903,8.586869788501027,3.569645391512663
45013001000,8.597074208761122,3.595040299794661
45013001101,8.413573984941821,3.48332557357974
45013001102,8.397179451060917,3.507468336755647
45013001200,8.221660776865161,3.44946075633128
45013002101,8.733500647501711,3.617904494182067
45013002102,8.944367796030116,3.673207169746749
45013002103,9.118110242299795,3.72695023613963
45013002104,9.124277736481862,3.739967210814511
45013002105,9.027886670773443,3.718973712525667
45013002106,8.979611464065708,3.703415067761807
45013002107,8.909834390143737,3.683473714579055
45013002108,8.779739404517454,3.650390597535934
45013002201,8.833952370978782,3.664107920602327
45013002202,8.891590980150582,3.691082072553046
45013010100,8.561147034223135,3.58517205338809
45013010200,8.549463058179329,3.581624083504449
45013010300,8.521327429158111,3.578554086926762
45013010400,8.559147997946612,3.593676138261465
45013010500,8.597889967830253,3.606114873374401
45013010600,8.578851653661875,3.593333600958248
45013010700,8.531877367556468,3.581268507186858
45013010800,8.474049857631759,3.564065350444901
45013010900,8.430224865845311,3.555179891854894
45013011000,8.463322468172485,3.565695821355236
45013011100,8.443531140999316,3.560248696098563
45013011200,8.443800036960986,3.555430212183436
45013011300,8.469143762491444,3.562797166324435
45015020101,9.014703589322382,3.478643154004107
45015020102,9.092718192334018,3.398139736481862
45015020201,8.792615125941136,3.481265099931554
45015020202,8.922932220396988,3.522469889801506
45015020301,8.693046040383299,3.393041914442163
45015020302,8.848533598220397,3.402111945927447
45015020401,8.51601031485284,3.310200216290212
45015020403,8.730859483230664,2.912482509924709
45015020404,8.751641005475702,2.992828954825462
45015020405,8.65661690349076,3.104450425735797
45015020503,8.994302535249829,3.333188603696099
45015020504,8.937393543463381,3.301222905544148
45015020505,8.996850149897331,3.238417059548255
45015020506,8.938935978097194,3.267210193702943
45015020600,8.990869851471595,3.125581892539357
45015020707,9.090429121149897,3.074656444900753
45015020710,9.109396273785079,3.219148709787817
45015020711,9.07416192128679,3.228300764544832
45015020712,9.107912495550992,3.150085089664613
45015020713,9.131160202600958,3.144657278576318
45015020714,9.140629690622861,3.078818184120465
45015020715,9.142001579739904,3.076265263518138
45015020716,9.152444516084873,3.018788904859685
45015020717,9.146197727583847,3.035551937713895
45015020718,9.132212646132786,3.057738754962355
45015020719,9.133891325119781,3.01827298973306
45015020720,9.126739087611225,2.978939110882957
45015020721,9.140606663928816,2.965901561259411
45015020722,9.126660626283368,2.953375830937714
45015020723,9.114603569472964,2.936186640657084
45015020724,9.018664099247091,3.014598110882957
45015020725,9.043342746748802,2.973954401779603
45015020804,9.085808666666667,2.947381258042437
45015020806,9.097743290896646,2.988364927446954
45015020807,9.081451872005476,3.007143326488706
45015020808,9.089523255989049,2.958217596851472
45015020809,9.100506733059548,2.942395252566735
45015020810,9.096557813826146,2.931676250513347
45015020811,9.07270146954141,2.940211388774812
45015020812,9.047988367556468,2.937423717316906
45015020901,9.011044466119096,2.935478255989049
45015020903,9.024833857631759,2.935876140999316
45015020904,9.0799465229295,2.926658234086242
45015021000,8.989111392197125,2.947118692676249
45015980100,8.985742858316222,2.970942796030116
45017950100,9.864304603011636,3.572259054072553
45017950200,9.714152834360027,3.661373805612594
45017950400,9.555639150581793,3.71164383504449
45019000100,8.439539321013005,2.794313234770705
45019000200,8.41705063449692,2.803804783709788
45019000400,8.470396823408624,2.792215488706366
45019000500,8.478310338809035,2.785604592744695
45019000600,8.508494511293634,2.774249080766598
45019000700,8.501392063655031,2.79048457357974
45019000900,8.527642796030116,2.804797128678987
45019001000,8.523224514715948,2.781061500342231
45019001100,8.537550093086927,2.764550861054073
45019001500,8.597571000684463,2.800558523613963
45019001600,8.61789211156742,2.798647758384668
45019001901,8.443440268309377,2.853066778234086
45019001902,8.42189935797399,2.814075730321698
45019002002,8.339341765913758,2.844979826146475
45019002003,8.13525788843258,2.882764898015058
45019002004,7.998835598220397,2.899623972621492
45019002005,8.225678755646817,2.844384214236824
45019002006,8.302607262149213,2.841674568104038
45019002007,8.325334575633128,2.827630868583162
45019002101,8.501642954140999,2.958759169746749
45019002103,8.234962850102669,2.982346612594114
45019002104,8.043102772758385,2.999550036276523
45019002105,8.096703592744695,3.106301042436687
45019002200,8.286758279945243,3.092421250513347
45019002300,8.249361777549624,3.24288277412731
45019002400,8.564016576317591,3.242163878850103
45019002502,8.498708440793977,3.106043823408624
45019002604,8.746396793292266,2.859078922655715
45019002605,8.656308286105407,2.831487100616016
45019002606,8.699796075290897,2.829424224503764
45019002611,8.833727659137577,2.911886788501027
45019002612,8.752882998631075,2.875432266940452
45019002613,8.775598650924025,2.903169482546201
45019002614,8.714267058179329,2.904161173853525
45019002701,8.690143760438056,2.881047865160849
45019002702,8.650619063655031,2.848251472963724
45019002801,8.630986405201916,2.881685546885695
45019002802,8.574041379192334,2.843478442162902
45019002900,8.597185672826831,2.811787922655715
45019003000,8.513909511293634,2.793263414099932
45019003104,9.059239334017796,2.932353455852156
45019003105,9.02996578439425,2.930723201916496
45019003106,9.136458770704997,3.052432300479124
45019003107,9.107059711841205,2.94547878439425
45019003108,9.040994299794661,2.939981914442163
45019003109,8.990413953456537,2.956419225188227
45019003110,8.948522377138946,2.936575145106092
45019003111,8.974037523613963,2.93481947980835
45019003113,9.098804659137577,2.914241081451061
45019003114,9.084473841204654,2.911479609856263
45019003115,9.118283815879535,2.88820568788501
45019003200,9.016732698151951,2.940021963039014
45019003300,8.986298759753593,2.932811367556468
45019003400,8.951750483230664,2.929396758384668
45019003500,8.95805119301848,2.928412674880219
45019003600,8.9206193045859,2.919795683778234
45019003700,8.899080034907598,2.904876571526352
45019003800,8.899107688569473,2.908219201916496
45019003900,8.870195880903491,2.904040834360027
45019004000,8.837589236824093,2.890093223134839
45019004300,8.802367793976728,2.884770547570157
45019004400,8.73195744421629,2.847548020533881
45019004606,8.470726654346338,2.886105349760438
45019004607,8.417877776865161,2.856294852156058
45019004608,8.385135412046544,3.00787331485284
45019004609,8.175229607802875,2.994024021902806
45019004610,8.221944916495551,2.952326941136208
45019004611,8.257169160848734,2.909122164271047
45019004612,8.40710578439425,2.934189488706366
45019004613,8.516260936344969,2.904158235455168
45019004614,8.523854310061602,2.941709724845996
45019004701,8.294453165639973,2.871650275154004
45019004702,8.36704265982204,2.881720560574949
45019004800,8.169176292950034,2.88855102532512
45019004901,8.088517331279945,2.930112458590007
45019004902,8.024220008213552,2.967974262833676
45019005000,8.042356368925394,3.248206614647502
45019005100,8.462883013004791,2.800793589322382
45019005200,8.576369629021218,2.778331342915811
45019005300,8.555698347022587,2.79159401026694
45019005400,8.632271278576318,2.832410986310746
45019005500,8.799357095140315,2.883979084188912
45019005600,8.727955377138946,2.949077785078713
45019005700,8.90966559890486,2.975093804928131
45019005800,8.731656935660506,3.054796047227926
45021970100,9.932734850787132,3.497185975359343
45021970201,9.950055531143053,3.557218838466804
45021970202,9.921591460643395,3.606795319644079
45021970301,9.9519962183436,3.58361254825462
45021970302,9.922817392881588,3.629050647501711
45021970401,9.890492673511294,3.665597497604381
45021970402,9.843304765229295,3.673301577686516
45021970501,9.870637905544148,3.576120818617385
45021970502,9.917371527036276,3.608008156741958
45021970503,9.847980710472279,3.622056231348392
45021970601,9.892132609856263,3.53553552019165
45021970602,9.753678798767967,3.580928221765914
45021970700,9.775831362080767,3.517772586584531
45023020100,9.599257162217659,3.680004856262834
45023020200,9.573858292265572,3.661552237508556
45023020300,9.595068760438056,3.674294991786448
45023020400,9.642505483915127,3.689047807665982
45023020500,9.542111999315537,3.625698468856947
45023020601,9.494471785078713,3.619689733744011
45023020602,9.61326915742642,3.695936815879535
45023020700,9.65047180971937,3.721317067077344
45023020800,9.666990837782341,3.740214865160849
45023020900,9.479714267624914,3.645140299110198
45023021000,9.41747535797399,3.625887275838467
45025950101,9.388282710472279,3.708408996577686
45025950102,9.354888675564682,3.707291880903491
45025950200,9.231259202600958,3.643182361396304
45025950300,9.264578533196441,3.665706559206023
45025950400,9.2867195229295,3.695714471594798
45025950501,9.364126839835729,3.763687492128679
45025950502,9.406786521560575,3.795673030116359
45025950600,9.451446882956879,3.831465835728953
45025950700,9.338358911019849,3.71987740109514
45025950800,9.280830532511978,3.670351498973306
45027960100,9.315001661190965,3.817520882956879
45027960201,9.297103483915127,3.79808376386037
45027960202,9.413777991101985,3.832491670773443
45027960300,9.372505848733744,3.794266395619439
45027960400,9.49529865982204,3.763229612594114
45027960500,9.410105958932238,3.766749457221082
45027960600,9.147254701574264,3.700068907597536
45027960701,9.283377945927447,3.727634509924709
45027960702,9.100718958932238,3.638848094455852
45027960703,9.118626140314853,3.634183260780288
45027960801,9.383747000684463,3.721188303901437
45027960802,9.215054618069815,3.649042173169062
45029970100,9.265507400410678,3.753205657084189
45029970200,9.264126062970568,3.824608250513347
45029970300,9.023466169062286,3.685420340862423
45029970401,9.181131968514716,3.685902197125257
45029970402,9.112306501711157,3.62632133744011
45029970500,9.061313926762491,3.630552700205339
45029970600,8.939530368925394,3.546433126625599
45029970700,8.921800002737851,3.42211984531143
45029970800,8.580282097878166,3.431757241615332
45031010100,9.514797921971253,3.866988872005476
45031010200,9.495910904859685,3.805420875427789
45031010300,9.517106114989733,3.814068389459274
45031010400,9.472293709787817,3.788048889117043
45031010500,9.537850754962355,3.825782932922656
45031010600,9.568998896646133,3.846152115674196
45031010700,9.550115739904175,3.827654477754962
45031010800,9.591274559206023,3.853401593429158
45031010900,9.632817422997947,3.880577972621492
45031011000,9.607414238193018,3.881117171800137
45031011100,9.641256681724846,3.875072893908282
45031011200,9.637544554414784,3.878966163586584
45031011300,9.579420642710472,3.881774363449692
45031011400,9.660701397672827,3.876948078028747
45031011500,9.627799493497604,3.872094700889802
45031011600,9.578296184120465,3.855871822039699
45033970100,9.471196336071184,3.957508403148528
45033970200,9.393249124572211,3.962359748117728
45033970300,9.442367205338809,3.949889837097878
45033970400,9.418395234086242,3.958121872005476
45033970500,9.204222813141684,3.926302732375086
45033970600,9.40616058384668,3.930738951403148
45035010100,9.265290101300479,3.667353307323751
45035010200,9.27516534017796,3.637025351129363
45035010300,9.212747177960301,3.544009524982888
45035010400,9.029798509240246,3.319387320328542
45035010501,9.085115362765229,3.259053026694045
45035010503,9.033850789869952,3.214884412046544
45035010504,9.043085082819986,3.161241054072553
45035010505,9.075860250513347,3.12913553798768
45035010603,9.109887303216975,3.204336997262149
45035010604,9.106548648186174,3.175535724161533
45035010605,9.08662429431896,3.160745167693361
45035010606,9.109347698151951,3.123551377823409
45035010700,9.126152180698152,3.122174440793977
45035010801,8.853529621492129,3.152948592744695
45035010807,9.050394036276523,3.082868820670773
45035010808,9.075108872689938,3.081063374401095
45035010809,9.112031451060917,3.083264357289528
45035010813,9.098063338809035,3.064041815879535
45035010814,9.125551777549624,3.021326072553046
45035010815,9.094347906913073,3.030129632443532
45035010816,9.080609887748118,3.003763159479808
45035010817,9.062455377138946,2.977453377823409
45035010818,9.045557518822724,2.958105935660506
45035010819,9.027164060232717,3.005313247091034
45035010820,8.996866301163587,2.971860058179329
45037970201,9.975527649555099,3.93662981724846
45037970202,9.90267588569473,3.843219672142368
45037970300,10.006841641341547,3.799449710472279
45037970400,10.321861202600958,3.916401837097878
45037970501,10.527850013689254,4.040337012320328
45037970502,10.591811750171116,4.111306117043121
45039960100,9.491633147843942,3.542337118412046
45039960200,9.435846360027378,3.549611770020534
45039960300,9.513649104722793,3.490807997946612
45039960400,9.514397963723477,3.473261544832307
45039960500,9.622093516084873,3.408043177275838
45041000101,9.676382829568788,3.861118664613279
45041000102,9.678019815195072,3.881404342915811
45041000201,9.680186299794661,3.865799646132786
45041000202,9.679244724161533,3.884121504449008
45041000300,9.60837925119781,3.848158043805613
45041000400,9.49418945174538,3.880310138261465
45041000500,9.496769238877481,3.875809203285421
45041000600,9.598270872005476,3.867513721423682
45041000700,9.625286576317591,3.85487039835729
45041000800,9.620644162902122,3.843699151950719
45041000900,9.653132967145791,3.839985570841889
45041001000,9.634193741957563,3.840988911019849
45041001100,9.656948923340178,3.853093787816564
45041001200,9.647000195756331,3.856580161533196
45041001300,9.652787180698152,3.868826861054073
45041001400,9.625619587953456,3.868086542778918
45041001503,9.648046805612594,3.879310533196441
45041001504,9.627859710472279,3.879267887063655
45041001505,9.515330186173854,3.86616356605065
45041001506,9.492114159479808,3.864089121149897
45041001601,9.541520908966461,3.869835386721424
45041001602,9.338762063655031,3.858238837097878
45041001700,9.312812024640657,3.880688508555784
45041001800,9.063857808350445,3.825897318275154
45041001900,8.892420245037645,3.817312103353867
45041002000,9.095679194387406,3.820295765229295
45041002201,9.199293095824778,3.818982994524298
45041002202,9.113135492128679,3.819622639288159
45041002300,9.286334324435318,3.837069560574949
45041002400,9.320761887063655,3.836465741957563
45041002500,9.503567912388775,3.862472292950034
45041002600,9.550635005475702,3.861904386721424
45041980100,9.589981645448323,3.856841047912389
45043920100,8.688508496919918,3.783519582477755
45043920201,8.53446997467488,3.61019756605065
45043920202,8.624332305954826,3.677819444900753
45043920301,8.53895782477755,3.687592803559206
45043920302,8.340494002053388,3.65081285284052
45043920400,8.517747019164956,3.756125973305955
45043920501,8.372440950718686,3.775063072553046
45043920502,8.323078227926078,3.744629739904175
45043920503,8.276365135523614,3.703386151266256
45043920504,8.247797984941821,3.655242290896646
45043920505,8.09819084257358,3.589716171800137
45043920600,8.418483328542094,3.647452329226557
45043920700,8.285040772073922,3.580922578370979
45043920800,8.307831297741273,3.514249929500342
45045000100,10.225119561943874,3.22971672347707
45045000200,10.218650674880219,3.215767908281999
45045000400,10.23933879192334,3.213831912388775
45045000500,10.214238171800137,3.203892737850787
45045000700,10.170956483915127,3.188976603011636
45045000800,10.136118655715264,3.199662613278576
45045000900,10.149426778918549,3.206298898015058
45045001000,10.176840832306639,3.213847579739904
45045001101,10.16869723613963,3.244770527720739
45045001102,10.172961248459959,3.230544131416838
45045001203,10.242838759069131,3.267844030800821
45045001204,10.27976021560575,3.265908795345654
45045001205,10.236130087611225,3.248945245037645
45045001302,10.341969245722108,3.286335470225873
45045001400,10.333668496235455,3.286306057494866
45045001501,10.290449416837782,3.268365428473648
45045001502,10.341019948665298,3.309985807665982
45045001600,10.072180950034223,3.261001969199179
45045001700,10.149343620807666,3.273483037645448
45045001803,10.161671156057495,3.291127268309377
45045001804,10.248868752224504,3.305991889801506
45045001805,10.226284071868583,3.286088442847365
45045001807,10.292640724161533,3.309901223819302
45045001808,10.357929237508556,3.314361380561259
45045001809,10.287946476386037,3.29438265229295
45045001810,10.29827101779603,3.292625682409309
45045001900,10.381775386721424,3.320748527036276
45045002001,10.342046197125257,3.343227926762491
45045002003,10.337311724161533,3.385168062286105
45045002005,10.3719881321013,3.356229851471595
45045002103,10.298447329226557,3.294532227926078
45045002104,10.134577809034908,3.223138898699521
45045002105,10.181465246406571,3.20165134770705
45045002106,10.182979044490075,3.245690570841889
45045002107,10.231464054757016,3.27138117522245
45045002108,10.22990780971937,3.228016762491444
45045002201,10.064538346338125,3.214064275838467
45045002202,10.089340751540041,3.221855360027378
45045002301,9.968925728268309,3.229913904175222
45045002302,10.05852412936345,3.224822712525667
45045002303,10.104320327173169,3.213408362080767
45045002304,10.090416963723477,3.237451852156058
45045002402,9.761923014373717,3.312622862422998
45045002403,9.455681066392882,3.284515914442163
45045002404,9.156287088295688,3.276386130047912
45045002503,10.251279206707734,3.361970560574949
45045002504,10.134378021218344,3.360472419575633
45045002505,10.178726107460643,3.356534587953456
45045002506,10.016897862422998,3.32757874606434
45045002507,10.041364287474333,3.348705357289528
45045002602,10.175848744010951,3.301836897330596
45045002604,10.159173029431896,3.317780116358658
45045002606,9.754049281314168,3.287334719370294
45045002608,10.268832977412731,3.348158585900068
45045002609,10.312877700205339,3.347759965092402
45045002610,10.036046027378508,3.292975416837782
45045002611,9.936283967830253,3.293138892539357
45045002701,9.828834079397673,3.24847141615332
45045002702,9.931960409308693,3.269131412731006
45045002803,10.332185451060917,3.34772887816564
45045002804,10.337882237508556,3.33051926899384
45045002805,10.370148793292266,3.346428579739904
45045002808,10.39401209377139,3.375435485968515
45045002811,10.403546008213552,3.359858401779603
45045002812,10.408870351813826,3.379405146475017
45045002813,10.418512028747433,3.39650487816564
45045002814,10.417000519507187,3.405652447638604
45045002815,10.40803760164271,3.393501084873374
45045002816,10.382192843258042,3.420480371663244
45045002901,10.387876954825462,3.364805696098563
45045002903,10.407381685831622,3.381812404517454
45045002904,10.390049700889802,3.377760604380561
45045002905,10.375612547570157,3.401698396303901
45045003005,10.347392849418207,3.420075313483915
45045003008,10.388465760438056,3.403307859685147
45045003009,10.312459527720739,3.431102008898015
45045003010,10.357992726899384,3.400120790554415
45045003011,10.308815772073922,3.439858718001369
45045003012,10.318918572895277,3.429952169062286
45045003013,10.267027280629706,3.46011107871321
45045003014,10.352906345653662,3.430739282683094
45045003015,10.251224470910335,3.489853632443532
45045003101,10.227818336755647,3.464339396303901
45045003103,10.155607546885695,3.496980850102669
45045003104,10.047339514031485,3.546168505817933
45045003201,10.15823438329911,3.560561497604381
45045003202,9.981077880903491,3.62436098973306
45045003301,10.274721013689254,3.547454950718686
45045003303,10.297220208761122,3.500933399041752
45045003304,10.29987594661191,3.468454067761807
45045003401,10.373241336071184,3.418484222450376
45045003500,10.307398269678302,3.407770217659138
45045003601,10.143623008213552,3.286923592060233
45045003602,10.237267685831622,3.332539492813142
45045003701,9.732544718001369,3.244613704312115
45045003704,10.022147306639288,3.233547802874743
45045003705,10.026145773442847,3.259307042436687
45045003706,9.942849440793977,3.233286162217659
45045003707,9.876273349760438,3.233295901437372
45045003801,9.759918429842574,3.237284230663929
45045003802,9.880519119096509,3.235113315537303
45045003902,9.576078837097878,3.248650206707734
45045003903,9.315981779603012,3.228074334702259
45045003904,9.451968596167009,3.230865331279945
45045004001,9.376662509924709,3.245664880903491
45045004002,8.933560617385352,3.218343797399042
45045004101,9.057393585900068,3.211082464065708
45045004102,8.66720190349076,3.182286495550992
45045004200,10.272879223819302,3.244231279945243
45045004300,10.298579206707734,3.261590112251882
45045004400,10.339351381930185,3.294130399726215
45047970101,9.836718772073922,3.809889680355921
45047970102,9.814569833675565,3.807308476386037
45047970201,9.866813805612594,3.835616058863792
45047970202,9.884110414099932,3.86944918275154
45047970301,9.889765558521561,3.877497488706366
45047970302,9.894627621492129,3.890486585900068
45047970400,9.894579114989733,3.905601516769336
45047970500,9.89287090349076,3.879629285420945
45047970600,9.888274997946612,3.868752780971937
45047970701,9.779669377823409,3.802236985626283
45047970702,9.830369867214237,3.844162199178645
45047970800,9.877915397672827,3.90880862696783
45047970900,9.826686675564682,3.923633991101985
45047971000,9.783763572895277,3.850016348391513
45049920100,9.415885407255305,3.945385944558522
45049920200,9.276796054072553,3.877572049281314
45049920300,9.100176127310062,3.783057281998631
45049920400,9.433212069815195,3.983658700889802
45049920500,9.405354560574949,3.98196198220397
45051010100,8.948232392197125,3.895335504449008
45051020100,8.857703419575633,3.89709090349076
45051020200,8.756441069130732,3.884719008898015
45051020300,8.832999429842574,3.913768744695414
45051030101,8.690234460643395,3.883705439425051
45051030102,8.671671427104723,3.889143145790554
45051030103,8.58258646201232,3.864613874058864
45051040101,8.495090663928816,3.846773370294319
45051040102,8.410401169062286,3.825825965776865
45051040103,8.392792893223819,3.824067378507871
45051040104,8.358455753593429,3.80041811156742
45051040105,8.322168381245722,3.803565339493498
45051040200,8.257867567419576,3.788244286105407
45051040300,8.318549793292266,3.80282229431896
45051040400,8.357824313483915,3.815482592060233
45051040500,8.387633670773443,3.829166312799452
45051050102,8.517102659137577,3.865008921971253
45051050200,8.428356637919233,3.83968462696783
45051050303,8.440670030800821,3.845245032169747
45051050401,8.448991033538672,3.839933653661875
45051050402,8.46048468788501,3.844362334017796
45051050500,8.4774524770705,3.850772847364819
45051050600,8.498229240930869,3.856439302532512
45051050700,8.46447586036961,3.845929899383984
45051050900,8.522121472963724,3.856773403832991
45051051000,8.522831405886379,3.849461845995893
45051051201,8.401244069130732,3.801958250513347
45051051202,8.382103134154689,3.797372867214237
45051051301,8.36940526899384,3.791035800821355
45051051302,8.369179270362765,3.784130783025325
45051051403,8.481134958932238,3.831326892539357
45051051404,8.457261943874059,3.819785650239562
45051051405,8.431719832306639,3.808862930184805
45051051406,8.420670314168378,3.799098793976728
45051051501,8.627932701574264,3.884373802874743
45051051502,8.576087453798768,3.860553324435318
45051051503,8.580510882272416,3.871083213552361
45051051601,8.591281863791923,3.857849439425051
45051051603,8.587682631759069,3.840381206023272
45051051604,8.494505155373032,3.807753114989733
45051051605,8.508384258042437,3.82800231211499
45051051700,8.430701464065708,3.830349914442163
45051060101,8.790762592744695,3.914196350444901
45051060102,8.705533334702259,3.895800549623546
45051060203,8.690620130732375,3.904905914442163
45051060204,8.623475128678987,3.888824435318275
45051060206,8.656652097878166,3.899923873374401
45051060207,8.622835274469541,3.898411818617385
45051060208,8.582961790554415,3.876324112251882
45051060209,8.727713274469541,3.914405258726899
45051060301,8.687755258726899,3.899793097193703
45051060303,8.43581797467488,3.843211498288843
45051060308,8.60784319301848,3.884579028062971
45051060403,8.839691505817933,3.9372524770705
45051060404,8.795219765229295,3.93233547980835
45051060405,8.796159143052704,3.92444982477755
45051060406,8.751449333333333,3.912968087611225
45051070101,8.842000969199179,3.922802832991102
45051070102,8.797227247775496,3.923125572895277
45051070200,8.849501226557153,3.924329013689254
45051070300,8.854430041752224,3.918777009582478
45051070400,8.848066885010267,3.918695403832991
45051070500,8.83560711156742,3.914811110198494
45051070601,8.803995943874059,3.876563433264887
45051070602,8.727778672826831,3.873597349075975
45051070701,8.869309594113621,3.913771701574264
45051070702,8.843238390143737,3.892648386721424
45051080101,8.901132721423682,3.892057694045174
45051080102,8.901298234770705,3.885669812457221
45051080200,8.871403204654346,3.873031369609856
45051980100,8.508344116358658,3.852629600958248
45053950100,9.240135213552361,3.87652150513347
45053950201,9.080718524982888,3.766776719370294
45053950202,9.052031767967146,3.768410307323751
45053950300,9.295534807665982,3.765386729637235
45055970100,9.323132490075291,3.680832203285421
45055970200,9.260793247091034,3.647697154004107
45055970300,9.344821095824778,3.597513894592745
45055970401,9.576593436002738,3.548081528405202
45055970402,9.655519686516085,3.58156166255989
45055970403,9.651043352498289,3.60669416495551
45055970500,9.555341123887748,3.646277528405202
45055970601,9.523911482546201,3.667416051334702
45055970602,9.434161000684463,3.662681897330596
45055970700,9.586601832306639,3.673869898699521
45055970800,9.607415066392882,3.651456024640657
45055970902,9.72676423613963,3.567450420944558
45055970903,9.810406015058179,3.465650004791239
45055970904,9.756557813141684,3.522877654346338
45055970905,9.696674869952088,3.565759878850103
45057010100,9.381517905544148,3.701809658453114
45057010200,9.283329546201232,3.656100344969199
45057010300,9.347793978097194,3.638243295687885
45057010400,9.472038006160164,3.682813544147844
45057010500,9.517933164271047,3.712749902121834
45057010600,9.456528372347707,3.701521748117728
45057010700,9.536575327173169,3.732687630390144
45057010800,9.545574279945243,3.729772735797399
45057010900,9.600132498973306,3.743792698836413
45057011001,9.440608592060233,3.710063423682409
45057011002,9.555543561943874,3.747856460643395
45057011100,9.666194242984257,3.762246121149897
45057011201,10.235406683778234,3.844992303216975
45057011202,9.924679466803559,3.810097440793977
45059920101,10.118598703627652,3.480385470910335
45059920102,9.954260242984257,3.525589405201916
45059920103,9.908257379876797,3.577493427104723
45059920104,10.007820882272416,3.547146967145791
45059920201,9.845874316906229,3.656819286105407
45059920202,9.800958063655031,3.729427657768652
45059920301,9.834117604380561,3.667148686516085
45059920302,9.802833454483231,3.686743572210814
45059920400,9.837020790554415,3.656958484599589
45059920501,9.827694468856947,3.569828318959617
45059920502,9.836389676933607,3.619459945927447
45059920600,9.681786944558522,3.622928210814511
45059920700,9.783952496919918,3.676888807665982
45059920800,9.758024356605065,3.68987680698152
45059920900,9.731208605749487,3.689442227926078
45059921001,9.8003880862423,3.749701683093771
45059921002,9.769365202600958,3.758670834360027
45061920100,9.536590259411362,3.815656945927447
45061920200,9.459864661875428,3.750539791238878
45061920301,9.545604028747433,3.811696661875428
45061920302,9.554959387405886,3.820755602327173
45061920400,9.560922305954826,3.7600267816564
45061920500,9.590293449007529,3.827803610540726
45061920600,9.524839223819302,3.847037284052019
45063020100,10.320068081451061,3.22550205065024
45063020201,10.354163037645448,3.176513414099932
45063020202,10.349974578370979,3.221741346338125
45063020300,10.365838933607118,3.17351607118412
45063020505,10.366669773442847,3.191157248459959
45063020506,10.332284643394935,3.173342582477755
45063020507,10.339108331964408,3.215733875427789
45063020508,10.368428441478439,3.179973393566051
45063020509,10.387903626283368,3.176026776865161
45063020510,10.31251247980835,3.146975656399726
45063020511,10.278962861738535,3.134714419575633
45063020601,10.363657789185489,3.216179772758385
45063020602,10.342456816563997,3.247092234086242
45063020604,10.320610635181383,3.255036067077344
45063020605,10.301566158795346,3.296894666666667
45063020703,10.264507751540041,3.35362524366872
45063020705,10.131557728268309,3.437871184120465
45063020706,10.227354594113621,3.351250609856263
45063020707,10.237960828884326,3.381185078028747
45063020708,10.2343614770705,3.382365778918549
45063020801,9.898432854209446,3.565018841889117
45063020802,9.946582551676934,3.55812438329911
45063020803,9.908677899383984,3.599476578370979
45063020804,10.032161490759754,3.513361743326489
45063020805,10.114768503764545,3.457106772073922
45063020903,9.922216987679672,3.621693485968515
45063020904,9.902138854893908,3.622093475701574
45063020905,10.08611305065024,3.492429641341547
45063020906,10.029246443531828,3.515799265571526
45063020907,10.109348313483915,3.465952657768652
45063020908,10.187673596167009,3.41865449486653
45063021009,10.076318520876112,3.45754035523614
45063021014,10.24602672347707,3.205888693360712
45063021017,10.242625759753593,3.338660576317591
45063021018,10.216092353867214,3.386289311430527
45063021019,10.292161877481177,3.235318316906229
45063021020,10.305414560574949,3.244331142368241
45063021021,9.928408864476386,3.385753067761807
45063021022,10.000315323750856,3.388958590691307
45063021023,10.022054346338125,3.420026112251882
45063021024,10.056781657768652,3.426726493497604
45063021025,10.054449970568104,3.301770550308008
45063021026,10.063018841204654,3.340796388090349
45063021027,10.139520464065708,3.30385427926078
45063021028,10.097400396988364,3.368578125941136
45063021029,10.150432522245038,3.34848012183436
45063021030,10.220389182067077,3.301552821355236
45063021031,10.209226501026694,3.290704470225873
45063021032,10.197501557837098,3.258048238877481
45063021033,10.266973898699521,3.29336074880219
45063021034,10.300052676249144,3.281163619438741
45063021106,10.245441936344969,3.120384651608487
45063021109,10.220811690622861,3.139314177960301
45063021110,10.159613425735797,3.179262626283368
45063021111,10.215959819986311,3.13828843394935
45063021112,10.156468413415469,3.16724525393566
45063021113,10.088960725530459,3.219008653661875
45063021114,10.004074113620808,3.28709831211499
45063021115,10.096722227926078,3.250343520876112
45063021116,10.150083751540041,3.205069816563997
45063021203,9.869408004791239,3.370260348391513
45063021204,9.77787214715948,3.401780592060233
45063021205,9.807693013004791,3.419760778918549
45063021206,9.762562656399726,3.45948139835729
45063021303,9.809120094455852,3.461813023956194
45063021304,9.857454112251882,3.498526646132786
45063021305,9.881663078028747,3.568728415468857
45063021306,9.944889968514716,3.493132165639973
45063021307,9.903807754277892,3.583816934291581
45063021308,9.916381489390828,3.609390145106092
45063021402,9.829510663244353,3.634797569472964
45063021403,9.882406857631759,3.653967655715264
45063021404,9.823056221765914,3.577728561259411
45063980100,10.314862652977413,3.293959764544832
45065920100,9.792379849418207,3.989532822724162
45065920200,9.834437173169062,3.96183120807666
45065920300,10.008007879534565,4.010714728268309
45067950100,9.240332833675565,3.893622202600958
45067950200,9.26990488843258,3.930933224503764
45067950300,9.197042748117728,3.929491048596852
45067950400,9.087915470910335,3.903826631759069
45067950500,9.056528260780288,3.909284698151951
45067950600,9.092987364818617,3.898964440793977
45067950700,9.002159577686516,3.860164188227242
45067950800,8.838723511293634,3.840919549623546
45069960100,9.466607940451745,3.849007951403148
45069960200,9.515514835728953,3.899093425735797
45069960301,9.500542538672142,3.915099396303901
45069960302,9.490903412731006,3.89115764202601
45069960400,9.489857346338125,3.922647019849418
45069960500,9.471286205338809,3.930998986995209
45069960600,9.448602603696099,3.90040804312115
45071950100,9.631922298425736,3.558731606433949
45071950201,9.693981972621492,3.640410980835044
45071950202,9.730300791238878,3.634065118412046
45071950300,9.655212611909651,3.638885585900068
45071950502,9.747688910335387,3.679053377138946
45071950601,9.72695352019165,3.595760691991786
45071950602,9.740326853524983,3.509314915126626
45071950700,9.727651838466804,3.714070103353867
45073030100,8.690185286105407,3.415327592060233
45073030200,8.608113717316906,3.319505646817248
45073030300,9.105385830937714,3.518475468856947
45073030401,9.10085306844627,3.548221267624914
45073030402,9.268894863791923,3.600431506502396
45073030500,9.368564743326489,3.65581411156742
45073030601,9.616119455167693,3.726144374401095
45073030602,9.62245529431896,3.673980274469541
45073030701,9.824222368240931,3.786955028747433
45073030702,9.972387087611225,3.819518045174538
45073030800,9.871076086926762,3.823949773442847
45073030901,9.807879110882957,3.872669429158111
45073030902,9.962366835728953,3.902432950034223
45073031000,9.549462754962355,3.763882100616016
45073031100,9.213854910335387,3.642439779603012
45075010100,9.130720295003422,3.569661748117728
45075010200,9.228629440793977,3.584291490075291
45075010300,9.334689196440794,3.676173880219028
45075010400,9.451406806297057,3.727833862422998
45075010500,9.427868225188227,3.731648613278576
45075010600,9.645703865845311,3.818715654346338
45075010700,9.653069631759069,3.780180954825462
45075010800,9.735402406570842,3.76651632991102
45075010900,9.795842393566051,3.768353203285421
45075011000,9.769481492128679,3.791437158795346
45075011100,9.748976193702943,3.781172787132101
45075011200,9.747074810403833,3.810077672142368
45075011300,9.750433722792608,3.81364012183436
45075011400,9.763457502395619,3.808483590006845
45075011500,9.788413764544832,3.834847990417522
45075011600,9.764147636550308,3.849042922655715
45075011700,9.533802414099932,3.81902798220397
45075011800,9.768863069130732,3.830363123887748
45075011900,9.778217464065708,3.784141249144422
45075012000,9.806703987679672,3.694876850102669
45077010100,8.57060634770705,3.216182275154004
45077010200,8.999326105407255,3.387548062970568
45077010300,9.456628719370294,3.535154179329227
45077010401,8.91191951266256,3.281301763175907
45077010402,9.193438704312115,3.348319826830938
45077010403,9.455544260095825,3.439393012320328
45077010501,9.106057759753593,3.243076284052019
45077010502,9.300411978097194,3.322686237508556
45077010601,9.51307022587269,3.276109511293634
45077010602,9.79808281724846,3.322552991786448
45077010700,9.556963028747433,3.38659737577002
45077010801,9.725427154004107,3.432649490759754
45077010802,9.809412332648871,3.386330092402464
45077010803,9.823144533880904,3.470402657768652
45077010804,9.874208325119781,3.420349216974675
45077010901,9.973953550992471,3.515640557152635
45077010902,9.998486414099932,3.447337381245722
45077010903,10.043931008898015,3.372993123203285
45077011001,9.623744317590691,3.497310457221082
45077011002,9.813869030800821,3.569341463381246
45077011003,9.987334161533196,3.616116632443532
45077011101,9.816319451060917,3.681548103353867
45077011102,9.977157631759069,3.720192091718001
45077011103,9.782763270362765,3.629582630390144
45077011202,10.067744846680356,3.83301782477755
45077011203,10.03844234770705,3.794652360711841
45077011204,9.702052022587269,3.676555912388775
45077011205,9.957389611225188,3.778544399726215
45079000100,10.281471902806297,3.179235947296372
45079000200,10.313798151950719,3.165292130732375
45079000300,10.31677355578371,3.172927589322382
45079000400,10.338958886379192,3.164638542778918
45079000500,10.322408704312115,3.164303232032854
45079000600,10.369152798083504,3.163874979466119
45079000700,10.356478596167009,3.156141533196441
45079000900,10.301570978097194,3.167529741957563
45079001000,10.329074328542094,3.158845334702259
45079001100,10.292753470225873,3.169999443531828
45079001200,10.291417099931554,3.182533714579055
45079001300,10.31677161670089,3.152307067761807
45079001600,10.361753011635866,3.149744197125257
45079002100,10.314318108145106,3.154602770704997
45079002200,10.302028583162218,3.168682865160849
45079002300,10.289534271731691,3.193942954825462
45079002400,10.255795446954141,3.234202435318275
45079002500,10.292513324435318,3.178793439425051
45079002602,10.302306488706366,3.179202616016427
45079002603,10.281619082819986,3.206447535934292
45079002604,10.264216908281999,3.218655764544832
45079002700,10.322012179329227,3.138135874058864
45079002800,10.347452673511294,3.153401990417522
45079002900,10.3426961724846,3.135865165639973
45079003000,10.3304252183436,3.134455480492813
45079003100,10.348313892539357,3.141297655715264
45079010102,9.909341325119781,3.320553292265572
45079010103,9.911815607802875,3.346038531143053
45079010104,9.743833614647502,3.422836252566735
45079010200,9.957277051334702,3.269100203285421
45079010304,10.189714058863792,3.152079032169747
45079010305,10.057809002053388,3.229465696098563
45079010306,9.900229001368925,3.317082954140999
45079010307,9.800185190965092,3.355888521560575
45079010308,10.024443768651608,3.238907980150582
45079010309,10.091264115674196,3.202161754277892
45079010403,10.377179121149897,3.169785285420945
45079010407,10.312084959616701,3.160803689938398
45079010408,10.251937221081451,3.165982338124572
45079010409,10.277664083504449,3.153264650924025
45079010410,10.278470802874743,3.143179792607803
45079010411,10.313178117043121,3.150234994524298
45079010412,10.343721166324435,3.167859298425736
45079010413,10.369128226557153,3.170314468172485
45079010501,10.25855685284052,3.168835474332649
45079010502,10.365297633127994,3.169987182067077
45079010600,10.267438348391513,3.185240937713895
45079010701,10.203567338124572,3.190075614647502
45079010702,10.156922036276523,3.216518002737851
45079010703,10.219331712525667,3.203816391512663
45079010803,10.188230945927447,3.225066099931554
45079010804,10.230406093086927,3.20401909650924
45079010805,10.152237537303217,3.230445406570842
45079010806,10.160728760438056,3.218743478439425
45079010900,10.292986178644764,3.178246826830938
45079011000,10.276586461327858,3.186523413415469
45079011101,10.26507406091718,3.195799550308008
45079011102,10.223351618069815,3.220898277891855
45079011201,10.264857126625599,3.207320981519507
45079011202,10.264542161533196,3.207133073921971
45079011301,10.207750023271732,3.239860252566735
45079011303,10.122532489390828,3.264505303901437
45079011304,10.153144667351129,3.268145953456537
45079011305,10.144122917864476,3.279750060232717
45079011404,10.081073189596167,3.261079099931554
45079011407,9.866645382614648,3.456792422997947
45079011411,10.050622980150582,3.313605562628337
45079011412,10.077784292950034,3.31495435797399
45079011413,10.010767812457221,3.362878613278576
45079011414,9.953613529774127,3.387019570157426
45079011415,9.899597686516085,3.405653846680356
45079011416,9.87430207871321,3.397584283367556
45079011417,9.937351395619439,3.367927559206023
45079011418,9.972352271731691,3.356943789185489
45079011419,10.0033359137577,3.346984718685832
45079011501,10.210366271047228,3.264659496235455
45079011502,10.180301054757016,3.29821281724846
45079011603,10.233459097193703,3.260028750171116
45079011604,10.242915546201232,3.244214094455852
45079011606,10.108700084188912,3.340913016427105
45079011607,10.181756467488022,3.304791333333333
45079011608,10.166461000684463,3.311785305270363
45079011701,10.266881514715948,3.247697819986311
45079011702,10.181057552361396,3.309356073921971
45079011800,9.884400257357974,3.479321040383299
45079011901,10.031243402464066,3.389129792607803
45079011902,9.887251242984257,3.458322551676934
45079012000,9.742397560574949,3.592830674880219
45079980100,9.943372936344969,3.425062443531828
45081960100,9.724259280629706,3.711947075290897
45081960201,9.765300791238878,3.779972445585216
45081960202,9.788694615331964,3.729987046543463
45081960300,9.756124277891855,3.621171712525667
45081960400,9.853708733744011,3.7220535633128
45083020301,10.21596216495551,3.227977363449692
45083020400,10.235820750171116,3.247049707734428
45083020500,10.248582472963724,3.256088505817933
45083020601,10.282499592744695,3.30145915742642
45083020602,10.288361694045174,3.314239854893908
45083020603,10.275221072553046,3.290684219712526
45083020701,10.278220585215606,3.294965768651608
45083020702,10.267824301163587,3.304032372347707
45083020800,10.240171506502396,3.248885342231348
45083020900,10.229359640657084,3.248090600273785
45083021001,10.214298405201916,3.256776731690623
45083021100,10.195683883641342,3.275544970568104
45083021200,10.191588548939083,3.219755495550992
45083021301,10.160889691307324,3.274299787132101
45083021302,10.159770554414784,3.265399874743326
45083021303,10.130979372347707,3.294118786447639
45083021401,10.12009678439425,3.339820561943874
45083021402,10.167559140999316,3.342903449691992
45083021403,10.175676446269678,3.278677737850787
45083021500,10.199077197125257,3.255140547570157
45083021600,10.219158155373032,3.273490937029432
45083021700,10.249687794661191,3.282070170431212
45083021802,10.196137182067077,3.316255557152635
45083021803,10.14701837303217,3.343538028062971
45083021804,10.197283744695414,3.341092639972622
45083021901,10.25844698220397,3.335873742642026
45083021902,10.304734950718686,3.34770060164271
45083022003,10.211412794661191,3.321283963039014
45083022004,10.096269833675565,3.32460688569473
45083022005,10.307005491444216,3.359322854209446
45083022006,10.259345811772758,3.360781913073238
45083022007,10.285200403148528,3.334126320328542
45083022101,10.118721862422998,3.306145032169747
45083022102,10.047483999315537,3.351937563997262
45083022201,10.073615169746749,3.350220182067077
45083022202,10.02123468788501,3.405425258726899
45083022302,10.005006023271732,3.450091109514032
45083022303,9.839560003422314,3.477567645448323
45083022304,9.800008212867899,3.442224609856263
45083022401,9.65785131485284,3.393005965776865
45083022403,10.040715802874743,3.390606828199863
45083022404,9.921218478439425,3.38990894661191
45083022405,10.040592920602327,3.368334465434634
45083022406,10.123287959616701,3.358272927446954
45083022500,9.460170640657084,3.343910707734428
45083022600,9.281953955509925,3.326193900752909
45083022700,9.700559821355236,3.340281204654346
45083022801,9.93437787063655,3.370644522245038
45083022802,10.059796476386037,3.365299130047912
45083022900,9.962846455852156,3.368808004106776
45083023001,10.058711151950719,3.375492290212183
45083023002,10.233025030800821,3.371897459958932
45083023101,10.286364366187543,3.394883719370294
45083023102,10.276987281998631,3.391722923340178
45083023201,10.013062835728953,3.35447459890486
45083023202,10.323673843258042,3.394363523613963
45083023301,10.117057961670089,3.365941274469541
45083023302,10.2112064770705,3.377931366872006
45083023401,10.327927084188912,3.38331958384668
45083023402,10.275454251882272,3.398138957563313
45083023403,10.339246536618754,3.394488767967146
45083023404,10.333447130047912,3.412413117727584
45083023405,10.378619258042437,3.413647137577002
45083023500,10.182539650239562,3.441322629705681
45083023600,10.038628422997947,3.476743562628337
45083023700,9.827330326488706,3.513202301163587
45083023801,10.090300073921971,3.368005288158795
45083023802,9.915247995893224,3.433020650924025
45083023900,9.946724307323751,3.394111691307324
45085000100,9.647911399726215,3.685484284052019
45085000201,9.709004133470226,3.67587705065024
45085000202,9.694354299794661,3.752593836413416
45085000300,9.724753472963724,3.763233863107461
45085000400,9.671905434633812,3.828441933607118
45085000500,9.44440587063655,3.840073204654346
45085000600,9.612313834360027,3.849595657768652
45085000700,9.708599624914442,3.852933743326489
45085000800,9.729634075975359,3.840275026009582
45085000901,9.744396481177276,3.835450925393566
45085000902,9.752613142368241,3.83849761670089
45085001100,9.710163973990418,3.861744422997947
45085001300,9.745815816563997,3.850928778918549
45085001500,9.741981217659138,3.852022130732375
45085001600,9.722795067077344,3.851026137577002
45085001701,9.769894401779603,3.826852552361396
45085001703,9.750333632443532,3.819330516769336
45085001704,9.739790076659822,3.845414592744695
45085001801,9.613853117727584,3.729469227241615
45085001802,9.721033308008214,3.727712308692676
45085001901,9.628793577002053,3.784057971252567
45085001902,9.609254836413416,3.816332138945927
45085002000,9.74121459890486,3.849005691991786
45087030100,9.619762023271732,3.547756930869268
45087030200,9.615492637234771,3.554670432580424
45087030300,9.599311440793977,3.56439509377139
45087030400,9.644841356605065,3.538886208761122
45087030500,9.581173158795346,3.572019997262149
45087030600,9.522943062970568,3.596535145106092
45087030700,9.611903557152635,3.557004752908966
45087030800,9.741626165639973,3.482871786447639
45087030900,9.610126495550992,3.582138896646133
45089970100,9.158629075975359,3.803006292265572
45089970200,8.935276288843258,3.774179732375086
45089970300,8.800619488706366,3.792371570841889
45089970400,8.754886712525667,3.706602394250513
45089970501,8.934852989048597,3.719637768651608
45089970502,9.044692624914442,3.769389023271732
45089970600,9.130978543463381,3.766513332648871
45089970700,9.037619943874059,3.675242862422998
45089970801,8.852024837782341,3.599263381930185
45089970802,8.978941805612594,3.675796718685832
45089970900,8.686556648870637,3.591518936344969
45091060102,10.083601478439425,3.827171489390828
45091060200,10.06773884257358,3.82530859137577
45091060300,10.027374016427105,3.818262675564682
45091060401,10.012357655030801,3.814291724845996
45091060402,9.969752559890486,3.797421462696783
45091060501,10.046737245722108,3.818417733744011
45091060502,10.010578367556468,3.809259453798768
45091060600,10.064984678302532,3.818846496919918
45091060700,10.098754339493498,3.820625631074606
45091060802,10.115385454483231,3.829529366872006
45091060803,10.111938048596852,3.828360086926762
45091060804,10.154640882956879,3.834232711841205
45091060901,10.138720613963039,3.837542866529774
45091060904,10.013331904175222,3.789886513347023
45091060905,10.050765453114305,3.805715852156058
45091060906,10.134831000684463,3.814241325119781
45091060907,10.19387917522245,3.84169524366872
45091061003,10.25948295687885,3.823633168377823
45091061004,10.268674954825462,3.842844273100616
45091061005,10.325123585900068,3.830035171800137
45091061006,10.378392235455168,3.816562214921287
45091061007,10.39519253798768,3.825008493497604
45091061008,10.34024245927447,3.844027850787132
45091061101,10.293397387405886,3.843384887748118
45091061103,10.198951822039699,3.844676602327173
45091061104,10.209018126625599,3.847811168377823
45091061201,10.051975669404518,3.83126137303217
45091061202,10.012465965776865,3.821257550308008
45091061203,9.893353861054073,3.798324075290897
45091061301,9.955866516084873,3.807744836413416
45091061302,9.838965249828884,3.770901057494866
45091061401,9.69424805065024,3.690381524298426
45091061403,9.885566678302532,3.771880979466119
45091061404,9.99682855578371,3.798337242299795
45091061501,9.854019351813826,3.721683421629021
45091061502,9.876109967145791,3.741517490759754
45091061601,9.817487265571526,3.719233942505134
45091061602,9.84708921560575,3.724742863107461
45091061701,9.856002091718001,3.704743924024641
45091061705,10.018765362080767,3.745830438056126
45091061706,10.097899253251198,3.764235685831622
45091061707,10.203046713894593,3.777104309377139
45091061708,10.175148761806982,3.793859782340862
45091061801,9.979874049965777,3.73127072073922
45091061802,9.938886378507871,3.736257948665298
45091061900,9.66079732991102,3.635576770704997
46003973600,7.035368807665982,3.489248986310746
46005956600,7.30946043394935,3.479831775496236
46005956700,7.102490830937714,3.449550434633812
46005956800,7.260329492813142,3.491164064339494
46005956900,7.274249357289528,3.494489930184805
46005957000,7.244473467488022,3.495180596167009
46005957100,7.281638318959617,3.495794249828884
46007941000,5.637757054072553,2.815128532511978
46007941200,5.65568219028063,2.824010819986311
46009967600,7.754440733744011,3.692703429158111
46009967700,7.543046282683094,3.657486112251882
46011958600,7.782583610540726,3.371570989048597
46011958700,7.690693642710472,3.329647452429843
46011958802,7.820700890485968,3.311984473648186
46011958803,7.88794665982204,3.340595203285421
46011958900,7.840409873374401,3.320628327173169
46011959000,7.906209055441478,3.348720715947981
46013951300,7.061066737850787,3.16500599247091
46013951400,7.10688927926078,3.173359363449692
46013951500,7.116198540041068,3.151176699520876
46013951600,7.121372310746064,3.158363511978097
46013951700,7.087644048596852,3.174476779603012
46013951800,7.132688958247776,3.18567745174538
46013951900,7.119460428473648,3.248396976043806
46013952000,6.977234352498289,3.226282071868583
46015973100,6.731977797399042,3.391249880903491
46015973200,6.594800951403148,3.335433071868583
46017940200,6.637441557152635,3.336991386036961
46019967600,5.474248062286105,2.732691249828884
46019967700,5.6078245633128,2.743525543463381
46021964100,6.255641640657084,3.09603632991102
46023940200,7.105003668035592,3.530132877481177
46023940300,7.344739492813142,3.608023588637919
46023970100,6.783292715263518,3.413427288843258
46025955800,7.134343633812457,3.296161776180698
46027965700,8.439050217659138,3.662412687200548
46027965800,8.363749787816564,3.67656000752909
46027965900,8.432202652977413,3.664641943189596
46029954100,7.190994430527036,3.197488502395619
46029954301,7.217079069815195,3.151453795345654
46029954302,7.200364005475702,3.147279229295003
46029954400,7.205625525667351,3.13641246201232
46029954501,7.202877351129363,3.150086094455852
46029954502,7.177459641341547,3.151026229295003
46029954600,7.105146688569473,3.194486650239562
46031941000,5.721174577002053,2.884592389459274
46031941100,6.00293245927447,2.997949850787132
46033965100,5.175355880219028,2.405585587268994
46033965200,5.181476939767283,2.418857508555784
46035962600,7.368662476386037,3.581565496919918
46035962700,7.487284839151266,3.604230921971253
46035962800,7.52070414715948,3.618507524298426
46035962900,7.487046762491444,3.606114648186174
46037952700,6.976147502395619,3.257828731690623
46037952800,6.971951638603696,3.252153451060917
46037952900,6.975627963039014,3.250579184120465
46039953600,7.361721958247776,3.299641411362081
46039953700,7.366535067761807,3.298080453798768
46041941500,5.846520310061602,2.96934490349076
46041941700,5.872327936344969,2.979292770020534
46043969600,7.235764000684463,3.571022443531828
46045962100,6.792381862422998,3.216876859685147
46045962200,6.516433804243669,3.187654169062286
46047964100,5.198356108145106,2.503254454483231
46047964200,5.183707966461328,2.445885537303217
46049961100,6.710209999315537,3.260503830937714
46051953100,7.235465940451745,3.365290617385352
46051953300,7.169454214921287,3.291138564681725
46053971100,6.438613342915811,3.277382633812457
46053971200,6.557661508555784,3.326973917864476
46055960100,5.746974016427105,2.865267890485968
46057955100,7.382127470225873,3.265108748117728
46057955200,7.273369247091034,3.259891708418891
46059975600,6.762991134154689,3.341379266940452
46059975700,6.792050017111567,3.348405036276523
46061964100,7.644914083504449,3.623850238193018
46063968700,5.377851755646817,2.738489366187543
46065977700,6.280888159479808,3.174373572895277
46065977800,6.309365768651608,3.190782542094456
46065977900,6.279354156057495,3.176001010951403
46065978000,6.409889173853525,3.237010173853525
46067968600,7.847087403832991,3.652182468856947
46067968700,7.567276776865161,3.637760550992471
46067968800,7.631930832306639,3.651845711841205
46069976700,6.551184699520876,3.280662318275154
46071941200,5.622492186173854,2.750272009582478
46071961100,5.6739210862423,2.773712427789186
46073974100,6.978580332648871,3.453515072553046
46075091600,5.976847204654346,3.024871819301848
46077958100,7.471664866529774,3.373836149897331
46077958200,7.392305330595482,3.446313393566051
46079960100,7.726344440793977,3.452644318959617
46079960200,7.799842384668036,3.468234184120465
46079960300,7.907236849418207,3.477029253251198
46081966100,5.530459970568104,2.664483348391513
46081966200,5.521241529774127,2.678347302532512
46081966301,5.561529867214237,2.708066934291581
46081966302,5.439421414784394,2.646612483230664
46081966600,5.271078114989733,2.521536414099932
46083010101,8.456235744695414,3.518325889117043
46083010102,8.525187557837098,3.493581838466804
46083010103,8.489383135523614,3.492461238193018
46083010104,8.560051788501027,3.488214465434634
46083010105,8.398348052019165,3.521977005475702
46083010106,8.592219653661875,3.520891342231348
46083010107,8.558673012320328,3.540183752224504
46083010108,8.569422101300479,3.584223291581109
46083010200,8.596067327173169,3.657040802190281
46083010300,8.438109502395619,3.599943772073922
46083010400,8.527086648186174,3.687029491444216
46085940100,6.37803195687885,3.234429529774127
46085972600,6.283728742642026,3.197297440793977
46087964600,7.812904767282683,3.558195835728953
46087964700,7.902222008213552,3.592914753593429
46089963100,6.490257887748118,3.152314110882957
46091950800,6.945734759753593,3.299286253251198
46093020200,5.911903567419576,2.638752908966461
46093020301,5.531054780287474,2.557238514031485
46093020302,5.638048801505818,2.638674718685832
46093020400,5.520993143737166,2.622043802190281
46093020500,5.539459690622861,2.73233447980835
46095940300,5.840781134154689,2.959782445585216
46097961600,7.554541280629706,3.523102961670089
46099000100,8.4817530862423,3.423492676933607
46099000201,8.505091402464066,3.412718654346338
46099000202,8.489582531827515,3.436833049965777
46099000300,8.512069868583162,3.404716810403833
46099000401,8.530963645448323,3.397120162902122
46099000405,8.538977262833676,3.429965396303901
46099000406,8.534531958247776,3.413932278576318
46099000407,8.553416134839151,3.447016502395619
46099000408,8.52486243394935,3.435104488021903
46099000500,8.526496034223135,3.393003127994524
46099000600,8.527688488021903,3.403483416837782
46099000700,8.520868009582478,3.400318791238878
46099000900,8.514063967830253,3.425785138945927
46099001001,8.461287819986311,3.45747398973306
46099001002,8.49598496440794,3.455192171115674
46099001101,8.53237407871321,3.468771175906913
46099001105,8.478706861054073,3.486667181382615
46099001106,8.470437188911704,3.473204039014374
46099001107,8.50819974606434,3.470715305954826
46099001108,8.508541609856263,3.473601488706366
46099001200,8.535861041067762,3.449383495550992
46099001500,8.539689840520192,3.433780515400411
46099001600,8.541980952087611,3.422843826830938
46099001700,8.542839576317591,3.417039466119096
46099001801,8.554985015058179,3.436627843942505
46099001803,8.565266720054757,3.464745020533881
46099001804,8.55588993155373,3.445510106776181
46099001901,8.546933791238878,3.430382875427789
46099001902,8.553979027378508,3.448051482546201
46099010101,8.307654012320328,3.530268590691307
46099010102,8.192231741273101,3.518226163586584
46099010200,8.070536533196441,3.495483500342231
46099010300,8.176737460643395,3.518007171115674
46099010401,8.58086174606434,3.495416279945243
46099010402,8.529351002053388,3.564883296372348
46099010403,8.525203204654346,3.476848542778918
46099010404,8.409651379192334,3.461787470910335
46099010405,8.438322683093771,3.446448796030116
46099010406,8.386822831622177,3.475718980835044
46099010501,8.511121605065024,3.524097922655715
46099010502,8.539047596167009,3.526014048596852
46099010600,8.5391623045859,3.439058524298426
46101959600,8.035599804928131,3.491544223134839
46101959700,8.050058797399042,3.504439960985626
46103010200,5.882592147843942,2.532015102669404
46103010300,5.885261498973306,2.542999205338809
46103010400,5.907878325804244,2.56096827652293
46103010500,5.89244167761807,2.549776858316222
46103010600,5.874316610540726,2.549543405201916
46103010700,5.866917399041752,2.532855039698836
46103010800,5.856431425051335,2.530578134154689
46103010903,5.90379437577002,2.605163735112936
46103010904,5.856960556468172,2.541372197809719
46103010905,5.782926372347707,2.543730234086242
46103010906,5.900015629021218,2.578146241615332
46103010907,5.851815594798084,2.563144292265572
46103011001,5.841949336071184,2.521942899383984
46103011002,5.794472751540041,2.521091106091718
46103011004,5.669728600273785,2.500054568788501
46103011005,5.446439292265572,2.46290188843258
46103011100,5.811359108145106,2.515818169062286
46103011200,5.833318176591376,2.517239006844627
46103011300,5.677118416837782,2.508347486652977
46103011400,5.90860701779603,2.5716272183436
46103011500,5.924229162217659,2.638068683778234
46103011600,5.623011427104723,2.682207613963039
46103011700,5.18839992881588,2.439628422313484
46105968300,5.5829048678987,2.839374594113621
46107000100,6.389079589322382,3.196000594113621
46109940400,7.061608213552361,3.352261676249144
46109940700,7.200895021218344,3.429840370294319
46109940800,7.025366002053388,3.31239120807666
46109950400,7.204731604380561,3.383447866529774
46111962100,7.344038080766598,3.543711379192334
46113940500,5.386711150581793,2.646102013689254
46113940800,5.392362973305955,2.614807975359343
46113940900,5.484522471594798,2.691090841889117
46115000100,7.148451739219712,3.388140783709788
46115000200,7.14674755578371,3.395003136208077
46115000300,7.186309966461328,3.363146566735113
46117960100,6.023003368240931,3.05410606091718
46119979100,6.40331098220397,3.226116223134839
46121940100,5.762492005475702,2.930612864476386
46121940200,5.90651068788501,3.015701631074606
46123971600,6.193404663928816,3.165558630390144
46123971700,6.211533991786448,3.175077431895962
46125965100,8.107318351129363,3.595041908966461
46125965200,8.161704582477755,3.64336506844627
46127020100,8.632833396303901,3.708704495550992
46127020200,8.66695251266256,3.614927207392197
46127020300,8.845554066392882,3.728265370294319
46129965100,6.30038422587269,3.142586450376454
46129965200,6.097732229979466,3.058974904859685
46135966100,8.103123967145791,3.742927133470226
46135966200,8.130577830937714,3.732846778918549
46135966301,8.0190416091718,3.730897251882272
46135966302,8.084375538672142,3.736939951403148
46135966400,8.037884914442163,3.702895880219028
46137941600,5.70639652019165,2.889829472963724
47001020100,10.27076029431896,3.390772669404518
47001020201,10.424562889117043,3.340940973305955
47001020202,10.296297391512663,3.355016239561944
47001020300,10.22667212183436,3.357876929500342
47001020400,10.191084011635866,3.364096934291581
47001020500,10.178126757015743,3.375826436002738
47001020600,10.178477450376454,3.390233030116359
47001020700,9.533908501711157,3.365936316221766
47001020800,9.826911214236824,3.402650043805613
47001020901,9.978728608487337,3.405241080766598
47001020902,10.140189671457906,3.341853937713895
47001021000,9.894001913073238,3.357829323750856
47001021100,10.199208689938398,3.353236260095825
47001021201,10.024197697467488,3.36534440109514
47001021202,10.247436112251882,3.327065177960301
47001021301,10.358008533196441,3.334285916495551
47001021302,10.489358275838467,3.274822100616016
47001980100,10.431365122518823,3.394423668720055
47003950100,9.791269518138262,3.945094956194387
47003950200,9.834453022587269,3.873101473648186
47003950300,9.846744626283368,3.983100783025325
47003950401,9.890388170431212,4.029250216974675
47003950402,9.87318641615332,3.982840133470226
47003950500,9.882045444900753,3.998878901437372
47003950600,9.889979415468857,4.037989937713895
47003950700,9.812144123887748,4.00884759137577
47003950800,9.886063301163587,4.057475676933607
47005963000,9.353354679671458,3.881783815879535
47005963100,9.351641394934976,3.91834539835729
47005963200,9.243905655030801,3.924726018480493
47005963300,9.357212498288843,3.945080902121834
47005963400,9.347662277207392,3.95998447980835
47007953000,9.389822097193703,3.759503312799452
47007953100,9.251097626283368,3.723699762491444
47007953200,9.116072986310746,3.702839430527036
47009010100,10.018105450376454,3.203064490759754
47009010200,10.127889290896646,3.217342817932923
47009010301,10.37729390349076,3.167144338809035
47009010302,10.332954263518138,3.215062843942505
47009010400,10.160961352498289,3.173770869267625
47009010500,9.931939454483231,3.22228009377139
47009010600,9.838975883641342,3.20557227926078
47009010700,9.864506509240246,3.175147678302532
47009010800,9.965767464750171,3.182184271047228
47009010900,9.939407107460643,3.172185798767967
47009011001,9.735887986310746,3.168919118412046
47009011002,9.529927865845311,3.156140214236824
47009011101,9.604663270362765,3.200671692676249
47009011102,9.715942474332649,3.22890696440794
47009011200,9.952030985626283,3.258593582477755
47009011301,9.862457759753593,3.165942837782341
47009011302,9.506994882272416,3.15344473100616
47009011401,9.000289021218344,3.114735081451061
47009011402,9.093967783709788,3.13787177412731
47009011501,9.037333486652977,3.234302145106092
47009011502,9.594737212183436,3.361446420260096
47009011503,9.500665587953456,3.270574811088296
47009011602,9.922436900068446,3.342299895277207
47009011603,10.239126780287474,3.382111745379877
47009011604,10.280912755646817,3.294852018480493
47009011605,10.456446116358658,3.3461376954141
47009980100,10.233116427789186,3.221897104722793
47009980200,8.641158106776181,3.109264730321698
47011010100,10.320843519507187,4.012731566735113
47011010200,10.328896048596852,4.027987830937714
47011010300,10.303987140314853,4.020642325119781
47011010400,10.351147610540726,4.026615792607803
47011010500,10.348989804928131,4.020458403832991
47011010600,10.357654051334702,4.030560479123888
47011010700,10.338868874058864,4.028210980150582
47011010800,10.319455618069815,4.019784782340862
47011010900,10.259476288158795,4.006424065708419
47011011000,10.296703195756331,4.012192011635866
47011011100,10.075475889801506,3.927474697467488
47011011201,10.219172702258727,3.965192516769336
47011011202,10.291850577686516,4.001397494182067
47011011300,10.287998417522245,3.995345786447639
47011011401,10.309194610540726,4.010272080082136
47011011402,10.354189701574264,4.02829645174538
47011011500,10.330203057494866,4.012591206023272
47011011601,10.013075727583847,3.928508902806297
47011011602,10.020058073237509,3.93425994661191
47013950100,9.338967220396988,3.602726513347023
47013950200,9.272288216974675,3.679080760438056
47013950300,9.203657392881588,3.614772709787817
47013950400,9.356191518138262,3.443370618069815
47013950500,9.423409410677618,3.485730803559206
47013950600,9.460757334017796,3.527012731690623
47013950700,9.478585066392882,3.555361640657084
47013950800,9.486582147843942,3.585862351813826
47013950900,9.60528524366872,3.527973471594798
47013951000,9.608961186858316,3.512782024640657
47013951100,9.621551806297057,3.47235286036961
47015960100,9.39814601779603,3.78080461670089
47015960200,9.430845305954826,3.817118851471595
47015960300,9.403370401779603,3.844877167008898
47017962000,9.394317044490075,4.01734559137577
47017962100,9.426635971252567,4.05266654825462
47017962201,9.528809342231348,4.110452171115674
47017962202,9.525216750171116,4.097671043805613
47017962300,9.490128747433265,4.078573216290212
47017962400,9.421437746748802,4.027260561259411
47017962500,9.310090438740589,3.994342785763176
47017980100,9.536302717316906,4.043972913073238
47019070100,8.958438131416838,3.655381509924709
47019070200,8.994954772758385,3.668768987679672
47019070300,8.890908145790554,3.638973785078713
47019070400,8.860193525667351,3.620579826830938
47019070500,8.716619412046544,3.569882453798768
47019070600,8.759349448323066,3.579918414099932
47019070700,8.876852224503764,3.623275144421629
47019070800,9.021381919917864,3.681315326488706
47019070900,9.044750716632444,3.685987605065024
47019071000,9.148522124572211,3.72485425393566
47019071100,9.237994551676934,3.753865643394935
47019071200,9.066070379876797,3.693277691991786
47019071300,8.633329854209446,3.544122402464066
47019071400,8.603594179329227,3.525256875427789
47019071500,8.428683624914442,3.452102538672142
47019071600,8.29369683504449,3.403089427104723
47019071700,8.188155058863792,3.342737668720055
47021070102,9.781147037645448,3.286818100616016
47021070103,10.090085825462012,3.357275561259411
47021070104,9.956788361396304,3.295602796030116
47021070201,9.962639891854894,3.36384627926078
47021070202,9.840985864476386,3.327358796030116
47021070203,9.799506052703628,3.309714485968515
47021070300,9.863575798767967,3.302327364818617
47021070401,9.689925819301848,3.287726869267625
47021070402,9.626196021902806,3.320955105407255
47023970100,9.230114956194387,3.980425778918549
47023970200,9.286291047912389,3.976610284736482
47023970300,9.264721614647502,3.979194815195072
47025970100,9.42260257357974,3.776740342231348
47025970200,9.407977506502396,3.728484299110198
47025970300,9.489619396988364,3.69684218275154
47025970400,9.394132864476386,3.655923073921971
47025970500,9.499644175906913,3.644386691991786
47025970600,9.676879160164271,3.680620650239562
47025970700,9.572991387405886,3.731824010951403
47025970800,9.523205182067077,3.784175058863792
47025970900,9.68474187063655,3.799116868583162
47027955000,9.384957672142368,3.884513419575633
47027955100,9.673696360711841,3.975481596851472
47029920100,9.594377704996578,3.747447642710472
47029920200,9.473576753593429,3.647793235455168
47029920300,9.059870703627652,3.572951765229295
47029920400,8.630107177275838,3.393741869952088
47029920501,9.162283630390144,3.486638625598905
47029920502,8.853819674880219,3.412495160848734
47029920600,9.090354691991786,3.500546462696783
47029920700,8.522037954140999,3.276841923340178
47029980100,8.367219594798084,3.175070939767283
47031970100,9.431273666666667,3.89786451266256
47031970200,9.551933249144422,3.923600969883641
47031970300,9.606741191649555,3.911539602327173
47031970400,9.695891006844627,3.998652442847365
47031970500,9.597516763175907,3.970372305954826
47031970600,9.548929652977413,3.946894954825462
47031970700,9.433713387405886,3.915359712525667
47031970801,9.770536690622861,4.05116048733744
47031970802,9.746659016427105,4.035384095824778
47031970900,9.776952809034908,4.053461739904175
47031971000,9.799717952772074,4.061032752908966
47031980100,9.621623158795346,3.996633899383984
47033961000,9.707339650924025,4.061027335386721
47033961100,9.63531175633128,4.037627263518138
47033961200,9.638799576317591,4.053968470225873
47033961300,9.60506907871321,4.022697079397673
47033961400,9.645296306639288,4.025288480492813
47035970101,9.152116678302532,3.526730211498973
47035970102,9.21149245174538,3.559754193702943
47035970200,9.094064052019165,3.577779653661875
47035970301,9.055797091718001,3.619903718001369
47035970302,9.052689679671458,3.628291510609172
47035970400,9.132034943874059,3.619838186858316
47035970501,9.225790142368241,3.611733838466804
47035970502,9.185973584531143,3.61919510403833
47035970601,9.129453043805613,3.626902440793977
47035970602,9.179178832991102,3.62060970294319
47035970603,9.235321047227926,3.602220501026694
47035970701,9.138950370294319,3.628715221765914
47035970702,9.10515887063655,3.636100091033539
47035970800,9.329464969883641,3.538169839151266
47037010103,10.229019133470226,3.38300361670089
47037010104,10.211072801505818,3.305969593429158
47037010105,10.305501043805613,3.243320785078713
47037010106,10.413814501711157,3.259237138945927
47037010201,10.437925895277207,3.325737067761807
47037010202,10.397586635865845,3.418760899383984
47037010301,10.478147711841205,3.394822245037645
47037010302,10.501943731690623,3.398702761122519
47037010303,10.516296256673511,3.393707186173854
47037010401,10.531950806297057,3.377758811088296
47037010402,10.547276881587954,3.343846184804928
47037010501,10.552756274469541,3.38050715742642
47037010502,10.587767519507187,3.399758099247091
47037010601,10.596405052019165,3.343768535934292
47037010602,10.573886924024641,3.344650036276523
47037010701,10.556001115674196,3.318997326488706
47037010702,10.562237034223135,3.296361232717317
47037010801,10.526231802190281,3.334227698151951
47037010802,10.53066476386037,3.287580099247091
47037010901,10.477879023956194,3.293537262833676
47037010903,10.487033986995209,3.268140434633812
47037010904,10.480867704312115,3.235459715947981
47037011001,10.507381297741273,3.222169032169747
47037011002,10.535686377138946,3.238081952087611
47037011100,10.568590330595482,3.261363389459274
47037011200,10.559394093086927,3.22409092881588
47037011300,10.508383654346338,3.181083952772074
47037011400,10.5531014770705,3.191497937713895
47037011500,10.583560719370294,3.242858192334018
47037011600,10.574639412046544,3.212301815195072
47037011700,10.537791264887064,3.161042336755647
47037011800,10.492946401779603,3.149086493497604
47037011900,10.506633435318275,3.14605959890486
47037012100,10.543536684462697,3.142443901437372
47037012200,10.546220841204654,3.152141986995209
47037012600,10.48501684257358,3.154475067077344
47037012701,10.442972051334702,3.206606572895277
47037012702,10.435552133470226,3.178378199178645
47037012801,10.347778956194387,3.183389793292266
47037012802,10.294398061601643,3.158353338809035
47037013000,10.198491595482546,3.14945796440794
47037013100,10.111522378507871,3.203859411362081
47037013201,10.189436269678302,3.108022392197125
47037013202,10.228356132785763,3.112622045174538
47037013300,10.287169641341547,3.118886921971253
47037013400,10.308595065023956,3.111782778918549
47037013500,10.346959755646817,3.126025698151951
47037013601,10.351282239561944,3.130517242984257
47037013602,10.34898863449692,3.137633780287474
47037013700,10.409549697467488,3.158808664613279
47037013800,10.382505207392197,3.143846547570157
47037013900,10.419226774811773,3.147964663244353
47037014200,10.41880173853525,3.142400777549624
47037014300,10.38562655578371,3.13710864202601
47037014400,10.410518468172485,3.140792704996578
47037014800,10.500124955509925,3.166019577002053
47037015100,10.575888255304586,3.301545680355921
47037015200,10.584463996577686,3.264828183436003
47037015300,10.594693930184805,3.292686214236824
47037015401,10.574738463381246,3.444801399041752
47037015402,10.591903895277207,3.36990732238193
47037015404,10.579521524982888,3.425249676249144
47037015405,10.56940109377139,3.465861478439425
47037015501,10.582220871321013,3.360934293634497
47037015502,10.574398105407255,3.357612386721424
47037015609,10.57497322587269,3.411146707734428
47037015610,10.530834195756331,3.480827975359343
47037015612,10.515005710472279,3.430002130047912
47037015613,10.510006140314853,3.378503454483231
47037015614,10.497568650924025,3.415139012320328
47037015615,10.478400334017796,3.406761704312115
47037015617,10.487187783025325,3.479452062286105
47037015618,10.468430091718001,3.479488734428474
47037015619,10.471691548939083,3.507565968514716
47037015620,10.455922156741958,3.497189212183436
47037015622,10.550099765229295,3.474473948665298
47037015623,10.571353873374401,3.437234773442847
47037015624,10.561752811088296,3.41557468788501
47037015625,10.542029587268994,3.413645837782341
47037015626,10.473700114989733,3.444567125941136
47037015627,10.454350884325804,3.435687097193703
47037015628,10.441807190965092,3.453940588637919
47037015629,10.438537516084873,3.483846863107461
47037015630,10.403794802190281,3.544005559890486
47037015631,10.428649919233402,3.552490975359343
47037015700,10.545147780287474,3.323979332648871
47037015802,10.55272370294319,3.280518364134155
47037015803,10.55316535797399,3.25146947980835
47037015804,10.563219052019165,3.278508681724846
47037015900,10.516385175906913,3.205513023956194
47037016000,10.494416625598905,3.167625160848734
47037016100,10.468707338124572,3.177146843258042
47037016200,10.449401758384668,3.162456171800137
47037016300,10.435915462696783,3.15204215468857
47037016400,10.41544479945243,3.148158789185489
47037016500,10.405899221765914,3.141740620123203
47037016600,10.373442589322382,3.133285718001369
47037016700,10.334850926762491,3.120441628336756
47037016800,10.377178114989733,3.139204101300479
47037016900,10.395127422313484,3.152966194387406
47037017000,10.431223924024641,3.168585607118412
47037017100,10.431819891854894,3.181506848049281
47037017200,10.473829107460643,3.20619627926078
47037017300,10.502663516769336,3.238215898015058
47037017401,10.52229286036961,3.273630935660506
47037017402,10.50163129705681,3.287763169746749
47037017500,10.472179030800821,3.26008712936345
47037017701,10.407366843942505,3.226354390143737
47037017702,10.35788272347707,3.185038064339494
47037017800,10.398928518822724,3.179705947980835
47037017901,10.307434696783025,3.136369311430527
47037017902,10.286915978781656,3.157484403832991
47037018000,10.332042916495551,3.12837179192334
47037018101,10.232147869952088,3.099114436002738
47037018102,10.201891342231348,3.068576166324435
47037018201,10.119943196440794,3.078418650924025
47037018202,10.056266882272416,3.124337715947981
47037018203,10.159278568104038,3.075551778234086
47037018301,9.942935440109514,3.173651581793292
47037018302,9.737449606433949,3.286200839151266
47037018401,9.982038219712526,3.163697496919918
47037018404,10.060468930869268,3.171382958247776
47037018405,9.923457507871321,3.223386579739904
47037018407,9.852027331279945,3.22746953798768
47037018408,9.844612501711157,3.246352425735797
47037018409,9.899528757700205,3.204073222450376
47037018410,9.954763810403833,3.188195832991102
47037018500,10.192351471594798,3.110653106091718
47037018601,10.160040553730322,3.181911464750171
47037018602,10.216226144421629,3.212283602327173
47037018700,10.302419555099247,3.253564941820671
47037018801,10.373112491444216,3.304164527036276
47037018803,10.310064030800821,3.321446263518138
47037018804,10.303230825462012,3.35830363449692
47037018901,10.445766598220397,3.290873698836413
47037018902,10.418151818617385,3.302743177275838
47037018904,10.426095505817933,3.348091901437372
47037018905,10.397539097193703,3.336227796030116
47037019003,10.46729968788501,3.356588112936345
47037019004,10.443465143737166,3.355682943874059
47037019005,10.483766814510609,3.333563496235455
47037019006,10.495955973990418,3.324163290896646
47037019105,10.394095963039014,3.364947557152635
47037019106,10.368217051334702,3.3612809137577
47037019108,10.456486892539357,3.380632701574264
47037019109,10.444517619438741,3.401910871321013
47037019110,10.413071082135524,3.391645710472279
47037019111,10.430196892539357,3.433604522245038
47037019112,10.390502681040383,3.42932265982204
47037019114,10.333743186858316,3.521881605749487
47037019115,10.313078861054073,3.429773582477755
47037019116,10.344590537303217,3.391281876112252
47037019117,10.376679241615332,3.510293891170431
47037019118,10.412265089664613,3.459585683778234
47037019200,10.512621245037645,3.135263837782341
47037019300,10.484185680355921,3.140043410677618
47037019400,10.448276702258727,3.14808414715948
47037019500,10.456568865845311,3.14696507871321
47037019600,10.559965432580424,3.206633757700205
47037980100,10.5515165229295,3.341002194387406
47037980200,10.443063235455168,3.238225458590007
47039955001,9.150559744695414,3.919096847364819
47039955002,9.089687574264203,3.911615293634497
47039955101,9.090115216974675,3.921939310746064
47039955102,9.036712204654346,3.914780613278576
47041920101,9.397179485968515,3.787601575633128
47041920102,9.345266034907598,3.806092388090349
47041920200,9.375367930869268,3.790929110882957
47041920300,9.390878904859685,3.768652334702259
47043060100,9.434774488706366,3.44175917522245
47043060200,9.529119118412046,3.373000124572211
47043060300,9.546801770020534,3.373672091718001
47043060401,9.499288193702943,3.447046305954826
47043060402,9.437742149212868,3.481784737166324
47043060501,9.469204476386037,3.487826492813142
47043060502,9.432952945927447,3.512509811772758
47043060601,9.401629370294319,3.568037348391513
47043060602,9.39271652019165,3.553296711841205
47043060700,9.35152564476386,3.580866882272416
47045964000,9.759850972621492,4.138813227926078
47045964200,9.754339650239562,4.03446454072553
47045964300,9.739579647501711,4.028937559206023
47045964400,9.732365036276523,4.031645865160849
47045964500,9.69936280698152,4.053680845995893
47045964600,9.670187065023956,4.031432301163587
47045964800,9.816232004106776,4.139588240246407
47045964900,9.785716706365503,4.108627917180014
47047060300,9.438218529089665,3.779054880903491
47047060401,9.495057221765914,3.695565162217659
47047060402,9.427413353867214,3.73475294934976
47047060403,9.413228260780288,3.713928626283368
47047060404,9.356727009582478,3.761691270362765
47047060501,9.297653744695414,3.791095674880219
47047060502,9.184310135523614,3.833367763175907
47047060600,9.169836219712526,3.819039285420945
47047060701,9.34850259137577,3.727890726214921
47047060702,9.428919402464066,3.711113001368925
47047060800,9.269479653661875,3.845374056125941
47049965000,9.037304962354552,3.712483454483231
47049965100,9.037895470910335,3.695749908281999
47049965200,9.033112506502396,3.63630696440794
47049965300,9.013700933607118,3.615643839835729
47051960100,9.565567427104723,3.977621830937714
47051960201,9.763190959616701,4.060257145106092
47051960202,9.707610511978097,4.033324558521561
47051960300,9.698572905544148,4.050260036276523
47051960400,9.672217375085558,4.035800694045174
47051960500,9.642292843258042,4.020154595482546
47051960600,9.571763432580424,3.986207501711157
47051960700,9.552613219028063,3.949965342231348
47051960800,9.621849113620808,4.02519121560575
47053966100,9.733545788501027,4.177488029431896
47053966200,9.682364079397673,4.140524381930185
47053966300,9.671225080766598,4.135179972621492
47053966400,9.625021891854894,4.118221747433265
47053966500,9.644539704312115,4.088079800821355
47053966600,9.701323686516085,4.109298686516085
47053966700,9.68603546201232,4.114110496235455
47053966800,9.655434206023272,4.079337611225188
47053966900,9.712577986995209,4.078933327857632
47053967000,9.733808307323751,4.087832305954826
47053967100,9.669527002053388,4.057411577686516
47053967300,9.71189227652293,4.138117516084873
47053967400,9.670956071868583,4.16695643394935
47053980100,9.589709556468172,4.064422689938398
47055920100,9.62829348733744,3.916223272416153
47055920200,9.720973113620808,4.013338555099247
47055920300,9.801531360711841,4.050231796714579
47055920400,9.914810504449008,4.140351839151266
47055920500,9.765797504449008,4.06756552019165
47055920600,9.840593528405202,4.126816067761807
47055920700,10.036240545516769,4.204278574948665
47055920800,10.094521688569473,4.221552403832991
47057500100,9.872413478439425,3.764877310061602
47057500200,10.107255232032854,3.582990778234086
47057500300,10.079165295003422,3.777470570157426
47057500401,9.902705759753593,3.895077562628337
47057500402,10.036379734428474,3.917363540041068
47059090100,9.437769009582478,3.818912863791923
47059090200,9.273531422313484,3.772989795345654
47059090300,9.256997302532512,3.757486576317591
47059090400,9.23496696440794,3.739946020533881
47059090500,9.219513506502396,3.729540780971937
47059090600,9.34020116495551,3.747165432580424
47059090700,9.627109423682409,3.870700973990418
47059090800,9.577405442847365,3.890508149897331
47059090900,9.391741374401095,3.823979174537988
47059091000,8.897279780287474,3.608190546885695
47059091100,8.918494759753593,3.569625873374401
47059091200,9.765747612594114,3.874493978097194
47059091300,9.745986707049966,3.915923980835044
47059091400,9.72599494934976,3.957022742642026
47059091500,9.684714778918549,3.934790558521561
47061955000,9.122184307323751,3.782370503080082
47061955100,9.325002413415469,3.869565445585216
47061955200,9.145121616016427,3.763752999315537
47061955300,9.273985581793292,3.824863083504449
47063100100,10.15351268788501,3.94674061670089
47063100200,10.173563915811088,3.946138659137577
47063100300,10.204771224503764,3.941068338124572
47063100400,10.196069420944558,3.939287207392197
47063100500,10.145392791238878,3.928290474332649
47063100600,10.087463039014374,3.963506748117728
47063100700,10.07739301779603,3.916897876112252
47063100800,10.226509138261465,3.91607414715948
47063100900,10.233372734428474,3.902899900752909
47063101000,10.032294832306639,3.973432843258042
47063101100,10.233696710472279,3.854207680355921
47063101200,10.206908177960301,3.880413889117043
47065000400,10.398031496235455,3.877293815195072
47065000600,10.316161422313484,3.87448905338809
47065000700,10.303597876112252,3.884852339493498
47065000800,10.262978911704312,3.864460377823409
47065001100,10.408528664613279,3.87631066255989
47065001200,10.448112156741958,3.905894958247776
47065001300,10.464611507186858,3.89540623340178
47065001400,10.431049206707734,3.887849264202601
47065001600,10.310482087611225,3.873556906913073
47065001800,10.369923104722793,3.885058357289528
47065001900,10.419647014373717,3.884152748117728
47065002000,10.374878132785763,3.879612210130048
47065002300,10.463104874058864,3.896475130732375
47065002400,10.514709984257358,3.909692668720055
47065002500,10.49105898220397,3.903747019164956
47065002600,10.449025342915811,3.892329580424367
47065002800,10.511836471594798,3.911977763175907
47065002900,10.497528787816564,3.913635872689938
47065003000,10.550715657768652,3.933633366872006
47065003100,10.327021777549624,3.87306993908282
47065003200,10.454206654346338,3.912183531827515
47065003300,10.509623492813142,3.925014488021903
47065003400,10.544528804928131,3.95870871321013
47065010101,10.221747006844627,3.947059023956194
47065010103,10.190195872005476,3.955316681724846
47065010104,10.005251579739904,3.902761012320328
47065010201,9.809286920602327,3.84329676659822
47065010202,9.73492433744011,3.839454458590007
47065010303,10.010479506502396,3.867278780971937
47065010304,10.0707198678987,3.893007797399042
47065010305,9.976998737850787,3.873112944558522
47065010306,9.900725701574264,3.837878335386721
47065010307,9.826345076659822,3.821522071868583
47065010411,10.041226201232033,3.871977718685832
47065010412,10.04158985284052,3.871137933607118
47065010413,10.175443725530459,3.91732609650924
47065010431,10.120265389459274,3.885450892539357
47065010432,10.266935707049966,3.922516793292266
47065010433,10.231055647501711,3.907313260095825
47065010434,9.936215472279261,3.849342900068446
47065010435,10.05917390349076,3.870242909650924
47065010501,10.233701228610541,3.900659286105407
47065010502,10.260803828884326,3.893529641341547
47065010600,10.126767104722793,3.877116449691992
47065010700,10.209402011635866,3.874678710472279
47065010800,10.175778939767283,3.877834234770705
47065010901,10.254788182067077,3.869223292950034
47065010902,10.037356295003422,3.85027395687885
47065010903,10.096668032854209,3.867405407939767
47065011001,9.592979739904175,3.789629275154004
47065011002,9.828079611225188,3.830526559890486
47065011100,9.986046908281999,3.848343685831622
47065011201,10.39176553045859,3.998533323750856
47065011203,10.515307098562628,4.020180737166324
47065011204,10.445166444900753,4.015715033538672
47065011311,10.503328362765229,4.014263915811088
47065011314,10.533871205338809,4.015133584531143
47065011321,10.557177815195072,3.989227489390828
47065011323,10.54113967761807,3.992258629021218
47065011324,10.552502948665298,4.015546412731006
47065011325,10.568642018480493,4.006082061601643
47065011326,10.575188608487337,3.983369468856947
47065011402,10.425710574264203,3.952117715947981
47065011411,10.375710301163587,3.936074865160849
47065011413,10.328107780287474,3.94990865982204
47065011442,10.572935295003422,3.958719498288843
47065011443,10.491888574948665,3.977861400410678
47065011444,10.453167178644764,3.940111155373032
47065011445,10.515857650924025,3.9633003908282
47065011446,10.556077396303901,3.969423921971253
47065011447,10.366014283367556,3.978487588637919
47065011600,10.567910923340178,3.931583702258727
47065011700,10.542332855578371,3.922469351129363
47065011800,10.554047480492813,3.915397195071869
47065011900,10.509969824093087,3.904963863107461
47065012000,10.335036213552361,3.887634795345654
47065012100,10.196721375085558,3.883417625598905
47065012200,10.4107385633128,3.898287284052019
47065012300,10.375249182067077,3.904628446269678
47065012400,10.367280349760438,3.873584883641342
47065980100,10.512584097878166,3.941055688569473
47065980200,10.455718021218344,3.992614908281999
47067960500,9.543908578370979,3.915340890485968
47067960600,9.425494646132786,3.853786027378508
47069950100,9.233198778918549,3.959712729637235
47069950200,9.220371904175222,3.897720289527721
47069950300,9.211177123887748,3.924882049965777
47069950400,9.150479724845996,3.914907671457906
47069950500,9.190694167693361,3.994937397672827
47069950600,9.121675670773443,3.912937830253251
47071920100,9.051924458590007,3.946786869952088
47071920200,9.186994787816564,4.010921393566051
47071920300,9.176907431211499,4.008838713894593
47071920400,9.214027597535934,4.037026686516085
47071920500,9.183084427104723,4.026690902121834
47071920600,9.329617776865161,4.10157742642026
47073050100,9.84697998220397,3.958707824093087
47073050200,9.668682041752224,3.962597590691307
47073050301,9.818246744010951,3.996457083504449
47073050302,9.798403100616016,3.997931625598905
47073050400,9.748061622176591,4.005719916495551
47073050501,9.804266524982888,4.015424277891855
47073050502,9.893770882956879,4.036792876112252
47073050503,10.012425866529774,4.056031249828884
47073050601,9.996279514031485,4.04481741615332
47073050602,10.067909188911704,4.063573604380561
47073050700,9.880824622176591,4.020133983572895
47073050800,9.85642074880219,3.995023340862423
47073050900,9.912600732375086,3.978097281998631
47075930100,9.539623614647502,3.989177940451745
47075930200,9.558123303901437,3.980254362080767
47075930301,9.540039032169747,3.977823635181383
47075930302,9.525833028747433,3.974405953456537
47075930400,9.476498467488022,3.953155812457221
47075930500,9.383752262833676,3.902785690622861
47077975000,9.212154382614648,3.960488006844627
47077975100,9.335083898699521,3.994087187542779
47077975200,9.313249427789186,3.972040472963724
47077975300,9.309539794661191,3.985923383983573
47077975400,9.293642950718686,3.991096360027378
47077975500,9.1671208275154,3.9647464366872
47079969000,9.486556088980151,3.969826929500342
47079969100,9.697014967145791,4.130136311430527
47079969200,9.683693449007529,4.174161594798084
47079969300,9.624245349760438,4.119097773442847
47079969400,9.601186812457221,4.098894457905544
47079969500,9.583927317590691,4.082042741957563
47079969600,9.588243494182067,4.085516828884326
47079969700,9.451373052703628,4.006053542094456
47079969800,9.582501171115674,4.122712973305955
47081950100,9.257267546201232,3.545790199863108
47081950200,9.285144088295688,3.571431178644764
47081950301,9.10652926146475,3.639990602327173
47081950302,9.128658047912389,3.628635158110883
47081950400,8.98258680971937,3.706488130047912
47081950500,9.145963479123888,3.674259627652293
47083120100,9.364897387405886,3.557099741957563
47083120200,9.3479476954141,3.64006679192334
47083120300,9.321822369609856,3.744351206707734
47085130100,9.286872872689938,3.645991760438056
47085130200,9.311627067077344,3.774624222450376
47085130300,9.289342828199863,3.767621374401095
47085130400,9.197632544832307,3.770985092402464
47085130500,9.352975894592745,3.901829475701574
47087960100,9.493273458590007,3.848130995208761
47087960200,9.445514822724162,3.793353311430527
47087960300,9.406249942505134,3.774509094455852
47087960400,9.40361318275154,3.815028502395619
47089070100,9.942371012320328,3.784517002737851
47089070200,10.188103977412731,3.815704732375086
47089070300,10.199224292950034,3.742140777549624
47089070400,10.157569381930185,3.624296910335387
47089070500,10.1408288678987,3.49890505065024
47089070600,10.150532302532512,3.696632220396988
47089070700,9.92876828678987,3.672910764544832
47089070800,9.962605249828884,3.569612887063655
47089070900,9.559414339493498,3.563220553730322
47091956000,8.392542047912389,3.494642778918549
47091956100,8.352469759069131,3.44737568788501
47091956200,8.20061176659822,3.377717476386037
47091956300,8.186663254620123,3.407182707734428
47091956400,8.143754691991786,3.409008848733744
47093000100,10.516152124572211,3.037978700889802
47093000800,10.475150351813826,3.066216562628337
47093000901,10.514277032169747,3.047227032854209
47093000902,10.521820948665298,3.052908415468857
47093001400,10.564438084873374,3.008493101984942
47093001500,10.545079255304586,3.020720043805613
47093001600,10.516142152635181,3.038519013689254
47093001700,10.505420262149213,3.034776906913073
47093001800,10.484529412046544,3.041216437371663
47093001900,10.460341473648186,3.046386438056126
47093002000,10.453679986995209,3.053694210814511
47093002100,10.418294768651608,3.075420119096509
47093002200,10.390313541409993,3.087413466119096
47093002300,10.43176105338809,3.09189035523614
47093002400,10.48569105338809,3.083280747433265
47093002600,10.560365267624914,3.035979506502396
47093002700,10.573039923340178,3.026596848049281
47093002800,10.567511279945243,3.023098914442163
47093002900,10.538769993155373,3.038953757700205
47093003000,10.47713558110883,3.058197771389459
47093003100,10.437214665982204,3.042999989048597
47093003200,10.402270709787817,3.067313350444901
47093003300,10.362975861738535,3.099802721423682
47093003400,10.356861284052019,3.113732536618754
47093003500,10.500334160164271,3.083568563997262
47093003700,10.564012813141684,3.05282574606434
47093003801,10.575637377823409,3.044195628336756
47093003802,10.588750857631759,3.050784475017112
47093003901,10.580511240930869,3.053566472963724
47093003902,10.564271599589322,3.054328570157426
47093004000,10.545423562628337,3.064709199178645
47093004100,10.508441332648871,3.064240846680356
47093004200,10.481232999315537,3.101544075290897
47093004300,10.466226124572211,3.091650516769336
47093004401,10.559805416837782,3.114196869952088
47093004403,10.585000339493498,3.115712817932923
47093004404,10.565116210814511,3.077227011635866
47093004500,10.584559169746749,3.06987039835729
47093004606,10.612110772073922,3.18197547980835
47093004607,10.589285854893908,3.115750380561259
47093004608,10.591697930869268,3.073643853524983
47093004609,10.607889428473648,3.150384960985626
47093004610,10.601008488021903,3.159650598220397
47093004611,10.616292689253936,3.226953838466804
47093004612,10.613766568788501,3.22533251266256
47093004613,10.603121383983573,3.118647776180698
47093004614,10.604258621492129,3.087415916495551
47093004615,10.58869898973306,3.05483600752909
47093004700,10.577522338124572,3.082364700205339
47093004800,10.558693805612594,3.093809519507187
47093004900,10.521614940451745,3.101240123203285
47093005000,10.488748440109514,3.111801401779603
47093005100,10.423906496235455,3.139989611909651
47093005201,10.307745142368241,3.218072968514716
47093005202,10.33021476386037,3.159400478439425
47093005301,10.244740724161533,3.252288933607118
47093005302,10.143685239561944,3.348331493497604
47093005401,10.274750618069815,3.151169709103354
47093005402,10.103531557152635,3.286812024640657
47093005501,10.213634255989049,3.147275734428474
47093005502,10.06248173100616,3.22231527652293
47093005602,10.130357882956879,3.155445163586584
47093005603,10.274686190965092,3.133313966461328
47093005604,10.389965985626283,3.123694874743326
47093005701,10.490701814510609,3.136381026009582
47093005704,10.584315242299795,3.161356360711841
47093005706,10.604361607802875,3.222025755646817
47093005707,10.598646448323066,3.252206622861054
47093005708,10.566918113620808,3.274431308692676
47093005709,10.542559643394935,3.258434768651608
47093005710,10.517810810403833,3.253097791238878
47093005711,10.563101785763176,3.229153065708419
47093005712,10.549444214236824,3.17834729431896
47093005803,10.62111980698152,3.314471434633812
47093005807,10.603570820670773,3.273620052019165
47093005808,10.603528180013689,3.309734620123203
47093005809,10.613888384668036,3.364619732375086
47093005810,10.606159718001369,3.40111920807666
47093005811,10.605487075290897,3.402936223819302
47093005812,10.558905767967146,3.37787246954141
47093005813,10.609180609856263,3.359725972621492
47093005903,10.611469379876797,3.269731628336756
47093005904,10.618098819301848,3.335125521560575
47093005905,10.597966370294319,3.373175080766598
47093005906,10.542048101984942,3.389633271047228
47093005907,10.553599112936345,3.342939463381246
47093005908,10.56879586036961,3.288955027378508
47093006001,10.599234841204654,3.204330889801506
47093006002,10.576149509924709,3.164748330595482
47093006003,10.543495556468172,3.211410110882957
47093006102,10.399737489390828,3.24851565229295
47093006103,10.507363980835044,3.191431115674196
47093006104,10.510243203285421,3.17148350513347
47093006202,10.333800726214921,3.230723447638604
47093006203,10.389214839835729,3.180374728268309
47093006205,10.37558773853525,3.222586429158111
47093006206,10.418209776180698,3.201652706365503
47093006207,10.488918698836413,3.144285987679672
47093006208,10.447739081451061,3.15805162696783
47093006301,10.260706482546201,3.287273045859001
47093006302,10.200671993155373,3.319747279945243
47093006401,10.318190082819986,3.232736033538672
47093006402,10.1919303045859,3.335240205338809
47093006403,10.25306778439425,3.286742971937029
47093006501,10.183468882272416,3.388472084188912
47093006502,10.195734668035592,3.376505786447639
47093006600,10.530893000684463,3.021438780971937
47093006700,10.500604841204654,3.040648445585216
47093006800,10.484656256673511,3.051968070499658
47093006900,10.534638649555099,3.034407366187543
47093007000,10.562610478439425,3.020552982888433
47093007100,10.544443787816564,3.061333374401095
47095960100,10.013253085557837,4.402731279945243
47095960200,9.929665609856263,4.298894406570842
47097050100,9.687199642710472,4.018757905544148
47097050200,9.681354120465435,4.041742501711157
47097050300,9.660695177275838,4.034049130047912
47097050400,9.656282131416838,4.027830719370294
47097050503,9.644951732375086,4.011505225188227
47097050504,9.630237020533881,4.006248932922656
47097050505,9.618637993155373,4.001976622861054
47097050506,9.593665905544148,3.990949771389459
47097050600,9.592146674880219,3.962765027378508
47099960100,9.283886311430527,3.813596757015743
47099960200,9.166329856947296,3.828224621492129
47099960300,9.397874263518138,3.880619963039014
47099960401,9.533912223819302,3.942700667351129
47099960402,9.56126279192334,3.964453466803559
47099960501,9.407781657084189,3.893274657768652
47099960502,9.387819395619439,3.887856442847365
47099960600,9.396950362080767,3.903364429158111
47099960700,9.562126279945243,3.958690024640657
47099960800,9.585275327173169,3.983138843942505
47099960900,9.707725073237509,4.048499906913073
47101970100,9.057940594113621,3.741508813826146
47101970200,8.960591212867899,3.731292835728953
47103975000,9.9173653908282,4.126378542094456
47103975100,9.863282071868583,4.077999969883641
47103975200,9.920409966461328,4.128715338124572
47103975300,10.009070088980151,4.172656273785079
47103975400,9.966081479123888,4.152343789185489
47103975500,9.821658733744011,4.102491687200548
47103975601,10.042652091718001,4.186424736481862
47103975602,10.15447967008898,4.239822914442163
47103975700,10.151662341546886,4.242384467488022
47105060100,10.589788342231348,3.49328575633128
47105060201,10.638685709787817,3.540038162217659
47105060202,10.612538037645448,3.486251020533881
47105060301,10.596521945927447,3.450510823408624
47105060302,10.563152532511978,3.444712731690623
47105060400,10.243894776180698,3.475858811088296
47105060501,10.476693511978097,3.544020665297741
47105060502,10.558272091033539,3.62058368788501
47105060600,10.69386750513347,3.628386720054757
47105060700,10.832540676249144,3.800500875427789
47107970101,10.308426353867214,3.82478954072553
47107970102,10.300722718001369,3.785607553045859
47107970200,10.208898985626283,3.797208532511978
47107970300,10.175336555099247,3.755414267624914
47107970401,10.026517787132101,3.730201102669404
47107970402,10.032745650924025,3.773800225188227
47107970500,9.850049224503764,3.677919482546201
47107970600,9.808153089664613,3.753002349760438
47107970700,9.533667861054073,3.679844923340178
47107970800,10.160052293634497,3.893660356605065
47109930100,9.245274003422314,4.029255466803559
47109930200,9.235839902121834,4.00523909650924
47109930300,9.239697376454483,4.020663778918549
47109930400,9.311180881587954,4.08294626146475
47109930500,9.277289290212183,4.051878357289528
47109930600,9.345172194387406,4.101352375085558
47109930700,9.394384780287474,4.125602826830938
47111970100,9.643852147843942,3.917830744695414
47111970200,9.729756577686516,3.91413792128679
47111970300,9.684611470910335,3.87810625119781
47111970400,9.805481736481862,3.867617302532512
47113000100,9.718772561943874,3.968318864476386
47113000200,9.716200911019849,3.982191967145791
47113000300,9.707051526351814,3.980135271731691
47113000400,9.723740883641342,3.97153458384668
47113000500,9.718762924709103,3.982654670773443
47113000600,9.715641517453799,3.979931577002053
47113000700,9.694536952772074,3.981232202600958
47113000800,9.675299913073238,3.98306316495551
47113000900,9.707835672142368,3.990973175906913
47113001000,9.686107979466119,3.985224094455852
47113001100,9.655787029431896,3.985178849418207
47113001300,9.539365894592745,3.969908521560575
47113001401,9.638903436002738,3.989503155373032
47113001402,9.656038670773443,3.984575342915811
47113001501,9.68299179192334,4.000385535934292
47113001502,9.559678916495551,3.994501184120465
47113001603,9.726402971937029,3.984340617385352
47113001604,9.736922108145106,3.996353282683094
47113001605,9.732342171115674,4.002145993155373
47113001606,9.74417842642026,4.024235875427789
47113001607,9.732023149212868,4.017045383983573
47113001608,9.738219826830938,4.053914394250513
47113001609,9.715512036960986,4.027410906913073
47113001610,9.733939737850787,4.023847336071184
47113001700,9.539585052703628,3.978523091033539
47113001800,9.394950813141684,3.953363440793977
47113001900,9.431147551676934,3.973716064339494
47115050101,9.766071178644764,3.835347501026694
47115050102,9.444046107460643,3.807402702258727
47115050201,9.952847589322382,3.898429199863108
47115050202,9.524432260780288,3.858491642710472
47115050301,9.855855470910335,3.96030129705681
47115050302,9.581571296372348,3.918570021902806
47117955000,9.763128947296372,3.767656843942505
47117955100,9.779432511293634,3.882259993155373
47117955200,9.746582518138262,3.916843006160164
47117955300,9.787421414784394,3.922502151950719
47117955400,9.773363160164271,3.935253498973306
47117955500,9.7696439137577,4.008399032169747
47119010100,9.388687038329911,3.567034940451745
47119010201,9.593878227241615,3.568868389459274
47119010202,9.718882596167009,3.63552149486653
47119010301,9.694258572210814,3.656099649555099
47119010302,9.697594995893224,3.72281516495551
47119010400,9.609794274469541,3.612753023956194
47119010500,9.67026458384668,3.688671915126626
47119010600,9.62837270568104,3.661612424366872
47119010700,9.64838460164271,3.704011442847365
47119010801,9.57333346201232,3.709894112251882
47119010802,9.567136698151951,3.666836581793292
47119010900,9.309393034907598,3.667008088980151
47119011001,9.360271715263518,3.737943664613279
47119011002,9.452520620807666,3.789928624914442
47119011101,9.559935651608487,3.74209950513347
47119011102,9.630643541409993,3.7583908678987
47119011200,9.666725094455852,3.814996927446954
47121960100,10.099056939767283,3.756850631759069
47121960200,10.055268928131417,3.83926309377139
47121960300,10.024016610540726,3.901026018480493
47123925000,9.141476707049966,3.350826360027378
47123925100,10.476317040383299,3.739297796714579
47123925200,10.718389917180014,3.826638250513347
47123925300,9.837285810403833,3.638689755646817
47123925400,9.723079082135524,3.573039005475702
47123925501,8.832005112936345,3.363189708418891
47123925502,8.79680829431896,3.428344429158111
47125100100,9.930020800821355,3.206352412731006
47125100200,9.900587083504449,3.199996940451745
47125100300,9.867930610540726,3.194139313483915
47125100400,9.912679752224504,3.146345819986311
47125100500,9.921156040383299,3.163817663928816
47125100601,9.970868021218344,3.188308479123888
47125100602,9.956053308692676,3.196262103353867
47125100700,9.946451999315537,3.171206436002738
47125100800,9.95728629705681,3.224287325119781
47125100900,9.960247749486653,3.272646348391513
47125101001,9.972821352498289,3.330953565366188
47125101002,10.006819097193703,3.325430848049281
47125101101,9.954308277891855,3.357334060232717
47125101102,9.903527979466119,3.382117848049281
47125101103,9.884590131416838,3.329763482546201
47125101201,9.962450080082136,3.38821288843258
47125101202,9.961781496919918,3.422927697467488
47125101303,10.074234859000684,3.472922668035592
47125101304,10.027328803559206,3.456385361396304
47125101305,10.054700898015058,3.420360375085558
47125101306,10.021998488706366,3.388792080082136
47125101307,9.990894623545517,3.36993292128679
47125101400,9.991605579055442,3.489229422313484
47125101500,9.689094458590007,3.438244210814511
47125101600,9.813859145106092,3.234503093086927
47125101700,9.597678714579055,3.353270259411362
47125101802,9.87138925119781,3.27243529431896
47125101803,9.978114462696783,3.313397225188227
47125101804,10.03164390622861,3.356563568104038
47125101902,9.991272979466119,3.212419683778234
47125101903,10.052028930184805,3.294888773442847
47125101904,10.12567454825462,3.435210186173854
47125102001,10.028850130047912,3.284255511978097
47125102002,10.08939786036961,3.37058076659822
47125102003,10.115412093086927,3.422831906913073
47125102004,10.12731758384668,3.453536204654346
47125102005,10.120044853524983,3.381806627652293
47125102006,10.15432474880219,3.4445032183436
47125980100,9.801024323066393,3.539780452429843
47127930100,9.82067801779603,4.087482908281999
47127930200,9.893235015058179,4.093643049281314
47129110100,9.062138293634497,3.545128358658453
47129110200,9.126226463381246,3.463370908966461
47129110300,9.294370837097878,3.377989648870637
47129110400,9.623002975359343,3.347317399726215
47129110500,9.375141506502396,3.381607144421629
47131965000,9.996250232717317,4.357933482546201
47131965100,10.060456392197125,4.400653419575633
47131965200,10.008959134154689,4.395500384668036
47131965300,9.865668163586584,4.279776191649555
47131965400,9.877081649555099,4.285982108145106
47131965500,10.02739768514716,4.383372425051335
47131965600,10.028399118412046,4.380214592744695
47131965700,10.000872283367556,4.36235365982204
47131965800,9.917858130047912,4.308930162902122
47131965900,9.811411269678302,4.234872502395619
47133950100,9.0844883045859,3.71835644421629
47133950200,9.239566386721424,3.818948343600274
47133950301,9.229315957563313,3.78109096440794
47133950302,9.157857319644079,3.724275941820671
47133950400,9.305204413415469,3.791128442847365
47133950500,9.247199395619439,3.703061167693361
47133950600,9.039710744695414,3.647438902121834
47135930100,9.020542757015743,3.81288448733744
47135930200,8.919933240246407,3.816014915126626
47137925100,9.146451746748802,3.798925154004107
47139950100,8.905902859000684,3.546712557152635
47139950201,9.347427869952088,3.660672097193703
47139950202,9.408464483230664,3.714084867214237
47139950300,9.443316327173169,3.75250720054757
47139950400,8.999360960301164,3.609814750855578
47141000100,9.09206887816564,3.64343142642026
47141000200,9.345999314168378,3.687032933607118
47141000301,9.412869429842574,3.710255577686516
47141000302,9.414528098562628,3.684489845995893
47141000303,9.391133657084189,3.679655257357974
47141000400,9.381474211498973,3.672604352498289
47141000500,9.380427518822724,3.673627735797399
47141000600,9.398959414784394,3.696412953456537
47141000700,9.424996503764545,3.707621145106092
47141000800,9.411458661875428,3.687192503080082
47141000900,9.436329425735797,3.721054642710472
47141001000,9.452513154004107,3.779321441478439
47141001100,9.432607169062286,3.760566718001369
47141001200,9.370245420944558,3.712629188911704
47141001300,9.193454168377823,3.663737125256674
47143975000,9.576843484599589,3.640741349760438
47143975100,9.650436788501027,3.723218688569473
47143975200,9.656014815195072,3.780852523613963
47143975300,9.575454846680356,3.793798396988364
47143975401,9.668782457905544,3.810159394250513
47143975402,9.760513186173854,3.834031295003422
47145030100,10.14984054825462,3.387964467488022
47145030201,10.461617077344285,3.504999853524983
47145030202,10.189201263518138,3.443835438056126
47145030300,10.340295770020534,3.658307396988364
47145030400,9.789061909650924,3.539457725530459
47145030500,9.603702681040383,3.488658173853525
47145030600,9.918964611909651,3.419700173169062
47145030700,9.792160698836413,3.332906531827515
47145030800,9.765276963723477,3.316494765229295
47145030900,9.982955788501027,3.365035993839836
47145980100,10.354918924709103,3.420171561943874
47147080101,10.247843808350445,3.775968713894593
47147080103,10.327417525667351,3.633832422313484
47147080104,10.280571274469541,3.660095928131417
47147080200,10.164300640657084,3.587931054072553
47147080301,10.193489496235455,3.539808608487337
47147080302,10.210906269678302,3.565132686516085
47147080401,10.228207579739904,3.567340832306639
47147080402,10.224322630390144,3.538827138261465
47147080500,10.236868081451061,3.612052692676249
47147080603,10.230376490075291,3.46569647980835
47147080604,10.268194045174538,3.508794196440794
47147080605,10.28752467761807,3.557288761806982
47147080606,10.345655045859001,3.549524954825462
47147080700,10.066013867214237,3.436318236824093
47149040101,10.358229523613963,3.631353632443532
47149040102,10.39299484257358,3.595336811088296
47149040103,10.383933702258727,3.604131788501027
47149040104,10.372836917180014,3.616943648186174
47149040105,10.353361995208761,3.629298008213552
47149040200,10.364924902806297,3.610905630390144
47149040302,10.20167190622861,3.742743538672142
47149040303,10.278263607802875,3.714651943874059
47149040304,10.299985260095825,3.691834277207392
47149040305,10.315304746748802,3.675435701574264
47149040306,10.320034790554415,3.651956587953456
47149040307,10.288869016427105,3.670762887748118
47149040308,10.252353323750856,3.696203223819302
47149040403,10.287547263518138,3.706312217659138
47149040501,10.235789171115674,3.724305649555099
47149040502,9.766524720054757,3.79081627652293
47149040600,9.673100292950034,3.846402823408624
47149040701,9.882857067761807,3.867860698836413
47149040702,9.803407796030116,3.895016776865161
47149040805,10.267147978781656,3.630741153319644
47149040806,10.179503169062286,3.680385746748802
47149040807,10.118895411362081,3.72710387063655
47149040808,10.038589483230664,3.758682150581793
47149040809,9.938794191649555,3.7969906091718
47149040810,9.845412142368241,3.758967394934976
47149040901,10.108319423682409,3.806419416837782
47149040902,10.069077534565366,3.809767570157426
47149040903,10.038267069130732,3.828818421629021
47149040904,10.034958004106776,3.831507502395619
47149040905,9.987836008213552,3.849007742642026
47149041000,10.156802145790554,3.782424221765914
47149041101,10.011985036276523,3.819410544832307
47149041102,9.904985794661191,3.843508275838467
47149041201,9.893884208761122,3.863929442162902
47149041202,9.84945935797399,3.867432663244353
47149041301,10.091940924024641,3.815724486652977
47149041302,10.078291271047228,3.823768857631759
47149041401,10.035965504449008,3.840162755646817
47149041402,10.035209019849418,3.843795678986995
47149041403,10.000323502395619,3.853113538672142
47149041500,9.99947944421629,3.853749981519507
47149041600,10.027284585215606,3.85095114715948
47149041700,10.064478101984942,3.836449648186174
47149041800,10.013576520876112,3.852595254620123
47149041900,9.999711433264887,3.852197338124572
47149042000,9.954885470225873,3.849654982888433
47149042100,9.945533978097194,3.86043201026694
47149042200,10.321138435318275,3.680549367556468
47149042300,10.196051212183436,3.75568781724846
47151975000,9.119266182067077,3.635516088295688
47151975100,9.06543524366872,3.683019744695414
47151975200,9.076647647501711,3.591408145106092
47151975300,9.12108820807666,3.461779557152635
47151975400,9.06384270294319,3.523671356605065
47153060101,9.297846611909651,3.754009100616016
47153060102,9.122744221081451,3.728319255989049
47153060200,9.483955720054757,3.773441821355236
47155080101,10.057132151266256,3.438400831622177
47155080102,9.880251273785079,3.414345830937714
47155080201,9.901940529089665,3.247550010951403
47155080202,9.78061646201232,3.265386375085558
47155080300,9.731206772073922,3.197474318959617
47155080400,9.495686082819986,3.2458686091718
47155080500,9.39816709650924,3.293340483915127
47155080601,9.538367019849418,3.37775027926078
47155080602,9.394381739904175,3.423154381245722
47155080700,8.792882574948665,3.265996906913073
47155080801,9.270633726214921,3.285772274469541
47155080802,9.223629020533881,3.307780241615332
47155080901,9.034719207392197,3.151826386036961
47155080902,8.797518162902122,3.139326704996578
47155081000,8.970320056810404,3.230682943189596
47155081101,8.594975275838467,3.113895
47155081102,8.667685039698836,3.162458802874743
47155980100,8.343773869952088,3.05220774880219
47157000100,10.132963230663929,3.305475169062286
47157000200,10.126834429842574,3.286987724845996
47157000300,10.117645926078029,3.270435240246407
47157000400,10.10683918275154,3.265688440109514
47157000600,10.105924560574949,3.302456846680356
47157000700,10.120141052019165,3.294572369609856
47157000800,10.097865958932238,3.326290611909651
47157000900,10.110619021218344,3.321450184120465
47157001100,10.093015424366872,3.378162767282683
47157001200,10.096985331964408,3.389457182067077
47157001300,10.111880585900068,3.369669433264887
47157001400,10.11497994661191,3.352320796030116
47157001500,10.121446980150582,3.339767309377139
47157001600,10.128692362080767,3.315348989048597
47157001700,10.119940418206708,3.281177037645448
47157001900,10.126318355920602,3.262075643394935
47157002000,10.138144251882272,3.277019503080082
47157002100,10.145689423682409,3.296595553730322
47157002400,10.139952462696783,3.29230220807666
47157002500,10.138881832991102,3.294698648186174
47157002600,10.135543464065708,3.308496846680356
47157002700,10.134185575633128,3.345699256673511
47157002800,10.122691762491444,3.365552262833676
47157002900,10.105738952772074,3.401433270362765
47157003000,10.130557843258042,3.383032084873374
47157003100,10.137972290896646,3.359013700889802
47157003200,10.153415128678987,3.336493910335387
47157003300,10.156309324435318,3.354279950034223
47157003400,10.151276576317591,3.327251952772074
47157003500,10.162981829568788,3.351889676249144
47157003600,10.154815656399726,3.323820670773443
47157003700,10.164285516084873,3.333269008898015
47157003800,10.14569550513347,3.318272778918549
47157003900,10.153563013004791,3.315225305270363
47157004200,10.157216728268309,3.336516052019165
47157004300,10.175757002053388,3.37456587816564
47157004500,10.170632405886379,3.355244042436687
47157004600,10.166717828884326,3.347956625598905
47157005000,10.176521026694045,3.380151321697468
47157005300,10.188339023956194,3.460529182067077
47157005500,10.182842623545517,3.445321203969884
47157005600,10.190549173169062,3.450898691991786
47157005700,10.18786203559206,3.414363953456537
47157005800,10.184530839835729,3.402719483915127
47157005900,10.180264525667351,3.394261221765914
47157006000,10.17180018275154,3.404097585900068
47157006200,10.18069555578371,3.375592908966461
47157006300,10.15565953045859,3.369011409993155
47157006400,10.161500717316906,3.388699231348392
47157006500,10.172701392881588,3.412120433264887
47157006600,10.149260126625599,3.378414988364134
47157006700,10.148750648870637,3.396522691307324
47157006800,10.149088861738535,3.415044849418207
47157006900,10.155916752224504,3.433516847364819
47157007000,10.133388315537303,3.416817254620123
47157007100,10.135238963723477,3.389639908966461
47157007200,10.135743703627652,3.405298451060917
47157007300,10.109959020533881,3.419061109514032
47157007400,10.115371787816564,3.432244719370294
47157007500,10.178244737850787,3.43452476386037
47157007810,10.180674169746749,3.4403786091718
47157007821,10.172476431895962,3.454627444900753
47157007822,10.185894292950034,3.467475617385352
47157007900,10.145485321013005,3.431836795345654
47157008000,10.115928359342916,3.44160779945243
47157008110,10.157591710472279,3.462161148528405
47157008120,10.143553477754962,3.453007791238878
47157008200,10.122808626283368,3.465659463381246
47157008500,10.08369053045859,3.438634080766598
47157008600,10.08196313963039,3.422206258726899
47157008700,10.080120495550992,3.41071399247091
47157008800,10.07478278439425,3.395773603011636
47157008900,10.05558243394935,3.389315127994524
47157009100,10.061172364134155,3.414376552361396
47157009200,10.025111417522245,3.445615641341547
47157009300,10.08377633744011,3.470959973305955
47157009400,10.068420173853525,3.472438358658453
47157009500,10.04137887063655,3.492239710472279
47157009600,10.027910715947981,3.46263911156742
47157009700,10.085148136208077,3.493630092402464
47157009800,10.050003585215606,3.425494409308693
47157009901,10.059995645448323,3.365792712525667
47157009902,10.096806758384668,3.323643943189596
47157010000,10.029363668035592,3.380911284052019
47157010110,10.060964259411362,3.343952843942505
47157010120,10.082778758384668,3.306890411362081
47157010210,10.034716027378508,3.384609471594798
47157010220,10.070248851471595,3.342810661190965
47157010300,10.000100463381246,3.410730977412731
47157010500,10.118803268309377,3.506134549623546
47157010610,10.098375673511294,3.509564908966461
47157010620,10.10363235523614,3.525427537303217
47157010630,10.082215916495551,3.538182175906913
47157010710,10.059444213552361,3.521254136892539
47157010720,10.023615657768652,3.528622936344969
47157010810,10.0515753908282,3.541700028747433
47157010820,10.010369829568788,3.552477891854894
47157011010,10.122807360027378,3.54928767008898
47157011020,10.109910661875428,3.543060528405202
47157011100,10.099010176591376,3.353192313483915
47157011200,10.118293388774812,3.259212380561259
47157011300,10.152158681724846,3.304928291581109
47157011400,10.166440920602327,3.341336112251882
47157011500,10.173455110198494,3.385720696783025
47157011600,10.17399236550308,3.375336110198494
47157011700,10.184523752908966,3.402920031485284
47157011800,10.105062607118412,3.462372657768652
47157020101,9.985165295687885,3.478876947296372
47157020102,9.852676330595482,3.563348134154689
47157020210,9.760976838466804,3.626634618069815
47157020221,9.917757754962355,3.495953813826146
47157020222,9.838967717316906,3.544925150581793
47157020300,9.804446918548939,3.57302937577002
47157020400,9.766959717316906,3.601429045174538
47157020511,10.049547805612594,3.366849305954826
47157020512,10.044455768651608,3.391837407255305
47157020521,9.990114436002738,3.430015162217659
47157020523,9.967058280629706,3.439094707049966
47157020524,10.00564342642026,3.423314509924709
47157020531,9.915380885010267,3.491142961670089
47157020532,9.965134651608487,3.450128689938398
47157020541,9.992268046543463,3.431423356605065
47157020542,10.012763260095825,3.419955028062971
47157020610,10.005239354551677,3.436639582477755
47157020621,9.9776147816564,3.446353802190281
47157020622,9.931819149212868,3.46615073853525
47157020632,9.820288898699521,3.523818878850103
47157020633,9.847748125941136,3.50686090622861
47157020634,9.879724993839836,3.488874997946612
47157020635,9.845579852156058,3.515726321697468
47157020642,9.79105112183436,3.554495696098563
47157020643,9.880952474332649,3.499555679671458
47157020644,9.889756026694045,3.493738262149213
47157020651,9.953447649555099,3.452492763175907
47157020652,9.903485281998631,3.479867880219028
47157020700,9.682904849418207,3.629382260095825
47157020810,9.593427955509925,3.683844522245038
47157020820,9.625023566735113,3.63263071321013
47157020831,9.724857062286105,3.579732771389459
47157020832,9.743180296372348,3.56687428678987
47157020900,9.576231201232033,3.670673575633128
47157021010,9.633080065708419,3.616099617385352
47157021020,9.624513105407255,3.629587607802875
47157021111,9.939655890485968,3.456531350444901
47157021112,9.879762996577686,3.488385248459959
47157021113,9.823118052019165,3.519842538672142
47157021121,9.868778119096509,3.501508631074606
47157021122,9.934866054757016,3.45089293155373
47157021124,9.892677999315537,3.478805509240246
47157021125,9.85708133744011,3.507511026009582
47157021126,9.845467016427105,3.509556759753593
47157021135,9.814410643394935,3.528540231348392
47157021136,9.776921804928131,3.549301737166324
47157021137,9.812529648870637,3.536243022587269
47157021138,9.75781145174538,3.569589636550308
47157021139,9.782004746748802,3.569072753593429
47157021140,9.826104639288159,3.539129323066393
47157021141,9.761697091718001,3.549316500342231
47157021142,9.781752054757016,3.536560631759069
47157021200,9.977245232717317,3.443274825462012
47157021311,9.970126482546201,3.481826554414784
47157021312,9.936652089664613,3.50361587816564
47157021320,9.968525178644764,3.515445277207392
47157021331,9.987483310746064,3.527606377138946
47157021333,9.920928242984257,3.555133980150582
47157021334,9.909873493497604,3.571224494182067
47157021341,9.822192856947296,3.588891577686516
47157021342,9.82359041615332,3.602596635865845
47157021351,9.84990693908282,3.55031224366872
47157021352,9.816382779603012,3.571162281998631
47157021353,9.745122087611225,3.603708763175907
47157021410,9.921808553730322,3.514487607118412
47157021420,9.894670856947296,3.531517814510609
47157021430,9.915031238877481,3.547601084188912
47157021510,9.781997344969199,3.634201995208761
47157021520,9.644635783025325,3.66922283504449
47157021530,9.659175869267625,3.646695249828884
47157021540,9.645753918548939,3.634007886379192
47157021611,9.597276012320328,3.661311872005476
47157021612,9.573010114989733,3.672576848733744
47157021613,9.547270216290212,3.684242021218344
47157021620,9.569615302532512,3.684375284052019
47157021710,10.007346782340862,3.523780117727584
47157021721,9.977799518138262,3.543760655030801
47157021724,9.929673513347023,3.569675744010951
47157021725,9.961626311430527,3.555538054072553
47157021726,9.961573844626968,3.563952830253251
47157021731,10.004234203969884,3.56612707118412
47157021732,9.962904553045859,3.575084745379877
47157021741,9.961398411362081,3.592447258042437
47157021744,9.890654901437372,3.593323986310746
47157021745,9.859766344969199,3.611821920602327
47157021746,9.925403865845311,3.588247948665298
47157021747,9.917073176591376,3.599383933607118
47157021751,9.853393990417522,3.626115257357974
47157021752,9.834694869952088,3.637707054072553
47157021753,9.892908146475017,3.631429725530459
47157021754,9.914048708418891,3.617541229295003
47157021900,10.09496844421629,3.587684918548939
47157022022,10.165849496235455,3.520092312799452
47157022023,10.170728431895962,3.514448288158795
47157022024,10.162116343600274,3.532502137577002
47157022111,10.154958963039014,3.557322542094456
47157022112,10.148154193702943,3.560124855578371
47157022121,10.139649203969884,3.577928156741958
47157022122,10.127416430527036,3.58074294934976
47157022130,10.120942244353183,3.594876011635866
47157022210,10.146621859685147,3.574688271047228
47157022220,10.185661211498973,3.510153600273785
47157022310,10.171434652977413,3.546069735797399
47157022321,10.176467698151951,3.539098975359343
47157022322,10.161897420260096,3.565864018480493
47157022330,10.153715475017112,3.56891457357974
47157022410,10.132445448323066,3.60695332238193
47157022500,10.182608864476386,3.501830265571526
47157022600,10.022935820670773,3.585888490759754
47157022700,10.136045130047912,3.593021341546886
47157980100,10.144097028747433,3.515827154004107
47157980200,10.176521148528405,3.494616407255305
47157980300,10.072262298425736,3.634859249144422
47157980400,9.913625023956194,3.479810242299795
47159975000,9.570226482546201,3.82922192881588
47159975100,9.556631765229295,3.810504242299795
47159975200,9.619453466119096,3.793347475017112
47159975300,9.486551173169062,3.797920755646817
47159975400,9.494788785078713,3.780217122518823
47161110200,9.500331495550992,3.678666758384668
47161110600,9.404647048596852,3.656950642710472
47161110700,9.385612008213552,3.784493432580424
47161980100,9.479285533196441,3.858131056125941
47161980200,9.624079104722793,3.661190325804244
47163040200,10.206965516769336,4.062040969883641
47163040300,10.150571724161533,4.03249313963039
47163040500,10.121144984941821,4.053458013689254
47163040600,10.113161394250513,4.031695130732375
47163040700,10.101358594113621,4.008770761122519
47163040800,10.09993699247091,4.005188293634497
47163040900,10.044591291581109,3.993996407255305
47163041000,10.020946449007529,3.994164934976044
47163041100,10.110947109514032,4.01723584531143
47163041200,10.088563680355921,4.021264796030116
47163041300,10.029326971252567,4.023893838466804
47163041400,10.074971127310062,4.055213403832991
47163041500,10.186226481177276,4.071634188911704
47163041600,10.097957468172485,4.055669445585216
47163041700,10.027109316221766,4.035877884325804
47163041800,10.04536817522245,4.021458323750856
47163041900,10.014175984941821,3.998082034907598
47163042000,9.835672432580424,3.950628327857632
47163042100,9.949343378507871,3.981438175906913
47163042200,9.86500654825462,3.955056904175222
47163042300,9.93170882477755,3.981029991101985
47163042400,9.661575442847365,3.891659993155373
47163042500,9.481875433264887,3.822492657768652
47163042600,9.404189342231348,3.791689562628337
47163042701,9.383134786447639,3.777256984941821
47163042702,9.359274498288843,3.759400561259411
47163042801,9.299029941136208,3.738595210814511
47163042802,9.285280553730322,3.729140652977413
47163042900,9.179462782340862,3.70516305338809
47163043000,9.279297164271047,3.740014876796715
47163043100,8.725808704312115,3.590450440793977
47163043201,9.408726853524983,3.807154882272416
47163043202,9.030650104722793,3.668708316906229
47163043301,9.662743912388775,3.89407574880219
47163043302,9.2562333045859,3.74916836550308
47163043401,9.698112167693361,3.898350295687885
47163043402,9.591764381245722,3.859197528405202
47163043500,9.879007961670089,3.961948752224504
47163043600,9.964735899383984,3.98536671321013
47165020101,9.965066947296372,3.838143403148528
47165020102,9.950835674195756,3.875255911019849
47165020203,10.103629571526352,3.85945714715948
47165020204,10.187913942505134,3.852651137577002
47165020205,10.214355412731006,3.817283263518138
47165020206,10.217828320328542,3.784798455167693
47165020207,10.207052449007529,3.751556188911704
47165020208,10.168889372347707,3.772326671457906
47165020209,10.109493961670089,3.814780715947981
47165020300,10.175301148528405,3.810987577002053
47165020403,10.282401941136208,3.702510802190281
47165020404,10.257598977412731,3.74288658384668
47165020405,10.29290336550308,3.690930409308693
47165020406,10.339653509240246,3.646818997262149
47165020407,10.375271618754278,3.599858246406571
47165020501,10.37112072347707,3.645459099931554
47165020502,10.335127413415469,3.669816019849418
47165020503,10.247108393566051,3.730363432580424
47165020601,10.065050736481862,3.796013508555784
47165020602,9.991086019164956,3.799963313483915
47165020603,10.106086616016427,3.769945700205339
47165020700,10.248885582477755,3.73859365982204
47165020800,10.268846728952772,3.723027718001369
47165020901,10.249822871321013,3.726876147843942
47165020902,10.281993315537303,3.713483684462697
47165020903,10.330793505817933,3.684465301163587
47165021002,10.492937302532512,3.48687592128679
47165021004,10.398896456536619,3.507877828884326
47165021005,10.444467288843258,3.521212539356605
47165021006,10.384046411362081,3.611561484599589
47165021007,10.428714071868583,3.58836711156742
47165021008,10.437789323066393,3.574896551676934
47165021009,10.486674531827515,3.522135012320328
47165021103,10.556846883641342,3.430072796714579
47165021104,10.512918083504449,3.470246130732375
47165021105,10.520890101984942,3.446707874743326
47165021106,10.5379345229295,3.426726255989049
47165021107,10.540678665297741,3.459339960301164
47165021201,10.524588334702259,3.494273804243669
47165021203,10.422427178644764,3.615152051334702
47165021204,10.487695173853525,3.543251843258042
47165021205,10.503123525667351,3.504426180013689
47167040100,9.748766281998631,3.722180588637919
47167040200,9.65008423613963,3.814677106091718
47167040302,9.64127067008898,3.70884096440794
47167040303,9.68219116495551,3.692920830253251
47167040304,9.646289688569473,3.762097000684463
47167040400,9.616894912388775,3.875295344284736
47167040500,9.595334175906913,3.794183097193703
47167040601,9.59653034770705,3.894351639972622
47167040602,9.582786081451061,3.89470668514716
47167040700,9.587471600273785,3.880249329226557
47167040800,9.562347986310746,3.782872143052704
47167040900,9.523014184120465,3.885411511293634
47167041000,9.491229685831622,3.81474946201232
47169090100,9.798283901437372,3.817672156057495
47169090200,9.796120012320328,3.820531683778234
47171080100,8.533442990417522,3.474535854893908
47171080200,8.614626898699521,3.515020351129363
47171080300,8.628882626283368,3.52440126146475
47171080400,8.650958831622177,3.530483292950034
47173040100,9.94432093155373,3.561860158795346
47173040201,9.951261845995893,3.508226545516769
47173040202,10.000506237508556,3.433760016427105
47173040300,9.696096782340862,3.555258154004107
47175925000,9.025250101984942,3.701895258726899
47175925200,9.067053574948665,3.720312882956879
47177930100,9.166221361396304,3.767132531827515
47177930200,9.305485568788501,3.815366518822724
47177930300,9.351809518138262,3.839333001368925
47177930400,9.316346429158111,3.830342075975359
47177930500,9.255448485284052,3.807099656399726
47177930600,9.202532430527036,3.796562969199179
47177930700,9.302026648870637,3.831211299794661
47177930800,9.295825303901437,3.83977790622861
47177930900,9.082637393566051,3.76377824366872
47179060100,9.26144012936345,3.767883979466119
47179060400,9.397227796030116,3.80816160164271
47179060501,9.314442019164956,3.789855843942505
47179060502,9.185172059548255,3.740818034907598
47179060600,9.109821737850787,3.711880008213552
47179060700,9.212486144421629,3.74801935797399
47179060800,9.212209318275154,3.754665897330596
47179060900,9.195964657768652,3.737553475701574
47179061000,9.291163197809719,3.774039475017112
47179061100,9.341619359342916,3.797627193702943
47179061200,9.395441883641342,3.814126976043806
47179061300,9.52903406844627,3.855422444900753
47179061401,9.709479800136892,3.917475310061602
47179061402,9.630258575633128,3.892996508555784
47179061500,9.816080557837098,3.951143661190965
47179061601,9.544650094455852,3.8650913908282
47179061602,9.754657686516085,3.940530863107461
47179061701,9.429707497604381,3.830116767967146
47179061702,9.216336803559206,3.752232484599589
47179061800,8.926953388090349,3.644021022587269
47179061901,8.966317606433949,3.657087744695414
47179061902,9.301747794661191,3.790349177960301
47179062000,9.27877472347707,3.771828380561259
47181950100,8.930450347022587,3.833228472279261
47181950200,9.014701602327173,3.836743869267625
47181950300,9.196844358658453,3.900441594113621
47181950400,9.205865293634497,3.957075490759754
47183968000,9.85114940109514,4.277883890485968
47183968101,9.852749855578371,4.283266166324435
47183968102,9.836178213552361,4.285048917864476
47183968201,9.888247403832991,4.306270759069131
47183968202,9.874312804243669,4.294384406570842
47183968203,9.879024925393566,4.303018073921971
47183968300,9.770530923340178,4.235378143737166
47183968400,9.721146700205339,4.218942874058864
47183968500,9.620492163586584,4.158412672142368
47183968600,9.657404134839151,4.16941048733744
47183968700,9.728086853524983,4.213791690622861
47185935000,9.063056631074606,3.667692476386037
47185935100,9.306291710472279,3.726235081451061
47185935200,9.296724030800821,3.764627698836413
47185935300,9.221246245722108,3.724895447638604
47185935400,9.159539629021218,3.709202926762491
47185935500,9.181981520876112,3.746786790554415
47187050101,10.175268193702943,3.502122602327173
47187050102,10.241629915811088,3.569645329226557
47187050103,10.036942661190965,3.594256631074606
47187050203,10.240441113620808,3.379965987679672
47187050204,10.270206488021903,3.444519202600958
47187050205,10.134417954825462,3.401788176591376
47187050206,10.17335997467488,3.424857140314853
47187050207,10.168813427104723,3.45435893155373
47187050208,10.066594524982888,3.440365257357974
47187050303,10.150507817932923,3.288249455167693
47187050304,10.207261382614648,3.308840897330596
47187050305,10.11417138329911,3.348370661875428
47187050306,10.145103733059548,3.371992321013005
47187050307,10.046898004791239,3.413874059548255
47187050403,9.920130971937029,3.270038166324435
47187050404,10.045115685831622,3.254485674880219
47187050405,9.817480748117728,3.325530179329227
47187050406,9.997321926762491,3.331641853524983
47187050502,9.565226389459274,3.395192841889117
47187050503,9.50879666255989,3.409218561943874
47187050504,9.498527755646817,3.413384680355921
47187050601,9.881884440109514,3.397236336071184
47187050602,9.805823212183436,3.455185803559206
47187050701,9.939271526351814,3.369326082135524
47187050702,9.97562942642026,3.397429264202601
47187050800,9.91433687816564,3.449963745379877
47187050904,9.972663031485284,3.438617653661875
47187050905,9.988231902806297,3.449401954140999
47187050906,9.930299156057495,3.478190098562628
47187050907,9.94795419028063,3.483662629705681
47187050908,9.885988526351814,3.50470690622861
47187050909,9.807929541409993,3.527933112936345
47187051001,10.00541546954141,3.485395778918549
47187051002,9.876663189596167,3.546503545516769
47187051100,9.808369844626968,3.634011519507187
47187051201,9.543874749486653,3.481413800821355
47187051202,9.742038648186174,3.57652168514716
47189030101,10.125911406570842,3.746789938398357
47189030102,9.845687136208077,3.776857805612594
47189030202,10.252144154004107,3.697726558521561
47189030203,10.410962727583847,3.627233993155373
47189030204,10.326762475017112,3.669758637234771
47189030303,10.4927840862423,3.558942115674196
47189030304,10.506209577002053,3.550554193702943
47189030305,10.551266346338125,3.493116506502396
47189030307,10.476109269678302,3.567221198494182
47189030308,10.55334520807666,3.511981197125257
47189030309,10.479474597535934,3.582733023956194
47189030401,10.144663402464066,3.737470639288159
47189030402,10.091628657768652,3.755315859685147
47189030500,10.074689877481177,3.754459993839836
47189030600,10.09291107871321,3.747323788501027
47189030700,10.0017447816564,3.769037326488706
47189030800,9.931987138261465,3.75730325119781
47189030901,10.42731655578371,3.586008681724846
47189030903,10.286954419575633,3.663085342915811
47189030904,9.991569701574264,3.743583099931554
47189031000,9.568777967830253,3.749902151266256
48001950100,9.176331638603696,4.336234155373032
48001950401,9.188615317590691,4.349616036276523
48001950402,9.228302153319644,4.346940010951403
48001950500,9.17203967761807,4.350415199863108
48001950600,9.17726925119781,4.352925776180698
48001950700,9.165725908966461,4.350313305270363
48001950800,9.150106299794661,4.346855090349076
48001950901,9.180212726899384,4.349553786447639
48001950902,9.114866511293634,4.334481611909651
48001951000,9.066634887063655,4.328046342231348
48001951100,9.225387633812457,4.333342533196441
48003950100,7.083474746748802,3.49782707871321
48003950200,7.111644925393566,3.532606098562628
48003950300,7.109386724161533,3.535615279945243
48003950400,7.16143676659822,3.588621388090349
48005000101,9.242578698151951,4.395196850102669
48005000102,9.189624234086242,4.365331874743326
48005000200,9.237213629705681,4.394546780971937
48005000301,9.274021428473648,4.404322669404518
48005000302,9.199910097878166,4.365210819301848
48005000400,9.240718342915811,4.389250629705681
48005000500,9.263383620807666,4.402457045174538
48005000600,9.225396650924025,4.379848967830253
48005000700,9.2244576954141,4.380163400410678
48005000800,9.195436861054073,4.371644067077344
48005000901,9.216294431211499,4.37906845174538
48005000902,9.178598539356605,4.361292170431212
48005001001,9.145541006844627,4.333666265571526
48005001002,9.066958785078713,4.296303421629021
48005001100,9.103563173853525,4.336963600273785
48005001200,8.815797779603012,4.188840707734428
48005001300,8.931246228610541,4.249885579055442
48007950100,8.017485198494182,3.913267305270363
48007950200,8.099004151266256,3.900323854209446
48007950300,8.140022059548255,3.906872504449008
48007950400,8.133677314168378,3.897845186173854
48007950500,8.248003701574264,3.911019288158795
48009020100,8.296631635181383,3.933312016427105
48009020200,7.90373499247091,3.827096247091034
48009020300,8.018321693360712,3.839509286105407
48011950100,6.904786615331964,3.560175848049281
48013960100,8.386864032854209,4.131757130732375
48013960201,8.813785607802875,4.307396483230664
48013960202,8.812682655030801,4.301127849418207
48013960300,8.734691106776181,4.270501575633128
48013960401,8.908743577002053,4.326029071868583
48013960402,8.636989080082136,4.232557709787817
48013960500,8.186650952772074,4.087313194387406
48013960600,8.276928523613963,4.106315722108145
48015760100,9.433059221765914,4.239039914442163
48015760200,9.534440517453799,4.262761049965777
48015760300,9.235906983572895,4.231579795345654
48015760400,8.911257791238878,4.185057073237509
48015760501,9.186569392197125,4.233901021902806
48015760502,9.37291932238193,4.252816585900068
48017950100,6.868056607802875,3.521327912388775
48019000101,7.993127895277207,3.985825623545517
48019000102,8.055126540041068,4.00522157357974
48019000200,7.464767063655031,3.788813818617385
48019000300,8.301428044490075,4.092823505817933
48019000400,8.352977299110198,4.117297345653662
48021950100,9.175209242984257,4.396303120465435
48021950200,9.219456332648871,4.414791993839836
48021950300,9.147722557837098,4.389897839151266
48021950400,9.076054412046544,4.364740077344285
48021950501,9.08716542642026,4.36856923340178
48021950502,8.930692080766598,4.30950527926078
48021950600,8.840459273100616,4.264300691991786
48021950700,8.858495600958248,4.27436790622861
48021950801,9.216987510609172,4.425477244353183
48021950802,9.067974668035592,4.368528828199863
48023950300,7.581867480492813,3.754499225188227
48025950100,8.269300117727584,4.054541327173169
48025950201,8.399782548939083,4.042498782340862
48025950202,8.395159056125941,4.072542678302532
48025950300,8.398403486652977,4.077530911704312
48025950400,8.415535490075291,4.082633083504449
48025950500,8.418329767967146,4.077631873374401
48025950600,8.525942963039014,4.067524034907598
48027020100,9.207412361396304,4.433297378507871
48027020201,9.274004345653662,4.455423744010951
48027020202,9.189298409308693,4.410732620123203
48027020300,9.30263165229295,4.470572370294319
48027020401,9.293020674195756,4.461847739904175
48027020402,9.269412768651608,4.460406197809719
48027020500,9.291239402464066,4.472472412046544
48027020600,9.29704445927447,4.463710671457906
48027020701,9.296778986995209,4.471340765229295
48027020702,9.300910358658453,4.468290886379192
48027020800,9.258365026694045,4.457524067761807
48027020900,9.268177115674196,4.453869431895962
48027021000,9.30434300752909,4.468723644079398
48027021100,9.30791725393566,4.472086030800821
48027021201,9.310800454483231,4.474178834360027
48027021202,9.311522865160849,4.47473665982204
48027021203,9.324509513347023,4.48934174606434
48027021301,9.299613839835729,4.471693519507187
48027021302,9.308681160848734,4.479661780287474
48027021303,9.285302967830253,4.469873342915811
48027021400,9.220287555099247,4.448983546201232
48027021500,9.256953083504449,4.451271676933607
48027021601,9.271684699520876,4.448734958247776
48027021602,9.276171036960986,4.461694721423682
48027021700,9.283462594798084,4.457843127994524
48027021800,9.192445950718686,4.425255544147844
48027021901,9.104067829568788,4.387524651608487
48027021903,9.102865506502396,4.38750845927447
48027021904,9.129960090349076,4.407407963039014
48027022000,9.1522945229295,4.412260355920602
48027022101,9.019540149897331,4.354825558521561
48027022103,9.024499544832307,4.350182184804928
48027022104,9.054028620807666,4.366089698151951
48027022105,9.047427883641342,4.371522683093771
48027022200,9.047860789185489,4.365857577686516
48027022300,9.06098247980835,4.370343434633812
48027022401,9.041534758384668,4.368325149212868
48027022402,9.080585503080082,4.384412220396988
48027022403,9.055128657084189,4.376965171800137
48027022404,9.08089051266256,4.381481014373717
48027022405,9.040972508555784,4.369534834360027
48027022501,9.009930646132786,4.353254914442163
48027022502,9.024729542778918,4.356288101300479
48027022600,9.002784323750856,4.343461184804928
48027022801,8.960616014373717,4.33382436550308
48027022900,8.968777997262149,4.336560509240246
48027023000,8.980582991101985,4.33654179945243
48027023103,8.956562266255989,4.327763017111567
48027023104,8.946890031485284,4.321284305954826
48027023105,8.911478441478439,4.301021933607118
48027023106,8.878842258726899,4.29478254072553
48027023107,8.960063793292266,4.331293562628337
48027023108,8.924852791238878,4.316429
48027023201,8.921917774811773,4.312976667351129
48027023202,8.89500254825462,4.299088546201232
48027023203,8.934068711841205,4.318918125256674
48027023204,9.029359851471595,4.356153246406571
48027023300,8.906313758384668,4.308877767282683
48027023402,9.094332409308693,4.393200606433949
48027023403,9.18397105338809,4.423125873374401
48027023404,9.12606696440794,4.396975145790554
48027023500,8.963546741273101,4.334261045859001
48027980001,8.868259150581793,4.291354846680356
48027980002,8.85668405065024,4.28946840862423
48027980003,9.079537785078713,4.363492683778234
48029110100,9.647767498288843,4.588249511978097
48029110300,9.639598825462012,4.583147412046544
48029110500,9.636116629021218,4.581254930184805
48029110600,9.640849024640657,4.573177571526352
48029110700,9.647734036960986,4.592989175906913
48029110800,9.654194268309377,4.587954423682409
48029110900,9.654616993155373,4.597796214236824
48029111000,9.651565058179329,4.582031853524983
48029120100,9.660333839151266,4.604204739904175
48029120300,9.6630128678987,4.589882515400411
48029120400,9.663180532511978,4.606910696783025
48029120501,9.65681723340178,4.606598279945243
48029120502,9.644886744695414,4.602726877481177
48029120600,9.657602002053388,4.59557047980835
48029120701,9.636511514031485,4.578869214921287
48029120702,9.644969916495551,4.589378688569473
48029120800,9.645801008213552,4.5935725633128
48029120901,9.635372950718686,4.593930419575633
48029120902,9.650533486652977,4.598186219028063
48029121000,9.631676627652293,4.589599062970568
48029121108,9.564965648870637,4.555065185489391
48029121110,9.564939802874743,4.577831090349076
48029121111,9.595698171800137,4.586161908966461
48029121112,9.608278058863792,4.592269681724846
48029121115,9.553957220396988,4.565202850787132
48029121116,9.527410513347023,4.550739863107461
48029121117,9.500015523613963,4.542031649555099
48029121118,9.511391930184805,4.545161054757016
48029121119,9.58883738329911,4.583557076659822
48029121120,9.600470318275154,4.588793535249829
48029121121,9.546883820670773,4.562970098562628
48029121122,9.571687955509925,4.567723460643395
48029121203,9.629677069130732,4.596421932922656
48029121204,9.63662323613963,4.59375192128679
48029121205,9.630199199178645,4.598936507186858
48029121206,9.613847320328542,4.594256887063655
48029121300,9.636372735112936,4.594308010951403
48029121402,9.625051393566051,4.585987362080767
48029121403,9.63545560164271,4.593305142368241
48029121404,9.64063455578371,4.595837622176591
48029121501,9.608966820670773,4.592528984257358
48029121504,9.624094954140999,4.590328232032854
48029121505,9.614986585900068,4.597341817932923
48029121506,9.614384006160164,4.589063986310746
48029121507,9.623762579055442,4.598626298425736
48029121508,9.622602984257358,4.59790272073922
48029121601,9.596766124572211,4.59883827652293
48029121604,9.602356911019849,4.600498427104723
48029121605,9.604536028747433,4.591151777549624
48029121606,9.602549833675565,4.592580013689254
48029121701,9.598230703627652,4.5949223045859
48029121702,9.600931807665982,4.607068274469541
48029121802,9.590178031485284,4.587344620123203
48029121803,9.607013720054757,4.590709171800137
48029121804,9.589846826830938,4.57872648733744
48029121808,9.570456943874059,4.577202795345654
48029121809,9.575892360711841,4.584500220396988
48029121810,9.541730734428474,4.56678618275154
48029121811,9.53980724366872,4.568029627652293
48029121812,9.559909170431212,4.582191997946612
48029121813,9.54056933744011,4.565511055441478
48029121903,9.463188710472279,4.526952187542779
48029121904,9.410289566735113,4.513074742642026
48029121905,9.38806936550308,4.499159777549624
48029121906,9.455268531827515,4.522763241615332
48029121907,9.390298171115674,4.511544652977413
48029121908,9.270236900068446,4.460185392197125
48029121909,9.5691897816564,4.587654511978097
48029121910,9.488898083504449,4.548572260780288
48029130200,9.63851404312115,4.587899524982888
48029130300,9.630174581793292,4.578438436002738
48029130401,9.627654303216975,4.575431017111567
48029130402,9.615174572210814,4.569281188227242
48029130500,9.638087529774127,4.574189145106092
48029130600,9.644027620123203,4.586162681724846
48029130700,9.649626995208761,4.598506932238193
48029130800,9.64679893908282,4.58880560164271
48029130900,9.64081946201232,4.594384686516085
48029131000,9.616505905544148,4.567695752908966
48029131100,9.60795268514716,4.572372702258727
48029131200,9.593016736481862,4.564896773442847
48029131300,9.571751978781656,4.553696031485284
48029131401,9.526987523613963,4.528791741273101
48029131402,9.564554069130732,4.550712457905544
48029131503,9.632538334017796,4.583366958932238
48029131504,9.635303874058864,4.59218105065024
48029131505,9.610994059548255,4.580789778234086
48029131506,9.601018108145106,4.583697774811773
48029131507,9.617434082135524,4.586445757015743
48029131601,9.518987496919918,4.557457472279261
48029131606,9.568675318275154,4.582117722792608
48029131608,9.591372627652293,4.58920419028063
48029131609,9.597757820670773,4.580690298425736
48029131610,9.585463240246407,4.565942289527721
48029131611,9.607496483230664,4.588374239561944
48029131612,9.565513254620123,4.570729603696099
48029131613,9.586078643394935,4.580290525667351
48029131614,9.597677816563997,4.581393395619439
48029131615,9.606214192334018,4.584505420260096
48029131700,9.577973908281999,4.587462703627652
48029131801,9.325386886379192,4.474623036276523
48029131802,9.472416110198494,4.523710169062286
48029140100,9.629610780971937,4.576895991786448
48029140200,9.618023063655031,4.572099582477755
48029140300,9.599881411362081,4.567426787816564
48029140400,9.618405514031485,4.576547874743326
48029140500,9.61391145174538,4.574479653661875
48029140600,9.599487517453799,4.564716457905544
48029140700,9.602308438056126,4.569739125256674
48029140800,9.595138817932923,4.557416507186858
48029140900,9.592340997946612,4.565357609856263
48029141000,9.575372945927447,4.555834288843258
48029141101,9.54949805065024,4.550598792607803
48029141102,9.553574184804928,4.550033179329227
48029141200,9.58896037577002,4.564405853524983
48029141300,9.560559815195072,4.546726458590007
48029141402,9.511337814510609,4.531474962354552
48029141403,9.538949911019849,4.54186459137577
48029141404,9.553630674195756,4.546810441478439
48029141600,9.483491727583847,4.52044752019165
48029141700,9.436211273100616,4.493424740588638
48029141800,9.240036334017796,4.398632697467488
48029141900,9.330928944558522,4.437625518822724
48029150100,9.625130151266256,4.587374354551677
48029150300,9.602540495550992,4.563426904175222
48029150400,9.602419594798084,4.573245886379192
48029150501,9.58678794661191,4.568969036276523
48029150502,9.569063125256674,4.563254113620808
48029150600,9.583206926078029,4.573152189596167
48029150700,9.583145932922656,4.562627175906913
48029150800,9.563173561259411,4.553230366872006
48029150900,9.564108377138946,4.562852951403148
48029151000,9.558560271731691,4.562629006160164
48029151100,9.559387489390828,4.557121468856947
48029151200,9.514136750855578,4.544316805612594
48029151301,9.53909031211499,4.561261707049966
48029151302,9.498849823408624,4.535856671457906
48029151400,9.54258854825462,4.549368760438056
48029151500,9.545549600958248,4.552185086926762
48029151600,9.52302876659822,4.542639507186858
48029151700,9.495353277891855,4.527792881587954
48029151900,9.392188519507187,4.488162187542779
48029152000,9.379727188911704,4.487738255304586
48029152100,9.168377341546886,4.419316858316222
48029152201,9.133446201232033,4.392476137577002
48029152202,9.05518421560575,4.345373060232717
48029160100,9.621529368925394,4.580331247091034
48029160200,9.614547219028063,4.577620851471595
48029160300,9.601181823408624,4.570892292265572
48029160400,9.587772565366188,4.566025117043121
48029160501,9.614764582477755,4.572818911019849
48029160502,9.604682902806297,4.576713127310062
48029160600,9.591913819986311,4.5591313908282
48029160701,9.566363099247091,4.55227098220397
48029160702,9.586759763175907,4.57252632991102
48029160901,9.555398183436003,4.549368858316222
48029160902,9.54672276659822,4.553116214236824
48029161000,9.492084027378508,4.532378780287474
48029161100,9.463671099247091,4.529372624914442
48029161200,9.366771994524298,4.494771464750171
48029161302,9.437189333333333,4.513991422997947
48029161303,9.459497023956194,4.521029252566735
48029161304,9.49294937303217,4.532549700889802
48029161400,9.492882409308693,4.532468789185489
48029161501,9.478284943189596,4.522881201232033
48029161503,9.446823327173169,4.514884425051335
48029161504,9.458674404517454,4.518133246406571
48029161600,9.498779882272416,4.52389368788501
48029161801,9.434526082819986,4.510506277207392
48029161802,9.38763945927447,4.512049925393566
48029161901,9.263756466803559,4.456725797399042
48029161902,9.13200694661191,4.41824086036961
48029162001,9.25128129705681,4.450122607802875
48029162003,9.135890606433949,4.41730127926078
48029162004,9.144115696098563,4.423431593429158
48029170101,9.649122796714579,4.580698358658453
48029170102,9.646519009582478,4.58879992881588
48029170200,9.631658474332649,4.580275086926762
48029170300,9.625193834360027,4.576563142368241
48029170401,9.640190792607803,4.584273405201916
48029170402,9.632214774811773,4.579886238877481
48029170500,9.640938341546886,4.582075181382615
48029170600,9.618732252566735,4.574534752224504
48029170700,9.622384835728953,4.580335386036961
48029170800,9.619776526351814,4.577813652977413
48029170900,9.609586118412046,4.572311449007529
48029171000,9.597729959616701,4.568592357289528
48029171100,9.585314090349076,4.559229280629706
48029171200,9.588519006844627,4.561741192334018
48029171301,9.590501546885695,4.557880750171116
48029171302,9.589132300479124,4.557205697467488
48029171401,9.548172972621492,4.538803932922656
48029171402,9.569335014373717,4.547189853524983
48029171501,9.570879967830253,4.550678718001369
48029171502,9.56886592881588,4.551912733744011
48029171601,9.513656726899384,4.531600880219028
48029171602,9.535061325804244,4.535296475701574
48029171700,9.487856221765914,4.515683339493498
48029171801,9.465072202600958,4.515624006844627
48029171802,9.464731003422314,4.504993186173854
48029171902,9.445851235455168,4.501306776180698
48029171903,9.425367100616016,4.497027616016427
48029171912,9.293189923340178,4.430314397672827
48029171913,9.384007156741958,4.477124219712526
48029171914,9.358202269678302,4.471767752908966
48029171915,9.353083895277207,4.475655984257358
48029171916,9.305605309377139,4.458466345653662
48029171917,9.298927353182752,4.45501376659822
48029171918,9.299008110882957,4.450521514715948
48029171919,9.354648476386037,4.47980647980835
48029171920,9.395034301848049,4.487961308008214
48029171921,9.318769908281999,4.470967095140315
48029171922,9.34295342642026,4.470504344969199
48029171923,9.428093986995209,4.492686524982888
48029171924,9.362420331964408,4.473667800821355
48029171925,9.386968655715264,4.466066429158111
48029172002,9.146397939767283,4.408793664613279
48029172003,9.227012121149897,4.421497095824778
48029172004,9.04018299247091,4.355610526351814
48029172005,9.141979301848049,4.38756407871321
48029172006,9.010033245037645,4.352999180013689
48029172007,9.185372011635866,4.412496952772074
48029180101,9.632489978781656,4.577775427789186
48029180102,9.633016066392882,4.57657842642026
48029180201,9.630042067761807,4.57211211430527
48029180202,9.620512028747433,4.571955924709103
48029180300,9.597227080082136,4.548407130732375
48029180400,9.575215952772074,4.543157927446954
48029180501,9.540272952772074,4.524434509924709
48029180503,9.543982730321698,4.532912083504449
48029180504,9.554176542778918,4.540078262833676
48029180602,9.597898800821355,4.552096244353183
48029180603,9.5392951321013,4.525804249828884
48029180604,9.570534609856263,4.540342310061602
48029180701,9.557230854893908,4.524132689253936
48029180702,9.522544212183436,4.514253438740589
48029180800,9.598536592060233,4.552723418206708
48029180901,9.598373173169062,4.554956925393566
48029180902,9.60787349486653,4.564731468856947
48029181001,9.581885913073238,4.553892450376454
48029181003,9.527480340862423,4.518457782340862
48029181004,9.548995611909651,4.532817335386721
48029181005,9.578020655030801,4.53438387816564
48029181100,9.541570926762491,4.522140550992471
48029181200,9.558746105407255,4.539226376454483
48029181301,9.498934118412046,4.512866446954141
48029181302,9.49388852019165,4.502230374401095
48029181303,9.496108417522245,4.505881789185489
48029181402,9.506079830937714,4.502161980835044
48029181403,9.493123977412731,4.504559603696099
48029181404,9.471989368925394,4.494964504449008
48029181503,9.46322223613963,4.480083850787132
48029181504,9.49159906844627,4.499272533196441
48029181505,9.473493303901437,4.484877449691992
48029181506,9.472724281998631,4.484287593429158
48029181601,9.509369145106092,4.508065448323066
48029181602,9.509434739219712,4.515169171115674
48029181703,9.324888915126626,4.431429198494182
48029181704,9.409313057494866,4.461502099931554
48029181705,9.479115173853525,4.493741092402464
48029181711,9.349077977412731,4.443677270362765
48029181712,9.356216965776865,4.457400385352498
48029181713,9.393257081451061,4.463611716632444
48029181715,9.276032644079398,4.428832800821355
48029181716,9.229209793976728,4.4037691724846
48029181718,9.261241498288843,4.411764336755647
48029181720,9.266727841204654,4.414856794661191
48029181721,9.240814088980151,4.404031002737851
48029181722,9.28555372073922,4.420052211498973
48029181723,9.256965170431212,4.414643045859001
48029181724,9.169919987679672,4.38104987816564
48029181725,9.459540019164956,4.500581658453114
48029181726,9.165052336755647,4.38130559890486
48029181727,9.431233137577002,4.489507703627652
48029181728,9.164398141683778,4.382663869267625
48029181729,9.059116364818617,4.348039349075975
48029181730,9.321024330595482,4.436534517453799
48029181731,9.305986209445585,4.429420101984942
48029181808,9.430241969199179,4.474101788501027
48029181809,9.348501683093771,4.447030373716632
48029181811,9.340338288843258,4.434133802874743
48029181813,9.429889555099247,4.477361976043806
48029181814,9.362014924709103,4.458300943189596
48029181815,9.416315415468857,4.477489664613279
48029181816,9.379436820670773,4.453503839835729
48029181817,9.432594524298426,4.457646381245722
48029181818,9.420315029431896,4.466161291581109
48029181819,9.351962686516085,4.448289811772758
48029181820,9.301437769336071,4.430368617385352
48029181821,9.363925922655715,4.450241273100616
48029181822,9.38874756605065,4.452278468856947
48029181823,9.251306645448323,4.410640706365503
48029181824,9.277281791238878,4.419883787132101
48029181825,9.261923054757016,4.409271993839836
48029181826,9.308355268309377,4.425818182067077
48029181901,9.237170331964408,4.409411101984942
48029181902,9.04158309650924,4.339093843258042
48029182001,9.207549004791239,4.395750368240931
48029182002,9.097044064339494,4.35918204312115
48029182003,9.176693752224504,4.390207417522245
48029182101,8.859342438740589,4.2847386091718
48029182102,8.852786277207392,4.287562741273101
48029182103,8.745715916495551,4.234619407939767
48029182105,8.803227533196441,4.265425854209446
48029182106,9.011303119096509,4.33217788569473
48029190100,9.657870117727584,4.593681681040383
48029190200,9.660062125256674,4.596399481177276
48029190400,9.666728546201232,4.597238694045174
48029190501,9.641633062286105,4.574427405886379
48029190503,9.651661483915127,4.587200241615332
48029190504,9.650341075975359,4.585364535934292
48029190601,9.639607284052019,4.57944762422998
48029190603,9.647681607118412,4.577700325119781
48029190604,9.643159858316222,4.578804722108145
48029190700,9.654506973990418,4.590234511978097
48029190800,9.653700440109514,4.592271643394935
48029190901,9.629039801505818,4.575182907597536
48029190902,9.645944412731006,4.576875429842574
48029191003,9.615185169062286,4.566645158795346
48029191004,9.638402388774812,4.577604527036276
48029191005,9.643656405201916,4.578891697467488
48029191006,9.622220054757016,4.567276648870637
48029191101,9.578855701574264,4.545425064339494
48029191102,9.607432729637235,4.562197622861054
48029191201,9.584961046543463,4.566752937713895
48029191202,9.58813276386037,4.564686183436003
48029191303,9.58255801026694,4.565914146475017
48029191304,9.611259099247091,4.569932830253251
48029191405,9.472783516084873,4.519146199863108
48029191406,9.422228429842574,4.495986494182067
48029191408,9.557429404517454,4.546723425051335
48029191409,9.560562216290212,4.55081320054757
48029191410,9.552193600958248,4.54397477412731
48029191411,9.52417529431896,4.535389869267625
48029191412,9.423420721423682,4.491520615331964
48029191413,9.479452681724846,4.522381864476386
48029191503,9.408709093086927,4.482444108829569
48029191504,9.415222440109514,4.491948296372348
48029191505,9.498583905544148,4.514055364818617
48029191506,9.507414577686516,4.523004356605065
48029191701,9.507132708418891,4.53457383504449
48029191702,9.464887826830938,4.51705804312115
48029191804,9.160187737166324,4.411358596851472
48029191806,9.35864364476386,4.473346205338809
48029191807,9.214510490075291,4.405232289527721
48029191808,9.32690398973306,4.463946715263518
48029191809,9.250827767282683,4.443817906913073
48029191810,9.284512262833676,4.458151481177276
48029191811,9.280485822039699,4.454763090349076
48029191812,9.304302103353867,4.457043683093771
48029191813,9.323579179329227,4.4641288275154
48029191814,9.223836034907598,4.442040361396304
48029191815,9.349106961670089,4.471158830937714
48029191816,9.402115478439425,4.496662907597536
48029191817,9.396059266940452,4.491410508555784
48029191900,9.646475551676934,4.593971404517454
48029192000,9.660011125256674,4.59503112183436
48029192100,9.632466510609172,4.579711362765229
48029192200,9.515311027378508,4.533556940451745
48029192300,9.552758186173854,4.546506702258727
48029980001,9.083493739219712,4.372239568104038
48029980002,9.567281385352498,4.562516315537303
48029980003,9.388889856947296,4.49776945174538
48029980004,9.60505256605065,4.570562809034908
48029980005,8.892392032169747,4.292218578370979
48029980100,9.550275225188227,4.555821672142368
48031950100,8.232606528405202,4.036893290212183
48031950200,8.453824993155373,4.134197316906229
48033950100,7.02557861670089,3.596825264202601
48035950100,8.57211762422998,3.964982496235455
48035950200,8.665236484599589,4.035370175906913
48035950300,8.819954122518823,4.069097572210814
48035950400,8.760810570841889,4.109680896646133
48035950500,8.772967704996578,4.119064459958932
48035950600,9.030617013004791,4.160519815195072
48035950700,8.860721947296372,4.18571183504449
48037010100,10.036724325119781,4.349731269678302
48037010400,10.008062910335387,4.348682258726899
48037010500,10.016362067761807,4.341070633127994
48037010600,10.032823419575633,4.340747934976044
48037010700,10.042305490075291,4.354896900752909
48037010800,10.022456067077344,4.336027945242984
48037010901,10.064008874058864,4.380787852156058
48037010902,10.026551973990418,4.366547351129363
48037011000,9.981953898699521,4.349363825462012
48037011100,9.956911067761807,4.344269220396988
48037011200,10.060232909650924,4.41307887063655
48037011300,9.867403047912389,4.373812541409993
48037011401,9.778744432580424,4.345728006160164
48037011402,9.7053912183436,4.328724279945243
48037011501,9.713242178644764,4.383262841204654
48037011502,9.779878540041068,4.392199526351814
48037011600,9.641302611225188,4.381821945242984
48037011700,9.612924541409993,4.373838211498973
48039660100,10.709196336755647,3.815473054072553
48039660200,10.515189760438056,3.84534172347707
48039660300,10.759446576317591,3.857808134154689
48039660400,10.921771758384668,3.84782965982204
48039660500,11.035879383983573,3.918194034907598
48039660601,11.045838144421629,3.998876820670773
48039660602,10.848440625598905,4.053984714579055
48039660701,10.938716932238193,3.987135657084189
48039660702,10.708001689253936,3.99985854825462
48039660801,10.904560942505134,3.92406902532512
48039660802,10.821944540041068,3.922836089664613
48039660900,10.599755771389459,3.902317385352498
48039661000,10.404039915126626,3.926035831622177
48039661100,10.144623831622177,3.859191358658453
48039661200,10.034521800821355,3.868263013004791
48039661300,10.148279442847365,3.8891032183436
48039661400,10.041815727583847,3.888345384668036
48039661501,10.300385740588638,3.9577809137577
48039661502,10.031390921971253,3.939857288158795
48039661601,9.854448219028063,3.842488722792608
48039661602,9.74363796440794,3.873789797399042
48039661700,9.118672301163587,3.808801508555784
48039661800,9.971338791238878,3.986890028062971
48039661900,9.896764803559206,4.058768713894593
48039662000,9.395273067077344,4.119128822039699
48039662100,9.448346468172485,4.06818411430527
48039662200,9.559964843942505,3.99426559890486
48039662300,9.375724316906229,4.024106883641342
48039662400,9.317604724845996,3.947147999315537
48039662500,9.282281348391513,4.078921797399042
48039662600,9.228774718001369,4.109219943874059
48039662700,9.154936455167693,4.125888240246407
48039662800,9.050882519507187,4.12422213963039
48039662900,9.130485863791923,4.101434189596167
48039663000,8.976396449691992,4.055766503764545
48039663100,9.186747405201916,4.052704588637919
48039663200,9.080450987679672,4.031188550308008
48039663300,9.027649226557153,4.025072555099247
48039663400,9.008093498288843,4.025536014373717
48039663500,8.977344339493498,4.001977605749487
48039663600,9.051920134839151,4.010930607118412
48039663700,9.065571251882272,4.011223942505134
48039663800,8.967090488021903,3.993871872689938
48039663900,8.916832919233402,3.983955945242984
48039664000,9.036636790554415,3.98548344421629
48039664100,8.930573422997947,3.909775267624914
48039664200,8.665537485968515,3.869338488706366
48039664300,8.666089882956879,3.917603449691992
48039664400,8.492418655030801,3.88596614715948
48039664501,8.661100909650924,3.97940834017796
48039990000,8.322021863791923,3.880265275838467
48041000101,9.220653043805613,4.388352932238193
48041000102,9.18915334017796,4.349863084873374
48041000103,9.10818658384668,4.356823985626283
48041000201,9.242176343600274,4.388479612594114
48041000202,9.169282275838467,4.381006793292266
48041000300,9.229836986995209,4.396239976043806
48041000400,9.264809876796715,4.40264145927447
48041000500,9.242783709787817,4.392162915811088
48041000603,9.245548560574949,4.395217613278576
48041000604,9.243954778918549,4.396635840520192
48041000700,9.257517026694045,4.392341020533881
48041000800,9.269681029431896,4.405706242984257
48041000900,9.259008082819986,4.395202651608487
48041001000,9.266922796030116,4.397939427789186
48041001100,9.278519091033539,4.403844522245038
48041001301,9.295844188911704,4.412855809034908
48041001302,9.293696065708419,4.406736023271732
48041001303,9.281336594798084,4.399454541409993
48041001400,9.274596746748802,4.400675824093087
48041001601,9.265612199178645,4.39498932991102
48041001604,9.259650900068446,4.384534170431212
48041001605,9.254779201232033,4.379794389459274
48041001606,9.268814765913758,4.388220015742642
48041001701,9.277437897330596,4.389441214236824
48041001702,9.260645063655031,4.381284676933607
48041001801,9.253632355920602,4.374460546201232
48041001803,9.244773194387406,4.376363482546201
48041001804,9.240727611225188,4.364381557152635
48041001900,9.286693876112252,4.404111312799452
48041002001,9.261021433264887,4.378799058863792
48041002002,9.237245467488022,4.361566102669404
48041002006,9.233201121149897,4.363618052019165
48041002007,9.22739815742642,4.358697281314168
48041002008,9.223048741957563,4.350119401779603
48041002009,9.223895802874743,4.347933755646817
48041002010,9.199992844626968,4.31256201779603
48041002011,9.181573466803559,4.296074740588638
48041002012,9.249953240930869,4.388741926078029
48041002013,9.204615440109514,4.349382280629706
48041002014,9.185029143737166,4.359387260095825
48041002015,9.271954075975359,4.387168457905544
48041980000,9.224802216974675,4.38110066255989
48043950300,5.968232478439425,3.138708054072553
48043950400,5.971689960985626,3.137911757015743
48043950500,6.160437753593429,3.244517560574949
48045950200,6.873251492128679,3.543561136208077
48047950100,7.821633270362765,3.902322031485284
48047950200,7.957052951403148,3.945386722108145
48049950100,7.691400665982204,3.845460030116359
48049950200,7.666605437371663,3.844986238193018
48049950300,7.768790577686516,3.869807761122519
48049950500,7.617939015742642,3.834361032854209
48049950600,7.782253509924709,3.892847186173854
48049950700,7.799234013689254,3.898622350444901
48049950800,7.780704485968515,3.891603914442163
48049950900,7.783735318275154,3.895233520876112
48049951000,7.803167739904175,3.900003871321013
48049951100,7.766977887748118,3.881688384668036
48049951200,7.793762032169747,3.887774466119096
48049951300,7.643958280629706,3.844312217659138
48051970100,8.991365184120465,4.312865283367556
48051970200,8.884732273100616,4.273453961670089
48051970300,8.935444189596167,4.293365146475017
48051970400,9.044734901437372,4.301329947980835
48051970500,8.893655718001369,4.253139962354552
48053960100,8.516245769336071,4.137878171800137
48053960200,8.195334876112252,4.020342613963039
48053960300,8.364310585900068,4.078252581793292
48053960400,8.398643061601643,4.092010655715264
48053960500,8.34581771321013,4.079648431895962
48053960600,8.406705869952088,4.10650264476386
48053960700,8.465317056125941,4.11434763449692
48053960800,8.510010724845996,4.127746654346338
48055960101,9.308254526351814,4.472765628336756
48055960102,8.987209848733744,4.34930580698152
48055960200,9.124582919917864,4.422879108145106
48055960300,9.184490755646817,4.434195333333333
48055960400,9.231321536618754,4.452063792607803
48055960500,9.245790531827515,4.476229943189596
48055960600,8.832118572895277,4.288701493497604
48055960700,8.897393653661875,4.338107101984942
48057000100,8.427886535249829,4.134661328542094
48057000200,8.381834873374401,4.118030080766598
48057000300,8.263299713894593,4.054115202600958
48057000400,8.365673155373032,4.10764673853525
48057000500,8.06685568514716,3.977652603011636
48059030101,7.590977928131417,3.832201137577002
48059030102,7.524619468856947,3.800342648186174
48059030200,7.508296171115674,3.779890310061602
48061010100,7.9972351724846,3.93573662422998
48061010201,8.333182457905544,4.091531137577002
48061010203,8.375355224503764,4.117891177960301
48061010301,8.479272020533881,4.1621010862423
48061010302,8.558844039014374,4.189264444900753
48061010401,8.491785550308008,4.170241349075975
48061010402,8.519468683093771,4.179047163586584
48061010500,8.481895762491444,4.163272030116359
48061010601,8.458697682409309,4.149831301163587
48061010602,8.436159910335387,4.149421672142368
48061010700,8.460218979466119,4.153312568104038
48061010800,8.39423925393566,4.123714748117728
48061010900,8.474113492128679,4.151773562628337
48061011000,8.492505594113621,4.170016372347707
48061011100,8.479393902121834,4.159531404517454
48061011200,8.468646919917864,4.158896424366872
48061011301,8.459109234086242,4.149185841204654
48061011302,8.448943779603012,4.145019117727584
48061011400,8.381991940451745,4.111115008213552
48061011500,8.438510338809035,4.136853427789186
48061011600,8.44547953798768,4.139795672142368
48061011700,8.462331077344285,4.153964518138262
48061011801,8.474762379192334,4.153248851471595
48061011802,8.503401062286105,4.169592108829569
48061011901,8.581151613963039,4.202660963723477
48061011902,8.582507750171116,4.20851607871321
48061011903,8.555658199863108,4.210978004791239
48061012001,8.541561517453799,4.18753552019165
48061012002,8.555027187542779,4.200290152635181
48061012101,8.507521789185489,4.171064559206023
48061012102,8.514127901437372,4.1895559137577
48061012200,8.19030427926078,4.016510232717317
48061012301,7.921044127310062,3.88985519028063
48061012304,7.782006735112936,3.791376910335387
48061012305,7.690475843942505,3.785163874743326
48061012401,8.327792911019849,4.078659140314853
48061012402,8.215005516769336,4.031638252566735
48061012504,8.373092429158111,4.117613417522245
48061012505,8.455652597535934,4.148827168377823
48061012506,8.406903070499658,4.122267272416153
48061012507,8.396744588637919,4.124415651608487
48061012508,8.435317274469541,4.141439798767967
48061012607,8.19947364202601,4.037070182067077
48061012608,8.251852381930185,4.056034264887064
48061012609,8.292669613278576,4.073170120465435
48061012612,8.338123234086242,4.090611727583847
48061012613,8.324470767967146,4.086931776865161
48061012700,7.87958360164271,3.867937862422998
48061012800,8.346491063655031,4.105240526351814
48061012900,8.353896900068446,4.11299865982204
48061013002,8.316948810403833,4.096607171800137
48061013003,8.331413797399042,4.099179854893908
48061013004,8.317179981519507,4.091556584531143
48061013102,8.245126704996578,4.058716277891855
48061013104,8.297265244353183,4.081080716632444
48061013106,8.276427180698152,4.073817496919918
48061013203,8.20664852019165,4.035727198494182
48061013204,8.195332796714579,4.040671019849418
48061013205,8.21383906091718,4.042332488021903
48061013206,8.184520450376454,4.033769419575633
48061013207,8.166540134839151,4.019280162217659
48061013303,8.237154293634497,4.056580493497604
48061013305,8.198981280629706,4.0390344366872
48061013306,8.221688614647502,4.053200560574949
48061013307,8.245678761122519,4.072307128678987
48061013308,8.202177264887064,4.042255361396304
48061013309,8.180232167008898,4.039777429158111
48061013401,8.278000923340178,4.072968206023272
48061013402,8.273642016427105,4.072514724845996
48061013500,8.315630281314168,4.090161694729637
48061013600,8.33830500752909,4.104553605065024
48061013700,8.325351325119781,4.102541026009582
48061013801,8.295165313483915,4.079900572895277
48061013802,8.28026194934976,4.083380716632444
48061013901,8.256094021218344,4.066350308008214
48061013902,8.260567466119096,4.066297843258042
48061013903,8.238723045174538,4.055669034223135
48061014001,8.288431687200548,4.092988470910335
48061014002,8.314594220396988,4.103628569472964
48061014100,8.112594535249829,4.009721813826146
48061014200,8.032137299110198,3.936975823408624
48061014300,8.225073919917864,4.045806956194387
48061014400,8.294454780287474,4.070171088295688
48061014500,8.291722280629706,4.078256108145106
48061980001,8.382720941820671,4.120289976043806
48061980100,8.167577166324435,4.018378889117043
48063950101,9.644385938398357,4.459234491444216
48063950102,9.662622032169747,4.464305585215606
48063950200,9.687589523613963,4.472664214921287
48065950100,6.980640929500342,3.592460914442163
48065950200,7.020510355920602,3.607484385352498
48067950100,9.702110496919918,4.327241427104723
48067950200,9.582264359342916,4.347677099931554
48067950300,9.681335783025325,4.320421022587269
48067950400,9.667906378507871,4.320901820670773
48067950500,9.656132748117728,4.306510750171116
48067950600,9.605367963039014,4.325785615331964
48067950700,9.582926561259411,4.372763562628337
48069950100,7.148751754277892,3.681657762491444
48069950200,7.210775496235455,3.711918019849418
48069950300,7.258047657084189,3.729564259411362
48071710100,9.666238407939767,3.73041143394935
48071710200,9.459717290896646,3.642412481177276
48071710300,8.903694951403148,3.700460281314168
48071710401,8.70123690349076,3.777673735112936
48071710500,8.558439797399042,3.627026509240246
48071710600,9.485672087611225,3.593630556468172
48073950100,9.331062779603012,4.416845477754962
48073950200,9.442677881587954,4.448139882272416
48073950300,9.29410570294319,4.401089808350445
48073950400,9.320522392881588,4.41526443394935
48073950500,9.322281251882272,4.415848207392197
48073950600,9.296297568104038,4.405755568104038
48073950700,9.281326535249829,4.397766574264203
48073950801,9.119881603696099,4.347357413415469
48073950802,9.166413119780972,4.357542049965777
48073950900,9.151779026009582,4.358218310746064
48073951000,9.089769081451061,4.342652686516085
48073951100,9.105848453114305,4.337850199178645
48075950100,7.235140600273785,3.668640544147844
48075950200,7.216447735797399,3.654957752908966
48077030200,8.356608859000684,3.88582118275154
48077030301,8.389472611225188,3.900171593429158
48077030302,8.278425559206023,3.857889646817248
48079950100,6.843132099247091,3.454497673511294
48081950100,7.265335663928816,3.72520116495551
48081950200,7.108130210130048,3.663104917180014
48083950300,7.418968767282683,3.770077144421629
48083950600,7.383018972621492,3.748713458590007
48083950700,7.354704467488022,3.747584255989049
48085030100,9.735614208761122,4.134504135523614
48085030201,9.972006363449692,4.117523412731006
48085030202,9.9631836954141,4.134826023956194
48085030203,9.894117338809035,4.146820481861738
48085030301,10.178342495550992,4.09441661670089
48085030302,10.19265716495551,4.085094274469541
48085030303,10.203136874058864,4.075616917864476
48085030304,10.204222657084189,4.074615836413416
48085030305,10.03349264202601,4.114889660506502
48085030403,10.346504785763176,4.021595737850787
48085030404,10.375389485968515,4.009222760438056
48085030405,10.400399239561944,4.00032983504449
48085030406,10.408796663244353,3.995627477754962
48085030407,10.408660815879535,3.981059850102669
48085030408,10.364383004106776,4.007454130047912
48085030504,10.442485773442847,3.953068041752224
48085030505,10.438722587268994,3.963590430527036
48085030506,10.431500556468172,3.96990801026694
48085030507,10.418173683093771,3.976889167693361
48085030508,10.403912633812457,3.988241339493498
48085030509,10.411783855578371,3.98796229431896
48085030510,10.386040468172485,4.001163963723477
48085030511,10.368244638603696,4.009423052019165
48085030512,10.369608119096509,4.007822286105407
48085030513,10.318873744695414,4.025836230663929
48085030514,10.267759609856263,4.052371618754278
48085030515,10.270359825462012,4.046618924709103
48085030516,10.298121700889802,4.049684075290897
48085030517,10.308351603696099,4.040900958932238
48085030518,10.330929579055442,4.029395942505134
48085030519,10.287155637919233,4.053789650239562
48085030520,10.315185047227926,4.039051368240931
48085030521,10.305526379876797,4.041867256673511
48085030522,10.287109686516085,4.049484737166324
48085030523,10.281517224503764,4.056934118412046
48085030524,10.243527611225188,4.070804607802875
48085030525,10.260943991786448,4.066476379192334
48085030526,10.226272409993155,4.07588204312115
48085030527,10.215875088980151,4.077103435318275
48085030528,10.237315108145106,4.06332437577002
48085030529,10.282590611909651,4.054947872689938
48085030530,10.250547850787132,4.067633520876112
48085030531,10.26050266255989,4.052174019164956
48085030601,10.227605004106776,4.061520227926078
48085030603,10.192035551676934,4.087079281998631
48085030604,10.119162915811088,4.105073440793977
48085030605,10.169551092402464,4.092264648870637
48085030701,10.124182352498289,4.09792848733744
48085030702,10.156908538672142,4.084256297741273
48085030801,10.20008468788501,4.059149583162218
48085030802,10.179722316221766,4.074186460643395
48085030900,10.153930637919233,4.072470843942505
48085031001,10.067825797399042,4.045144207392197
48085031003,10.026765437371663,4.097531596851472
48085031004,9.957123588637919,4.070735527720739
48085031100,9.83922384531143,4.089191173169062
48085031201,9.912103663244353,4.059480349075975
48085031202,9.96353907118412,4.041706468856947
48085031308,10.136951474332649,3.986482651608487
48085031309,10.208452394250513,3.960243848733744
48085031310,10.12002171321013,3.979818412731006
48085031311,10.193195061601643,3.941959604380561
48085031312,10.333760697467488,3.928059679671458
48085031313,10.269667741957563,3.959035610540726
48085031314,10.171013211498973,4.003261173853525
48085031315,10.242784780287474,3.958005180698152
48085031316,10.308801315537303,3.898606021218344
48085031317,10.266920300479124,3.913411722108145
48085031405,10.335789262149213,4.013298489390828
48085031406,10.239671740588638,4.028837496919918
48085031407,10.155423765229295,4.036210592060233
48085031408,10.238133603696099,3.998260760438056
48085031409,10.341361166324435,3.957948575633128
48085031410,10.291216299794661,3.986088961670089
48085031411,10.294180048596852,3.961899531827515
48085031504,10.277865658453114,4.010252402464066
48085031505,10.371388058863792,3.974777004106776
48085031506,10.330929184804928,3.984105384668036
48085031507,10.341977889801506,4.000547534565366
48085031508,10.299940759069131,4.00786118275154
48085031611,10.407799572895277,3.921011661875428
48085031612,10.458119470225873,3.899433006844627
48085031613,10.443107639972622,3.901143313483915
48085031621,10.498239014373717,3.837064733744011
48085031622,10.435789611225188,3.887356811772758
48085031623,10.446987190965092,3.878143317590691
48085031624,10.484680854209446,3.859264113620808
48085031625,10.478501585900068,3.872762510609172
48085031626,10.465767495550992,3.861581351813826
48085031627,10.465112392881588,3.880442107460643
48085031628,10.42494476386037,3.917528289527721
48085031629,10.432779017111567,3.904026716632444
48085031630,10.413062196440794,3.949288917180014
48085031631,10.40151057357974,3.95304865982204
48085031632,10.374313076659822,3.952393086926762
48085031633,10.415321239561944,3.933736828884326
48085031634,10.422048133470226,3.924957008898015
48085031635,10.390491680355921,3.934973774811773
48085031636,10.446492232032854,3.916938587268994
48085031637,10.439994460643395,3.939394577686516
48085031638,10.425229526351814,3.957860933607118
48085031639,10.405951578370979,3.975689877481177
48085031640,10.385739991786448,3.979952917864476
48085031641,10.404581216974675,3.961546669404518
48085031642,10.424899520876112,3.944738180013689
48085031643,10.431716941820671,3.921101084188912
48085031645,10.495709832991102,3.877446371663244
48085031646,10.490370190965092,3.884123859685147
48085031647,10.514161236824093,3.849895255989049
48085031648,10.51190292128679,3.859247455167693
48085031649,10.520973910335387,3.834811700889802
48085031652,10.47069765982204,3.912371379192334
48085031653,10.477025808350445,3.887331671457906
48085031654,10.490748996577686,3.87319252019165
48085031655,10.496255305954826,3.862433134839151
48085031656,10.472469456536619,3.909654274469541
48085031657,10.464609704996578,3.925218160848734
48085031658,10.47441272073922,3.904865002737851
48085031659,10.46321158384668,3.93817088569473
48085031660,10.450779688569473,3.946718535249829
48085031661,10.434823843942505,3.961424658453114
48085031662,10.438789565366188,3.948401379876797
48085031663,10.448328624914442,3.934388622176591
48085031664,10.454898555099247,3.928689448323066
48085031704,10.541942700205339,3.774487674880219
48085031706,10.535792660506502,3.776058210130048
48085031708,10.531138963723477,3.787381762491444
48085031709,10.509896002737851,3.812485154004107
48085031711,10.53393076659822,3.790017003422314
48085031712,10.532539353867214,3.807738240930869
48085031713,10.536221056125941,3.796869574948665
48085031714,10.537055863107461,3.812602577686516
48085031715,10.528855893223819,3.814367184804928
48085031716,10.527179467488022,3.802856665297741
48085031717,10.524224822039699,3.810967808350445
48085031718,10.519231804243669,3.79206923613963
48085031719,10.510389639288159,3.800165598220397
48085031720,10.511709697467488,3.795601892539357
48085031802,10.449631718001369,3.854972281998631
48085031804,10.487199269678302,3.812798077344285
48085031805,10.436834425051335,3.839795427789186
48085031806,10.471618254620123,3.827674963039014
48085031807,10.478840947296372,3.843285915126626
48085031900,10.410699508555784,3.871871852156058
48085032003,10.395312977412731,3.88924817522245
48085032004,10.371278924024641,3.897866075975359
48085032008,10.369017933607118,3.925810207392197
48085032009,10.377675362080767,3.862917197809719
48085032010,10.35132624366872,3.900384753593429
48085032011,10.356056539356605,3.891039417522245
48085032012,10.391324310746064,3.908498175906913
48085032013,10.378095133470226,3.9331869137577
48087950300,7.177513303216975,3.648535785078713
48089750100,9.00375778439425,4.186679623545517
48089750200,8.715698249828884,4.144697963039014
48089750300,8.668602441478439,4.158346828199863
48089750400,8.8332635633128,4.180908615331964
48089750500,8.818817635181383,4.176193385352498
48091310100,9.498112826830938,4.580178956194387
48091310200,9.480038912388775,4.563629273785079
48091310300,9.476011225188227,4.571748323066393
48091310401,9.498825891854894,4.567455685831622
48091310403,9.516527336755647,4.578003079397673
48091310404,9.509285301848049,4.576192767967146
48091310501,9.493058370294319,4.569559671457906
48091310502,9.500025531827515,4.578813819986311
48091310503,9.470549527720739,4.555604566735113
48091310603,8.807123751540041,4.283319520876112
48091310604,9.031851897330596,4.378357967830253
48091310605,8.891597763175907,4.314199075975359
48091310606,9.096359150581793,4.411310493497604
48091310607,9.155845858316222,4.432171180013689
48091310608,9.027195436002738,4.382054976043806
48091310701,9.269487937713895,4.466634281998631
48091310702,8.880348442162902,4.315138829568788
48091310703,9.072285889117043,4.388246953456537
48091310704,8.965570203969884,4.34157080971937
48091310801,9.425568309377139,4.52862232991102
48091310802,9.489282683093771,4.577840979466119
48091310901,9.275809054757016,4.483414084873374
48091310902,9.412761707734428,4.545534800136892
48091310903,9.332628045174538,4.502948286105407
48093950100,7.929475255989049,3.876136584531143
48093950200,7.82390864476386,3.867368023271732
48093950300,7.877042475701574,3.87565723613963
48093950400,7.957066681724846,3.877988331964408
48095950300,7.169791130047912,3.691050882956879
48097000100,9.367631030116359,4.05329379192334
48097000200,9.097157640657084,3.943206433264887
48097000400,9.451703750171116,4.057473091033539
48097000500,9.472995451060917,4.065723747433265
48097000600,9.479134572895277,4.068027121149897
48097000700,9.674225867214237,4.093217354551677
48097000900,9.384763834360027,4.014232195071869
48097001100,9.523456804928131,4.0769658275154
48099010101,8.777511546885695,4.198506011635866
48099010102,8.33418064476386,4.047333262149213
48099010201,8.661252820670773,4.158249689938398
48099010202,8.735513630390144,4.189520989048597
48099010300,8.615029516084873,4.153784407939767
48099010400,8.801606420944558,4.228038278576318
48099010501,8.801255045859001,4.263702253251198
48099010502,8.83344107118412,4.272554904175222
48099010503,8.864780635865845,4.290869955509925
48099010504,8.80149797467488,4.264834753593429
48099010601,8.709051797399042,4.226859770020534
48099010603,8.65874448733744,4.200390950034223
48099010604,8.552556075290897,4.147854255304586
48099010701,8.651842863791923,4.200765221081451
48099010702,8.673032884325804,4.212167915126626
48099010802,8.712833865845311,4.230499094455852
48099010803,8.737529382614648,4.242568739904175
48099010804,8.72572892881588,4.23208488843258
48099980000,8.758741715947981,4.233109901437372
48101950100,7.07694175633128,3.597432475017112
48103950100,7.010839351813826,3.587968188227242
48105950100,7.039544330595482,3.653459092402464
48107950100,7.109322287474333,3.649276438056126
48107950200,7.265652114989733,3.723207520876112
48107950300,7.397151029431896,3.784482498288843
48109950300,6.05900850513347,3.102690919917864
48111950100,6.041159058863792,3.155843788501027
48111950300,6.309671708418891,3.279568125941136
48113000100,10.439320052019165,3.55607410403833
48113000201,10.468519461327858,3.524491598220397
48113000202,10.474156117727584,3.507101305270363
48113000300,10.476849630390144,3.486976371663244
48113000401,10.472272579055442,3.364078370294319
48113000404,10.470714595482546,3.365457229295003
48113000405,10.4744625229295,3.383856650239562
48113000406,10.465988090349076,3.347147052019165
48113000500,10.481850054072553,3.398905189596167
48113000601,10.474215112251882,3.388367772758385
48113000603,10.484628886379192,3.405842041752224
48113000605,10.49003431211499,3.415299343600274
48113000606,10.477260005475702,3.424555625598905
48113000701,10.479027863791923,3.43132349486653
48113000702,10.480144403148528,3.455158963723477
48113000800,10.470989542778918,3.453371374401095
48113000900,10.474511332648871,3.4623186091718
48113001001,10.473892429842574,3.477570476386037
48113001002,10.473936316906229,3.478378014373717
48113001101,10.461258828199863,3.492411672142368
48113001102,10.459215240930869,3.514830169746749
48113001202,10.427795388090349,3.555871151266256
48113001203,10.431715648186174,3.534060874743326
48113001204,10.434388338809035,3.524053029431896
48113001301,10.443809179329227,3.519590616016427
48113001302,10.4483406091718,3.49556650513347
48113001400,10.452128297741273,3.501682531827515
48113001502,10.450800486652977,3.482662067077344
48113001503,10.463989519507187,3.469998951403148
48113001504,10.45923774606434,3.475764141683778
48113001600,10.470949596167009,3.447145645448323
48113001701,10.463827604380561,3.43147194661191
48113001703,10.479461647501711,3.433069344284736
48113001704,10.472430372347707,3.423873865160849
48113001800,10.474982920602327,3.415874575633128
48113001900,10.472474076659822,3.408648524298426
48113002000,10.429510105407255,3.439264921971253
48113002100,10.465908694045174,3.425452037645448
48113002200,10.455322553045859,3.45453841615332
48113002400,10.439141117727584,3.506099440793977
48113002500,10.427641513347023,3.534472045174538
48113002701,10.407585389459274,3.55493146954141
48113002702,10.408162733059548,3.529665331279945
48113003101,10.453540579739904,3.427722409308693
48113003400,10.422870269678302,3.488693768651608
48113003700,10.41174432238193,3.520278396988364
48113003800,10.394101568104038,3.533249924709103
48113003901,10.383194019164956,3.543339190965092
48113003902,10.384361329226557,3.546527937029432
48113004000,10.388109008898015,3.530119290896646
48113004100,10.419749590006845,3.467880352498289
48113004201,10.426258950718686,3.439527678986995
48113004202,10.421338830253251,3.443978502395619
48113004300,10.439926817932923,3.403441043805613
48113004400,10.427686076659822,3.429565300479124
48113004500,10.404197387405886,3.466221437371663
48113004600,10.416998996577686,3.456622646132786
48113004700,10.414814519507187,3.458657013689254
48113004800,10.412965182067077,3.473997266940452
48113004900,10.405321069815195,3.501260532511978
48113005000,10.40684171321013,3.48292280971937
48113005100,10.408058379192334,3.481103075975359
48113005200,10.405886787132101,3.471104002053388
48113005300,10.395150832991102,3.482979542094456
48113005400,10.399320011635866,3.512272345653662
48113005500,10.390996711156742,3.527314309377139
48113005600,10.37893985284052,3.54053868788501
48113005700,10.366462780287474,3.580623362080767
48113005901,10.3545393045859,3.588307706365503
48113005902,10.365238026009582,3.574382780971937
48113006001,10.376718643394935,3.546131474332649
48113006002,10.365817538672142,3.567875971252567
48113006100,10.36638917522245,3.562828071868583
48113006200,10.391606259411362,3.509464234770705
48113006301,10.379190046543463,3.529825061601643
48113006302,10.390015004791239,3.498135421629021
48113006401,10.389084823408624,3.503970189596167
48113006402,10.383177620123203,3.498560387405886
48113006501,10.385400321013005,3.502749235455168
48113006502,10.380620023271732,3.513204305270363
48113006700,10.397009125256674,3.469386771389459
48113006800,10.409595063655031,3.441069107460643
48113006900,10.416312309377139,3.422992082135524
48113007101,10.492601080766598,3.425952722792608
48113007102,10.487844054072553,3.404526838466804
48113007201,10.489806715263518,3.423030100616016
48113007202,10.495089812457221,3.432075661190965
48113007301,10.50360311156742,3.465875142368241
48113007302,10.498002587953456,3.435088242299795
48113007601,10.528886590691307,3.523381021902806
48113007604,10.528833975359343,3.564101138945927
48113007605,10.527568039698836,3.53643340862423
48113007700,10.508834699520876,3.521942659137577
48113007801,10.504560594113621,3.550760668720055
48113007804,10.509479305954826,3.663969014373717
48113007805,10.505368054757016,3.636126146475017
48113007809,10.464633099931554,3.590933504449008
48113007810,10.483765359342916,3.661864349075975
48113007811,10.473248887748118,3.672385396303901
48113007812,10.487162600958248,3.623454074606434
48113007815,10.490910741957563,3.597345409993155
48113007818,10.485247942505134,3.571052692676249
48113007819,10.490954072553046,3.57018453798768
48113007820,10.479204876796715,3.584758648870637
48113007821,10.484142360711841,3.594469561259411
48113007822,10.502656491444216,3.576375032854209
48113007823,10.506661722108145,3.606177165639973
48113007824,10.473727624914442,3.620473904175222
48113007825,10.485294749486653,3.650782049281314
48113007826,10.468239318959617,3.616240453798768
48113007827,10.476700024640657,3.644574618754278
48113007902,10.463075771389459,3.565131065708419
48113007903,10.473369977412731,3.548540454483231
48113007906,10.497022656399726,3.530726700205339
48113007909,10.481495580424367,3.534061854209446
48113007910,10.480540907597536,3.545481960301164
48113007911,10.481380627652293,3.556855728952772
48113007912,10.491493186173854,3.546339693360712
48113007913,10.476442360711841,3.522307954140999
48113007914,10.481262867214237,3.515003680355921
48113008000,10.447901031485284,3.56847647980835
48113008100,10.415682483230664,3.60616461670089
48113008200,10.408359977412731,3.641754989048597
48113008400,10.380829980835044,3.590793576317591
48113008500,10.343664403832991,3.638473856947296
48113008603,10.373205419575633,3.55778612936345
48113008604,10.367867972621492,3.576657188227242
48113008701,10.329387403148528,3.606040971252567
48113008703,10.355020239561944,3.588278910335387
48113008704,10.341479768651608,3.598067105407255
48113008705,10.326502882272416,3.615568013004791
48113008801,10.372476403148528,3.5480063908282
48113008802,10.367843824093087,3.569005016427105
48113008900,10.409301654346338,3.502279388774812
48113009000,10.311644461327858,3.663904198494182
48113009101,10.331019581793292,3.640827299794661
48113009103,10.319632065708419,3.6303836954141
48113009104,10.31368293155373,3.64719860164271
48113009105,10.302548743326489,3.651787736481862
48113009201,10.290618227926078,3.67889354825462
48113009202,10.272322437371663,3.683891911704312
48113009301,10.293741652977413,3.656020791238878
48113009303,10.315811503080082,3.626842859685147
48113009304,10.284381681040383,3.662374153319644
48113009401,10.513819525667351,3.46450459890486
48113009402,10.509401329226557,3.460119353182752
48113009500,10.52239625119781,3.51040798220397
48113009603,10.545428908281999,3.608073051334702
48113009604,10.545622381930185,3.617010509240246
48113009605,10.537085726899384,3.57588978439425
48113009607,10.536258330595482,3.551839712525667
48113009608,10.54420701779603,3.592985930869268
48113009609,10.540048349075975,3.552579266255989
48113009610,10.528675020533881,3.556753166324435
48113009611,10.532295481177276,3.552769515400411
48113009701,10.522522584531143,3.513310967145791
48113009702,10.524603465434634,3.50959837577002
48113009802,10.512799908281999,3.465754396988364
48113009803,10.510714704312115,3.477171650239562
48113009804,10.507667360711841,3.460106633812457
48113009900,10.501768247091034,3.509596683093771
48113010000,10.438752856947296,3.313284832306639
48113010101,10.454634636550308,3.374587635181383
48113010102,10.449985793292266,3.390660726214921
48113010500,10.423338608487337,3.409067960301164
48113010601,10.4291112183436,3.403293105407255
48113010602,10.409879160848734,3.451125468172485
48113010701,10.403519273100616,3.456557613278576
48113010703,10.371599637919233,3.54273877412731
48113010704,10.377709681724846,3.50923537303217
48113010801,10.358114364134155,3.534107720054757
48113010803,10.355853466803559,3.560081310061602
48113010804,10.377182166324435,3.529088412731006
48113010805,10.362433262833676,3.530511966461328
48113010902,10.306654975359343,3.636079872689938
48113010903,10.330676969199179,3.60613454825462
48113010904,10.335304956194387,3.605395772073922
48113011001,10.353845049965777,3.59609978439425
48113011002,10.343394785078713,3.59727088569473
48113011101,10.31362196440794,3.636327963723477
48113011103,10.3268923908282,3.62349254825462
48113011104,10.299982790554415,3.646914234770705
48113011105,10.293021848733744,3.650152026694045
48113011200,10.309038460643395,3.63814405338809
48113011300,10.310902047227926,3.644349789869952
48113011401,10.311871336755647,3.641379865845311
48113011500,10.356318690622861,3.584171495550992
48113011601,10.265294195071869,3.6759210862423
48113011602,10.203930928131417,3.729897285420945
48113011701,10.231940106776181,3.714215628336756
48113011702,10.19829390622861,3.747823082819986
48113011800,10.237165171800137,3.724949091033539
48113011900,10.259532965776865,3.720130593429158
48113012000,10.286288425735797,3.695697475017112
48113012100,10.309537105407255,3.686752212867899
48113012204,10.392191528405202,3.609255014373717
48113012206,10.379127269678302,3.600818127994524
48113012207,10.356468220396988,3.643504381930185
48113012208,10.413091657084189,3.579815405886379
48113012209,10.398959138261465,3.617212012320328
48113012210,10.382800381930185,3.637269676933607
48113012211,10.374469498288843,3.634419873374401
48113012301,10.373177691991786,3.668977496235455
48113012302,10.368704722792608,3.665792620123203
48113012400,10.393221097193703,3.661797915811088
48113012500,10.372847189596167,3.68762670568104
48113012601,10.378669320328542,3.71377821560575
48113012603,10.366174124572211,3.70679964476386
48113012604,10.352359765913758,3.731543360027378
48113012701,10.387978980150582,3.691378863791923
48113012702,10.390327464750171,3.678100663244353
48113012800,10.405415049965777,3.669012667351129
48113012900,10.44088484531143,3.626137267624914
48113013004,10.454593979466119,3.63511480971937
48113013005,10.437564929500342,3.662127368925394
48113013007,10.42202212183436,3.67492152019165
48113013008,10.463437787132101,3.65263940109514
48113013009,10.447316311430527,3.665015038329911
48113013010,10.404011611909651,3.696405488706366
48113013011,10.422429314168378,3.689312504449008
48113013101,10.527970387405886,3.61378288843258
48113013102,10.515386134154689,3.569585277207392
48113013104,10.507631524298426,3.57646029431896
48113013105,10.510098663928816,3.593407851471595
48113013200,10.530676320328542,3.634243353182752
48113013300,10.53175878439425,3.595857452429843
48113013400,10.540236660506502,3.578814850102669
48113013500,10.543171466119096,3.563767390143737
48113013605,10.516317257357974,3.749538049965777
48113013606,10.530794086926762,3.710854271731691
48113013607,10.520587019164956,3.72764145174538
48113013608,10.53821672347707,3.677447475017112
48113013609,10.521005661190965,3.698565008898015
48113013610,10.519694726899384,3.672940885010267
48113013611,10.536265652977413,3.754778940451745
48113013615,10.541190176591376,3.651869492813142
48113013616,10.544557837782341,3.699807130732375
48113013617,10.524271245037645,3.762865112936345
48113013618,10.51100192881588,3.775914019849418
48113013619,10.52734720054757,3.742554752908966
48113013620,10.538992942505134,3.711730944558522
48113013621,10.537420461327858,3.717202064339494
48113013622,10.542304747433265,3.692132877481177
48113013623,10.53911356605065,3.674762161533196
48113013624,10.540978990417522,3.681405939767283
48113013625,10.541159984257358,3.669053826830938
48113013626,10.543164396988364,3.653857275838467
48113013711,10.551431240246407,3.662135481177276
48113013712,10.547804668720055,3.65519276386037
48113013713,10.546143019164956,3.66175115468857
48113013714,10.546855240246407,3.670218780287474
48113013715,10.547440307323751,3.676054273785079
48113013716,10.539007647501711,3.716609055441478
48113013717,10.545591699520876,3.694255780287474
48113013718,10.54479987816564,3.698271943874059
48113013719,10.527496882272416,3.748386169746749
48113013720,10.546602153319644,3.738954853524983
48113013721,10.543917576317591,3.728708423682409
48113013722,10.54635042642026,3.738064765913758
48113013725,10.548331316906229,3.705301793292266
48113013726,10.552126499657769,3.665991318959617
48113013727,10.5483825229295,3.716852734428474
48113013803,10.550189633812457,3.644774516769336
48113013804,10.54484764476386,3.602211121149897
48113013805,10.551284911704312,3.640434850102669
48113013806,10.549469661875428,3.644558945927447
48113013901,10.537678801505818,3.627342057494866
48113013902,10.547909855578371,3.629194454483231
48113014001,10.537656121149897,3.592890182067077
48113014002,10.532181890485968,3.664351969883641
48113014103,10.477253433264887,3.614518933607118
48113014113,10.452232464065708,3.596079189596167
48113014114,10.453721037645448,3.585885966461328
48113014115,10.443114418206708,3.581565650924025
48113014116,10.438720263518138,3.601935701574264
48113014119,10.490692788501027,3.728391614647502
48113014120,10.507024229295003,3.72663783504449
48113014121,10.516827472279261,3.701466166324435
48113014123,10.51549120054757,3.753683681724846
48113014124,10.48256918275154,3.663086016427105
48113014126,10.471990475701574,3.734646269678302
48113014127,10.5023530862423,3.686371452429843
48113014128,10.507395301163587,3.664411707049966
48113014129,10.497255713894593,3.652055303216975
48113014130,10.516967629705681,3.634366291581109
48113014131,10.509920909650924,3.653797315537303
48113014132,10.517047942505134,3.678571065023956
48113014133,10.450986158795346,3.600672205338809
48113014134,10.490034199863108,3.768903856262834
48113014135,10.495333229979466,3.75117707871321
48113014136,10.487584363449692,3.616870748117728
48113014137,10.502521033538672,3.580811698151951
48113014138,10.513693345653662,3.576955999315537
48113014203,10.465423396303901,3.496450414099932
48113014204,10.469792001368925,3.458471029431896
48113014205,10.478154348391513,3.503148399726215
48113014206,10.491866557837098,3.521028811772758
48113014302,10.457767559890486,3.530169488706366
48113014306,10.449390041752224,3.554795281998631
48113014307,10.471662203969884,3.524723366872006
48113014308,10.468498272416153,3.517487354551677
48113014309,10.457078391512663,3.576501348391513
48113014310,10.458972123203285,3.564330162217659
48113014311,10.47943076386037,3.579126729637235
48113014312,10.481445703627652,3.552882584531143
48113014403,10.422011369609856,3.594092452429843
48113014405,10.442866785763176,3.54903541615332
48113014406,10.436072572895277,3.544225610540726
48113014407,10.43591664202601,3.568380134154689
48113014408,10.430325496919918,3.573509340862423
48113014501,10.450261073237509,3.521486830937714
48113014502,10.444731381245722,3.500090413415469
48113014601,10.458270165639973,3.497203299110198
48113014602,10.44882911430527,3.468350423682409
48113014603,10.445217994524298,3.477447958932238
48113014701,10.462180091033539,3.449180478439425
48113014702,10.451911163586584,3.444966793292266
48113014703,10.448902718001369,3.447501459958932
48113014901,10.435396358658453,3.493587306639288
48113014902,10.441907008213552,3.455549211498973
48113015000,10.418937699520876,3.468248865845311
48113015100,10.423448609856263,3.487114633127994
48113015202,10.437315135523614,3.520525908966461
48113015204,10.411414765229295,3.514686041752224
48113015205,10.428081958247776,3.517369005475702
48113015206,10.424984682409309,3.515390851471595
48113015303,10.410137616016427,3.600682843258042
48113015304,10.405028652977413,3.567392491444216
48113015305,10.421658911019849,3.542206026009582
48113015306,10.413468707049966,3.547737328542094
48113015401,10.384765956194387,3.600858728952772
48113015403,10.371611854209446,3.609080209445585
48113015404,10.363148060232717,3.618766027378508
48113015500,10.37373115742642,3.593690132785763
48113015600,10.376967939767283,3.560297288158795
48113015700,10.386463308008214,3.536094231348392
48113015800,10.391101026694045,3.502272861054073
48113015900,10.36767327926078,3.566622114989733
48113016001,10.359670676933607,3.605067362080767
48113016002,10.361174002053388,3.595924655715264
48113016100,10.3460728678987,3.636116595482546
48113016201,10.350428735797399,3.609791240246407
48113016202,10.342547334017796,3.619986057494866
48113016301,10.352096312799452,3.594820730321698
48113016302,10.346478316221766,3.605705707049966
48113016401,10.315412485968515,3.661969039014374
48113016406,10.326089367556468,3.639205431211499
48113016407,10.328779475017112,3.622494761806982
48113016408,10.318767618069815,3.629220692676249
48113016409,10.310345392881588,3.6438043045859
48113016410,10.285276986995209,3.68904287063655
48113016411,10.22615373100616,3.734666593429158
48113016412,10.288090395619439,3.669375552361396
48113016413,10.269832995893224,3.682870091033539
48113016502,10.306410141683778,3.615462289527721
48113016509,10.259447273100616,3.678897615331964
48113016510,10.266955894592745,3.681005000684463
48113016511,10.249477313483915,3.695201446954141
48113016513,10.260081280629706,3.674856081451061
48113016514,10.234262875427789,3.705405789185489
48113016516,10.294387451060917,3.644000787816564
48113016517,10.27373848733744,3.661808669404518
48113016518,10.283522613278576,3.644078475017112
48113016519,10.286150301163587,3.648471002737851
48113016520,10.342672830253251,3.577838332648871
48113016521,10.314840063655031,3.616729577002053
48113016522,10.209805013689254,3.732353675564682
48113016523,10.153398957563313,3.764093180698152
48113016605,10.277585142368241,3.678243618069815
48113016606,10.266791308692676,3.676920542094456
48113016607,10.29875129431896,3.638910899383984
48113016610,10.243954874058864,3.717934555099247
48113016611,10.203458924024641,3.754364767282683
48113016612,10.207189078028747,3.737590456536619
48113016615,10.168751222450376,3.74751951266256
48113016616,10.14540867008898,3.770842595482546
48113016617,10.242436019164956,3.703155492813142
48113016618,10.224454800136892,3.721370257357974
48113016619,10.252315552361396,3.713135813141684
48113016620,10.224097967830253,3.738335775496236
48113016621,10.183496816563997,3.773967795345654
48113016622,10.165795475701574,3.800259150581793
48113016623,10.174199617385352,3.773149484599589
48113016624,10.164017038329911,3.754380581793292
48113016625,10.21838627926078,3.719935527036276
48113016626,10.181102409308693,3.739924711841205
48113016701,10.283997777549624,3.672335969199179
48113016703,10.24031966255989,3.704717499657769
48113016704,10.225053871321013,3.731926494182067
48113016705,10.216336281998631,3.732744629021218
48113016802,10.154371683093771,3.799091405201916
48113016803,10.178603256673511,3.758879622861054
48113016804,10.215404721423682,3.745875565366188
48113016902,10.178796753593429,3.739750333333333
48113016903,10.031166169062286,3.826379449691992
48113017001,9.949010733059548,3.868833211498973
48113017003,10.030371388774812,3.8648981321013
48113017004,10.091452292950034,3.826552064339494
48113017101,10.130271271047228,3.793579764544832
48113017102,10.128069934976044,3.775522713894593
48113017201,10.207823173853525,3.751652069815195
48113017202,10.186084221765914,3.770166422313484
48113017301,10.147605629705681,3.791086413415469
48113017303,10.185885095140315,3.81304967008898
48113017304,10.157456232032854,3.83535393155373
48113017305,10.114185524298426,3.861947090349076
48113017306,10.142624364818617,3.814710197125257
48113017400,10.20633774880219,3.794316868583162
48113017500,10.227047015058179,3.761804533880904
48113017602,10.286615762491444,3.72070197467488
48113017604,10.218139671457906,3.755610107460643
48113017605,10.268573114989733,3.711725517453799
48113017606,10.255983707049966,3.741510041752224
48113017702,10.223918969199179,3.786344492128679
48113017703,10.267376675564682,3.751182709787817
48113017704,10.252155772073922,3.760453369609856
48113017804,10.302036504449008,3.720516513347023
48113017805,10.303677621492129,3.70083927652293
48113017806,10.335081095140315,3.689650284052019
48113017807,10.316143681724846,3.720221490759754
48113017808,10.289888405886379,3.776705613963039
48113017811,10.275423088980151,3.768896531143053
48113017812,10.294831002053388,3.748126945927447
48113017813,10.28082162422998,3.749829457905544
48113017814,10.262395354551677,3.775728874743326
48113017900,10.345816887748118,3.701728798083504
48113018001,10.341721015058179,3.72345986036961
48113018002,10.333948266255989,3.733065197809719
48113018104,10.198048506502396,3.837748242984257
48113018105,10.327992979466119,3.8241634770705
48113018110,10.295271103353867,3.809159270362765
48113018111,10.316851075290897,3.777753169062286
48113018118,10.277085899383984,3.814143428473648
48113018120,10.286326002737851,3.85810913963039
48113018121,10.302298413415469,3.840551293634497
48113018122,10.224682429158111,3.912025044490075
48113018123,10.304134895277207,3.858729212183436
48113018124,10.200411651608487,3.913359352498289
48113018126,10.332078116358658,3.759860380561259
48113018127,10.339238663244353,3.74205864476386
48113018128,10.297812576317591,3.786375864476386
48113018129,10.307195728268309,3.782080617385352
48113018130,10.315982385352498,3.749395165639973
48113018132,10.246355336755647,3.823326116358658
48113018133,10.24419290622861,3.864610437371663
48113018134,10.179929563997262,3.900844034223135
48113018135,10.198394704312115,3.890652282683094
48113018136,10.242844640657084,3.853229511293634
48113018137,10.227113908281999,3.851706674195756
48113018138,10.262149472963724,3.814690091033539
48113018139,10.262160165639973,3.871061557837098
48113018140,10.234312081451061,3.884418056125941
48113018141,10.205313446954141,3.878881266255989
48113018142,10.212233008213552,3.86698235797399
48113018203,10.305681065023956,3.825231957563313
48113018204,10.333396934291581,3.799387995208761
48113018205,10.320037856947296,3.802666301848049
48113018206,10.329928668720055,3.78337879945243
48113018300,10.362794366872006,3.766970694045174
48113018401,10.373736826146475,3.731183004106776
48113018402,10.348591980835044,3.749838027378508
48113018403,10.361821193702943,3.73249232238193
48113018501,10.397845336071184,3.729297896646133
48113018503,10.474990688569473,3.688242546885695
48113018505,10.462139037645448,3.692337546201232
48113018506,10.440022621492129,3.704379440109514
48113018600,10.378664685831622,3.760955051334702
48113018700,10.354909507871321,3.785254452429843
48113018801,10.35823332991102,3.809450167693361
48113018802,10.358526803559206,3.792318551676934
48113018900,10.387385636550308,3.783307694045174
48113019004,10.440270052019165,3.75422294934976
48113019013,10.410542048596852,3.753432929500342
48113019014,10.411878262833676,3.766882631759069
48113019016,10.495843414784394,3.686892531827515
48113019018,10.460257984257358,3.731759321697468
48113019019,10.45679285284052,3.714516344284736
48113019020,10.408367854893908,3.780813374401095
48113019021,10.385749900068446,3.802720652977413
48113019023,10.429501445585216,3.787771353182752
48113019024,10.430172537303217,3.768482765913758
48113019025,10.339345210814511,3.842090876112252
48113019026,10.360846567419576,3.826279115674196
48113019027,10.373003380561259,3.831838689938398
48113019028,10.409358087611225,3.810739331964408
48113019029,10.398053072553046,3.809577952087611
48113019031,10.407294982888433,3.837458589322382
48113019032,10.431841391512663,3.744922605749487
48113019033,10.434251786447639,3.737787558521561
48113019034,10.476353579739904,3.704585338124572
48113019035,10.478596195071869,3.689573869952088
48113019036,10.426561675564682,3.825401737166324
48113019037,10.423061015058179,3.805271541409993
48113019038,10.447368056125941,3.796400922655715
48113019039,10.453999393566051,3.764658545516769
48113019040,10.486814747433265,3.707871997262149
48113019041,10.473928054072553,3.7173510862423
48113019042,10.373306620807666,3.851083099931554
48113019043,10.320239509240246,3.875008072553046
48113019100,10.470814227926078,3.75281561670089
48113019202,10.495316536618754,3.728372127310062
48113019203,10.486497428473648,3.748923008898015
48113019204,10.502253002737851,3.727316075290897
48113019205,10.506138980835044,3.772266906913073
48113019206,10.490926762491444,3.775253972621492
48113019208,10.510766100616016,3.682710088980151
48113019210,10.468089048596852,3.804436973305955
48113019211,10.474566250513347,3.782175930869268
48113019212,10.504647947296372,3.687841880219028
48113019213,10.506960362765229,3.705398509924709
48113019301,10.497252287474333,3.514924329226557
48113019302,10.491618763175907,3.495795643394935
48113019400,10.49394253798768,3.479697611909651
48113019501,10.501237900068446,3.485357008898015
48113019502,10.494123383983573,3.450404653661875
48113019600,10.485431959616701,3.467980762491444
48113019700,10.491345108829569,3.45122955578371
48113019800,10.487804440793977,3.41620840109514
48113019900,10.39093824366872,3.485934648186174
48113020000,10.462091101984942,3.771013453798768
48113020100,10.448594808350445,3.405216026694045
48113020200,10.282263440109514,3.662129136208077
48113020300,10.425470396988364,3.495710797399042
48113020400,10.443861648186174,3.451139350444901
48113020500,10.440419235455168,3.384899882272416
48113020600,10.51530931211499,3.490487044490075
48113020700,10.545966137577002,3.697357428473648
48113980000,10.451277956194387,3.646481209445585
48113980100,10.479133410677618,3.375386861738535
48115950401,7.221608099931554,3.646282325804244
48115950402,7.217862329226557,3.641062219712526
48115950500,7.216126375085558,3.633372790554415
48115950600,7.21278584531143,3.638883425051335
48117950300,6.987075383983573,3.605735058179329
48117950400,6.997452540041068,3.615096942505134
48117950500,7.011168377138946,3.620284700889802
48117950600,6.672253815195072,3.468130175906913
48119950100,9.442662106776181,4.325776602327173
48119950200,9.457836167693361,4.327626290212183
48121020103,9.96131506844627,4.086401140314853
48121020104,10.01024572347707,4.092444749486653
48121020105,10.158603985626283,4.067864164271047
48121020106,10.163016358658453,4.06100326899384
48121020107,10.231701699520876,4.029021971937029
48121020108,10.268226538672142,4.037123960985626
48121020109,10.282386790554415,4.038985957563313
48121020110,10.305348649555099,4.022962660506502
48121020111,10.325709229979466,4.017848543463381
48121020112,10.317505737850787,4.007120064339494
48121020113,10.312229933607118,4.019003036276523
48121020114,10.327669951403148,3.996187760438056
48121020115,10.315983169062286,3.987700986310746
48121020202,9.722601556468172,4.011929826830938
48121020203,9.873846392881588,4.069742180698152
48121020204,9.668394246406571,4.045359958932238
48121020205,9.979160817932923,4.069043390143737
48121020303,10.190408516084873,3.949185303216975
48121020305,10.293581148528405,3.858755209445585
48121020306,10.159822142368241,3.874512542778918
48121020307,10.198121629021218,3.895940568104038
48121020308,10.014643354551677,3.920855605749487
48121020309,9.912244969199179,3.966135765229295
48121020310,10.025669711156742,3.996138596167009
48121020401,9.970880522245038,4.049257347022587
48121020402,10.061582219712526,4.047273896646133
48121020403,10.095030223819302,4.04535884531143
48121020503,10.087776950718686,4.051729275838467
48121020504,10.029656955509925,4.057573327857632
48121020505,10.110727440109514,4.055454606433949
48121020506,10.111607326488706,4.067227588637919
48121020601,10.122783186858316,4.047773247091034
48121020602,10.148443186858316,4.045160023271732
48121020700,10.105008936344969,4.035403707049966
48121020800,10.094349641341547,4.017298151266256
48121020900,10.110664466119096,4.028657040383299
48121021000,10.123867214921287,4.03057162422998
48121021100,10.133885641341547,4.037702230663929
48121021201,10.191824437371663,4.031240859000684
48121021202,10.159751901437372,4.033110099247091
48121021301,10.165582077344285,4.027736057494866
48121021303,10.220369262833676,4.012555108145106
48121021304,10.191094930869268,4.015453702258727
48121021305,10.187583973990418,4.015289825462012
48121021403,10.364884517453799,3.951925249144422
48121021404,10.296161396988364,3.997507531143053
48121021405,10.217969265571526,4.0297913908282
48121021406,10.22754605338809,3.993744932922656
48121021407,10.259599360027378,3.989295755646817
48121021408,10.300921919233402,3.983370787816564
48121021409,10.279684814510609,3.995067048596852
48121021502,10.422600498288843,3.901876793292266
48121021505,10.391990529089665,3.91400816495551
48121021512,10.283197357289528,3.961905907597536
48121021513,10.365100990417522,3.936168150581793
48121021514,10.363036376454483,3.925750236824093
48121021515,10.382327917864476,3.959094329226557
48121021516,10.433334815195072,3.92928698973306
48121021517,10.457008407255305,3.89273303559206
48121021518,10.457899120465435,3.911356451060917
48121021519,10.461588471594798,3.917044375085558
48121021520,10.451596282683094,3.925931020533881
48121021521,10.442707727583847,3.927650987679672
48121021522,10.415559081451061,3.953453210814511
48121021523,10.436006590691307,3.94417572347707
48121021524,10.429054681040383,3.961471930184805
48121021525,10.382529438740589,3.986205881587954
48121021526,10.341471809034908,4.012535314168378
48121021527,10.339058038329911,4.003433804928131
48121021611,10.529669013004791,3.767544697467488
48121021612,10.527038144421629,3.790571548939083
48121021613,10.527416789869952,3.78641004312115
48121021614,10.532361652977413,3.788741615331964
48121021615,10.540946718685832,3.776413804928131
48121021616,10.534339255304586,3.795240950718686
48121021618,10.436909518138262,3.867407211498973
48121021619,10.473210219028063,3.836796655030801
48121021620,10.505194752224504,3.795457016427105
48121021621,10.528474928131417,3.774626835728953
48121021622,10.521227950034223,3.798721056810404
48121021623,10.506529464750171,3.828543054757016
48121021624,10.482373114989733,3.852059163586584
48121021625,10.48832525119781,3.868832939767283
48121021626,10.479029859685147,3.903508457905544
48121021627,10.505197384668036,3.862018879534565
48121021628,10.519538046543463,3.835237425735797
48121021629,10.507809985626283,3.84302758110883
48121021630,10.516674834360027,3.819483130732375
48121021631,10.525048229295003,3.809653361396304
48121021632,10.531988350444901,3.819032769336071
48121021633,10.529427230663929,3.813950284052019
48121021634,10.534483990417522,3.792534339493498
48121021635,10.536603896646133,3.78530312183436
48121021636,10.540394197809719,3.767773194387406
48121021637,10.540173016427105,3.771218490759754
48121021638,10.536353419575633,3.763811075290897
48121021715,10.397772175906913,3.899169815879535
48121021716,10.421129558521561,3.877075759753593
48121021717,10.408836399041752,3.877797966461328
48121021718,10.268362416837782,3.945313516769336
48121021719,10.324264323066393,3.934801643394935
48121021720,10.377930703627652,3.904745488021903
48121021721,10.388659423682409,3.897361947296372
48121021722,10.393866856262834,3.877874244353183
48121021723,10.428654956194387,3.853548195756331
48121021724,10.410438091033539,3.85858501779603
48121021725,10.391430715947981,3.854438561943874
48121021726,10.412496388774812,3.842430193702943
48121021727,10.428413902121834,3.825169752224504
48121021728,10.455978254620123,3.804737955509925
48121021729,10.435701954140999,3.84055197467488
48121021730,10.442654941820671,3.835116744010951
48121021731,10.455283893223819,3.826849444900753
48121021732,10.466968267624914,3.823146282683094
48121021733,10.464981177960301,3.814645478439425
48121021734,10.473236923340178,3.821831935660506
48121021735,10.479326138945927,3.813662136892539
48121021736,10.477208492128679,3.79482726146475
48121021737,10.471680561259411,3.787122882956879
48121021738,10.498458782340862,3.787013126625599
48121021739,10.469052422313484,3.830473515400411
48121021740,10.456824262833676,3.833525229295003
48121021741,10.443495367556468,3.843945932238193
48121021742,10.425201630390144,3.866978915811088
48121021743,10.421566985626283,3.862619585215606
48121021744,10.438201989048597,3.862054779603012
48121021745,10.449696809034908,3.85537924366872
48121021746,10.315540457905544,3.907209273100616
48121021747,10.370728789869952,3.903752934976044
48121021748,10.364803177275838,3.885132525667351
48121021749,10.33070687063655,3.900910880903491
48121021750,10.333781306639288,3.871903924709103
48121021751,10.353478715947981,3.869029713894593
48121021752,10.371229811772758,3.866699701574264
48121021753,10.376379300479124,3.838388645448323
48121021800,10.445083564681725,3.9415773908282
48121021900,10.40941821560575,3.979776281998631
48123970100,8.61142879192334,4.213851116358658
48123970200,8.56936325393566,4.203845292265572
48123970300,8.58166398220397,4.208180509240246
48123970400,8.470436366872006,4.160490352498289
48123970500,8.404216437371663,4.143084169062286
48125950300,6.966710519507187,3.575286767282683
48127950200,7.390472374401095,3.832588818617385
48127950400,7.45817265982204,3.854187219712526
48129950200,6.952127911704312,3.567481942505134
48129950300,6.95609404312115,3.566515407255305
48131950100,7.917024370294319,3.926868070499658
48131950200,7.6626341724846,3.859283889117043
48131950500,7.691844498288843,3.857766168377823
48133950100,7.89921450513347,3.82678734017796
48133950200,7.776585034223135,3.824654615331964
48133950300,7.63548468514716,3.794638675564682
48133950400,7.661307318959617,3.819735483915127
48133950500,7.832912456536619,3.843205083504449
48135000100,7.474809054757016,3.767033739219712
48135000300,7.50920439835729,3.789129829568788
48135000400,7.498593168377823,3.785543438740589
48135000500,7.505591310746064,3.786373417522245
48135000600,7.490231364818617,3.781747396988364
48135000700,7.477465993839836,3.777924989048597
48135000800,7.476037880903491,3.767403156741958
48135001000,7.452741713894593,3.767565213552361
48135001100,7.435211707734428,3.75413311430527
48135001300,7.46182654072553,3.777515804928131
48135001500,7.467816155373032,3.774079385352498
48135001600,7.484181467488022,3.78038335797399
48135001700,7.490911839151266,3.78689392881588
48135001800,7.457765529089665,3.774643274469541
48135001900,7.446703551676934,3.766787585215606
48135002000,7.42724327652293,3.758707488021903
48135002200,7.173535533196441,3.622632986995209
48135002300,7.475349100616016,3.779758872689938
48135002400,7.509832240930869,3.790926396988364
48135002501,7.499981318959617,3.781954342231348
48135002502,7.514728722108145,3.794270659137577
48135002503,7.52000483504449,3.79907271321013
48135002700,7.334341733059548,3.702180748117728
48135002801,7.290211106091718,3.687146207392197
48135002802,7.380193209445585,3.728941869267625
48135002900,7.505365201916496,3.792832238877481
48135003000,7.509083072553046,3.786362639288159
48135003100,7.451647289527721,3.766167824093087
48137950300,6.948097767967146,3.614160600273785
48139060101,9.957614507871321,3.878623911704312
48139060102,9.815269902806297,3.928684189596167
48139060204,10.121125484599589,3.825447164271047
48139060206,10.108789349075975,3.828279867214237
48139060207,10.080934772073922,3.850095683778234
48139060208,9.853105447638604,3.95989180971937
48139060209,10.044330093086927,3.867702023956194
48139060210,9.87421966255989,3.937420450376454
48139060211,9.904014954140999,3.896495839151266
48139060212,9.954364758384668,3.913748822724162
48139060213,10.028605973305955,3.89721059137577
48139060214,10.080319133470226,3.822576125941136
48139060300,9.84519166255989,3.941838149212868
48139060400,9.765674993839836,3.956125568104038
48139060500,9.809683800136892,3.934255216290212
48139060600,9.876597123887748,3.928096872689938
48139060701,10.081128629705681,3.825430420260096
48139060702,10.064021087611225,3.821299386721424
48139060703,10.092143249828884,3.802350171115674
48139060801,9.924799071868583,3.871992000684463
48139060802,9.899806410677618,3.882184162217659
48139060803,10.013062184120465,3.849750138945927
48139060900,9.644756878850103,3.931083346338125
48139061000,9.393123896646133,4.04098523340178
48139061100,9.609119409308693,3.987275288843258
48139061200,9.451237746748802,4.042857810403833
48139061300,9.640882407255305,4.01135346201232
48139061400,9.651629338124572,4.011873010951403
48139061500,9.581741673511294,4.038420149212868
48139061600,9.625681811772758,4.015503509240246
48139061700,9.587078238877481,4.034494746748802
48141000101,9.338755957563313,3.524871579055442
48141000106,9.216349470225873,3.536762468172485
48141000107,9.178790565366188,3.536215911019849
48141000108,9.147472212183436,3.528847973990418
48141000109,9.220128790554415,3.529010513347023
48141000110,9.245539943189596,3.529301991101985
48141000111,9.279181619438741,3.530551524982888
48141000112,9.263039097878166,3.529576598220397
48141000204,9.241436159479808,3.524356807665982
48141000205,9.288075523613963,3.526013412731006
48141000206,9.341494343600274,3.526382965776865
48141000207,9.181919219712526,3.526003624914442
48141000208,9.107104402464066,3.5257245229295
48141000301,9.427773057494866,3.52211334017796
48141000302,9.384464425051335,3.532100546885695
48141000401,9.527728121149897,3.510496550308008
48141000403,9.452964480492813,3.521657813826146
48141000404,9.42733405065024,3.522808293634497
48141000600,9.527927523613963,3.509709696783025
48141000800,9.543613577002053,3.486439976728268
48141000900,9.582064997262149,3.476475532511978
48141001001,9.570020006160164,3.466023907597536
48141001002,9.55340701026694,3.473514133470226
48141001104,9.601301558521561,3.468851226557153
48141001107,9.544802049965777,3.504083522245038
48141001109,9.568693941136208,3.49081070294319
48141001110,9.594571676933607,3.474118344969199
48141001111,9.599805565366188,3.481469363449692
48141001112,9.562204788501027,3.493923880903491
48141001113,9.590766989048597,3.476112876796715
48141001114,9.621313663244353,3.456989769336071
48141001115,9.615432132785763,3.445002465434634
48141001201,9.494464501026694,3.492478852156058
48141001202,9.527497714579055,3.497800509924709
48141001203,9.588049882272416,3.465195084188912
48141001301,9.437649656399726,3.493137437371663
48141001302,9.535965668720055,3.47754924366872
48141001400,9.585361412046544,3.420530175906913
48141001501,9.588748353182752,3.436754281998631
48141001502,9.551571523613963,3.415908207392197
48141001600,9.524977859685147,3.413905665982204
48141001700,9.51871358384668,3.41771066255989
48141001800,9.496023372347707,3.414899392197125
48141001900,9.506265546885695,3.427725015742642
48141002000,9.525658352498289,3.434357596167009
48141002100,9.54032749486653,3.428221207392197
48141002201,9.57059896440794,3.433775897330596
48141002202,9.552316650924025,3.429654225188227
48141002300,9.570072252566735,3.442212678302532
48141002400,9.562360658453114,3.461504575633128
48141002500,9.538007844626968,3.471211835728953
48141002600,9.554270154004107,3.458076630390144
48141002800,9.55679302532512,3.436533429842574
48141002900,9.545989882272416,3.449137033538672
48141003000,9.526430991786448,3.466448751540041
48141003100,9.506780321697468,3.478390380561259
48141003200,9.506895326488706,3.48223023340178
48141003300,9.517071145106092,3.483291264887064
48141003402,9.447277719370294,3.51317393908282
48141003403,9.423700735112936,3.520435583162218
48141003404,9.380656570157426,3.531225081451061
48141003501,9.421823592744695,3.518193930184805
48141003502,9.345717981519507,3.551476757015743
48141003601,9.491093592060233,3.487598915811088
48141003602,9.470222579055442,3.498442821355236
48141003701,9.433746868583162,3.51056993155373
48141003702,9.404497796714579,3.529897130047912
48141003801,9.356446458590007,3.538891099931554
48141003803,9.314250893908282,3.549140301848049
48141003804,9.279296965092402,3.551055208761122
48141003901,9.214240242984257,3.5584268678987
48141003902,9.13514927652293,3.566712875427789
48141003903,9.185952828884326,3.557560690622861
48141004002,9.048328270362765,3.562913169746749
48141004003,9.108901963039014,3.56779600752909
48141004004,9.115931310061602,3.562498572210814
48141004103,9.229577472963724,3.571495431895962
48141004104,9.242154726899384,3.563095257357974
48141004105,9.336238351129363,3.559489029431896
48141004106,9.317286095140315,3.566265206023272
48141004107,9.28423777412731,3.573481015058179
48141004201,9.351299382614648,3.548441517453799
48141004202,9.376397173853525,3.540439686516085
48141004303,9.31444228678987,3.539825615331964
48141004307,9.203753162902122,3.56557095687885
48141004309,9.205962673511294,3.569875301163587
48141004310,9.278943750171116,3.540281319644079
48141004311,9.293200259411362,3.542271712525667
48141004312,9.295772205338809,3.562078815195072
48141004313,9.271904039014374,3.570121062970568
48141004314,9.134203468172485,3.561231655030801
48141004316,9.140808953456537,3.572772379876797
48141004317,9.356814707734428,3.536383872005476
48141004318,9.328225618069815,3.552055366187543
48141004319,9.063296597535934,3.549845592744695
48141004320,9.083438609856263,3.560117533196441
48141010101,8.529897177960301,3.440818225188227
48141010102,9.480249663928816,3.509713101300479
48141010103,9.499158366187543,3.49503649486653
48141010203,9.118312746748802,3.562291429842574
48141010207,8.874732344284736,3.507611390143737
48141010210,9.091722401779603,3.536887455852156
48141010211,9.225226840520192,3.544434728952772
48141010212,9.010105839151266,3.5323744770705
48141010213,9.458608607118412,3.529039024640657
48141010214,9.527276147843942,3.509698231348392
48141010215,9.413354724845996,3.518074299110198
48141010216,9.369562493497604,3.520035005475702
48141010217,9.500810909650924,3.515699574948665
48141010218,9.255059051334702,3.508028527036276
48141010219,9.339058845995893,3.495848420944558
48141010220,9.268588378507871,3.555471752908966
48141010221,9.253694978781656,3.554144410677618
48141010222,9.166484037645448,3.546140267624914
48141010303,9.221480691991786,3.541018372347707
48141010307,9.257430633127994,3.550570190965092
48141010311,9.157251614647502,3.544781696098563
48141010312,9.170568499657769,3.54753016495551
48141010316,9.212190701574264,3.555886216290212
48141010317,9.166335977412731,3.555926026009582
48141010319,7.531016423682409,3.254399513347023
48141010322,9.052247571526352,3.538119585215606
48141010323,9.07674998973306,3.544626443531828
48141010324,8.984213221765914,3.536084410677618
48141010325,8.96280234017796,3.531258006160164
48141010326,9.102247556468172,3.547309219712526
48141010327,9.09267489596167,3.547818380561259
48141010328,9.019560033538672,3.541692450376454
48141010329,8.916171047227926,3.528602891854894
48141010330,8.860605403148528,3.513586113620808
48141010331,8.796641186858316,3.503826848049281
48141010332,8.625856579055442,3.525867125941136
48141010333,8.423914947980835,3.496734603696099
48141010334,8.443718424366872,3.504218061601643
48141010335,7.88954584531143,3.379639342231348
48141010336,9.032460466803559,3.55743264476386
48141010337,9.043533632443532,3.555649737850787
48141010338,9.07190032991102,3.566029757700205
48141010339,8.535852843942505,3.45596340109514
48141010340,8.121797674195756,3.375652770704997
48141010341,8.630763678302532,3.494853918548939
48141010342,8.691240814510609,3.520486128678987
48141010343,8.629082064339494,3.514982277891855
48141010344,7.872422417522245,3.349811443531828
48141010345,8.806680661190965,3.543048216974675
48141010346,8.886875224503764,3.559596446269678
48141010347,8.651797336071184,3.536213168377823
48141010401,8.937518224503764,3.566796212867899
48141010404,8.619440945242984,3.53199770294319
48141010405,8.787191301848049,3.547864514031485
48141010406,8.644790156057495,3.527129406570842
48141010407,8.631893731690623,3.52757947980835
48141010408,8.843810160164271,3.552917455852156
48141010409,8.947552730321698,3.556013024640657
48141010501,8.295038561943874,3.490139078028747
48141010502,7.731271419575633,3.371152332648871
48141010504,7.473068768651608,3.328610056810404
48141010505,7.894442912388775,3.413801896646133
48141010506,7.755392625598905,3.388458855578371
48141010600,9.503049036276523,3.511169826830938
48141980000,9.312075314168378,3.53432793908282
48143950100,8.225966532511978,3.859463559890486
48143950201,8.27509012936345,3.886231628336756
48143950202,8.151884832991102,3.89631315468857
48143950300,8.094876211498973,3.90797339835729
48143950400,8.204357997262149,3.898069262833676
48143950500,8.244000406570842,3.901681803559206
48143950600,8.232322895277207,3.892374961670089
48143950700,8.223646171115674,3.890780737850787
48145000200,9.259812991101985,4.439085042436687
48145000300,9.127715015742642,4.376634431211499
48145000400,9.110219574948665,4.371316700889802
48145000500,9.140957225188227,4.396035691307324
48145000700,9.049752869952088,4.367042420260096
48145000800,9.066452417522245,4.355373392197125
48147950100,9.322157328542094,4.235833414784394
48147950300,9.50642040109514,4.214167103353867
48147950401,9.436309863107461,4.209830467488022
48147950402,9.408092422313484,4.203680785078713
48147950500,9.373498660506502,4.211893088980151
48147950600,9.46062398220397,4.198241809034908
48147950701,9.482760169062286,4.189956132785763
48147950702,9.588899351129363,4.173863802874743
48147950800,9.258467994524298,4.189739347022587
48149970100,8.748144518138262,4.19602396440794
48149970200,8.744128442162902,4.212899324435318
48149970300,8.733108249144422,4.208197721423682
48149970400,8.73228768788501,4.218402244353183
48149970500,8.683828697467488,4.219826713894593
48149970600,8.68923734017796,4.189673763175907
48149970700,8.753191694045174,4.181076291581109
48151950300,7.320396735112936,3.745629816563997
48151950400,7.272654616016427,3.714377811088296
48153950500,7.084386080082136,3.63931003559206
48153950600,7.16687510403833,3.682339967830253
48155950100,7.300905169062286,3.672848509240246
48157670101,11.09736090622861,4.103089176591376
48157670102,11.080156593429158,4.130676168377823
48157670200,11.103493966461328,4.143727789869952
48157670300,11.09616094934976,4.16167304312115
48157670400,11.135280671457906,4.177782407255305
48157670500,11.124800369609856,4.202233771389459
48157670601,11.045921750855578,4.193884777549624
48157670602,11.052870446269678,4.169693948665298
48157670700,10.969790735112936,4.130848288158795
48157670800,10.74583325119781,4.105030184120465
48157670901,10.832979044490075,4.179569161533196
48157670902,10.873387980150582,4.139563034223135
48157671001,10.893413763175907,4.219005754962355
48157671002,10.922621427104723,4.19641288569473
48157671100,10.994278711841205,4.224798668035592
48157671200,11.077479110882957,4.220044967145791
48157671300,11.051306626283368,4.232625947296372
48157671400,11.039087682409309,4.260264113620808
48157671501,10.962411355920602,4.2537962183436
48157671502,10.889756237508556,4.238720005475702
48157671601,10.89909577412731,4.270807171115674
48157671602,10.913401484599589,4.257931511978097
48157671700,10.983569271731691,4.277504507186858
48157671800,11.13024635797399,4.256870688569473
48157671900,11.15421484257358,4.293549983572895
48157672001,11.07138985284052,4.307584036276523
48157672002,11.112052091718001,4.296260080082136
48157672100,10.895057518138262,4.285355858316222
48157672200,10.909553442847365,4.310422296372348
48157672301,11.027670814510609,4.328878245722108
48157672302,10.994202130732375,4.314711625598905
48157672400,11.079114669404518,4.334698998631075
48157672500,11.028513506502396,4.348586085557837
48157672601,10.968984524982888,4.362537809034908
48157672602,10.950810822039699,4.351663372347707
48157672701,10.963957356605065,4.349067394250513
48157672702,10.853018281314168,4.328158301163587
48157672800,10.802519498973306,4.316792613963039
48157672900,10.776825536618754,4.355308331279945
48157673001,10.715685572210814,4.385887166324435
48157673002,10.830561235455168,4.380444924024641
48157673003,10.669762934976044,4.370006289527721
48157673101,10.479376789185489,4.36927417522245
48157673102,10.584914015058179,4.371247880219028
48157673200,9.998440268309377,4.311366006160164
48157673300,9.995256235455168,4.292583018480493
48157673400,10.419837208761122,4.328333273100616
48157673500,10.642352466119096,4.33883541615332
48157673600,10.552497717316906,4.315186014373717
48157673700,10.653925811088296,4.31789967008898
48157673800,10.52858279192334,4.300477438056126
48157673901,10.67967218275154,4.298523087611225
48157673902,10.765720504449008,4.296862024640657
48157674000,10.803855883641342,4.277703646132786
48157674100,10.830533585900068,4.26030811156742
48157674200,10.736970874058864,4.266587623545517
48157674300,10.805067374401095,4.237785320328542
48157674400,10.650181091033539,4.23241133744011
48157674501,10.678909663928816,4.158719531143053
48157674502,10.471055449691992,4.114063226557153
48157674601,10.500413349075975,4.272964570841889
48157674602,10.529884362765229,4.237556496919918
48157674603,10.412162178644764,4.265050544832307
48157674604,10.357330867214237,4.274277480492813
48157674700,10.428608034907598,4.283665155373032
48157674800,10.256722156741958,4.288731489390828
48157674900,10.355691477754962,4.30771126899384
48157675000,10.189643202600958,4.281854393566051
48157675100,10.206070106091718,4.276203254620123
48157675200,10.11015567008898,4.264016156057495
48157675300,10.03023523340178,4.265393174537988
48157675400,9.801389934291581,4.244039311430527
48157675500,10.136833568104038,4.1927113908282
48157675600,9.709927965092402,4.143795490759754
48157675700,9.4389918275154,4.159055590006845
48157675800,9.552526300479124,4.216631067077344
48159950100,9.586592965776865,4.427800098562628
48159950200,9.59515134017796,4.428222520876112
48159950300,9.548764181382615,4.416983603011636
48161000100,9.258364580424367,4.329132574948665
48161000200,9.232470054757016,4.339233620807666
48161000300,9.231303798767967,4.334915339493498
48161000400,9.211806195756331,4.286636761122519
48161000600,9.229639476386037,4.363230360027378
48161000700,9.217260553045859,4.346800839835729
48161000900,9.144152912388775,4.331448739904175
48163950100,7.986107016427105,4.017269366872006
48163950200,7.780212371663244,3.936332785078713
48163950300,7.669915256673511,3.913056341546886
48165950100,7.28882070568104,3.608742492128679
48165950200,7.370432327173169,3.573874744695414
48165950300,7.357251477754962,3.581466759753593
48167720100,10.589086492128679,3.796740516084873
48167720200,10.354209739219712,3.778335474332649
48167720301,10.450838816563997,3.792261363449692
48167720302,10.393975290212183,3.828934166324435
48167720400,10.266632020533881,3.806976652977413
48167720501,10.136501023271732,3.746950546201232
48167720502,9.967375883641342,3.727926700205339
48167720503,10.09241941615332,3.763991648870637
48167720600,9.958905207392197,3.773610475701574
48167720700,9.909958122518823,3.708848375085558
48167720800,9.741205002053388,3.696382834360027
48167720900,9.628878326488706,3.685491302532512
48167721000,9.419113620807666,3.635202290896646
48167721100,9.574991651608487,3.656332765913758
48167721201,9.785423825462012,3.66120385284052
48167721202,9.649801065708419,3.645754506502396
48167721300,9.98260192128679,3.678855097193703
48167721400,9.861329158795346,3.6487911724846
48167721500,9.927912976728268,3.64944023340178
48167721600,9.621265900068446,3.621690887063655
48167721700,9.401444925393566,3.614736721423682
48167721800,9.239352595482546,3.594726049965777
48167721900,9.285887323750856,3.640977368240931
48167722001,8.959603666666667,3.585762550308008
48167722002,8.977580839151266,3.593441203969884
48167722100,8.904515775496236,3.586118920602327
48167722200,8.859080551676934,3.58559701779603
48167722300,8.926008633812457,3.58877333744011
48167722600,9.069941354551677,3.622918274469541
48167722700,9.142426474332649,3.637792437371663
48167722800,9.00403179945243,3.619249968514716
48167722900,9.044561587953456,3.630184239561944
48167723000,9.100114463381246,3.636110741273101
48167723100,9.247908739904175,3.661343298425736
48167723200,9.217386835728953,3.664580602327173
48167723300,9.467511948665298,3.706570652977413
48167723400,9.733784785763176,3.765310645448323
48167723501,9.279897077344285,3.702982674195756
48167723502,9.434068683778234,3.747658366187543
48167723600,8.903746538672142,3.643693274469541
48167723700,8.997865561943874,3.629176790554415
48167723800,8.823414432580424,3.592490461327858
48167723900,8.299537861054073,3.569906086926762
48167724000,8.445310882272416,3.532383900068446
48167724101,8.323288161533196,3.523771274469541
48167724200,8.342270002053388,3.529652711156742
48167724300,8.338037402464066,3.522028901437372
48167724400,8.325487848733744,3.52146888569473
48167724500,8.357644389459274,3.51640225393566
48167724600,8.374673232032854,3.519533720054757
48167724700,8.348556368240931,3.519147519507187
48167724800,8.327522255989049,3.519254801505818
48167724900,8.329840028062971,3.515728878850103
48167725000,8.335092555099247,3.514624354551677
48167725100,8.360696034223135,3.517389394250513
48167725200,8.391506604380561,3.517594666666667
48167725300,8.388916473648186,3.516939442847365
48167725400,8.362051649555099,3.514550563997262
48167725500,8.336869318275154,3.507271650924025
48167725600,8.347510961670089,3.505937095824778
48167725700,8.360250097193703,3.510473783709788
48167725800,8.426175697467488,3.518927657768652
48167725900,8.394710576317591,3.508887954140999
48167726000,8.409542290212183,3.527483856947296
48167726100,8.381166579739904,3.596212341546886
48167726200,8.812624507186858,3.578436040383299
48169950100,7.021801283367556,3.605504043805613
48171950100,7.950445420260096,3.954403149897331
48171950200,7.550545331964408,3.806406014373717
48171950300,7.709361271047228,3.866493
48171950400,7.93055168514716,3.949280138261465
48171950500,7.864761249828884,3.926885638603696
48173950100,7.099196301848049,3.653606971937029
48175960100,8.432492816563997,4.131408604380561
48175960200,8.287945349075975,4.052372948665298
48177000100,8.735829321697468,4.256994160164271
48177000200,8.71920097467488,4.261624457905544
48177000300,8.721905947296372,4.265137290896646
48177000400,8.717541457905544,4.255297745379877
48177000500,8.642762941820671,4.237757106776181
48177000600,8.602276518822724,4.226400161533196
48179950100,6.934501303901437,3.559361561259411
48179950300,6.964063606433949,3.575728802190281
48179950400,6.967927687200548,3.577195692676249
48179950500,6.970700247775496,3.572195953456537
48179950600,6.976109958932238,3.581719110198494
48179950700,6.975255400410678,3.588371330595482
48179950800,6.974925299110198,3.582019968514716
48181000101,9.574903778234086,4.223248941820671
48181000102,9.628354665297741,4.214007405886379
48181000200,9.559837428473648,4.233851180698152
48181000302,9.573864108145106,4.220777015058179
48181000303,9.481358947296372,4.181501526351814
48181000304,9.416986924024641,4.122839381245722
48181000400,9.613774038329911,4.240183370978782
48181000501,9.611097105407255,4.253892857631759
48181000502,9.622642789869952,4.25241526899384
48181000600,9.62538315468857,4.245713889801506
48181000700,9.630920169062286,4.24387334770705
48181000800,9.63807405065024,4.245576882956879
48181000901,9.648196820670773,4.239259498973306
48181000902,9.685832725530459,4.242014771389459
48181001101,9.669858464750171,4.208428579739904
48181001102,9.586463844626968,4.140407915811088
48181001200,9.69506173853525,4.22030356605065
48181001300,9.703966481177276,4.226016404517454
48181001400,9.682541186173854,4.239151717316906
48181001500,9.712315472279261,4.231899289527721
48181001700,9.714754927446954,4.217240932238193
48181001801,9.738487013689254,4.20701949486653
48181001802,9.688791619438741,4.182876687200548
48181001803,9.823543858316222,4.176632071868583
48181001900,9.753599032169747,4.147040501026694
48181002000,9.704533696783025,4.230849073237509
48183000200,9.829121900752909,4.509798484599589
48183000300,9.835474502395619,4.514866278576318
48183000401,9.819542459958932,4.513530041067762
48183000402,9.838067904859685,4.522092138261465
48183000501,9.82904462696783,4.527720761122519
48183000502,9.831640432580424,4.524714579739904
48183000600,9.809698080766598,4.516727935660506
48183000700,9.811032292950034,4.513492410677618
48183000800,9.80166373100616,4.517201204654346
48183000900,9.823374070499658,4.523393226557153
48183001000,9.851470334702259,4.524507777549624
48183001100,9.857546694045174,4.534918813826146
48183001200,9.852392154004107,4.518401455852156
48183001300,9.853026106091718,4.539498742642026
48183001400,9.849510607802875,4.539958625598905
48183001500,9.863348456536619,4.539545967145791
48183010100,9.773938431211499,4.491004012320328
48183010200,9.724408467488022,4.50140127652293
48183010301,9.791465927446954,4.516477652977413
48183010302,9.788116760438056,4.52908725393566
48183010400,9.716041333333333,4.509249201916496
48183010500,9.827304917864476,4.528821967145791
48183010600,9.764603684462697,4.520220438740589
48183010700,9.720952262149213,4.514535001368925
48183980000,9.815486637234771,4.523361868583162
48185180101,9.414261893908282,4.296190561943874
48185180102,9.642694850787132,4.315736216290212
48185180200,9.430091109514032,4.29242136550308
48185180301,9.18886531485284,4.304728475701574
48185180302,9.215510054757016,4.306369737850787
48185180400,9.40162444421629,4.298485052019165
48187210100,9.252709574948665,4.476471085557837
48187210200,9.283818616016427,4.490324393566051
48187210300,9.255704049965777,4.471554805612594
48187210400,9.20800192881588,4.459799694045174
48187210504,9.286233041752224,4.5005303908282
48187210505,9.36849066255989,4.531310653661875
48187210506,9.211251568104038,4.455461583162218
48187210507,9.488507362080767,4.58040058384668
48187210508,9.424260466119096,4.542252524298426
48187210603,9.479631611909651,4.567273101300479
48187210604,9.524590299794661,4.582583552361396
48187210606,9.458763160164271,4.562054830253251
48187210607,9.512858973990418,4.57101160164271
48187210608,9.50354520807666,4.58454245927447
48187210705,9.572601639972622,4.584900603011636
48187210706,9.584578917180014,4.585143247775496
48187210707,9.584323935660506,4.592301857631759
48187210708,9.558088414784394,4.588533347022587
48187210709,9.565272711156742,4.589460284052019
48187210710,9.572517240246407,4.588858123887748
48187210711,9.551288404517454,4.58279958110883
48187210712,9.550028476386037,4.584109770704997
48187210713,9.545791121149897,4.586350638603696
48187210714,9.539167082135524,4.577179800821355
48187210801,9.167809197125257,4.436437697467488
48187210803,9.08261972073922,4.395277904859685
48187210804,9.400178106776181,4.522058941136208
48187210901,8.882574508555784,4.341331800136892
48187210902,9.093728190965092,4.41656387816564
48189950100,7.370876121149897,3.767240223134839
48189950200,7.372803212867899,3.774984210814511
48189950300,7.379898115674196,3.781323360711841
48189950400,7.376273377823409,3.772946125941136
48189950500,7.377104004791239,3.76943780698152
48189950600,7.380839932238193,3.777396403148528
48189950700,7.353228930184805,3.763978772758385
48189950800,7.368132669404518,3.767413004791239
48189950900,7.440433972621492,3.797314080766598
48191950500,6.992324848733744,3.572620607118412
48193950100,8.190663864476386,3.921032462696783
48193950200,8.070748805612594,3.922473658453114
48193950300,8.104751912388775,3.927150991786448
48195950100,6.960399366187543,3.596441954825462
48195950300,6.997296706365503,3.615188557152635
48197950100,7.442860577002053,3.725254930184805
48199030100,8.934867273100616,3.97331806091718
48199030200,9.046396899383984,3.976370323750856
48199030300,9.01171419301848,4.045022266940452
48199030400,9.037637840520192,4.062119993839836
48199030501,9.219068853524983,4.114921232717317
48199030502,9.320647631074606,4.126592496235455
48199030600,9.396654069130732,4.151884223819302
48199030700,9.244356598220397,4.121624167008898
48199030800,9.163704121149897,4.106715869267625
48199030900,9.121521104722793,4.095667937029432
48199031000,9.050348470910335,4.090954995893224
48201100000,11.668200144421629,3.942401490759754
48201210100,11.684687618069815,3.926096345653662
48201210400,11.681845642710472,3.975648810403833
48201210500,11.671050271731691,3.971121416837782
48201210600,11.658678440793977,3.994239704996578
48201210700,11.654378355920602,3.968651557837098
48201210800,11.672422018480493,3.942554761122519
48201210900,11.65172965982204,3.920220377138946
48201211000,11.663624598220397,3.917540795345654
48201211100,11.673598776180698,3.899042416837782
48201211200,11.649856961670089,3.895931012320328
48201211300,11.678023381930185,3.883258574264203
48201211400,11.684478826830938,3.874722933607118
48201211500,11.643826137577002,3.782804537303217
48201211600,11.657549254620123,3.847117740588638
48201211700,11.626323737166324,3.859663976043806
48201211900,11.638604700889802,3.82234572073922
48201212300,11.687658392197125,3.945312996577686
48201212400,11.61103255578371,3.800812669404518
48201212500,11.612620737166324,3.714344997946612
48201220100,11.638203439425051,3.958672352498289
48201220200,11.642144507871321,3.996876796030116
48201220300,11.629889864476386,4.016081105407255
48201220400,11.609502125256674,4.013582211498973
48201220500,11.612369030800821,4.052701527036276
48201220600,11.596157086926762,4.027563460643395
48201220700,11.60192565982204,3.987544132785763
48201220800,11.60520760164271,3.966812581793292
48201220900,11.554643275838467,3.979503545516769
48201221000,11.534827130047912,4.001278210130048
48201221100,11.543832831622177,4.019228062970568
48201221200,11.549311180013689,4.057192637234771
48201221300,11.568968652977413,4.042903171115674
48201221400,11.573435064339494,4.081503580424367
48201221500,11.558080169746749,4.10134395687885
48201221600,11.526317173169062,4.121536761806982
48201221700,11.513272288843258,4.083674134839151
48201221800,11.500767574948665,4.054449965092402
48201221900,11.48868221560575,4.033662141683778
48201222000,11.508260590691307,3.996502197125257
48201222100,11.476754993155373,4.001275443531828
48201222200,11.427364533196441,3.999285353182752
48201222300,11.450899425735797,4.043883938398357
48201222401,11.478803273785079,4.122735748117728
48201222402,11.455573929500342,4.12410529705681
48201222501,11.419937379876797,4.17439935797399
48201222502,11.418619650239562,4.134037015058179
48201222503,11.441706089664613,4.160869340862423
48201222600,11.404091941136208,4.16814982477755
48201222700,11.33730325393566,4.071624015742642
48201222800,11.418205703627652,4.097500360711841
48201222900,11.40557807118412,4.057091394934976
48201223001,11.371197674195756,4.014305708418891
48201223002,11.397537971937029,4.023429719370294
48201223100,11.349769031485284,4.047841284052019
48201230100,11.632618316221766,3.93033157357974
48201230200,11.592208521560575,3.888627463381246
48201230300,11.569310049965777,3.927106636550308
48201230400,11.590413162217659,3.941780533196441
48201230500,11.552185604380561,3.964494144421629
48201230600,11.536680644079398,3.931578193702943
48201230700,11.512510999315537,3.936696389459274
48201230800,11.536620773442847,3.905204352498289
48201230900,11.559343619438741,3.848842669404518
48201231000,11.508541444900753,3.889633472963724
48201231100,11.493906862422998,3.842494871321013
48201231200,11.393666273100616,3.898327785763176
48201231300,11.452834787816564,3.90580154825462
48201231400,11.455866015742642,3.929604442847365
48201231500,11.482186234770705,3.934470889801506
48201231600,11.490270757015743,3.950507815879535
48201231700,11.473867796714579,3.982838605749487
48201231800,11.449051704996578,3.962435639288159
48201231900,11.402147279945243,3.946561054757016
48201232000,11.318224331279945,3.962152891854894
48201232100,11.378238919233402,3.999003110198494
48201232200,11.245418612594114,3.991995940451745
48201232301,11.291865116358658,3.908714562628337
48201232302,11.303051176591376,3.859385707049966
48201232401,11.376926054072553,3.802930625598905
48201232402,11.365846665297741,3.784006287474333
48201232403,11.421383891170431,3.78856470568104
48201232500,11.532529074606434,3.796687122518823
48201232600,11.561412978097194,3.743298503764545
48201232701,11.520860046543463,3.750204546201232
48201232702,11.493845951403148,3.743605841889117
48201232800,11.459862082819986,3.745746272416153
48201232900,11.405435600958248,3.761814928131417
48201233001,11.365371850787132,3.760994583162218
48201233002,11.314753597535934,3.767561300479124
48201233003,11.31599012183436,3.748915214236824
48201233101,11.353732678986995,3.744803594798084
48201233102,11.291434915126626,3.731856718685832
48201233103,11.345113694729637,3.72574142642026
48201233200,11.411026706365503,3.731206590691307
48201233300,11.426458134154689,3.691011
48201233400,11.571165555099247,3.714357840520192
48201233500,11.554300105407255,3.692796714579055
48201233600,11.574742082135524,3.664317196440794
48201233701,11.5414085633128,3.62135774606434
48201233702,11.532953166324435,3.651925475701574
48201233703,11.475379022587269,3.656894678302532
48201240100,11.382893292265572,4.183843333333333
48201240400,11.247698252566735,4.200449334702259
48201240501,11.334654255304586,4.183266982888433
48201240502,11.366518006844627,4.172211732375086
48201240600,11.357623260780288,4.210663134839151
48201240701,11.215442632443532,4.261423681040383
48201240702,11.291407843258042,4.230943630390144
48201240801,11.154053595482546,4.276883164271047
48201240802,11.110065459958932,4.214557086926762
48201240901,11.050408575633128,4.159084692676249
48201240902,11.006634097193703,4.126197199178645
48201241000,10.995064876796715,4.202169301163587
48201241101,11.04170945927447,4.268376759753593
48201241102,11.03324329431896,4.233867323750856
48201241103,11.068053270362765,4.247731535934292
48201241200,11.09123726899384,4.270465873374401
48201241300,11.056776478439425,4.31200120054757
48201241400,10.990153920602327,4.304065192334018
48201241500,11.216717338809035,4.09132379945243
48201250100,11.127924049965777,4.043880655715264
48201250200,11.187653146475017,4.019072648870637
48201250301,11.110028458590007,4.006374785763176
48201250302,11.001432399041752,4.017601718685832
48201250401,10.864713941820671,4.012566859685147
48201250402,10.911690140314853,3.997552670773443
48201250500,10.89555249486653,4.030970945242984
48201250600,11.024514074606434,4.062203275154004
48201250701,10.898310228610541,4.068233306639288
48201250702,10.81153932991102,4.023319413415469
48201250800,10.708554107460643,4.028540877481177
48201250900,10.606672897330596,4.043484812457221
48201251000,10.76513046201232,4.068324934976044
48201251100,10.85435958110883,4.09949011156742
48201251200,10.757787101984942,4.11056519028063
48201251300,10.716716511293634,4.086540715263518
48201251401,10.620501156057495,4.106587718001369
48201251402,10.665039909650924,4.104007020533881
48201251501,10.473832293634497,4.094343006844627
48201251502,10.62156063449692,4.076666524982888
48201251503,10.624584468856947,4.091359019849418
48201251600,10.323013194387406,4.052401543463381
48201251700,10.441665729637235,3.976931271047228
48201251800,10.44956235797399,3.909989886379192
48201251901,10.738619080082136,3.928610832991102
48201251902,10.846543074606434,3.892517800136892
48201252000,11.060071459958932,3.931508088295688
48201252100,11.050388290212183,3.877926455167693
48201252200,11.179710898015058,3.809586854893908
48201252301,11.250089409308693,3.7511748678987
48201252302,11.183284446954141,3.764630503080082
48201252400,11.205401478439425,3.730900061601643
48201252500,11.106596733059548,3.707247550308008
48201252600,11.01465973853525,3.783150254620123
48201252700,10.530614847364819,3.858745880903491
48201252800,10.645388724845996,3.80984345174538
48201252900,10.806912876112252,3.754259397672827
48201253000,10.601026088295688,3.752504783709788
48201253100,10.293535926078029,3.749354452429843
48201253200,10.280585815195072,3.722128231348392
48201253300,10.73504932991102,3.687017305954826
48201253400,10.499101054072553,3.666379463381246
48201253500,10.491200297741273,3.694091749486653
48201253600,10.399570812457221,3.68628489596167
48201253700,10.280086929500342,3.692359939767283
48201253800,10.138094789185489,3.693380568788501
48201253900,9.999837945242984,3.670871364818617
48201254000,10.007814475017112,3.656268443531828
48201254100,10.132033902121834,3.67106376659822
48201254200,10.117144642710472,3.651324801505818
48201254300,10.230402282683094,3.674655733059548
48201254400,10.167549910335387,3.645912997946612
48201254500,10.416815049281314,3.655991220396988
48201254600,10.309413663244353,3.644370981519507
48201254700,9.972213273100616,3.622187854209446
48201310100,11.669913198494182,3.891148311430527
48201310200,11.648248356605065,3.908600151266256
48201310300,11.636730126625599,3.858053383983573
48201310400,11.660789501711157,3.854653490759754
48201310500,11.643670531827515,3.806172515400411
48201310600,11.624190429842574,3.826766523613963
48201310700,11.589956467488022,3.798611602327173
48201310800,11.60834439835729,3.780490956194387
48201310900,11.611668445585216,3.753745618069815
48201311000,11.620749344969199,3.753161137577002
48201311100,11.585416535249829,3.706381511978097
48201311200,11.559363894592745,3.741176181382615
48201311300,11.526541376454483,3.737401008898015
48201311400,11.53220262696783,3.672203114989733
48201311500,11.507581130732375,3.700820115674196
48201311600,11.489108563997262,3.719177420944558
48201311700,11.509935083504449,3.776439432580424
48201311800,11.551336631074606,3.810199132785763
48201311900,11.582918684462697,3.819803553730322
48201312000,11.591324144421629,3.870361229295003
48201312100,11.604883780971937,3.875493030116359
48201312200,11.6320628275154,3.896943048596852
48201312300,11.643912095140315,3.925369158795346
48201312400,11.623735505817933,3.919997125256674
48201312500,11.64230794934976,3.957647206023272
48201312600,11.613057160848734,3.976586516769336
48201312700,11.619909073921971,3.939099203969884
48201312800,11.606655822724162,3.914380932238193
48201312900,11.58054764476386,3.921220095824778
48201313000,11.597947449007529,3.946714592060233
48201313100,11.581032665982204,3.991602740588638
48201313200,11.564606792607803,3.915439595482546
48201313300,11.555662249828884,3.857065963723477
48201313400,11.522358123203285,3.866706772758385
48201313500,11.50356831485284,3.88938042642026
48201313600,11.51583443394935,3.912024736481862
48201313700,11.539472724845996,3.931923625598905
48201313800,11.506451807665982,3.948712027378508
48201313900,11.518221420944558,3.970606338809035
48201314001,11.547354800136892,3.998231678302532
48201314002,11.496191524298426,3.998805590006845
48201314300,11.48746949486653,4.047577508555784
48201314400,11.504136514715948,4.02645341889117
48201320100,11.4646608275154,3.721144561943874
48201320200,11.447012967830253,3.693647797399042
48201320500,11.395338241615332,3.654594359342916
48201320601,11.375929245722108,3.700312761122519
48201320602,11.347783024640657,3.70315394661191
48201320700,11.292447673511294,3.705073210814511
48201320800,11.23052489596167,3.709711491444216
48201320900,11.167875494182067,3.719301857631759
48201321000,11.08463298973306,3.722439887748118
48201321100,10.951724822724162,3.721995713894593
48201321200,10.992761898699521,3.696390629021218
48201321300,11.08500994661191,3.697494812457221
48201321401,11.218316750171116,3.688449384668036
48201321402,11.147651757700205,3.693788848733744
48201321500,11.156479427789186,3.672774718001369
48201321600,11.249657054072553,3.674286622176591
48201321700,11.289554410677618,3.681001166324435
48201321800,11.334115331279945,3.666860266255989
48201321900,11.330784305954826,3.650247616016427
48201322000,11.33335701779603,3.64725570294319
48201322100,11.264178891854894,3.656646141683778
48201322200,11.329186722792608,3.645677876796715
48201322600,11.0753626091718,3.636916005475702
48201322700,11.120932376454483,3.640980879534565
48201322800,11.190909234086242,3.636625869952088
48201322900,11.261611608487337,3.648628722108145
48201323000,11.20616698973306,3.642995443531828
48201323100,11.08422328678987,3.639171263518138
48201323200,11.132781034223135,3.643205438056126
48201323300,11.211362811772758,3.653584090349076
48201323400,11.166991074606434,3.656640584531143
48201323500,11.118082031485284,3.671039818617385
48201323600,11.003119169746749,3.67762314715948
48201323701,10.999116874058864,3.655717598220397
48201323702,10.936588109514032,3.663083783025325
48201323801,11.106335246406571,3.654559112936345
48201323802,11.058636236824093,3.644792296372348
48201323900,10.994454857631759,3.63336725393566
48201324000,10.902347806297057,3.662931714579055
48201324100,11.287422468856947,3.649673152635181
48201324200,11.470641286105407,3.633709093086927
48201330100,11.316239624914442,4.055387645448323
48201330200,11.299815028062971,4.11261370294319
48201330301,11.28265433744011,4.146081869267625
48201330302,11.19447764476386,4.147381892539357
48201330303,11.215582435318275,4.179573252566735
48201330400,11.214821889801506,4.120394875427789
48201330500,11.27229958384668,4.082547872005476
48201330600,11.217220422313484,4.082574262833676
48201330700,11.146358769336071,4.094375375085558
48201330800,11.170178858316222,3.964344300479124
48201330900,11.230863584531143,4.030868389459274
48201331100,11.461195180013689,3.947091334702259
48201331200,11.423872696098563,3.948464743326489
48201331300,11.362147425051335,3.977428185489391
48201331400,11.380074183436003,3.939065664613279
48201331500,11.287146305954826,3.96296892881588
48201331601,11.274645120465435,3.930361687200548
48201331602,11.257369170431212,3.880803718685832
48201331700,11.324444195071869,3.885493618069815
48201331800,11.369913076659822,3.907920986310746
48201331900,11.408770121149897,3.906525413415469
48201332000,11.446591470910335,3.892043275838467
48201332100,11.481255465434634,3.884163681724846
48201332200,11.470926474332649,3.849738115674196
48201332300,11.408050672826831,3.845289377823409
48201332400,11.380783536618754,3.864050930184805
48201332500,11.382342071868583,3.812774544832307
48201332600,11.414881746748802,3.800941023271732
48201332700,11.467527605749487,3.803938672826831
48201332800,11.475955199178645,3.782086960301164
48201332900,11.451264620807666,3.739380291581109
48201333000,11.408739947980835,3.746617485284052
48201333100,11.3755708678987,3.742244963039014
48201333201,11.335132618069815,3.734072407255305
48201333202,11.29323534770705,3.744167119096509
48201333300,11.175521472279261,3.755442506502396
48201333500,11.348377242984257,3.76472925119781
48201333600,11.351146975359343,3.803662013689254
48201333700,11.240990883641342,3.820660711841205
48201333800,11.124015941820671,3.830159090349076
48201333901,11.076072286105407,3.79349201779603
48201333902,11.034396235455168,3.756979494182067
48201334001,10.979143572895277,3.743068145790554
48201334002,10.908013907597536,3.73531422587269
48201334003,10.949699472963724,3.762912287474333
48201334100,11.397482499657769,4.044662481177276
48201340100,10.722783820670773,3.717690800136892
48201340201,10.708242323750856,3.685623741273101
48201340202,10.606549815195072,3.65730593908282
48201340203,10.412624754962355,3.644282941820671
48201340301,10.488007543463381,3.671278572895277
48201340302,10.421330924024641,3.66279186036961
48201340400,10.356852168377823,3.675899975359343
48201340500,10.341857364134155,3.687526019164956
48201340600,10.435499499657769,3.686924648186174
48201340700,10.39489314715948,3.703242447638604
48201340800,10.510677251882272,3.691017717316906
48201340900,10.490227887748118,3.72068674880219
48201341000,10.372671998631075,3.718827757700205
48201341100,10.254695733059548,3.704577997262149
48201341201,10.119682631759069,3.70516970568104
48201341202,10.103703747433265,3.672684290896646
48201341301,10.209365918548939,3.664994073237509
48201341302,10.237571507871321,3.689110052019165
48201341400,10.157809223819302,3.638537106091718
48201341501,9.981830440109514,3.629078380561259
48201341502,9.889327989048597,3.633020741957563
48201341600,9.891358655030801,3.607885518822724
48201341700,9.978054648870637,3.606194167693361
48201341800,10.096669812457221,3.616003558521561
48201342001,10.71724694934976,3.631367984941821
48201342002,10.8149827816564,3.647976075290897
48201342100,10.8363237816564,3.628412969199179
48201342200,10.912751454483231,3.622972094455852
48201342300,10.848660904175222,3.60978324366872
48201342400,11.014385830253251,3.629353920602327
48201342500,10.959489351129363,3.627113580424367
48201342700,10.873990612594114,3.628664597535934
48201342800,10.778135206023272,3.627491117727584
48201342900,10.713022077344285,3.620780856262834
48201343000,10.673416645448323,3.622736013689254
48201343100,10.528643308692676,3.621584071868583
48201343200,10.379003213552361,3.616593283367556
48201343301,10.548504379876797,3.626964843942505
48201343302,10.494620485284052,3.630289396988364
48201343600,10.652015344969199,3.647888161533196
48201343700,10.327784371663244,3.623376998631075
48201350100,10.837071006160164,3.797929166324435
48201350200,10.906592950718686,3.774743707049966
48201350300,10.826905399726215,3.772872654346338
48201350400,10.844621188227242,3.747127813141684
48201350500,10.727001984941821,3.746514103353867
48201350601,10.509649932238193,3.744333178644764
48201350602,10.456849003422314,3.769324556468172
48201350700,10.474846632443532,3.779927195071869
48201350801,10.377262725530459,3.767968585900068
48201350802,10.236532339493498,3.739592052019165
48201410100,11.66990307118412,3.984992101300479
48201410200,11.667524197809719,4.018094041067762
48201410300,11.66425525393566,4.042275908281999
48201410401,11.6430547816564,4.046208451060917
48201410402,11.649776632443532,4.028624191649555
48201410500,11.651777556468172,4.003510770704997
48201410600,11.650698131416838,3.973344439425051
48201410701,11.637456620807666,4.003026495550992
48201410702,11.626688113620808,3.992937301163587
48201410800,11.625650125256674,4.031206902806297
48201410900,11.622522972621492,4.024744958247776
48201411000,11.628520327173169,4.059968041067762
48201411100,11.643554059548255,4.061489759069131
48201411200,11.641953431895962,4.099706090349076
48201411300,11.62383282477755,4.148470173853525
48201411400,11.63324175633128,4.101506281314168
48201411501,11.605382965776865,4.116575802190281
48201411502,11.616535819301848,4.086749551676934
48201411600,11.596246023271732,4.140198526351814
48201411700,11.575512477754962,4.130447645448323
48201411800,11.598058364134155,4.090003467488022
48201411900,11.608912690622861,4.010280914442163
48201412000,11.593288201232033,4.037456130047912
48201412100,11.591632049965777,4.027060833675565
48201412200,11.564326217659138,4.039709064339494
48201412300,11.579817579055442,4.073877689938398
48201412400,11.570469631759069,4.093214010951403
48201412500,11.549222434633812,4.091515788501027
48201412600,11.563312470225873,4.111203832306639
48201412700,11.553260075290897,4.130111159479808
48201412800,11.512815979466119,4.125614138945927
48201412900,11.478849448323066,4.115683438056126
48201413000,11.511328470910335,4.104919110882957
48201413100,11.528730422997947,4.08964734017796
48201413201,11.534218859685147,4.064684808350445
48201413202,11.54554993155373,4.05434379945243
48201413300,11.496469501026694,4.07276170294319
48201420100,11.448296658453114,4.08844534017796
48201420200,11.429244640657084,4.098983020533881
48201420300,11.42645027652293,4.124953655030801
48201420400,11.378699089664613,4.12440039835729
48201420500,11.330825088980151,4.153840019849418
48201420600,11.36764486036961,4.148941081451061
48201420700,11.420361874058864,4.150745
48201420800,11.459011902121834,4.152018292950034
48201420900,11.486615801505818,4.157946811088296
48201421000,11.541983073921971,4.153240752224504
48201421101,11.555682785078713,4.163409481177276
48201421102,11.545013708418891,4.184923641341547
48201421201,11.532615448323066,4.192709681724846
48201421202,11.507045682409309,4.197687049281314
48201421300,11.479842492813142,4.210510242984257
48201421401,11.501830444900753,4.201472220396988
48201421402,11.516089735112936,4.196333898015058
48201421403,11.494027038329911,4.193879093086927
48201421500,11.528250605749487,4.172853584531143
48201421600,11.487901524298426,4.180889633127994
48201421700,11.436509305270363,4.181565242984257
48201421800,11.437770499657769,4.173696951403148
48201421900,11.393476704996578,4.176704285420945
48201422000,11.35785249486653,4.171230757015743
48201422100,11.311176555099247,4.17075190349076
48201422200,11.261644198494182,4.190977144421629
48201422301,11.29652874606434,4.196980967830253
48201422302,11.301940665982204,4.184993240246407
48201422401,11.34136525119781,4.201755694729637
48201422402,11.345031698151951,4.193430861738535
48201422500,11.373097611225188,4.195260930869268
48201422600,11.408513327173169,4.204319704312115
48201422701,11.45689767008898,4.20569934017796
48201422702,11.450373623545517,4.226362714579055
48201422800,11.403694637919233,4.234547411362081
48201422900,11.367488125256674,4.247484411362081
48201423000,11.369958221081451,4.227131809034908
48201423100,11.307436269678302,4.260357874743326
48201423201,11.281782641341547,4.257095079397673
48201423202,11.317502067077344,4.2408914366872
48201423301,11.352012631074606,4.227668397672827
48201423302,11.318515119096509,4.218992003422314
48201423401,11.285085010951403,4.214964367556468
48201423402,11.27258905338809,4.236192779603012
48201423500,11.2510398678987,4.248759190965092
48201423600,11.219406014373717,4.215543605749487
48201430100,11.635188902121834,4.188853770020534
48201430200,11.614320505817933,4.216709180013689
48201430300,11.583708081451061,4.238702542094456
48201430400,11.547555245722108,4.255041527036276
48201430500,11.549053550992471,4.264557863791923
48201430600,11.525135826146475,4.280059982888433
48201430700,11.521254916495551,4.293530850787132
48201430800,11.49676,4.31864154072553
48201430900,11.492368967830253,4.294335852156058
48201431000,11.467984468856947,4.301286434633812
48201431101,11.487639148528405,4.275672353182752
48201431102,11.498536267624914,4.264666266940452
48201431201,11.51430476659822,4.249348527720739
48201431202,11.544235275154004,4.239983577686516
48201431301,11.554925752908966,4.222146633812457
48201431302,11.571521414099932,4.213951990417522
48201431401,11.58013554825462,4.204059568788501
48201431402,11.585016874743326,4.19337764202601
48201431501,11.599152936344969,4.197923797399042
48201431502,11.579454850102669,4.219039009582478
48201431600,11.603735678302532,4.204616917180014
48201431700,11.622151369609856,4.176976628336756
48201431801,11.596078409308693,4.177522655030801
48201431802,11.617967589322382,4.160880684462697
48201431900,11.58595967008898,4.156733019164956
48201432001,11.570274531143053,4.184662806297057
48201432002,11.545300559206023,4.211771934976044
48201432100,11.507927095824778,4.234643954140999
48201432200,11.481433262833676,4.26471432991102
48201432300,11.447427167693361,4.291248518138262
48201432400,11.430339501026694,4.283799775496236
48201432500,11.464759496235455,4.258820690622861
48201432600,11.495754959616701,4.231723710472279
48201432701,11.533807223134839,4.209223913073238
48201432702,11.557662238877481,4.179204665297741
48201432801,11.482549600273785,4.221558082819986
48201432802,11.456744685831622,4.236539744010951
48201432901,11.456044362765229,4.253607750855578
48201432902,11.434168620807666,4.255726691307324
48201433001,11.41401475633128,4.287489040383299
48201433002,11.417821829568788,4.266585339493498
48201433003,11.39406729705681,4.277002871321013
48201433100,11.35508759137577,4.276080739904175
48201433201,11.373250449691992,4.273501416837782
48201433202,11.390223174537988,4.26649543394935
48201433300,11.41711448733744,4.250065952772074
48201433400,11.360140303216975,4.265465731690623
48201433501,11.329406873374401,4.274999305270363
48201433502,11.316441412046544,4.276450084873374
48201433600,11.294420714579055,4.272685085557837
48201440100,11.208243935660506,4.251021245722108
48201450100,11.47115667761807,4.333914791238878
48201450200,11.427943072553046,4.344862838466804
48201450300,11.378378879534565,4.360222981519507
48201450400,11.320761248459959,4.362616991786448
48201450500,11.242034496919918,4.373843405201916
48201450600,11.31609072073922,4.375633334017796
48201450700,11.411515733059548,4.344099893223819
48201450801,11.440914607118412,4.322187802190281
48201450802,11.4387771321013,4.322234323750856
48201450900,11.423219880219028,4.31098674880219
48201451001,11.393926158795346,4.331956031485284
48201451002,11.376964280629706,4.335365979466119
48201451100,11.40355162696783,4.330166835728953
48201451200,11.359666865160849,4.346627079397673
48201451300,11.339827531827515,4.349522733059548
48201451401,11.306508516084873,4.356495284052019
48201451402,11.29519082477755,4.35456458384668
48201451403,11.258803973990418,4.357610754962355
48201451500,11.290449980835044,4.3589086954141
48201451601,11.238101206707734,4.37555159890486
48201451602,11.21948983504449,4.37060914715948
48201451700,11.201697219712526,4.356595833675565
48201451800,11.180403711156742,4.34886841615332
48201451901,11.255745030116359,4.345851032169747
48201451902,11.312251853524983,4.342511262833676
48201452000,11.298517248459959,4.353410155373032
48201452100,11.360988859000684,4.327345639972622
48201452201,11.409851318275154,4.31084026146475
48201452202,11.390827908281999,4.302532171115674
48201452300,11.36830173853525,4.298884625598905
48201452400,11.34357706091718,4.322696846680356
48201452500,11.275198318959617,4.332342951403148
48201452600,11.175274503080082,4.343414579055442
48201452700,11.152289217659138,4.342864943189596
48201452801,11.215434206707734,4.334846280629706
48201452802,11.250056199863108,4.323952943189596
48201452900,11.268538626283368,4.319699994524298
48201453000,11.30473801026694,4.307754697467488
48201453100,11.343143618754278,4.298249008213552
48201453200,11.307219578370979,4.288767674195756
48201453300,11.259229495550992,4.287525370294319
48201453401,11.202382483230664,4.292670989048597
48201453402,11.240027566735113,4.296688604380561
48201453403,11.238548382614648,4.311675039698836
48201453501,11.206666684462697,4.315996513347023
48201453502,11.192906772073922,4.320464362765229
48201453601,11.249694037645448,4.319775905544148
48201453602,11.289411230663929,4.311658531827515
48201453700,11.196587437371663,4.329514814510609
48201453800,11.15700361670089,4.32614748733744
48201453900,11.120400097193703,4.338704316906229
48201454000,11.069807247775496,4.354974399726215
48201454100,11.083306559206023,4.354752509240246
48201454200,11.020669199863108,4.363657652977413
48201454301,11.118736346338125,4.362214283367556
48201454302,11.04323312183436,4.364937460643395
48201454400,11.078527175906913,4.379239429842574
48201454501,10.982526718001369,4.392437837782341
48201454502,10.905695183436003,4.385967303216975
48201454600,10.850620779603012,4.395524612594114
48201454700,10.888417958932238,4.397244194387406
48201454800,10.808263138261465,4.389069975359343
48201454900,10.823978308692676,4.390916546885695
48201455000,10.741514587953456,4.38898139835729
48201455101,10.745092039698836,4.384212518822724
48201455102,10.703921061601643,4.392919457221082
48201455200,10.732952819301848,4.389666423682409
48201455300,10.636460553045859,4.392206384668036
48201510100,11.680745737166324,3.976953843942505
48201510200,11.674988310061602,4.007366722792608
48201510300,11.678026123887748,4.002744106091718
48201510400,11.67413212183436,4.034827873374401
48201510500,11.672281330595482,4.058566335386721
48201510600,11.670144316221766,4.068444602327173
48201510700,11.668324508555784,4.049819484599589
48201510800,11.659671734428474,4.1259755229295
48201510900,11.662138148528405,4.11906873100616
48201511001,11.65138034770705,4.150893309377139
48201511002,11.660094883641342,4.126416671457906
48201511100,11.65025517522245,4.121222119096509
48201511200,11.659670353182752,4.093493499657769
48201511301,11.663750539356605,4.067697696783025
48201511302,11.660806614647502,4.039738806297057
48201511400,11.661610440793977,4.014874039698836
48201511500,11.656657822724162,4.061302240246407
48201511600,11.668522340862423,4.017195748117728
48201520100,11.639910021902806,4.177055388090349
48201520200,11.619049930869268,4.204349278576318
48201520300,11.619163728268309,4.209503785763176
48201520400,11.61196424366872,4.213092859000684
48201520500,11.604628230663929,4.234012171115674
48201520601,11.582086034907598,4.237441173169062
48201520602,11.595555429842574,4.23902485284052
48201520700,11.587663095824778,4.24070206844627
48201521000,11.556878203969884,4.272588255989049
48201521100,11.556143004791239,4.279719216290212
48201521200,11.56439851266256,4.265582179329227
48201521300,11.553439162902122,4.271858199863108
48201521400,11.561991960985626,4.267141028062971
48201521500,11.537484791238878,4.279498143052704
48201521600,11.504376448323066,4.315290904175222
48201521700,11.498981617385352,4.302324994524298
48201521800,11.444640678302532,4.334135170431212
48201521900,11.47308620807666,4.33297546954141
48201522000,11.510458645448323,4.305255775496236
48201522100,11.519481751540041,4.303001690622861
48201522201,11.531940256673511,4.295552895277207
48201522202,11.521766175906913,4.297118746748802
48201522301,11.538582023956194,4.283770063655031
48201522302,11.519635205338809,4.293701371663244
48201522401,11.498785869267625,4.31480407118412
48201522402,11.474143082135524,4.324126983572895
48201522500,11.577580212183436,4.245314470225873
48201530100,11.633452151266256,4.176156728268309
48201530200,11.642501288158795,4.118101655030801
48201530300,11.642473981519507,4.05014676659822
48201530400,11.631865986310746,4.054116021218344
48201530500,11.611120908966461,4.074071752908966
48201530600,11.624893649555099,4.089865034907598
48201530700,11.581935201232033,4.11175740862423
48201530800,11.584719967145791,4.133155953456537
48201530900,11.620165034223135,4.124234688569473
48201531000,11.63564854072553,4.119741422997947
48201531100,11.626453245037645,4.147378609856263
48201531200,11.622168160848734,4.182443201232033
48201531300,11.61452219301848,4.19652281724846
48201531400,11.602518245722108,4.216317057494866
48201531500,11.584242403148528,4.226824476386037
48201531600,11.60816111156742,4.189546641341547
48201531700,11.615336764544832,4.155452186858316
48201531800,11.586926054072553,4.171588826830938
48201531900,11.579682557152635,4.202681196440794
48201532001,11.563983356605065,4.225467142368241
48201532002,11.589329747433265,4.217791205338809
48201532100,11.572642305270363,4.232254820670773
48201532200,11.54669920054757,4.244145048596852
48201532300,11.524419026694045,4.270509475017112
48201532400,11.505844703627652,4.285358058863792
48201532501,11.470501668035592,4.298946619438741
48201532502,11.487344029431896,4.287017230663929
48201532600,11.48726672073922,4.270074971252567
48201532700,11.518033970568104,4.25468705338809
48201532800,11.534332498973306,4.240163833675565
48201532900,11.495686158795346,4.253523532511978
48201533000,11.504887837782341,4.233478741273101
48201533100,11.533812707734428,4.212871689253936
48201533200,11.563973318275154,4.199112056810404
48201533300,11.547458833675565,4.158384177960301
48201533400,11.519759525667351,4.196017364818617
48201533500,11.50533620054757,4.165213790554415
48201533600,11.476829585215606,4.185719956194387
48201533701,11.426598101300479,4.2128337816564
48201533702,11.445514310746064,4.214466590691307
48201533801,11.468158700889802,4.232986728952772
48201533802,11.423072093086927,4.257521336755647
48201533901,11.422512906913073,4.299193991786448
48201533902,11.390857168377823,4.309831544832307
48201534001,11.458711114989733,4.278710299110198
48201534002,11.4315648275154,4.305880442847365
48201534003,11.380126676249144,4.316167133470226
48201534100,11.396716543463381,4.330514531143053
48201534201,11.373332360711841,4.352681730321698
48201534202,11.43988559890486,4.335579432580424
48201534203,11.464789635865845,4.323568029431896
48201540100,11.37707687816564,4.368518838466804
48201540200,11.444679477754962,4.347518917180014
48201540501,11.195033269678302,4.39224685284052
48201540502,11.238442260780288,4.393324141683778
48201540601,11.225108554414784,4.389801856262834
48201540602,11.203016557152635,4.395445832991102
48201540700,11.286128578370979,4.38938106091718
48201540800,11.276598904859685,4.383995831622177
48201540901,11.215397264887064,4.396750659137577
48201540902,11.185990223134839,4.399965907597536
48201541001,11.12212807118412,4.39860789596167
48201541002,11.044118782340862,4.403783188227242
48201541003,10.97556331211499,4.403865633812457
48201541100,11.105920600958248,4.40837714715948
48201541201,11.029657125941136,4.409634776865161
48201541202,11.102722367556468,4.412776306639288
48201541203,11.140403880903491,4.406809281314168
48201541300,11.090548687200548,4.401497924024641
48201541400,11.141766914442163,4.400736653661875
48201541500,11.067200325804244,4.406403778918549
48201541601,11.035007042436687,4.400078862422998
48201541602,11.142934236824093,4.398946940451745
48201541700,11.139471279945243,4.393435995208761
48201541800,10.993707856947296,4.404532628336756
48201541900,11.023218015058179,4.403336416837782
48201542000,10.959748606433949,4.398924529089665
48201542101,10.967138302532512,4.406217572895277
48201542102,10.958488260780288,4.41080098220397
48201542200,10.798019663244353,4.402640386036961
48201542301,10.875544632443532,4.406563086926762
48201542302,10.830905561943874,4.406390713894593
48201542400,10.857587120465435,4.398429275838467
48201542500,10.741557042436687,4.400055731690623
48201542600,10.634791453798768,4.386431513347023
48201542700,10.538605338124572,4.382010843942505
48201542800,10.493864944558522,4.383027726899384
48201542900,10.56026188569473,4.381141401779603
48201543001,10.592255364134155,4.390097266940452
48201543002,10.850842696783025,4.40508232238193
48201543003,10.946448377823409,4.41421745174538
48201543100,10.233743329226557,4.354778893908282
48201543200,11.345357364134155,4.370217051334702
48201550100,11.38825553798768,4.215597128678987
48201550200,11.359223525667351,4.232037262833676
48201550301,11.299979048596852,4.258974869952088
48201550302,11.248415107460643,4.293099976043806
48201550401,11.293988159479808,4.305141466803559
48201550402,11.341423859000684,4.274377934976044
48201550500,11.378523026009582,4.254150559206023
48201550601,11.372499098562628,4.277105557837098
48201550602,11.393446266255989,4.265438319644079
48201550603,11.363109638603696,4.291308835728953
48201550700,11.371439765913758,4.306976997262149
48201550800,11.36712729431896,4.287575411362081
48201550900,11.347348355920602,4.309954978781656
48201551000,11.315022442162902,4.31449786036961
48201551100,11.306374711156742,4.315620763175907
48201551200,11.292707407255305,4.33148658110883
48201551300,11.342250519507187,4.323650914442163
48201551400,11.292933134839151,4.346887590006845
48201551500,11.291622995208761,4.360356177275838
48201551600,11.288167596851472,4.372894877481177
48201551701,11.310523032169747,4.370465056125941
48201551702,11.360491017111567,4.35606258110883
48201551703,11.332997376454483,4.36704161670089
48201551800,11.398287437371663,4.363821473648186
48201551900,11.303017401779603,4.382124264887064
48201552001,11.257434945927447,4.388835985626283
48201552002,11.22292065982204,4.389281006160164
48201552101,11.176957668720055,4.393443655030801
48201552102,11.155746056810404,4.394250364818617
48201552103,11.118614432580424,4.398304715947981
48201552200,11.040905905544148,4.408801616016427
48201552301,11.105893292265572,4.402637933607118
48201552302,11.155175650924025,4.392308751540041
48201552400,11.208285796030116,4.392796223134839
48201552500,11.235208815879535,4.378668079397673
48201552601,11.222122561943874,4.37696765982204
48201552602,11.169118256673511,4.390610650239562
48201552700,11.216776085557837,4.380383483915127
48201552800,11.241481954140999,4.360682396988364
48201552900,11.236859421629021,4.355645379192334
48201553001,11.229856463381246,4.3404762183436
48201553002,11.216265822039699,4.332702778918549
48201553100,11.195834396303901,4.315969936344969
48201553200,11.17559473853525,4.313095407255305
48201553300,11.170127657084189,4.292993113620808
48201553401,11.135575900752909,4.313412785078713
48201553402,11.113941384668036,4.32427341615332
48201553403,11.095782239561944,4.339176769336071
48201553500,11.148285804928131,4.346746976728268
48201553600,11.160961754277892,4.344213354551677
48201553700,11.164035412731006,4.35845362696783
48201553801,11.106804362765229,4.363204629021218
48201553802,11.098839882272416,4.373713901437372
48201553900,11.095866105407255,4.377359603011636
48201554001,11.174769845995893,4.366775338124572
48201554002,11.174388847364819,4.373898698151951
48201554101,11.092987138261465,4.390156539356605
48201554102,11.102152073921971,4.389930967145791
48201554200,11.116929136208077,4.39787688569473
48201554301,11.101617145106092,4.404021702258727
48201554302,11.084075648870637,4.406372544832307
48201554401,10.961015110882957,4.409597740588638
48201554402,10.822365300479124,4.416637406570842
48201554403,10.702909727583847,4.406634290896646
48201554501,10.834149821355236,4.406565399726215
48201554502,10.977821189596167,4.404995415468857
48201554600,10.992458868583162,4.406039440109514
48201554700,11.048681173169062,4.402253115674196
48201554801,10.955861861738535,4.406768204654346
48201554802,10.931137649555099,4.403297452429843
48201554901,10.949707744010951,4.400228310061602
48201554902,10.947739242984257,4.390616899383984
48201554903,11.043001603011636,4.379070826146475
48201555000,11.072271592744695,4.35272212936345
48201555100,11.044987207392197,4.353865765913758
48201555200,10.987245924709103,4.363044415468857
48201555301,10.887415195071869,4.402233585900068
48201555302,10.808981368925394,4.403875947980835
48201555303,10.761384899383984,4.410795189596167
48201555401,10.762829028747433,4.412281615331964
48201555402,10.744366450376454,4.407770327173169
48201555501,10.668343586584531,4.403325357289528
48201555502,10.849707027378508,4.406438393566051
48201555600,10.499236542094456,4.39315364202601
48201555701,10.563187697467488,4.402335006844627
48201555702,10.499240425051335,4.396425754962355
48201556000,10.075834661875428,4.348622477754962
48201980000,11.26266772073922,3.776496904859685
48201980100,11.18474892128679,4.148870518822724
48203020102,9.789437057494866,4.269343492813142
48203020103,9.688163828199863,4.342850983572895
48203020104,9.741495134154689,4.284112937029432
48203020200,9.729253368925394,4.402087528405202
48203020301,9.769730301163587,4.355822349075975
48203020302,9.782489802874743,4.360373912388775
48203020401,9.809707402464066,4.398297491444216
48203020402,9.814071646817248,4.416231235455168
48203020501,9.799085030116359,4.381748293634497
48203020502,9.79599899247091,4.395627772758385
48203020603,9.8525896091718,4.494466351129363
48203020604,9.822947867214237,4.463174373716632
48203020605,9.822164900068446,4.468183352498289
48203020606,9.824363660506502,4.491935379876797
48205950200,6.185796965092402,3.227730553730322
48207950300,7.48266475633128,3.77645924366872
48207950400,7.47024922587269,3.782409592744695
48209010100,9.411602791238878,4.540756417522245
48209010200,9.422009119780972,4.535933271731691
48209010302,9.421896501711157,4.544539954825462
48209010303,9.416885739904175,4.53141481724846
48209010304,9.414925021218344,4.534790221081451
48209010400,9.405838034907598,4.545610682409309
48209010500,9.396090366187543,4.527246390143737
48209010600,9.296617790554415,4.489331394934976
48209010701,9.307464037645448,4.479745787816564
48209010702,9.34660650513347,4.502401177275838
48209010803,8.821885764544832,4.288673850787132
48209010804,9.038166902121834,4.359728559206023
48209010805,9.146533491444216,4.381588099247091
48209010806,8.93789126146475,4.300988084873374
48209010807,8.68076728678987,4.209719656399726
48209010808,8.643675279945243,4.185584945242984
48209010809,8.940703789185489,4.300113575633128
48209010901,9.318956501711157,4.452972447638604
48209010902,9.333316818617385,4.469333206023272
48209010905,9.300111825462012,4.473398471594798
48209010906,9.444899529774127,4.536969859685147
48209010907,9.483499099247091,4.535207488706366
48209010908,9.528879119780972,4.542779874058864
48209010909,9.42732736550308,4.523644030116359
48209010910,9.44624327652293,4.52640749486653
48211950300,6.984998631074606,3.549827443531828
48213950100,9.493299208761122,4.428535073921971
48213950200,9.382424381245722,4.361932411362081
48213950300,9.335802372347707,4.324989733744011
48213950400,9.373910290212183,4.3120082183436
48213950500,9.507349103353867,4.290158994524298
48213950601,9.559562571526352,4.268766440109514
48213950602,9.571672422997947,4.246464696098563
48213950700,9.525039557837098,4.177703401779603
48213950800,9.506490039014374,4.263318975359343
48213950901,9.533677251882272,4.287151691307324
48213950902,9.376873770704997,4.301090859685147
48213950903,9.501887782340862,4.299744581793292
48213951000,9.424541278576318,4.302693818617385
48213951100,9.38603159137577,4.30971695687885
48213951200,9.361981622176591,4.307509265571526
48213951300,9.351326575633128,4.318855095140315
48213951400,9.269383463381246,4.340812657084189
48215020101,8.612707838466804,4.164163149897331
48215020102,8.57276270294319,4.167157986995209
48215020201,8.540084536618754,4.152787841204654
48215020202,8.59123120054757,4.165220937713895
48215020204,8.624024349075975,4.16871975633128
48215020205,8.621694440793977,4.171137362080767
48215020301,8.681683429158111,4.165083133470226
48215020302,8.652923110198494,4.159428127994524
48215020402,8.629537883641342,4.171542388090349
48215020403,8.638257206023272,4.165682643394935
48215020404,8.667900355920602,4.178578872005476
48215020501,8.707410109514032,4.202196763175907
48215020503,8.678026036276523,4.206354265571526
48215020504,8.697871566735113,4.198911630390144
48215020600,8.723478027378508,4.21293183504449
48215020701,8.700427826146475,4.195882891170431
48215020721,8.70836893908282,4.199333267624914
48215020723,8.72333098973306,4.205509502395619
48215020724,8.70339635523614,4.198213132785763
48215020725,8.71841249486653,4.194172732375086
48215020726,8.706122741957563,4.191279996577686
48215020802,8.721610676933607,4.206970945242984
48215020803,8.714122065708419,4.213671412046544
48215020804,8.717634826146475,4.210093334702259
48215020901,8.722280668035592,4.215761589322382
48215020903,8.730077370978782,4.211452127994524
48215020904,8.727237052019165,4.213405485968515
48215021000,8.730002039698836,4.219264159479808
48215021100,8.725329832306639,4.21160486036961
48215021201,8.732627202600958,4.22343024366872
48215021202,8.720361481177276,4.226406453798768
48215021302,8.697679989048597,4.231022833675565
48215021303,8.659539105407255,4.228102599589322
48215021304,8.627117764544832,4.20661210403833
48215021305,8.65507853045859,4.212124664613279
48215021401,8.729236401779603,4.221018287474333
48215021403,8.720437880903491,4.233451605749487
48215021404,8.71837051266256,4.227790004106776
48215021500,8.734402275154004,4.239773742642026
48215021600,8.734332654346338,4.232448177275838
48215021701,8.727277439425051,4.218155338124572
48215021702,8.726871610540726,4.22799883504449
48215021803,8.722752911704312,4.230129872005476
48215021804,8.722847567419576,4.223533387405886
48215021805,8.726498417522245,4.231250100616016
48215021806,8.717068429842574,4.225275316906229
48215021901,8.712700273785079,4.234900303901437
48215021903,8.709658650239562,4.235809504449008
48215021904,8.711346363449692,4.231494980835044
48215022001,8.713843965092402,4.230027336071184
48215022003,8.710103264202601,4.235756495550992
48215022004,8.702503902121834,4.241226535249829
48215022103,8.688445594113621,4.236435689253936
48215022104,8.686029798767967,4.234418182067077
48215022105,8.683265941820671,4.236302622176591
48215022106,8.679257801505818,4.241679039698836
48215022201,8.678611396988364,4.232514320328542
48215022203,8.676031146475017,4.244272143052704
48215022204,8.66198646954141,4.247836505817933
48215022300,8.658275075290897,4.242336631759069
48215022401,8.665137044490075,4.238758869952088
48215022402,8.667798526351814,4.227770691991786
48215022501,8.645614073237509,4.225738945242984
48215022502,8.649992455852156,4.232771258726899
48215022600,8.656875759069131,4.234982577686516
48215022701,8.641961127310062,4.228862281998631
48215022702,8.633288909650924,4.22890013963039
48215022800,8.624779811772758,4.237292209445585
48215022900,8.622318697467488,4.228551632443532
48215023000,8.605252091718001,4.216246514031485
48215023102,8.601514258726899,4.212607362765229
48215023103,8.632533986995209,4.224299742642026
48215023104,8.620095228610541,4.214645028747433
48215023503,8.478820681040383,4.131514222450376
48215023504,8.617740800136892,4.173908499657769
48215023507,8.614911850787132,4.194816620807666
48215023509,8.675752171115674,4.191677917864476
48215023510,8.69301568788501,4.206925273785079
48215023511,8.508185219712526,4.148759867214237
48215023512,8.412439939767283,4.110646529089665
48215023513,8.56861888843258,4.180254977412731
48215023514,8.679640031485284,4.216517144421629
48215023515,8.656963244353183,4.211696710472279
48215023600,8.634134552361396,4.191625611225188
48215023700,8.662008202600958,4.204313769336071
48215023801,8.703902463381246,4.220109223134839
48215023802,8.678948980835044,4.213931251882272
48215023902,8.700786917180014,4.206510173169062
48215023903,8.667743104722793,4.198641493497604
48215023904,8.667091757015743,4.196798572895277
48215024000,8.629627901437372,4.180903750171116
48215024105,8.632106181382615,4.176841048596852
48215024106,8.667727501711157,4.177773641341547
48215024107,8.569894455852156,4.160720260095825
48215024108,8.506345840520192,4.142411216290212
48215024109,8.622656891854894,4.16336250513347
48215024110,8.603911169746749,4.16375797467488
48215024111,8.561996741957563,4.155569331279945
48215024112,8.413565896646133,4.112312694045174
48215024113,8.572043613278576,4.155957557837098
48215024114,8.501348872689938,4.134732006844627
48215024201,8.299640257357974,4.084077088980151
48215024203,8.428005484599589,4.121804318275154
48215024204,8.44584441615332,4.127347973305955
48215024205,8.413390796030116,4.118446456536619
48215024301,8.075544773442847,3.992911647501711
48215024302,8.371337443531828,4.107245449007529
48215024402,8.638523626283368,4.217077597535934
48215024403,8.579669542778918,4.188335865160849
48215024404,8.533014895277207,4.166166470910335
48215024500,8.56722862422998,4.187240884325804
48215024600,8.504942177960301,4.16475416495551
48215980000,8.718423973305955,4.217324356605065
48217960100,9.407238438056126,4.069136156741958
48217960200,9.20330778439425,4.090450247091034
48217960400,9.162584396988364,4.159174401779603
48217960500,9.262779388774812,4.233414602327173
48217960600,9.223032722792608,4.195218793292266
48217960700,9.332874056810404,4.216391030116359
48217960800,9.350796235455168,4.172190898015058
48217960900,9.344063136208077,4.176869428473648
48217961000,9.34930017522245,4.186569317590691
48217961100,9.313271977412731,4.15422643394935
48217961400,9.196324553045859,4.213979189596167
48219950100,7.396704088295688,3.759214472963724
48219950200,7.257488273100616,3.670350074606434
48219950300,7.296958815879535,3.689968054757016
48219950400,7.253770226557153,3.669979267624914
48219950500,7.26933002532512,3.668715587953456
48219950600,7.403211039698836,3.74431625119781
48219950700,7.147430930184805,3.600677258042437
48221160100,8.976692378507871,3.958006618069815
48221160204,9.219931665297741,3.980769804928131
48221160205,8.978452113620808,3.973648577002053
48221160206,9.016202775496236,3.959148540041068
48221160207,9.106692679671458,3.974190280629706
48221160208,9.002313936344969,3.958093880219028
48221160209,9.193431358658453,3.960640429158111
48221160210,9.096009507186858,3.993330450376454
48221160301,8.635758140999316,3.912232853524983
48221160302,8.642619881587954,3.902710882956879
48223950100,9.476375531143053,4.362155755646817
48223950200,9.563082767967146,4.320247216290212
48223950300,9.547033490759754,4.362586222450376
48223950401,9.5630447816564,4.370156448323066
48223950402,9.562396675564682,4.368379329226557
48223950500,9.54725701026694,4.370647704312115
48223950600,9.557882650239562,4.379967868583162
48223950700,9.506898798767967,4.381539732375086
48223950800,9.523152828199863,4.348037646817248
48225950100,9.039682657084189,4.314547574264203
48225950200,9.098899350444901,4.323672645448323
48225950300,9.087335885010267,4.327896279945243
48225950400,9.089361838466804,4.325726908966461
48225950500,9.062519101984942,4.312583930184805
48225950600,9.014042340862423,4.297471661875428
48225950700,9.162126950718686,4.332915284052019
48227950100,7.226891367556468,3.690983918548939
48227950200,7.169360761806982,3.675034265571526
48227950300,7.285424676933607,3.719626351129363
48227950400,7.277683496919918,3.713969795345654
48227950500,7.27391623613963,3.713075596851472
48227950600,7.258788321697468,3.703044911704312
48227950700,7.261843453114305,3.709857938398357
48227950801,7.263509421629021,3.712740269678302
48227950802,7.279988706365503,3.718026745379877
48227950900,7.210708885010267,3.688236273785079
48229950300,6.367077532511978,3.113814440793977
48231960100,9.493162240246407,4.257745802874743
48231960200,9.487899315537303,4.214646271731691
48231960300,9.582037529774127,4.16111400752909
48231960400,9.606443544147844,4.206859095824778
48231960500,9.531949323750856,4.280324095824778
48231960600,9.536780613963039,4.27329640109514
48231960700,9.609925141683778,4.272025985626283
48231960800,9.679184344969199,4.198655123887748
48231960900,9.685121490759754,4.202150189596167
48231961000,9.664130760438056,4.224357968514716
48231961100,9.669132073921971,4.223329945242984
48231961200,9.683555263518138,4.225317828199863
48231961300,9.731559405886379,4.192004997262149
48231961400,9.776396400410678,4.139960783709788
48231961501,9.805701977412731,4.115974481861738
48231961502,9.810029709103354,4.126238995893224
48231961503,9.703965388090349,4.190241684462697
48231961600,9.681186039014374,4.204551613963039
48231961700,9.661377280629706,4.206772347022587
48233950200,6.941581182067077,3.58575735523614
48233950500,6.94745032238193,3.575129632443532
48233950600,6.977036514715948,3.590458772073922
48233950700,6.980642434633812,3.596656052019165
48233950800,6.984651354551677,3.597245445585216
48233950900,6.983457914442163,3.595683687200548
48233951000,6.976510895277207,3.588645263518138
48235950100,6.987514838466804,3.628327664613279
48237950100,8.301698902121834,3.832917327173169
48237950300,8.321365720054757,3.839537916495551
48237950500,8.3119749137577,3.841521117727584
48239950100,8.516629127310062,4.138426326488706
48239950200,8.569726412046544,4.159884134839151
48239950300,8.571592015058179,4.17044268788501
48241950100,8.797644074606434,4.140123281314168
48241950200,8.816357688569473,4.123715407939767
48241950300,8.818338460643395,4.115077237508556
48241950400,8.822985637919233,4.109684399726215
48241950500,8.861720264887064,4.076032158110883
48241950600,8.880084221765914,4.063615473648186
48241950700,9.122125710472279,4.087841851471595
48241950800,9.075604012320328,4.072282027378508
48243950100,5.792426729637235,3.03102792881588
48245000101,9.400081995208761,4.144628296372348
48245000102,9.431394113620808,4.158088125256674
48245000103,9.515079162217659,4.184908855578371
48245000200,9.486076759069131,4.172540989048597
48245000302,9.496145221081451,4.167244817932923
48245000304,9.473731768651608,4.157194502395619
48245000306,9.516379602327173,4.184759199178645
48245000307,9.441572490075291,4.150543951403148
48245000308,9.500984795345654,4.170296667351129
48245000309,9.449002040383299,4.14859186036961
48245000310,9.482548306639288,4.173930183436003
48245000400,9.543737391512663,4.194444610540726
48245000500,9.550251661190965,4.196511655030801
48245000600,9.551902780971937,4.201163637919233
48245000700,9.586939783025325,4.210868206707734
48245000900,9.581932006160164,4.205961896646133
48245001100,9.576305924709103,4.203392577686516
48245001200,9.581403088980151,4.210526466803559
48245001301,9.53914962696783,4.18985259890486
48245001302,9.468841509240246,4.156089896646133
48245001303,9.452629077344285,4.148439760438056
48245001700,9.637231264202601,4.231287787132101
48245001900,9.625238856262834,4.22668478439425
48245002000,9.614926587953456,4.215604468172485
48245002100,9.581761796714579,4.203256737850787
48245002200,9.54138854072553,4.184859099247091
48245002300,9.578136550992471,4.20554757357974
48245002400,9.618970585215606,4.224247532511978
48245002500,9.591865367556468,4.214485857631759
48245002600,9.593562142368241,4.210616539356605
48245005100,8.999614418206708,4.03032459137577
48245005400,9.087675277207392,4.054642843258042
48245005500,9.094011441478439,4.056838366187543
48245005600,9.101011846680356,4.057692019849418
48245005900,9.084509344969199,4.057527896646133
48245006100,9.070517810403833,4.053028378507871
48245006300,9.118988047912389,4.06815629705681
48245006400,9.131594752224504,4.071275371663244
48245006500,9.145055529774127,4.073509700205339
48245006600,9.203798099247091,4.085188749486653
48245006700,9.172203036276523,4.080441081451061
48245006800,9.210565613278576,4.100853250513347
48245006900,9.236802600958248,4.111454265571526
48245007001,9.34196467761807,4.14012401026694
48245007002,9.291665496919918,4.121749892539357
48245007100,9.262349857631759,4.105823272416153
48245010100,9.112477742642026,4.061772262833676
48245010200,9.193406097193703,4.083380521560575
48245010300,9.213302747433265,4.090176069130732
48245010400,9.269908370978782,4.110720237508556
48245010500,9.211856806297057,4.085811501026694
48245010600,9.228232289527721,4.098789196440794
48245010700,9.279604195071869,4.11255368788501
48245010800,9.394904989048597,4.140707305954826
48245010901,9.410873950718686,4.156441439425051
48245010902,9.347338062970568,4.136091403832991
48245011001,9.387273391512663,4.148669005475702
48245011002,9.42154190622861,4.159185084188912
48245011101,9.409729863791923,4.15402173100616
48245011102,9.432697638603696,4.15800227926078
48245011201,9.525237185489391,4.187923327173169
48245011202,9.491768608487337,4.177901302532512
48245011203,9.462371083504449,4.168440920602327
48245011302,9.412258435318275,4.149794466803559
48245011303,9.094602158795346,4.014532548939083
48245011304,9.347608156057495,4.116241854893908
48245011400,9.215867351813826,4.036306023271732
48245011500,8.996827124572211,3.922212248459959
48245011600,8.697900612594114,3.907101509924709
48245011700,9.609985002737851,4.214179054072553
48245011800,9.089690793976728,4.055098619438741
48245980000,9.374972162217659,4.136443441478439
48247950200,7.580026911704312,3.832284492813142
48247950400,7.560056874743326,3.83347170294319
48249950100,8.297754639972622,4.017526836413416
48249950200,8.275016169062286,4.028461419575633
48249950300,8.359415725530459,4.044788969199179
48249950400,8.335687094455852,4.044643251882272
48249950500,8.31920264202601,4.041665668720055
48249950600,8.340397894592745,4.040728067077344
48249950700,8.030005911019849,3.957120602327173
48251130100,9.3915098275154,3.999705340862423
48251130204,9.958592238193018,3.944985802190281
48251130205,9.992427026009582,3.936632191649555
48251130207,9.996627306639288,3.964614134154689
48251130208,9.981317563997262,3.953984019164956
48251130210,9.83785476386037,4.010499188227242
48251130211,9.930371526351814,3.998021606433949
48251130212,9.711200122518823,3.966352825462012
48251130213,9.65887584531143,4.006154483230664
48251130214,9.806686524298426,4.000695377823409
48251130215,9.873296484599589,3.959272542778918
48251130302,9.620802651608487,4.03190640862423
48251130303,9.722381603696099,4.026898925393566
48251130304,9.7360454770705,4.031838388090349
48251130405,10.06303859137577,3.909665354551677
48251130406,10.007823954825462,3.944138480492813
48251130407,10.055317801505818,3.88020859890486
48251130408,9.883326714579055,3.916465542094456
48251130409,9.791867796030116,4.005282093086927
48251130410,9.861925615331964,3.960349155373032
48251130500,9.566414621492129,4.018331284052019
48251130601,9.327995819301848,4.056026160848734
48251130602,9.190193021218344,4.017799752224504
48251130700,9.601508554414784,4.044723668720055
48251130800,9.627402690622861,4.039537488706366
48251130900,9.646035134154689,4.036738594798084
48251131000,9.540139739904175,4.043641214236824
48251131100,9.566432655715264,4.039324744695414
48253020101,7.734502039014374,3.895564478439425
48253020102,7.686962340862423,3.873264444900753
48253020200,7.638982882956879,3.87105295687885
48253020300,7.465992284736482,3.804059505817933
48253020400,7.587082861054073,3.840089725530459
48253020500,7.653979403832991,3.87808522587269
48255970100,8.439653765229295,4.140612510609172
48255970200,8.340955499657769,4.10027990349076
48255970300,8.303168535249829,4.092272900068446
48255970400,8.332953204654346,4.098991190965092
48257050201,10.101019349075975,3.905182956194387
48257050203,9.969603288158795,3.99580078439425
48257050204,10.00481792881588,4.002068900068446
48257050205,10.054031711156742,3.974834278576318
48257050206,10.018759227926078,3.946085127994524
48257050300,9.887258757015743,4.069405290896646
48257050400,9.843478527720739,4.085461222450376
48257050500,9.856702006160164,4.079958810403833
48257050600,9.745744108145106,4.129760741957563
48257050701,9.850009159479808,4.057447588637919
48257050703,9.627033991786448,4.161489342231348
48257050704,9.684253826830938,4.153315185489391
48257050800,9.772507271731691,3.988909582477755
48257051000,9.750373486652977,4.095208024640657
48257051100,9.732668311430527,4.08510858384668
48257051201,9.615841893908282,4.170844106776181
48257051202,9.626170450376454,4.075379188227242
48257051300,9.586928577686516,4.185586402464066
48259970100,8.222357828199863,4.049008524982888
48259970301,8.324117291581109,4.087225915811088
48259970302,8.318752811772758,4.087960292950034
48259970401,8.733687465434634,4.240244298425736
48259970402,8.567423416837782,4.182915125941136
48259970500,8.560672917864476,4.181722917864476
48261950100,7.775975329226557,3.856685819986311
48263950100,7.003464776180698,3.585214883641342
48265960100,7.886696944558522,3.942835537303217
48265960200,7.778373055441478,3.904997989048597
48265960301,7.328299702258727,3.731857804243669
48265960302,7.243883761806982,3.691671202600958
48265960401,7.81237841615332,3.919909075975359
48265960402,7.766939895277207,3.900315830937714
48265960500,7.804743665297741,3.912335586584531
48265960600,7.843116947980835,3.931811074606434
48265960700,7.82329870568104,3.915270608487337
48265960800,8.020659958932238,3.995764298425736
48267950100,7.102543872005476,3.65137456605065
48267950200,7.092167578370979,3.647801869952088
48269950100,7.058279439425051,3.601611544147844
48271950100,7.167078750855578,3.721945441478439
48273020100,8.181503202600958,3.938423567419576
48273020200,8.391802623545517,4.024173991786448
48273020300,8.384631103353867,4.032628971937029
48273020400,8.333823668720055,4.011042889117043
48273020500,8.326734212867899,4.000324528405202
48275950100,7.349680926762491,3.706540722108145
48275950200,7.48164152019165,3.763072724161533
48277000101,9.366891162902122,4.300684062970568
48277000102,9.298299352498289,4.258429947296372
48277000200,9.424096460643395,4.315865549623546
48277000300,9.422440250513347,4.350051830253251
48277000401,9.451669532511978,4.345347613963039
48277000402,9.434699502395619,4.336536864476386
48277000500,9.431054440109514,4.336334366187543
48277000600,9.425127425735797,4.323791674880219
48277000700,9.432389739219712,4.32870183504449
48277000800,9.449615296372348,4.338307240246407
48277000900,9.455409326488706,4.348561171115674
48277001000,9.460850414784394,4.347336102669404
48279950100,7.282372961670089,3.724420306639288
48279950200,7.210493700205339,3.691135433264887
48279950300,7.115843422313484,3.630218948665298
48279950500,7.288850434633812,3.717314125256674
48279950600,7.316779039014374,3.727600032854209
48281950100,8.056874762491444,3.968449470910335
48281950301,8.588898203969884,4.18051594934976
48281950302,8.213341194387406,4.022805393566051
48281950400,8.307204145106092,4.068563648870637
48281950500,8.281975669404518,4.056688376454483
48283950300,7.578359301848049,3.874282619438741
48285000100,8.524826284052019,4.131146910335387
48285000200,8.600632978097194,4.179211359342916
48285000300,8.639439699520876,4.203110166324435
48285000400,8.64953049486653,4.218912505817933
48285000500,8.533631577686516,4.166393257357974
48285000600,8.612779850787132,4.210449484599589
48287000100,8.904794772758385,4.29925625393566
48287000200,8.839822590006845,4.259771986310746
48287000300,8.822908929500342,4.250558209445585
48287000400,8.829308748117728,4.250727281314168
48289950100,9.08641261670089,4.330002739219712
48289950200,9.058529041067762,4.327190235455168
48289950300,9.081956854893908,4.329943501711157
48291700100,9.750968079397673,4.14551205065024
48291700200,9.601844274469541,4.115257160164271
48291700300,9.865677449691992,4.071454002737851
48291700400,9.478256982888433,4.003019295687885
48291700500,9.270554277207392,4.034537961670089
48291700600,9.053747178644764,3.987120012320328
48291700700,9.209605620807666,3.91220525393566
48291700800,9.578261559206023,3.918633865845311
48291700900,9.9329554366872,3.966170853524983
48291701000,10.08820328678987,3.873537963039014
48291701100,9.599779559890486,3.801276133470226
48291701200,9.328729223819302,3.811060567419576
48291701300,9.022124819301848,3.870351618754278
48291701400,8.99984503559206,3.802457859685147
48293970100,9.090483153319644,4.252524599589322
48293970200,9.127374882956879,4.269129313483915
48293970300,9.13544264202601,4.280606770020534
48293970400,9.133991953456537,4.291119362080767
48293970500,9.14172166255989,4.292587930184805
48293970600,9.060146292265572,4.293072167693361
48293970700,9.174778036960986,4.351740291581109
48293970800,9.038826266255989,4.314755303216975
48295950200,6.987829816563997,3.576130318275154
48295950300,6.993425989048597,3.551285958932238
48297950100,8.218213411362081,4.053207968514716
48297950200,8.217979681040383,4.030870816563997
48297950300,8.19196010403833,4.013093503764545
48297950400,8.44504987063655,4.072531256673511
48299970100,7.786989879534565,3.893897770704997
48299970200,7.861612271047228,3.91442464202601
48299970300,7.820890754277892,3.894826830937714
48299970400,8.291028075975359,4.059102637919233
48299970500,8.236535185489391,4.052038717316906
48299970600,8.19583546201232,4.035259440109514
48301950100,6.607223563997262,3.34952499247091
48303000100,7.882456994524298,3.979908982888433
48303000201,7.905651032854209,3.992680825462012
48303000202,7.935251672826831,4.001431121149897
48303000301,7.93949165982204,4.006090356605065
48303000302,7.919000933607118,3.993393550308008
48303000402,7.894164937713895,3.979460301848049
48303000403,7.921303495550992,3.993001468172485
48303000404,7.867625257357974,3.96570545174538
48303000405,7.889267792607803,3.981487491444216
48303000500,7.932438963723477,4.001077982888433
48303000603,7.945788960301164,4.00984082477755
48303000605,7.943454829568788,4.012342461327858
48303000607,7.950677965092402,4.011380403148528
48303000700,7.934367488706366,4.003868728268309
48303000900,7.895867421629021,3.98253388569473
48303001000,7.891030577002053,3.988378919917864
48303001200,7.887854666666667,3.984941420944558
48303001300,7.950849352498289,4.012181810403833
48303001400,7.958423595482546,4.00750279192334
48303001501,7.952264632443532,4.019271088980151
48303001502,7.958161869952088,4.012106475701574
48303001601,7.914903918548939,3.993859368925394
48303001602,7.939590396303901,3.999021162902122
48303001702,7.891898472963724,3.980092828884326
48303001705,7.862545406570842,3.965467635181383
48303001706,7.859406647501711,3.965512234086242
48303001707,7.827568368925394,3.949801351813826
48303001708,7.886040161533196,3.975051688569473
48303001709,7.895284933607118,3.981505866529774
48303001801,7.91693977412731,3.99332298220397
48303001803,7.90196206091718,3.983748307323751
48303001804,7.867672031485284,3.967955856262834
48303001901,7.935410832306639,3.999644216974675
48303001903,7.913796926762491,3.991812108145106
48303001904,7.886284227926078,3.97815870294319
48303002001,7.957596432580424,4.020676714579055
48303002002,7.964938403148528,4.017104718001369
48303002101,7.935094859000684,3.999858618754278
48303002102,7.897585581793292,3.99025732991102
48303002202,7.901433449007529,3.989283543463381
48303002203,7.948443709103354,4.018690098562628
48303002204,7.93529965229295,4.000720433264887
48303002300,7.961781635865845,4.012220623545517
48303002400,7.952120254620123,4.015972822039699
48303002500,7.87913085284052,3.971866629021218
48303010101,7.557089181382615,3.844934453798768
48303010102,7.649965411362081,3.884806775496236
48303010200,7.749475308008214,3.931265305270363
48303010301,7.638687234086242,3.87055546201232
48303010302,7.693233559206023,3.888286117043121
48303010402,7.79990648733744,3.939472305270363
48303010403,7.823807772758385,3.948440580424367
48303010404,7.720613498973306,3.888161665982204
48303010405,7.769672377823409,3.918331686516085
48303010406,7.704605478439425,3.891997751540041
48303010407,7.790482954825462,3.929542070499658
48303010408,7.608452023956194,3.840569065708419
48303010502,7.845139897330596,3.955147618069815
48303010504,7.856273617385352,3.96178602532512
48303010505,7.860980073921971,3.967886130732375
48303010506,7.867725661190965,3.971258443531828
48303010508,7.694794303901437,3.890897359342916
48303010509,7.809337136892539,3.938770635865845
48303010510,7.825608632443532,3.951683319644079
48303010511,7.824031610540726,3.946369778918549
48303010600,7.451866366187543,3.799436347022587
48303010700,7.544280226557153,3.835627605749487
48303980000,7.839785017111567,3.960740873374401
48305950400,7.325521733059548,3.726135969199179
48305950500,7.228235250513347,3.680636815879535
48305950600,7.199691189596167,3.656844459958932
48307950300,7.340892908281999,3.741413547570157
48307950400,7.340722882956879,3.734416429158111
48307950500,7.325952274469541,3.725393902121834
48309000100,9.605780626283368,4.518103783025325
48309000200,9.582512989048597,4.510761002737851
48309000300,9.592238421629021,4.510354755646817
48309000400,9.603465709787817,4.527722091033539
48309000598,9.612227618754278,4.536344645448323
48309000700,9.621383698836413,4.528426667351129
48309000800,9.611423876796715,4.52365238329911
48309000900,9.612300811088296,4.512390658453114
48309001000,9.614797926078029,4.518325945927447
48309001100,9.6138564366872,4.515776848049281
48309001200,9.617619277207392,4.514057438740589
48309001300,9.616663978097194,4.509447616016427
48309001400,9.616256958247776,4.51045215468857
48309001500,9.600008969199179,4.51111429705681
48309001600,9.601451323750856,4.496990995893224
48309001700,9.56554241889117,4.479105235455168
48309001800,9.541569552361396,4.491583898015058
48309001900,9.560145961670089,4.503860521560575
48309002000,9.538669292265572,4.510351325804244
48309002100,9.586304490759754,4.526138273100616
48309002302,9.610611700205339,4.531298441478439
48309002498,9.612727796714579,4.53166402532512
48309002501,9.580880665297741,4.519257191649555
48309002503,9.575972128678987,4.521531550992471
48309002504,9.521557246406571,4.503990361396304
48309002600,9.591761960985626,4.511413491444216
48309002700,9.613557890485968,4.519616839151266
48309002800,9.602126208761122,4.509149171115674
48309002900,9.479104537303217,4.464882841889117
48309003000,9.611627165639973,4.511529656399726
48309003200,9.561775580424367,4.469960106776181
48309003300,9.547635533880904,4.462355063655031
48309003400,9.527377850102669,4.43502201026694
48309003500,9.376815859685147,4.389240628336756
48309003601,9.204978645448323,4.357367991101985
48309003602,9.342125059548255,4.424587086926762
48309003701,9.425124572895277,4.472875678302532
48309003703,9.482510630390144,4.494662471594798
48309003706,9.535987192334018,4.518054577002053
48309003707,9.520192125256674,4.50840474606434
48309003708,9.475739062286105,4.495835829568788
48309003801,9.375854823408624,4.466175748117728
48309003802,9.257308973990418,4.427635767967146
48309003900,9.191437368925394,4.380340478439425
48309004000,9.075920785078713,4.307490052703628
48309004102,9.329342950034223,4.366689746748802
48309004103,9.549868230663929,4.462659410677618
48309004201,9.379341735797399,4.322375622861054
48309004202,9.452632225188227,4.376757757015743
48309004300,9.604754602327173,4.532281290212183
48309980000,9.559962432580424,4.484256637919233
48311950100,7.81903863449692,3.925775816563997
48313000100,9.208817388774812,4.35215031211499
48313000200,9.193128288158795,4.347245798767967
48313000300,9.092984124572211,4.326195655030801
48313000400,9.192164377823409,4.352418318275154
48315950100,9.680528002737851,4.274438633127994
48315950200,9.647997656399726,4.362346751540041
48315950300,9.625758626283368,4.394979394934976
48315950400,9.688165413415469,4.325468499657769
48317950100,7.237785549623546,3.66424789596167
48317950200,7.330638648870637,3.728582178644764
48319950100,7.400520307323751,3.756366648186174
48319950200,7.406632747433265,3.760354508555784
48321730100,8.906871948665298,4.142759791238878
48321730201,9.00415759137577,4.142245718001369
48321730202,8.911058501026694,4.120206626283368
48321730301,8.824239363449692,4.139243889117043
48321730302,8.782272257357974,4.130746578370979
48321730303,8.736450778234086,4.09243188569473
48321730400,8.720560572895277,4.123200840520192
48321730501,8.403480652977413,4.011233300479124
48321730600,8.236109587268994,4.014729652977413
48321730700,8.615803706365503,4.122113334017796
48323950201,7.312949143737166,3.802821565366188
48323950204,7.528746412046544,3.903770648186174
48323950205,7.508310045174538,3.891512419575633
48323950300,7.511750299110198,3.89958170294319
48323950400,7.514764471594798,3.894346655030801
48323950500,7.5271385633128,3.907500227926078
48323950601,7.526479640657084,3.902629286105407
48323950602,7.511967381930185,3.898152550992471
48323950700,7.315097417522245,3.803916516084873
48325000101,8.791700951403148,4.298047592060233
48325000102,8.707400502395619,4.237439609856263
48325000200,7.884287930869268,3.97655602532512
48325000300,8.162910245037645,4.058561544832307
48325000401,8.691374264887064,4.268398709787817
48325000402,8.670613414099932,4.260579704312115
48325000500,8.216961167008898,4.103800480492813
48325000800,8.403338577686516,4.168793532511978
48327950300,7.080865058863792,3.654005670773443
48329000100,7.526397765913758,3.804015461327858
48329000200,7.538171059548255,3.809939579739904
48329000302,7.559044400410678,3.820332029431896
48329000303,7.546805747433265,3.807341422313484
48329000304,7.560272001368925,3.814185594798084
48329000305,7.549346455852156,3.813715331964408
48329000401,7.55372636550308,3.817057583162218
48329000402,7.548371319644079,3.807541498973306
48329000500,7.540004364134155,3.807725987679672
48329000600,7.534131982888433,3.806246581793292
48329001100,7.532233978781656,3.805708592744695
48329001200,7.542677120465435,3.817806022587269
48329001300,7.541152752908966,3.812155565366188
48329001400,7.513625057494866,3.802209273100616
48329001500,7.505647214236824,3.797986080082136
48329001700,7.519904396303901,3.803901546201232
48329010104,7.555019652977413,3.813083630390144
48329010105,7.568706023956194,3.824658151266256
48329010106,7.565646253251198,3.826661637234771
48329010107,7.546740362080767,3.812733661875428
48329010108,7.527534015058179,3.803960436002738
48329010109,7.276141880219028,3.710805719370294
48329010112,7.533117298425736,3.802941631759069
48329010113,7.23605838329911,3.697713028747433
48329010114,7.54546221560575,3.809240613278576
48329010200,7.523108901437372,3.808015099931554
48329980000,7.530894310061602,3.801894568104038
48331950100,8.993003707049966,4.343837740588638
48331950300,9.010818604380561,4.349675260095825
48331950401,8.977865788501027,4.343683685831622
48331950402,9.015028121149897,4.355738075975359
48331950500,8.919382410677618,4.302725549623546
48331950700,8.981198579739904,4.331486880219028
48331950800,8.988460783709788,4.335732069130732
48333950100,7.789388741273101,3.872444327857632
48333950200,7.79843325393566,3.882835699520876
48335950200,7.210057470910335,3.699060256673511
48335950400,7.128092960985626,3.664900297741273
48337950100,8.793494017111567,3.894313545516769
48337950200,8.609455264202601,3.898290422997947
48337950300,8.67026447980835,3.898685731690623
48337950400,8.751269880219028,3.93037854072553
48337950500,8.734119421629021,3.926152576317591
48337950600,8.882958629705681,3.924476568104038
48339690100,10.289437425051335,4.379514622176591
48339690201,10.136648691991786,4.365672596851472
48339690202,10.444611893223819,4.404455768651608
48339690300,10.162990444900753,4.375101178644764
48339690401,10.331815205338809,4.403984167693361
48339690402,10.497173170431212,4.410412804928131
48339690500,10.534852866529774,4.41791423613963
48339690601,10.635428403148528,4.419156154004107
48339690602,10.659646477754962,4.423827531143053
48339690700,10.688105930184805,4.392661291581109
48339690800,10.702534419575633,4.407657544147844
48339690900,10.68801321560575,4.41154725393566
48339691000,10.70928123340178,4.409944225188227
48339691100,10.730547120465435,4.405444955509925
48339691200,10.776960760438056,4.399369154004107
48339691301,10.758809850787132,4.406264161533196
48339691302,10.814553461327858,4.394017570841889
48339691400,10.9138599137577,4.370421973305955
48339691500,10.857947145790554,4.378199765229295
48339691601,10.840036145790554,4.378378470225873
48339691602,10.873816570157426,4.365286303216975
48339691700,10.792346769336071,4.37973004312115
48339691800,10.833716739219712,4.372239510609172
48339691900,10.880746333333333,4.345672832306639
48339692001,10.814117757015743,4.321233305270363
48339692002,10.886663907597536,4.224503557837098
48339692100,10.68349617522245,4.37087394661191
48339692200,10.531413674880219,4.321708237508556
48339692300,10.745080625598905,4.2028253045859
48339692400,10.719726054757016,4.127599955509925
48339692500,10.473556632443532,4.131134914442163
48339692601,10.427166292265572,4.235130180698152
48339692602,10.56060040862423,4.207820707734428
48339692700,10.293491442847365,4.204130326488706
48339692801,10.114297533880904,4.130663154004107
48339692802,10.234841338124572,4.111060287474333
48339692900,9.996717787816564,4.178128495550992
48339693000,10.206696022587269,4.279149188911704
48339693101,10.398601115674196,4.394480176591376
48339693102,10.399441362080767,4.373352885010267
48339693200,10.513258660506502,4.389374122518823
48339693300,10.471403535934292,4.412117754962355
48339693400,10.429465993839836,4.401731290212183
48339693500,10.356058135523614,4.402480572895277
48339693600,10.371288973305955,4.409175654346338
48339693700,10.246759691307324,4.41263577412731
48339693800,10.236507805612594,4.392938313483915
48339693900,10.256399937713895,4.374905610540726
48339694000,10.025704895277207,4.278776056125941
48339694101,9.91357374606434,4.342287631759069
48339694102,10.069524872005476,4.36542315742642
48339694201,9.907942366187543,4.378418019849418
48339694202,10.100440171800137,4.402425032169747
48339694301,9.968102830937714,4.395065407255305
48339694302,10.106369793292266,4.403469154004107
48339694400,10.162735519507187,4.40292639835729
48339694500,10.243752435318275,4.406293624914442
48339694600,9.843828176591376,4.347734505817933
48339694700,9.59388300752909,4.337627518822724
48341950100,6.901290126625599,3.56070166255989
48341950200,6.805146238877481,3.516448422997947
48341950300,6.826696580424367,3.525869351813826
48341950400,6.815626272416153,3.524479222450376
48343950100,9.648253693360712,4.418787409308693
48343950200,9.610180565366188,4.407755606433949
48343950300,9.619684623545517,4.411981802190281
48345950100,6.909060718685832,3.543076114989733
48347950100,9.340288324435318,4.41780312183436
48347950200,9.292256180013689,4.416917355920602
48347950301,9.380216041067762,4.458439158795346
48347950302,9.283048822724162,4.416841033538672
48347950400,9.360598828199863,4.445625281314168
48347950501,9.415711813141684,4.46849014715948
48347950502,9.402684814510609,4.461478090349076
48347950600,9.418639896646133,4.467236654346338
48347950700,9.420933804243669,4.470082355920602
48347950800,9.435858908281999,4.476779407939767
48347950900,9.412987778918549,4.470867659137577
48347951000,9.395656333333333,4.459957905544148
48347951100,9.089502522245038,4.321370054757016
48349970100,9.461867137577002,4.153133184120465
48349970200,9.408388108145106,4.156081318959617
48349970300,9.352684442847365,4.138462466119096
48349970400,9.244970303216975,4.117756223819302
48349970500,9.3747916954141,4.179000318275154
48349970600,9.361731183436003,4.257350366872006
48349970700,9.290531001368925,4.246084029431896
48349970800,9.376890242984257,4.192336536618754
48349970900,9.302229590006845,4.204009049281314
48349971000,9.170837118412046,4.209751778234086
48351950100,8.742651076659822,4.102090164271047
48351950200,8.821923810403833,4.078841620807666
48351950300,8.932823028747433,4.027780694045174
48351950400,9.172424273100616,4.044133117727584
48353950100,7.29779278439425,3.735884510609172
48353950200,7.308752703627652,3.739603709103354
48353950300,7.294730331279945,3.737446651608487
48353950400,7.297741800136892,3.736366747433265
48353950500,7.180849865845311,3.685329721423682
48355000500,8.726981661190965,3.858789744010951
48355000600,8.746176023956194,3.857066216974675
48355000700,8.783386511293634,3.884059442847365
48355000800,8.733100013689254,3.91218015742642
48355000900,8.714487109514032,3.865487836413416
48355001000,8.689566665297741,3.8618307816564
48355001100,8.703459841204654,3.859873283367556
48355001200,8.652642611225188,3.852334004791239
48355001300,8.673416421629021,3.87052788843258
48355001400,8.626726654346338,3.863822987679672
48355001500,8.662535486652977,3.868908711156742
48355001601,8.704491438056126,3.872389352498289
48355001602,8.67718935797399,3.87727950513347
48355001701,8.688868246406571,3.884972959616701
48355001702,8.667872430527036,3.893046683778234
48355001801,8.657844819986311,3.88232922587269
48355001802,8.618901966461328,3.883882754962355
48355001902,8.58778697467488,3.874286732375086
48355001903,8.611967600958248,3.88507166255989
48355001904,8.620694611225188,3.87737893908282
48355002001,8.64234617522245,3.874368028062971
48355002002,8.631317040383299,3.872034323750856
48355002101,8.59392374880219,3.874133366872006
48355002102,8.576271336755647,3.861298108145106
48355002200,8.583559290212183,3.878459124572211
48355002301,8.573412592060233,3.86832125119781
48355002303,8.563294149897331,3.877042854893908
48355002304,8.548441997262149,3.875065013689254
48355002400,8.523492073237509,3.866286523613963
48355002500,8.535229920602327,3.858268962354552
48355002601,8.498801049965777,3.85908007118412
48355002602,8.46675999247091,3.859452077344285
48355002603,8.493546778918549,3.858505342915811
48355002703,8.422601541409993,3.855489388090349
48355002704,8.3661988275154,3.84881423340178
48355002705,8.434279549623546,3.852179971937029
48355002706,8.366337778234086,3.845922511293634
48355002900,8.234247165639973,3.824563386036961
48355003001,8.223988901437372,3.831819186173854
48355003002,8.226367080082136,3.836367292265572
48355003101,8.173021936344969,3.833896302532512
48355003102,8.2456407816564,3.843448095824778
48355003202,8.331572668035592,3.844850181382615
48355003203,8.403609405886379,3.851106134154689
48355003204,8.387638872689938,3.855365583162218
48355003303,8.47621838329911,3.85877510403833
48355003304,8.4682036091718,3.872986507871321
48355003305,8.439846453114305,3.859040217659138
48355003306,8.420424684462697,3.851742298425736
48355003401,8.519377275838467,3.866898234086242
48355003402,8.507320091718001,3.869351340862423
48355003500,8.814263431211499,3.948494122518823
48355003601,8.841451413415469,4.025334303216975
48355003602,8.842192706365503,4.009073181382615
48355003603,8.827462514715948,3.987508758384668
48355003700,8.849305466803559,4.052825065023956
48355005102,7.98738099247091,3.804747154004107
48355005404,8.331996020533881,3.857267046543463
48355005406,8.451727822039699,3.885983594113621
48355005407,8.503395754962355,3.873063978781656
48355005408,8.486257413415469,3.873155180698152
48355005409,8.469299989048597,3.88190765982204
48355005410,8.448962814510609,3.871053868583162
48355005411,8.459308275154004,3.868415014373717
48355005412,8.434479836413416,3.869877748117728
48355005413,8.419051915811088,3.863364872005476
48355005414,8.372519297741273,3.854617659137577
48355005415,8.402545422997947,3.860883407255305
48355005416,8.383208211498973,3.86182320807666
48355005417,8.322538742642026,3.854972248459959
48355005601,8.753059274469541,4.035977278576318
48355005602,8.720209571526352,4.009187308692676
48355005801,8.800020846680356,4.054849285420945
48355005802,8.635883272416153,4.055306547570157
48355005900,8.527987945927447,4.034030541409993
48355006000,8.482720939767283,3.960584724161533
48355006100,8.457496409308693,4.020881223134839
48355006200,8.025157715263518,3.791779403148528
48355006300,8.815553934291581,3.916953499657769
48355006400,8.677080494182067,3.851553377823409
48355980000,8.74989203559206,3.917659560574949
48357950100,6.993817293634497,3.597898590691307
48357950300,7.051059399726215,3.637224562628337
48357950400,7.043202022587269,3.624040796714579
48359950100,6.278760062286105,3.28120332991102
48361020200,9.285727489390828,4.032462704312115
48361020300,9.263640817932923,4.052879281314168
48361020500,9.279094227241615,4.050023509924709
48361020700,9.398123806297057,4.108162092402464
48361020800,9.327604263518138,4.070082115674196
48361020900,9.303830455852156,4.051263437371663
48361021000,9.30121782477755,4.034438652977413
48361021100,9.299293162217659,4.032186550992471
48361021200,9.328556140999316,4.069423498973306
48361021300,9.331453720054757,4.065489651608487
48361021400,9.407351585215606,4.118410437371663
48361021501,9.368676831622177,4.109270688569473
48361021502,9.443152933607118,4.145150424366872
48361021600,9.480093932238193,4.174456559890486
48361021700,9.570441984941821,4.201674479123888
48361021800,9.479821122518823,4.157632082819986
48361021900,9.520561388774812,4.175036362080767
48361022000,9.589924123887748,4.2039394770705
48361022200,9.484533075975359,4.164270520876112
48361022300,9.373954150581793,4.131401861738535
48361022400,9.185715495550992,4.059287954140999
48363000100,8.257710149897331,3.847347798083504
48363000200,7.993656450376454,3.80226481724846
48363000300,8.313469028062971,3.862859047227926
48363000400,8.616632904859685,3.930778935660506
48363000500,8.635384780287474,3.927894039014374
48363000600,8.694814694729637,3.938504746748802
48363000700,8.72635211156742,3.947586051334702
48363000800,8.675815078028747,3.940876136208077
48363000900,8.635367188227242,3.932402906913073
48365950100,9.509211082819986,4.318923338124572
48365950200,9.719024893908282,4.468395381930185
48365950300,9.56804145174538,4.40913515742642
48365950400,9.558361863791923,4.413390748117728
48365950500,9.467780525667351,4.430046327173169
48365950600,9.42366653045859,4.370768638603696
48367140101,9.30562784531143,3.960838647501711
48367140102,9.257745880903491,3.970714331964408
48367140200,9.248348351129363,3.968223843258042
48367140300,9.18333687816564,3.970205269678302
48367140403,9.428828023956194,3.944801425735797
48367140405,9.662320445585216,3.937189239561944
48367140407,9.550382990417522,3.931106989048597
48367140408,9.661988583162218,3.92585623340178
48367140409,9.541675308008214,3.932196435318275
48367140410,9.236802169062286,3.935070977412731
48367140411,9.370109735112936,3.941018142368241
48367140501,9.06159974606434,3.936742289527721
48367140502,8.834252458590007,3.929515364134155
48367140601,8.906440106776181,3.962190902806297
48367140602,8.993323607802875,3.961984237508556
48367140703,9.421185442847365,3.93989352019165
48367140704,9.388918977412731,3.927019563997262
48367140705,9.416321947296372,3.947247112251882
48367140706,9.579494412731006,3.907048282683094
48369950200,6.923959034223135,3.569562812457221
48369950300,7.055890692676249,3.630733843258042
48371950100,6.772193613963039,3.49597012936345
48371950300,6.511720357289528,3.377046224503764
48371950400,6.498563248459959,3.36582105065024
48371950500,6.416957669404518,3.335151898015058
48373210101,9.13687405065024,4.133635065023956
48373210102,8.9141164366872,4.066576702258727
48373210203,9.254325595482546,4.239548284736482
48373210204,9.256658327857632,4.199383503080082
48373210205,9.302047535934292,4.254264891170431
48373210206,9.249801377138946,4.268601056125941
48373210301,9.196290160848734,4.270619180698152
48373210302,9.121625185489391,4.237999396988364
48373210400,9.029883034223135,4.256361805612594
48373210500,8.920748061601643,4.147076203285421
48375010100,7.31417554072553,3.747428718001369
48375010200,7.338218539356605,3.755173620123203
48375010300,7.366178424366872,3.772047205338809
48375010400,7.391150291581109,3.783266013004791
48375010600,7.414227159479808,3.792542290896646
48375010700,7.40221035523614,3.788819538672142
48375011000,7.393280505817933,3.782644451060917
48375011500,7.372864185489391,3.772242891854894
48375011600,7.3487926954141,3.759823162902122
48375011700,7.267534498973306,3.729062895277207
48375011800,7.326838674195756,3.758579176591376
48375011900,7.348612837782341,3.760623907597536
48375012000,7.359728422997947,3.764428485968515
48375012200,7.38154682477755,3.776695286105407
48375012600,7.362094234086242,3.766010741957563
48375012800,7.362254173169062,3.763108291581109
48375013000,7.331133783709788,3.748582453798768
48375013200,7.311686930184805,3.746327431211499
48375013300,7.243254140314853,3.711489343600274
48375013400,7.255768574264203,3.71855170294319
48375013900,7.344456178644764,3.760304324435318
48375014100,7.3345544770705,3.755047826830938
48375014300,6.928252624914442,3.576050177960301
48375014401,7.301913472963724,3.74073740109514
48375014500,7.3851316954141,3.778385052019165
48375014700,7.407340653661875,3.790856449007529
48375014800,7.356772500342231,3.763644741273101
48375014900,7.36640620054757,3.767147492128679
48375015000,7.36066894661191,3.765289184804928
48375015100,7.267415854209446,3.72435757357974
48375015200,7.323083977412731,3.747826652977413
48375015300,7.32931373100616,3.75456320807666
48375015400,7.396051004791239,3.790689911019849
48375980000,7.318153516084873,3.746729084188912
48377950100,5.74346429431896,3.030265319644079
48377950200,5.827550751540041,3.09199116495551
48379950100,9.512916486652977,4.303725772758385
48379950200,9.568126073237509,4.265910360711841
48381020100,7.31346294661191,3.747946004791239
48381020200,7.344673639288159,3.756964075290897
48381020300,7.370386938398357,3.769048372347707
48381020400,7.397870186858316,3.786779934976044
48381020500,7.413552368925394,3.795228028062971
48381020600,7.397929917864476,3.78106116495551
48381020800,7.399488429842574,3.782019454483231
48381020900,7.399356305270363,3.791485210814511
48381021000,7.374937873374401,3.776485094455852
48381021101,7.375744580424367,3.774713709787817
48381021102,7.36852994934976,3.78095201026694
48381021200,7.346440638603696,3.763106084873374
48381021300,7.346570407255305,3.758348760438056
48381021500,7.339795752224504,3.762561909650924
48381021602,7.320411203969884,3.74813989596167
48381021603,7.286570476386037,3.734367814510609
48381021604,7.29179734770705,3.73835555578371
48381021605,7.320828160164271,3.754038032854209
48381021606,7.32590876386037,3.752076267624914
48381021608,7.283862318275154,3.74344594934976
48381021609,7.299272877481177,3.743661699520876
48381021702,7.234335763175907,3.716334813141684
48381021703,7.305807755646817,3.749228286105407
48381021704,7.116945326488706,3.657342947296372
48381021801,7.180398657768652,3.697449999315537
48381021802,7.196724033538672,3.70134790622861
48381021900,7.109263158110883,3.666237788501027
48381022001,7.364517864476386,3.771142080082136
48381022002,7.386125268309377,3.779866718685832
48383950100,6.978911557152635,3.61018111156742
48385950100,7.112774655030801,3.66669501026694
48387950100,9.507417378507871,4.363705508555784
48387950500,9.427529708418891,4.34347951266256
48387950600,9.447149735797399,4.366301970568104
48387950700,9.382580110882957,4.319976131416838
48389950100,6.38361594934976,3.278856878850103
48389950200,6.565477084188912,3.368217030800821
48389950300,6.55706058384668,3.368427610540726
48389950400,6.547323891170431,3.3636626091718
48389950500,6.134229060232717,3.186332386036961
48391950200,8.278809190965092,4.029747575633128
48391950400,8.223802932922656,3.985915956194387
48393950100,6.848923320328542,3.524968845995893
48395960100,9.007361535934292,4.338266885010267
48395960200,9.003961947980835,4.338184458590007
48395960300,9.011117386036961,4.331366914442163
48395960400,9.071320882272416,4.348682045174538
48395960500,9.026801991786448,4.346867462696783
48397040101,10.119394680355921,3.964777859685147
48397040102,10.127111804243669,3.960353819986311
48397040200,10.054201854209446,3.997785625598905
48397040301,10.15353635523614,3.925386034223135
48397040302,10.089353394934976,3.973745577686516
48397040401,9.933046397672827,4.054744362080767
48397040402,9.979414138261465,4.039224775496236
48397040503,10.094310557837098,3.975909650924025
48397040504,10.140734357289528,3.914583637919233
48397040505,9.964504130047912,4.042668015058179
48397040506,10.043657533880904,3.993189760438056
48399950100,7.363672773442847,3.770033156057495
48399950200,7.358396497604381,3.757605042436687
48399950500,7.329413859000684,3.766249771389459
48399950600,7.314911256673511,3.74722972347707
48401950100,9.770578162902122,4.508252366187543
48401950200,9.733990382614648,4.513334729637235
48401950300,9.708218449007529,4.512514083504449
48401950400,9.629394689253936,4.497473359342916
48401950501,9.590630160164271,4.487414930869268
48401950502,9.642262737166324,4.510087511978097
48401950600,9.518111780287474,4.453661527036276
48401950700,9.615325609856263,4.500088750171116
48401950800,9.572660091033539,4.488255410677618
48401950900,9.562319379192334,4.484453140999316
48401951000,9.468828299794661,4.454772833675565
48401951100,9.299238369609856,4.41053854072553
48401951200,9.351258820670773,4.418658706365503
48403950100,8.879876489390828,4.201989707734428
48403950200,8.821731872005476,4.179973983572895
48403950300,8.751512186173854,4.136660529089665
48405950100,9.03065593908282,4.286664592744695
48405950200,9.030279212867899,4.287134947980835
48405950300,8.828019480492813,4.194826986310746
48407200101,9.301794411362081,4.137541588637919
48407200102,9.586633488021903,4.2183995633128
48407200200,9.388366914442163,4.220190768651608
48407200300,9.310801238193018,4.275395805612594
48409010201,8.214601450376454,3.867780019164956
48409010202,8.244659091718001,3.879518472279261
48409010301,8.305940267624914,3.882861656399726
48409010302,8.272271847364819,3.86082346201232
48409010500,8.475766524982888,3.910000922655715
48409010601,8.589121144421629,3.909594318275154
48409010602,8.56790435523614,3.914137746748802
48409010603,8.504570535934292,3.894095921971253
48409010604,8.5613421724846,3.893960566735113
48409010700,8.570896016427105,3.959587848049281
48409010800,8.623754830253251,3.965974915126626
48409010900,8.76072949486653,4.065534800136892
48409011000,8.7134349137577,4.027427392881588
48409011100,8.836079817932923,4.053533171800137
48409011200,8.644753588637919,4.091993646132786
48409011300,8.573121748117728,4.082412803559206
48411950100,7.723193274469541,3.858725062286105
48411950200,7.622533424366872,3.823024646132786
48413950300,7.009148575633128,3.642325428473648
48415950100,7.145211628336756,3.666732248459959
48415950200,7.135633442847365,3.651998640657084
48415950300,7.221173181382615,3.703868743326489
48415950600,7.21856405065024,3.700142097193703
48417950300,7.481695024640657,3.754772803559206
48419950100,9.33260177412731,4.356197036960986
48419950200,9.357650587953456,4.415098969883641
48419950300,9.310485100616016,4.369311224503764
48419950400,9.288809801505818,4.371004556468172
48419950500,9.212168389459274,4.358397289527721
48419950600,9.099421558521561,4.285895114989733
48421950200,6.7135568678987,3.475587509240246
48423000100,9.719154373716632,4.521381635865845
48423000201,9.726775862422998,4.526625138261465
48423000202,9.731018720054757,4.529274947980835
48423000300,9.734845238193018,4.532135442847365
48423000400,9.728292750171116,4.536093733744011
48423000500,9.738556759753593,4.534827640657084
48423000600,9.749115165639973,4.550851561943874
48423000700,9.708835690622861,4.524711570841889
48423000800,9.727502841889117,4.530759425735797
48423000900,9.742031256673511,4.539310551676934
48423001000,9.719547865160849,4.52841532991102
48423001101,9.720797274469541,4.529842374401095
48423001102,9.716208203969884,4.532453592060233
48423001200,9.734065675564682,4.54989926146475
48423001300,9.728413575633128,4.540360414099932
48423001401,9.506850806297057,4.387967902121834
48423001403,9.624474500342231,4.459881331964408
48423001404,9.552042227926078,4.425969056810404
48423001500,9.633508288158795,4.483460812457221
48423001601,9.681757073237509,4.498362741957563
48423001602,9.641114290896646,4.493379329226557
48423001604,9.664256999315537,4.495235340862423
48423001700,9.701868765229295,4.521990370978782
48423001801,9.625849983572895,4.492744765913758
48423001802,9.693035516769336,4.527768902121834
48423001803,9.70868072347707,4.531753948665298
48423001901,9.693081088295688,4.520373635181383
48423001905,9.665302874743326,4.511074843258042
48423001906,9.607791955509925,4.491029879534565
48423001907,9.497773242984257,4.445506731690623
48423001908,9.536231671457906,4.478106079397673
48423002003,9.712955296372348,4.539311704996578
48423002004,9.706495275154004,4.525807364134155
48423002006,9.688536704312115,4.519506522245038
48423002007,9.679038587953456,4.529384666666667
48423002008,9.653660184804928,4.51543005065024
48423002009,9.618058511293634,4.500126778234086
48423002101,9.508826856947296,4.466065951403148
48423002102,9.587805106776181,4.49546342642026
48423002200,9.573266603696099,4.495999122518823
48423980000,9.663444520876112,4.493803479123888
48425000100,8.681184837097878,3.938516219028063
48425000200,8.752958557837098,3.94801729705681
48427950101,7.829607217659138,3.926495590691307
48427950104,7.742976822724162,3.916502295687885
48427950105,7.734886417522245,3.913268245037645
48427950106,7.90985700752909,3.972525969199179
48427950107,7.882523551676934,3.958880320328542
48427950108,7.836307729637235,3.941571570841889
48427950202,7.59199245927447,3.859972486652977
48427950203,7.652113030116359,3.881954608487337
48427950204,7.688765262149213,3.906707303216975
48427950401,8.019927412046544,4.00270574880219
48427950402,8.08351907118412,4.014488535249829
48427950500,7.850771306639288,3.957780247091034
48427950600,7.824383104722793,3.943806547570157
48427950701,7.618458740588638,3.87489843394935
48427950702,7.636214517453799,3.87946155578371
48429950200,7.617037557152635,3.754841246406571
48429950300,7.647425384668036,3.75267336550308
48429950500,7.669409447638604,3.758943229295003
48431950100,6.979077442847365,3.599830568788501
48433950300,7.200012427789186,3.675654440793977
48435950300,6.957430449691992,3.618468910335387
48437950200,7.111826679671458,3.665229197809719
48437950300,7.170915142368241,3.686943927446954
48437950400,7.233303587953456,3.710454545516769
48439100101,10.223127958247776,3.73499470568104
48439100102,10.207031190965092,3.728714056810404
48439100201,10.182665815879535,3.728579947296372
48439100202,10.171441373716632,3.722936314168378
48439100300,10.118958757700205,3.734273368240931
48439100400,10.116091119096509,3.731031537303217
48439100501,10.078364192334018,3.749910592060233
48439100502,10.073338138945927,3.745972924709103
48439100601,9.891377489390828,3.835834509240246
48439100602,9.968538509924709,3.795901396303901
48439100700,10.07284900752909,3.754352600273785
48439100800,10.129189515400411,3.735918446954141
48439100900,10.145674252566735,3.717689338124572
48439101201,10.258812384668036,3.737335622176591
48439101202,10.215145686516085,3.734371008898015
48439101301,10.279650479123888,3.745896141683778
48439101302,10.270731811772758,3.756158439425051
48439101401,10.251766290896646,3.74320053045859
48439101402,10.237735437371663,3.755268954825462
48439101403,10.248627857631759,3.751296262149213
48439101500,10.225372697467488,3.744770613963039
48439101700,10.19057679192334,3.743610043805613
48439102000,10.110322022587269,3.737850255304586
48439102100,10.092803673511294,3.74401389596167
48439102201,10.047599275154004,3.762193310061602
48439102202,10.029857661875428,3.777029079397673
48439102301,9.929345837097878,3.822963916495551
48439102302,9.904288194387406,3.839035617385352
48439102401,9.974289184804928,3.807005640657084
48439102402,9.941002076659822,3.8214058678987
48439102500,10.003293446954141,3.797001394934976
48439102601,10.024341550992471,3.786128336071184
48439102602,10.052415494182067,3.766219728268309
48439102700,10.067522396988364,3.758686726214921
48439102800,10.1085590862423,3.756025021902806
48439103500,10.215497274469541,3.754571061601643
48439103601,10.239726918548939,3.75889101779603
48439103602,10.25373457357974,3.76036924366872
48439103701,10.211191933607118,3.760734019164956
48439103702,10.225882187542779,3.760961546201232
48439103800,10.177489564681725,3.761927108145106
48439104100,10.131980698836413,3.763594643394935
48439104201,10.077043123887748,3.786159159479808
48439104202,10.054761605749487,3.803543659137577
48439104300,10.098994708418891,3.78332859890486
48439104400,10.125210862422998,3.781726501026694
48439104502,10.141575955509925,3.783307774811773
48439104503,10.131339419575633,3.802007883641342
48439104504,10.156022221765914,3.800405734428474
48439104505,10.163129275154004,3.775751016427105
48439104601,10.214534950034223,3.773978945242984
48439104602,10.204304605749487,3.782933678986995
48439104603,10.198484563997262,3.793427108145106
48439104604,10.194166958932238,3.774452003422314
48439104605,10.176623413415469,3.787114535934292
48439104701,10.113646091718001,3.798474890485968
48439104702,10.102784884325804,3.817732507871321
48439104802,10.078290835728953,3.82221365229295
48439104803,10.102632023271732,3.798377978097194
48439104804,10.078554819986311,3.810203044490075
48439104900,10.226802674880219,3.735503198494182
48439105001,10.155861497604381,3.740513011635866
48439105006,10.202121887748118,3.739766367556468
48439105007,10.200446367556468,3.762949372347707
48439105008,10.171112657768652,3.759932253251198
48439105201,9.894630526351814,3.828343456536619
48439105203,9.861413091033539,3.833599165639973
48439105204,9.847405374401095,3.838514655715264
48439105205,9.872152999315537,3.833671848049281
48439105403,10.051909416837782,3.7877322183436
48439105404,10.022577137577002,3.81928774606434
48439105405,9.997632362080767,3.812884131416838
48439105406,9.94751588569473,3.82893688843258
48439105502,10.017480065023956,3.842806240246407
48439105503,9.962241757700205,3.854035485284052
48439105505,9.99232498973306,3.843328327173169
48439105507,9.894700182067077,3.85709472347707
48439105508,9.923319027378508,3.856195095824778
48439105510,9.939604407255305,3.872800498973306
48439105511,9.985045666666667,3.868186015742642
48439105512,9.983456516084873,3.859790501026694
48439105513,9.937662697467488,3.844841633127994
48439105514,9.975897795345654,3.841398026009582
48439105600,10.04667718275154,3.826327714579055
48439105701,10.04820236550308,3.840663953456537
48439105703,10.034729828884326,3.847701167693361
48439105704,10.029228904859685,3.852849724845996
48439105800,10.082178546885695,3.829455165639973
48439105901,10.131120114989733,3.813825854209446
48439105902,10.162305934976044,3.812549054757016
48439106001,10.082946026694045,3.849547973305955
48439106002,10.125608908281999,3.839499016427105
48439106004,10.141550845995893,3.858478013689254
48439106101,10.213597477754962,3.790022925393566
48439106102,10.204229495550992,3.799380965776865
48439106201,10.218754668035592,3.772930576317591
48439106202,10.227462305954826,3.77185611156742
48439106300,10.239817017111567,3.761495234770705
48439106400,10.241321907597536,3.779301566735113
48439106502,10.276669321697468,3.744868331964408
48439106503,10.289858151266256,3.74632068514716
48439106507,10.257282417522245,3.738691689938398
48439106509,10.327953310061602,3.7125524366872
48439106510,10.303208886379192,3.731679886379192
48439106511,10.303282339493498,3.73319598973306
48439106512,10.295995453114305,3.745216404517454
48439106513,10.287194052703628,3.742851552361396
48439106514,10.308479423682409,3.733815596851472
48439106515,10.281923620123203,3.747236915126626
48439106516,10.279527755646817,3.74239919301848
48439106517,10.378108637234771,3.676970256673511
48439106518,10.406075169062286,3.626406089664613
48439106600,9.996798464750171,3.787843475017112
48439106700,9.950509127994524,3.815167736481862
48439110101,10.249146399041752,3.746418240930869
48439110102,10.251537334702259,3.736534955509925
48439110202,10.24963692881588,3.74233441615332
48439110203,10.231494418206708,3.760901839835729
48439110204,10.236639603696099,3.742134810403833
48439110301,10.261912689938398,3.739373203969884
48439110302,10.237867254620123,3.734738492813142
48439110401,9.981865983572895,3.805491996577686
48439110402,10.049034431895962,3.772715916495551
48439110500,10.051157648870637,3.762288924024641
48439110600,9.981867254620123,3.792459927446954
48439110701,9.899352379876797,3.825942526351814
48439110703,9.879972702258727,3.832739375085558
48439110704,9.921661144421629,3.814866630390144
48439110805,9.818655668035592,3.840805455852156
48439110806,9.751661475701574,3.869664636550308
48439110807,9.756066095824778,3.862657815879535
48439110808,9.70878861670089,3.881665368925394
48439110809,9.743406203969884,3.879473830937714
48439110901,9.865927803559206,3.847202117043121
48439110903,9.952509407939767,3.834500134154689
48439110905,9.880613622176591,3.850144430527036
48439110906,9.781430399041752,3.881568381930185
48439110907,9.800799219028063,3.870095251882272
48439111003,10.075676691991786,3.838653989048597
48439111005,10.058962002053388,3.870293733059548
48439111008,9.955841506502396,3.911059620807666
48439111010,9.696106848733744,3.911648877481177
48439111011,9.97926402532512,3.883457036960986
48439111012,10.005480380561259,3.869797758384668
48439111013,10.041732658453114,3.9037691724846
48439111015,9.988042455852156,3.929644497604381
48439111016,10.007848886379192,3.925085607802875
48439111017,9.901392502395619,3.88867384531143
48439111018,9.828778752224504,3.925734274469541
48439111102,10.176600580424367,3.81989205065024
48439111103,10.195143306639288,3.808697177960301
48439111104,10.18028824366872,3.808477741957563
48439111202,10.141388940451745,3.852750030116359
48439111203,10.097061282683094,3.886114900068446
48439111204,10.081358152635181,3.905006941820671
48439111301,10.136333770704997,3.861156999315537
48439111304,10.165598307323751,3.806657123203285
48439111306,10.124088431211499,3.841702966461328
48439111307,10.149708923340178,3.826442441478439
48439111308,10.140223153319644,3.824710336071184
48439111309,10.124922613963039,3.835687030800821
48439111310,10.19466618275154,3.779361543463381
48439111311,10.176020854893908,3.787277561943874
48439111312,10.139964720054757,3.816844812457221
48439111313,10.155239970568104,3.788580401779603
48439111314,10.122471809034908,3.799196441478439
48439111402,10.21751531211499,3.801315702258727
48439111404,10.209340216290212,3.809914749486653
48439111405,10.180404452429843,3.830133815879535
48439111406,10.175442220396988,3.815635187542779
48439111407,10.214783429158111,3.798865308692676
48439111408,10.187906635181383,3.81625770294319
48439111409,10.218798292265572,3.790140299794661
48439111505,10.29686675633128,3.730413136208077
48439111506,10.288535240246407,3.741109202600958
48439111513,10.272209872689938,3.719167385352498
48439111514,10.268823607802875,3.73070558384668
48439111516,10.260961052703628,3.753465237508556
48439111521,10.318020126625599,3.695622891170431
48439111522,10.307108532511978,3.704628694729637
48439111523,10.293742674880219,3.705439751540041
48439111524,10.292039516084873,3.719826528405202
48439111525,10.281963553730322,3.738736503764545
48439111526,10.287484546885695,3.734123519507187
48439111529,10.270969087611225,3.757134455167693
48439111530,10.26002999247091,3.772279716632444
48439111531,10.23745585284052,3.777692252566735
48439111532,10.225306295687885,3.795010110198494
48439111533,10.244061654346338,3.773755966461328
48439111534,10.229088325804244,3.792131588637919
48439111536,10.318640820670773,3.681640769336071
48439111537,10.30824287063655,3.69172234017796
48439111538,10.289766403832991,3.703541162217659
48439111539,10.273344301848049,3.714165521560575
48439111540,10.261593180013689,3.737899735797399
48439111541,10.248195990417522,3.753216402464066
48439111542,10.229557455852156,3.767937449691992
48439111543,10.237965513347023,3.759672149212868
48439111544,10.226752446269678,3.771103910335387
48439111545,10.272105706365503,3.753496030800821
48439111546,10.254975410677618,3.770648907597536
48439111547,10.234348121149897,3.74849681724846
48439111548,10.220432015058179,3.746287277207392
48439111549,10.186071252566735,3.764138108829569
48439111550,10.209621032854209,3.787421320328542
48439111551,10.1805736091718,3.802706643394935
48439111552,10.278179563997262,3.740940490075291
48439111553,10.273767306639288,3.746996678986995
48439113001,10.389625125256674,3.626950636550308
48439113002,10.355656108829569,3.643961149212868
48439113102,10.351780534565366,3.691291140314853
48439113104,10.362917872689938,3.673461338809035
48439113107,10.342662266255989,3.694353038329911
48439113108,10.332308861054073,3.705624080766598
48439113109,10.361537143052704,3.664044533880904
48439113110,10.359780788501027,3.676481579739904
48439113111,10.347753459958932,3.679428804243669
48439113112,10.345793432580424,3.689754371663244
48439113113,10.389681856947296,3.641247067077344
48439113114,10.380093371663244,3.660284123887748
48439113115,10.372879901437372,3.652901652977413
48439113116,10.374841292265572,3.645489840520192
48439113206,10.26297336550308,3.74230527926078
48439113207,10.25633440862423,3.772857125256674
48439113210,10.278234614647502,3.762343681040383
48439113212,10.26970562422998,3.751344353182752
48439113213,10.28737055578371,3.74481599247091
48439113214,10.255160235455168,3.763390052703628
48439113215,10.267215121149897,3.755888086926762
48439113216,10.270537268309377,3.755651599589322
48439113217,10.282600741273101,3.748609130047912
48439113218,10.296784316221766,3.750461459958932
48439113220,10.293976051334702,3.735118750855578
48439113221,10.292616041752224,3.747672978097194
48439113301,10.285212907597536,3.745192220396988
48439113302,10.280844527036276,3.742194953456537
48439113403,10.307023735797399,3.734725720054757
48439113404,10.322367942505134,3.733311186858316
48439113405,10.300104646132786,3.730234207392197
48439113407,10.332690245037645,3.717258612594114
48439113408,10.319211776180698,3.718610544147844
48439113509,10.389226525667351,3.678863430527036
48439113510,10.407156244353183,3.667240349075975
48439113511,10.367917876112252,3.691902602327173
48439113512,10.360650225188227,3.694949655030801
48439113513,10.396263509924709,3.664056027378508
48439113514,10.386102694729637,3.677682674195756
48439113516,10.388640930869268,3.691060140314853
48439113517,10.404444577686516,3.68199435523614
48439113518,10.409312570157426,3.669203742642026
48439113519,10.388532354551677,3.695535882956879
48439113520,10.40638862696783,3.681685210814511
48439113607,10.330343970568104,3.721797893223819
48439113610,10.314436453798768,3.76128329431896
48439113611,10.302562028747433,3.7469658275154
48439113612,10.318739673511294,3.736063242984257
48439113613,10.312046804928131,3.732829985626283
48439113618,10.345352316906229,3.711826837782341
48439113619,10.340218996577686,3.713075500342231
48439113622,10.348028753593429,3.719484535934292
48439113623,10.362888653661875,3.70848155578371
48439113624,10.362661027378508,3.701371850102669
48439113625,10.340342689938398,3.723242138945927
48439113626,10.3415148678987,3.717487145106092
48439113627,10.365522135523614,3.707249138261465
48439113628,10.365061557152635,3.702037853524983
48439113629,10.341936563997262,3.720604596851472
48439113630,10.347154325804244,3.719990462696783
48439113631,10.373865095140315,3.739554071868583
48439113632,10.363295545516769,3.735869843258042
48439113633,10.363446126625599,3.717582978097194
48439113634,10.345816021902806,3.741373491444216
48439113703,10.413173535934292,3.785222568788501
48439113705,10.385796754962355,3.749745971937029
48439113707,10.352694495550992,3.795679533880904
48439113709,10.388411830253251,3.709709772758385
48439113710,10.367238600273785,3.786538317590691
48439113711,10.378849836413416,3.772998253251198
48439113803,10.233459183436003,3.778293885010267
48439113808,10.241984167008898,3.770008960985626
48439113809,10.242229290896646,3.767860801505818
48439113810,10.248703535249829,3.759909586584531
48439113811,10.247397290896646,3.754883585900068
48439113812,10.225136699520876,3.788375431211499
48439113813,10.244126359342916,3.778774277891855
48439113814,10.272993491444216,3.767776086926762
48439113815,10.258399161533196,3.781022802190281
48439113816,10.228055457221082,3.800481028747433
48439113906,10.286117260780288,3.817699412046544
48439113907,10.325665887748118,3.812304533880904
48439113908,10.295447028747433,3.790345939767283
48439113909,10.328636948665298,3.763987775496236
48439113910,10.229414176591376,3.831359148528405
48439113911,10.220270482546201,3.809902542094456
48439113912,10.26114967008898,3.800368814510609
48439113916,10.193158780971937,3.768628108829569
48439113917,10.225271,3.769078692676249
48439113918,10.210564672826831,3.773489951403148
48439113919,10.205087260780288,3.782107427789186
48439113920,10.222509080766598,3.7878541321013
48439113921,10.202260339493498,3.812051209445585
48439113922,10.168584859685147,3.819243880219028
48439113923,10.17504394934976,3.784553063655031
48439113924,10.189167543463381,3.79017205065024
48439113925,10.193264790554415,3.774960792607803
48439113926,10.114191316906229,3.829885361396304
48439113927,10.142388358658453,3.856596708418891
48439113928,10.174182376454483,3.847356055441478
48439113929,10.18102243394935,3.829087358658453
48439114003,10.122462637234771,3.787271895277207
48439114005,10.071835934976044,3.793290343600274
48439114006,10.084058874743326,3.775119815195072
48439114007,10.029020318959617,3.800579499657769
48439114008,10.059815159479808,3.793029585900068
48439114102,9.907635255989049,3.851254451060917
48439114103,10.030087560574949,3.864734856947296
48439114104,9.902387242984257,3.892217386036961
48439114203,9.782272041067762,3.91167964202601
48439114204,9.80202403559206,3.89242974606434
48439114205,9.783516782340862,3.883401700889802
48439114206,9.804605095824778,3.868752802874743
48439114207,9.799552187542779,3.859579603011636
48439121601,10.312382113620808,3.727143327173169
48439121604,10.325366810403833,3.715198216290212
48439121605,10.326675383983573,3.706413372347707
48439121606,10.278391672142368,3.754468451060917
48439121608,10.26441620807666,3.760478737850787
48439121609,10.243396837097878,3.78088550513347
48439121610,10.252431758384668,3.775255442847365
48439121611,10.233170156057495,3.789474831622177
48439121702,10.350814865845311,3.669933854209446
48439121703,10.332590984941821,3.695379474332649
48439121704,10.338489730321698,3.69207464202601
48439121903,10.33243959890486,3.665020916495551
48439121904,10.338411726899384,3.667737567419576
48439121905,10.322880851471595,3.687464938398357
48439121906,10.334442950718686,3.684218064339494
48439122001,10.337287806297057,3.677902741273101
48439122002,10.343249897330596,3.673127493497604
48439122100,10.337576002737851,3.679028628336756
48439122200,10.32760237577002,3.69842928678987
48439122300,10.322125659137577,3.695966099247091
48439122400,10.317335327857632,3.712217639288159
48439122500,10.311499772758385,3.723926425051335
48439122600,10.296660338124572,3.731444071868583
48439122700,10.304989088295688,3.72437051266256
48439122801,10.306118216974675,3.710546235455168
48439122802,10.312166406570842,3.708041141683778
48439122900,10.320023245722108,3.696387528405202
48439123000,9.976013648870637,3.794368644079398
48439123100,10.18294705338809,3.749316271731691
48439123200,10.173259165639973,3.721902297741273
48439123300,10.150191621492129,3.734371138945927
48439123400,10.146442412046544,3.757792311430527
48439123500,10.165361451060917,3.756621843258042
48439123600,10.153576767967146,3.759720821355236
48439980000,10.429630937029432,3.691501212183436
48441010100,7.782181058863792,3.926116672826831
48441010200,7.793628134839151,3.927926782340862
48441010300,7.787578037645448,3.928114054072553
48441010400,7.792079126625599,3.929849045174538
48441010500,7.781036091718001,3.928674686516085
48441010600,7.782496011635866,3.922032905544148
48441010700,7.795742513347023,3.931779550992471
48441010800,7.79111168788501,3.926915991786448
48441010900,7.776387284052019,3.922006787816564
48441011000,7.797007440793977,3.934251943189596
48441011200,7.801313089664613,3.936041936344969
48441011300,7.782313542094456,3.923115995208761
48441011400,7.774763334017796,3.926701462696783
48441011500,7.788811223819302,3.93111768514716
48441011600,7.79437299247091,3.932032333333333
48441011700,7.800941952772074,3.938236945927447
48441011900,7.796395356605065,3.934505876796715
48441012000,7.761523431211499,3.913286858316222
48441012100,7.764759925393566,3.912337995893224
48441012200,7.756805595482546,3.91592643394935
48441012300,7.780064600958248,3.930509240930869
48441012400,7.757926898015058,3.919202539356605
48441012500,7.771821645448323,3.930482596851472
48441012600,7.764796934291581,3.91883139835729
48441012700,7.719457963039014,3.900642470225873
48441012801,7.730990589322382,3.9064101321013
48441012802,7.736210229295003,3.909275638603696
48441012900,7.711276544147844,3.899937791238878
48441013000,7.687902342915811,3.88857457357974
48441013100,7.744299456536619,3.914636080082136
48441013200,7.729542052703628,3.905994585900068
48441013300,7.753344171115674,3.900833163586584
48441013401,7.742430893223819,3.914797938398357
48441013402,7.659210446954141,3.876858325804244
48441013404,7.681608519507187,3.87170422587269
48441013500,7.40894412936345,3.78182898973306
48441013600,7.464854271731691,3.802228658453114
48441980000,7.732827078028747,3.896337600273785
48443950100,7.014155049965777,3.634070003422314
48445950100,7.241070519507187,3.623250954825462
48445950300,7.261165664613279,3.63781406844627
48445950400,7.274610405886379,3.650749472279261
48447950300,7.504409602327173,3.73504276659822
48449950100,9.626731928131417,4.431902109514032
48449950200,9.720063559206023,4.486767165639973
48449950300,9.757607832306639,4.485806926078029
48449950400,9.729774475017112,4.463914672826831
48449950500,9.76849477412731,4.488082407939767
48449950600,9.779700830937714,4.501853815879535
48449950700,9.775611603011636,4.494215741273101
48449950800,9.770139495550992,4.49555329431896
48451000100,7.42326690622861,3.809206034223135
48451000200,7.433020533196441,3.813430496235455
48451000300,7.432631295687885,3.820307943874059
48451000400,7.440931577002053,3.821787013689254
48451000700,7.425171388774812,3.819298185489391
48451000801,7.384383851471595,3.802802684462697
48451000802,7.418887568788501,3.812711713894593
48451000900,7.431712348391513,3.82191080698152
48451001000,7.438840605749487,3.825462796030116
48451001101,7.400544965092402,3.805267470225873
48451001102,7.438591778234086,3.826654716632444
48451001200,7.431162451060917,3.823209775496236
48451001301,7.421719062970568,3.814222145106092
48451001303,7.395718691307324,3.808078493497604
48451001304,7.402545453798768,3.812652757015743
48451001400,7.414154112251882,3.816522707049966
48451001500,7.405365548939083,3.809763043805613
48451001600,7.297461445585216,3.768549956194387
48451001702,7.32462841615332,3.769096581793292
48451001704,7.23116379192334,3.733672867214237
48451001706,7.381767765913758,3.796729759753593
48451001707,7.370374605749487,3.796016590691307
48451001708,7.279707082135524,3.755673268309377
48451001800,7.437736223134839,3.82544406844627
48451980000,7.292116745379877,3.760773734428474
48453000101,9.747561744695414,4.560350128678987
48453000102,9.721446605749487,4.548667718001369
48453000203,9.778045393566051,4.567277975359343
48453000204,9.76292058110883,4.56063487816564
48453000205,9.772582321697468,4.570220238193018
48453000206,9.755254957563313,4.556242455852156
48453000302,9.790670767282683,4.577612814510609
48453000304,9.794402826830938,4.569792950718686
48453000305,9.794403103353867,4.575074438740589
48453000306,9.805213535934292,4.57635627926078
48453000307,9.795076060232717,4.564975272416153
48453000401,9.783151502395619,4.566122930869268
48453000402,9.788124349760438,4.5613882183436
48453000500,9.775822919233402,4.564014339493498
48453000601,9.765727379876797,4.556701206707734
48453000603,9.762728549623546,4.560959867214237
48453000604,9.749152588637919,4.553047271731691
48453000700,9.758304549623546,4.559795074606434
48453000801,9.783659652977413,4.559329171115674
48453000802,9.782616088295688,4.561680306639288
48453000803,9.781680967830253,4.553582400410678
48453000804,9.777283204654346,4.561022351129363
48453000901,9.774058262149213,4.566425039698836
48453000902,9.777708619438741,4.560871815195072
48453001000,9.765494507186858,4.566884177960301
48453001100,9.756242353867214,4.560262869952088
48453001200,9.733156835728953,4.5554364366872
48453001303,9.728195767282683,4.554503185489391
48453001304,9.709447734428474,4.551460316221766
48453001305,9.739844984257358,4.561630199178645
48453001307,9.722701203285421,4.555917325119781
48453001308,9.724704993155373,4.55622850513347
48453001401,9.747977151950719,4.552629358658453
48453001402,9.745823168377823,4.558896298425736
48453001403,9.759301488021903,4.56136840109514
48453001501,9.744945366872006,4.56610978439425
48453001503,9.797504631074606,4.576798206707734
48453001504,9.769624146475017,4.555205518822724
48453001505,9.779115902806297,4.575858149212868
48453001602,9.697752264887064,4.544389496919918
48453001603,9.738344481861738,4.554011883641342
48453001604,9.70578125393566,4.551149747433265
48453001605,9.727840728952772,4.549347242299795
48453001606,9.735977626283368,4.550366422997947
48453001705,9.66950723340178,4.529772476386037
48453001706,9.699417323066393,4.546681318275154
48453001707,9.722304177275838,4.551687535249829
48453001712,9.67978712183436,4.557837060232717
48453001713,9.667760518822724,4.559223691307324
48453001714,9.459491750855578,4.443714041752224
48453001716,9.566903714579055,4.494420102669404
48453001718,9.713155891170431,4.546142944558522
48453001719,9.663815889801506,4.52920248733744
48453001722,9.69180424366872,4.546476959616701
48453001728,9.627569800821355,4.554163942505134
48453001729,9.589580039014374,4.525511873374401
48453001733,9.267964433264887,4.412579826830938
48453001737,9.436843536618754,4.471408185489391
48453001738,9.496482442162902,4.491711605065024
48453001740,9.509680123203285,4.503431339493498
48453001741,9.144562976043806,4.33201926899384
48453001742,9.158630733744011,4.347581892539357
48453001745,9.709843830937714,4.549285108829569
48453001746,9.562629798767967,4.529198542778918
48453001747,9.59196573100616,4.543196334702259
48453001748,9.551606797399042,4.522825670773443
48453001749,9.551934750855578,4.507653136208077
48453001750,9.623576371663244,4.528262672826831
48453001751,9.705694335386721,4.543589947296372
48453001752,9.722652633127994,4.544531143737166
48453001753,9.726195770704997,4.560360894592745
48453001754,9.725656708418891,4.562514527036276
48453001755,9.623016954140999,4.516734806297057
48453001756,9.634992977412731,4.512190934976044
48453001757,9.665324147843942,4.536444264887064
48453001760,9.322570127310062,4.400433206707734
48453001761,9.515541277207392,4.483364351129363
48453001764,8.80418620807666,4.218114293634497
48453001765,9.26150205338809,4.359785273100616
48453001766,8.803722941820671,4.20780595687885
48453001768,8.88344333744011,4.263788683778234
48453001769,9.348181082819986,4.433532824093087
48453001770,9.402808979466119,4.472438889801506
48453001771,8.997532154004107,4.290709211498973
48453001772,9.536007188227242,4.521283856262834
48453001773,9.033713352498289,4.311319971937029
48453001774,9.521041211498973,4.524437767282683
48453001775,9.428278004106776,4.483258640657084
48453001776,9.563319982888433,4.521045585900068
48453001777,9.535775358658453,4.513257534565366
48453001778,9.063243388090349,4.310950476386037
48453001779,8.905299991101985,4.252909467488022
48453001780,9.041959862422998,4.294617954140999
48453001781,9.530969506502396,4.46792996440794
48453001782,9.561495230663929,4.489158115674196
48453001783,9.412068351129363,4.44089065982204
48453001784,9.216596227241615,4.37196507871321
48453001785,9.694258542094456,4.552373787816564
48453001786,9.675492848733744,4.530899635181383
48453001804,9.802212855578371,4.588039933607118
48453001805,9.786445017111567,4.586438470910335
48453001806,9.797889138945927,4.582466704996578
48453001811,9.816542839151266,4.590185740588638
48453001812,9.815152830253251,4.587707267624914
48453001813,9.807817327173169,4.593117670773443
48453001817,9.746637815879535,4.565357632443532
48453001818,9.774146758384668,4.569804136208077
48453001819,9.796584472963724,4.590003988364134
48453001820,9.760169470225873,4.567548990417522
48453001821,9.77167625119781,4.572269812457221
48453001822,9.791806134839151,4.583254326488706
48453001823,9.798865456536619,4.587735027378508
48453001824,9.793714415468857,4.58841529431896
48453001826,9.796514635181383,4.593587926762491
48453001828,9.739726405886379,4.565669144421629
48453001829,9.758800112251882,4.570408385352498
48453001832,9.791533399726215,4.588519550992471
48453001833,9.799233120465435,4.590529310746064
48453001834,9.791649235455168,4.590814758384668
48453001835,9.780309655030801,4.591868049965777
48453001839,9.785418580424367,4.587659852156058
48453001840,9.772540305954826,4.596824032169747
48453001841,9.738344504449008,4.574891032854209
48453001842,9.720350082135524,4.57162146954141
48453001843,9.779406857631759,4.579602767967146
48453001844,9.778857819301848,4.575615423682409
48453001845,9.796641689253936,4.586009325119781
48453001846,9.739724897330596,4.568048034907598
48453001847,9.77552254825462,4.582663981519507
48453001848,9.78848302532512,4.597367336071184
48453001849,9.75517935797399,4.560839932238193
48453001850,9.775489008898015,4.587199670773443
48453001851,9.740639097878166,4.583302880903491
48453001853,9.765461772758385,4.586727253251198
48453001854,9.364059950034223,4.455308650924025
48453001855,9.664587733744011,4.558255223134839
48453001856,9.647258193702943,4.549740984941821
48453001857,9.723318292265572,4.57821340109514
48453001858,9.615255622176591,4.54502192881588
48453001859,9.513135238193018,4.517994330595482
48453001860,9.735969397672827,4.579135366872006
48453001861,9.716898554414784,4.574553100616016
48453001862,9.716585831622177,4.574320409993155
48453001863,9.781334824093087,4.595970256673511
48453001864,9.736910437371663,4.573665687200548
48453001901,9.681255281314168,4.541787384668036
48453001908,9.399157514031485,4.445008419575633
48453001910,9.657029476386037,4.526921194387406
48453001911,9.686068834360027,4.54468557357974
48453001912,9.575156570157426,4.496430106091718
48453001913,9.63187995687885,4.52383383504449
48453001914,9.5485036091718,4.497731189596167
48453001915,9.569785699520876,4.512831970568104
48453001916,9.398367813141684,4.441000557152635
48453001917,9.574049308008214,4.504731943189596
48453001918,9.617584978097194,4.522602090349076
48453001919,9.659021188227242,4.525386332648871
48453002002,9.697971511978097,4.561547466119096
48453002003,9.706614250513347,4.56094353798768
48453002004,9.685954119096509,4.549615326488706
48453002005,9.702109568104038,4.550132486652977
48453002104,9.82683159137577,4.595199128678987
48453002105,9.815636839151266,4.583498024640657
48453002106,9.809881127994524,4.586234300479124
48453002107,9.815020409993155,4.582330475017112
48453002108,9.795102173853525,4.577382059548255
48453002109,9.794592914442163,4.565086392881588
48453002110,9.785879028747433,4.578329702258727
48453002111,9.778779130047912,4.57007450513347
48453002112,9.818150138945927,4.585919765229295
48453002113,9.81675898973306,4.593206268309377
48453002201,9.795803838466804,4.593140938398357
48453002202,9.752820474332649,4.571790332648871
48453002207,9.60327441889117,4.531734224503764
48453002208,9.759430041752224,4.560489802874743
48453002209,9.443707758384668,4.489663105407255
48453002210,9.499164205338809,4.502007358658453
48453002211,9.703393886379192,4.555788732375086
48453002212,9.672112737166324,4.554134122518823
48453002304,9.765592368240931,4.563414256673511
48453002307,9.737812349075975,4.564249187542779
48453002308,9.735514710472279,4.562031082819986
48453002310,9.734708367556468,4.564594119780972
48453002312,9.74953184257358,4.565842808350445
48453002313,9.74877439835729,4.566016161533196
48453002314,9.744959022587269,4.56022225119781
48453002315,9.749334871321013,4.564770479123888
48453002316,9.753220568788501,4.565027527720739
48453002317,9.760592983572895,4.561453668720055
48453002318,9.761133275838467,4.560229504449008
48453002319,9.673828544147844,4.555646023956194
48453002402,9.693711004106776,4.558206976043806
48453002403,9.724226582477755,4.571392240930869
48453002407,9.583224645448323,4.551582793292266
48453002409,9.681184703627652,4.563172363449692
48453002410,9.690298032854209,4.555084186173854
48453002411,9.723086083504449,4.574649833675565
48453002412,9.707962674880219,4.567568369609856
48453002413,9.717362707734428,4.566743648186174
48453002419,9.704071715263518,4.566939484599589
48453002421,9.620357700889802,4.552414127310062
48453002422,9.659697028747433,4.554269062970568
48453002423,9.633707392197125,4.555762783025325
48453002424,9.656169251882272,4.551490804928131
48453002425,9.635479381930185,4.553393568788501
48453002426,9.649944681040383,4.566329861738535
48453002427,9.679836496235455,4.563527425735797
48453002428,9.619109080766598,4.559713392197125
48453002429,9.661343773442847,4.56489599247091
48453002430,9.672838325119781,4.560937640657084
48453002431,9.711484544832307,4.563861174537988
48453002432,9.62435684257358,4.55919573100616
48453002433,9.534302659137577,4.517932607118412
48453002434,9.537330430527036,4.542644604380561
48453002435,9.552771675564682,4.536039561943874
48453002436,9.520244956194387,4.518190184804928
48453002500,9.678019040383299,4.532212156741958
48453980000,9.693141088980151,4.562714728268309
48455950100,9.057347863107461,4.293891297741273
48455950200,9.079902711156742,4.280470845995893
48455950300,9.149174644079398,4.304200212867899
48455950400,9.245706631759069,4.32136774880219
48455950500,9.237671805612594,4.323632390143737
48457950100,8.806260973305955,4.158082918548939
48457950200,8.805260685831622,4.105259446954141
48457950300,8.800280341546886,4.106409529774127
48457950400,8.856264541409993,4.085499317590691
48457950500,8.84092522587269,4.056191143052704
48459950100,9.623466717316906,4.428255325804244
48459950200,9.591406093086927,4.440002653661875
48459950300,9.599343776180698,4.442540165639973
48459950400,9.621214162217659,4.458310779603012
48459950500,9.601665036276523,4.459752063655031
48459950600,9.680070315537303,4.482533698151951
48459950700,9.714274086926762,4.477619942505134
48461950100,7.000789976043806,3.610462932238193
48461950200,6.986209819301848,3.597516100616016
48463950100,7.561046123887748,3.849656543463381
48463950200,7.420137733059548,3.808326555099247
48463950300,7.535845364818617,3.875079060232717
48463950400,7.552651071868583,3.878765846680356
48463950500,7.542669923340178,3.866108663928816
48465950201,7.46556811156742,3.87460993908282
48465950301,7.488311845995893,3.872424210130048
48465950302,7.496637905544148,3.879422
48465950400,7.460325623545517,3.862633430527036
48465950500,7.371834454483231,3.828079994524298
48465950601,7.460871838466804,3.867626628336756
48465950602,7.47388887816564,3.874984383983573
48465950700,7.504810516769336,3.891825838466804
48465950800,7.204487290896646,3.755036045859001
48465980000,7.499404232717317,3.887444402464066
48467950100,9.501968609856263,4.31547495687885
48467950200,9.503815169062286,4.324923602327173
48467950300,9.551182788501027,4.275708298425736
48467950400,9.620072171800137,4.224969127994524
48467950500,9.611517859685147,4.228962915811088
48467950600,9.520177937713895,4.286099800136892
48467950700,9.517773045174538,4.281852891854894
48467950800,9.467566392881588,4.341667672142368
48467950900,9.420262911019849,4.343514024640657
48467951000,9.493565229295003,4.260851452429843
48469000100,8.760890041752224,4.27302931485284
48469000201,8.772065404517454,4.278661427104723
48469000202,8.769409676933607,4.276723079397673
48469000301,8.739664920602327,4.262289065708419
48469000302,8.753046739904175,4.266678676249144
48469000400,8.777058357289528,4.278117059548255
48469000501,8.783892374401095,4.279034210130048
48469000502,8.784836872005476,4.289681547570157
48469000601,8.777866950718686,4.288308124572211
48469000602,8.779226674880219,4.272707901437372
48469000700,8.72058015742642,4.250271629705681
48469000800,8.606952244353183,4.19950288569473
48469001300,8.503069690622861,4.161385177275838
48469001400,8.652234254620123,4.219725065708419
48469001501,8.678938307323751,4.237026901437372
48469001503,8.771433709103354,4.273987804928131
48469001504,8.750974394250513,4.264879138261465
48469001601,8.780183124572211,4.274013085557837
48469001604,8.781312214921287,4.275733506502396
48469001605,8.788468911704312,4.287625811772758
48469001606,8.671295722792608,4.229880272416153
48469001700,8.618656943874059,4.216365115674196
48469980000,8.760170409308693,4.269486353867214
48471790101,9.316446106091718,4.352281442162902
48471790102,9.386027911019849,4.351894273785079
48471790103,9.379156767282683,4.327136923340178
48471790200,9.543049650239562,4.317484706365503
48471790300,9.525179544832307,4.341838607802875
48471790400,9.322529941820671,4.3471624366872
48471790500,9.465924473648186,4.361036823408624
48471790600,9.464452665297741,4.351338622861054
48471790700,9.484243226557153,4.353821713894593
48471790800,9.475249089664613,4.349106528405202
48473680100,10.289441965092402,4.354627906913073
48473680200,9.852921295687885,4.31038099247091
48473680300,9.803566433264887,4.32433489596167
48473680400,9.756476759753593,4.323873578370979
48473680500,9.584922256673511,4.304590572895277
48473680600,9.878120535249829,4.332542604380561
48475950100,6.837860930184805,3.490356300479124
48475950200,7.000946822039699,3.558393498973306
48475950300,6.989504028062971,3.552724566735113
48477170100,9.120839556468172,4.260464252566735
48477170200,9.006172640657084,4.238386856262834
48477170300,9.085659067077344,4.242065183436003
48477170400,9.009572071868583,4.23665812936345
48477170500,8.932965594113621,4.238284269678302
48477170600,9.253405263518138,4.272486515400411
48479000101,7.629083080766598,3.919048580424367
48479000105,7.624337065023956,3.914217224503764
48479000106,7.618195331964408,3.910858610540726
48479000107,7.614314259411362,3.920289193702943
48479000108,7.601458241615332,3.907012919233402
48479000109,7.607232548939083,3.906983980835044
48479000200,7.629953300479124,3.920495073921971
48479000300,7.636949348391513,3.927994055441478
48479000601,7.640428898699521,3.929525380561259
48479000602,7.63642484531143,3.925860527036276
48479000700,7.6379967816564,3.922700386721424
48479000800,7.638017958247776,3.923183442162902
48479000901,7.636173928131417,3.921017819986311
48479000903,7.637593894592745,3.924454494182067
48479000904,7.638766210814511,3.92567159137577
48479001001,7.63873564202601,3.934201370294319
48479001003,7.632198693360712,3.919649911704312
48479001004,7.633026094455852,3.925570834360027
48479001101,7.635951762491444,3.920863506502396
48479001103,7.634089819301848,3.926690750855578
48479001104,7.640296104722793,3.921681097878166
48479001105,7.627816445585216,3.910489898015058
48479001201,7.642177375085558,3.926344377138946
48479001202,7.635836249144422,3.927949498973306
48479001300,7.633538303901437,3.918498621492129
48479001401,7.637412724161533,3.924366730321698
48479001402,7.635502308692676,3.927540019164956
48479001501,7.638650226557153,3.930268886379192
48479001502,7.637888363449692,3.923761271731691
48479001601,7.635298638603696,3.924112291581109
48479001602,7.619868375085558,3.917029029431896
48479001706,7.639186825462012,3.927576136892539
48479001709,7.628420190965092,3.919950857631759
48479001710,7.413763963723477,3.827892305270363
48479001711,7.587256791238878,3.908696625598905
48479001712,7.617038762491444,3.917473531143053
48479001713,7.583722059548255,3.901079767282683
48479001714,7.596917331964408,3.89847024366872
48479001715,7.618375106091718,3.925209089664613
48479001716,7.623678590006845,3.917777911704312
48479001717,7.630642490075291,3.927564353867214
48479001718,7.637551387405886,3.93291312936345
48479001719,7.627568197125257,3.91961606844627
48479001720,7.625388297741273,3.923391480492813
48479001721,7.61472180698152,3.912333456536619
48479001722,7.608164171115674,3.910078844626968
48479001806,7.596496830253251,3.904509271047228
48479001807,7.577132750171116,3.895151104722793
48479001808,7.58030899247091,3.894048728268309
48479001809,7.569514737166324,3.892547223819302
48479001810,7.543935942505134,3.874595660506502
48479001811,7.616003037645448,3.909559405886379
48479001812,7.602358084188912,3.908571522245038
48479001813,7.407776774811773,3.798205851471595
48479001814,7.553269915126626,3.881054369609856
48479001815,7.418111240246407,3.797054342231348
48479001816,7.5530286954141,3.882066754962355
48479001817,7.521148674195756,3.881217754962355
48479001818,7.473435963723477,3.850302856262834
48479001900,7.63230629705681,3.920337127994524
48479980000,7.626470988364134,3.918516283367556
48481740100,9.118214161533196,4.190715267624914
48481740200,9.160185969199179,4.19161235797399
48481740300,9.050809038329911,4.189971224503764
48481740400,9.100047804928131,4.177799952772074
48481740500,9.253650919917864,4.186445010951403
48481740600,9.109761234086242,4.154171463381246
48481740700,8.946457271047228,4.173121644079398
48481740800,8.955753240246407,4.198511310061602
48481740900,8.910406242984257,4.189758987679672
48481741000,8.815563838466804,4.173952689253936
48481741100,8.741068432580424,4.179010850787132
48483950100,7.131663709103354,3.614652310061602
48483950300,7.118883958932238,3.612196334017796
48485010100,8.46584725119781,3.979078793976728
48485010200,8.466266169062286,3.981967920602327
48485010400,8.481237892539357,3.983400130047912
48485010600,8.454184086926762,3.977826468172485
48485010700,8.445548349760438,3.977323697467488
48485010800,8.448551042436687,3.987768771389459
48485010900,8.44937839835729,3.981069934976044
48485011000,8.464028748117728,3.981302826146475
48485011100,8.48746902532512,3.988866424366872
48485011200,8.512765344284736,3.988507052703628
48485011300,8.463754963723477,3.971528503080082
48485011400,8.453817312799452,3.966484440109514
48485011500,8.421063216290212,3.962027752224504
48485011600,8.421121214921287,3.972814986310746
48485011700,8.429236588637919,3.974426416837782
48485011800,8.415988614647502,3.972509364134155
48485011900,8.433426405886379,3.977753726899384
48485012000,8.412940003422314,3.977227409308693
48485012100,8.398459911704312,3.969676305270363
48485012200,8.37632601026694,3.959647253251198
48485012300,8.327478483915127,3.949295851471595
48485012400,8.308486399041752,3.943984783025325
48485012600,8.401284672142368,3.969943722108145
48485012700,8.426068757015743,3.978576867214237
48485012800,8.293441638603696,3.939287880219028
48485012900,8.369291956194387,3.957947544832307
48485013000,8.472066548939083,3.989741724845996
48485013100,8.432323303901437,3.974504494182067
48485013200,8.493998793292266,3.98627534017796
48485013300,8.507782106091718,3.999112869952088
48485013401,8.524491902806297,3.999412475017112
48485013501,8.404367488706366,3.933117227241615
48485013502,8.439225142368241,3.954032670773443
48485013600,8.277924342915811,3.929096186858316
48485013700,7.925278089664613,3.821714921971253
48485013800,8.118951834360027,3.876041242299795
48485980000,8.522748391512663,3.994145246406571
48487950300,7.669788109514032,3.758690284052019
48487950500,7.648696600958248,3.770571941820671
48487950600,7.658043437371663,3.7680110862423
48487950700,7.696507104722793,3.773090258042437
48489950300,8.212867485284052,4.046770466803559
48489950400,8.147886720054757,4.018586377138946
48489950500,8.232146763175907,4.052984887063655
48489950600,8.273699073237509,4.062229535249829
48489950700,8.018814316221766,3.962776446269678
48491020105,9.199459424366872,4.387395834360027
48491020106,9.291225620807666,4.435200611225188
48491020107,9.219239594113621,4.406308203285421
48491020108,9.339622698836413,4.455702429158111
48491020109,9.195234849418207,4.384685539356605
48491020110,9.346594242299795,4.431174201916496
48491020111,9.365659216290212,4.459232367556468
48491020112,9.213814853524983,4.38597711156742
48491020113,9.392740457221082,4.470660937713895
48491020114,9.392504864476386,4.47262474880219
48491020115,9.297931062286105,4.428558905544148
48491020201,9.04204770294319,4.350330425051335
48491020202,8.767844856947296,4.21862583504449
48491020203,9.1218745633128,4.359531995893224
48491020204,8.905958693360712,4.282075284052019
48491020301,8.802657499657769,4.211509993155373
48491020302,9.221749182067077,4.361898868583162
48491020310,9.481535647501711,4.469390212183436
48491020311,9.485827938398357,4.447892539356605
48491020312,9.137547346338125,4.329320127310062
48491020313,9.406568602327173,4.426431544832307
48491020314,9.054872227926078,4.296207229979466
48491020315,9.504816115674196,4.477672248459959
48491020316,9.411942319644079,4.416821023956194
48491020317,9.442851242984257,4.442260477754962
48491020318,9.421236719370294,4.419215336755647
48491020319,9.308291302532512,4.404339201232033
48491020320,9.332323069130732,4.402596229979466
48491020321,9.229527875427789,4.358620458590007
48491020322,9.347074633127994,4.388198194387406
48491020323,9.232424828199863,4.349758657084189
48491020324,9.182545923340178,4.338110109514032
48491020325,9.261527947296372,4.36994212936345
48491020326,9.31198506844627,4.379023063655031
48491020327,9.312853245722108,4.383414980150582
48491020328,9.242648653661875,4.356086445585216
48491020403,9.478452474332649,4.447588983572895
48491020404,9.458778657768652,4.442276622861054
48491020405,9.529254527720739,4.474068521560575
48491020406,9.585677532511978,4.501248244353183
48491020408,9.532613046543463,4.476716363449692
48491020409,9.582690609856263,4.494231479123888
48491020410,9.633626889117043,4.520480862422998
48491020411,9.647363191649555,4.52981784257358
48491020503,9.662862798767967,4.541756357289528
48491020504,9.70676094934976,4.561873331279945
48491020505,9.640406729637235,4.542776869267625
48491020506,9.624776123203285,4.52815710403833
48491020507,9.632501010951403,4.5299081724846
48491020508,9.537235950034223,4.467843821355236
48491020509,9.559720235455168,4.498109009582478
48491020510,9.591389023956194,4.514561341546886
48491020602,9.648510371663244,4.540112782340862
48491020603,9.583012536618754,4.514693376454483
48491020604,9.464360596167009,4.470053264887064
48491020605,9.516844184804928,4.489003058179329
48491020701,9.68410073100616,4.558212920602327
48491020703,9.700380288158795,4.570949752224504
48491020704,9.684713390143737,4.564795105407255
48491020706,9.649147969199179,4.565056105407255
48491020707,9.679791279945243,4.56289266255989
48491020708,9.673118255304586,4.564232161533196
48491020803,9.458634067077344,4.496791443531828
48491020804,9.59871809650924,4.548621891854894
48491020805,9.443733381245722,4.494617360027378
48491020806,9.564182245722108,4.528364590006845
48491020807,9.553072542094456,4.526555516084873
48491020808,9.327188759069131,4.46465909377139
48491020809,9.469606445585216,4.499453258726899
48491020900,9.075845480492813,4.379370825462012
48491021000,9.194376030116359,4.418755648870637
48491021100,9.238884232717317,4.433850492128679
48491021201,9.254554449007529,4.439771409308693
48491021202,9.232723943874059,4.435994745379877
48491021203,9.193062559890486,4.421521087611225
48491021300,9.148309709103354,4.407184158795346
48491021401,9.480335925393566,4.507232439425051
48491021402,9.451684171115674,4.482843013004791
48491021403,9.519338715263518,4.509757329226557
48491021502,9.655286047227926,4.558336583162218
48491021503,9.672873517453799,4.563508201232033
48491021504,9.570689103353867,4.528991930184805
48491021505,9.661563474332649,4.555631285420945
48491021506,9.605240757015743,4.544860970568104
48491021507,9.612500867214237,4.538764953456537
48491021508,9.637546840520192,4.554583736481862
48491021601,9.175148195756331,4.407162209445585
48491021602,9.318505622176591,4.460460545516769
48491021603,9.17145468788501,4.404203008898015
48493000102,8.889380361396304,4.306268411362081
48493000103,9.189083462696783,4.40716921560575
48493000104,9.051402316221766,4.361216802190281
48493000201,8.995129979466119,4.315027160848734
48493000202,8.737226316221766,4.242496907597536
48493000300,8.831997509240246,4.27082686036961
48493000402,8.770395325119781,4.248916167693361
48493000403,9.154170275154004,4.373441438740589
48493000404,8.990968698836413,4.325155676249144
48493000500,8.615015369609856,4.211832321013005
48493000600,8.558735210130048,4.199608317590691
48495950200,6.910554249828884,3.47086809377139
48495950300,6.912326210130048,3.480869380561259
48495950400,6.91996724366872,3.485237891854894
48497150101,9.343659464750171,3.979400296372348
48497150102,9.559628303901437,3.995602557152635
48497150200,9.425584667351129,4.013125847364819
48497150300,9.123303028062971,3.980350876796715
48497150401,8.949838030116359,3.956547587953456
48497150402,8.966671652977413,3.918624587268994
48497150403,9.273788813826146,3.963425005475702
48497150500,9.214553558521561,3.980225736481862
48497150601,9.51527654825462,3.963377414784394
48497150602,9.745981630390144,3.964196564681725
48497150603,9.848307185489391,3.936705132785763
48499950100,9.471430755646817,4.384366958247776
48499950200,9.496083986310746,4.400400683778234
48499950301,9.459532993839836,4.374707955509925
48499950302,9.487498607802875,4.356018551676934
48499950400,9.494774589322382,4.347841092402464
48499950500,9.47147026899384,4.373328734428474
48499950601,9.525668566735113,4.429980441478439
48499950602,9.494745496919918,4.41187439835729
48499950700,9.493125939767283,4.384654495550992
48499950800,9.495874935660506,4.385649237508556
48501950100,7.071839369609856,3.494672316221766
48501950200,7.323533753593429,3.568748947980835
48503950200,7.911470366187543,3.804685932238193
48503950400,7.846283470225873,3.787261270362765
48503950500,7.957446685831622,3.801391679671458
48503950600,7.969196588637919,3.802928617385352
48505950301,7.423006403832991,3.809108804243669
48505950302,7.422067863791923,3.808859303216975
48505950400,7.428944698151951,3.806356490759754
48507950100,7.505783928131417,3.847708440109514
48507950200,7.404368641341547,3.825266342231348
48507950301,7.46437715468857,3.851869897330596
48507950302,7.482869622861054,3.86519309377139
49001100100,4.886533058179329,2.61857321560575
49001100200,4.847476500342231,2.619991040383299
49003960100,5.805765535934292,2.786423728268309
49003960200,8.651111340862423,3.072302175906913
49003960300,8.50329143394935,3.102488918548939
49003960400,8.127686585900068,3.060133136892539
49003960500,8.426210465434634,2.98335546201232
49003960601,8.372282288158795,2.82251645174538
49003960602,8.325925396988364,2.815081179329227
49003960701,8.395489657084189,2.817157776865161
49003960702,8.354876768651608,2.798637750855578
49003960801,8.399404789869952,2.839341532511978
49003960802,8.404829368925394,2.837890086926762
49005000101,7.760117087611225,2.772514160848734
49005000102,8.114577099247091,3.028471379192334
49005000201,8.256322689253936,2.844907943189596
49005000202,8.046187937713895,2.777537056125941
49005000300,8.555676027378508,2.936479632443532
49005000401,8.395022416837782,2.757347739904175
49005000402,8.140376368240931,2.740901267624914
49005000403,8.377990350444901,2.802268835728953
49005000501,8.524910491444216,2.727482482546201
49005000502,8.494488568104038,2.761510169062286
49005000600,8.446973325804244,2.729412403148528
49005000701,8.265016192334018,2.717942544147844
49005000702,8.375025866529774,2.724764681040383
49005000800,8.463674890485968,2.710468594113621
49005000900,8.438287065023956,2.695791052703628
49005001001,8.52295594934976,2.727315476386037
49005001002,8.508074625598905,2.710438778234086
49005001101,8.352256497604381,2.703432106091718
49005001102,8.33114998973306,2.70280218275154
49005001201,8.226681247775496,2.719491661190965
49005001202,8.389414280629706,2.762293125256674
49005001300,8.563546180698152,2.903623775496236
49005001401,8.138891729637235,2.743554628336756
49005001402,8.325644020533881,2.787233231348392
49005001500,7.997567824093087,2.741429548939083
49005980100,7.348595435318275,2.655917744695414
49007000100,6.032084800821355,2.932302382614648
49007000200,6.020191676933607,2.88496239835729
49007000300,6.07016601026694,2.927635657768652
49007000500,5.789141331279945,2.739647524298426
49007000600,5.502395032169747,2.731628561259411
49009960100,5.023249290212183,2.477674937029432
49011125102,8.8419964366872,2.977431883641342
49011125103,9.172164418206708,3.016151898699521
49011125104,8.857701721423682,2.955390329226557
49011125200,9.273651778918549,3.054272267624914
49011125301,9.314154793292266,3.076688382614648
49011125303,9.243905467488022,3.122967759753593
49011125304,9.31786366255989,3.093691587268994
49011125305,9.301978065708419,3.096023037645448
49011125401,8.650358859000684,3.093291853524983
49011125403,8.256335795345654,2.976692856262834
49011125405,9.263986937029432,3.107505427789186
49011125406,9.244762480492813,3.11207392128679
49011125501,9.272560703627652,3.106759456536619
49011125502,9.288312274469541,3.097590288158795
49011125503,9.254336496235455,3.116226066392882
49011125600,9.281650679671458,3.10903089596167
49011125701,9.28300540862423,3.0957449137577
49011125702,9.290903718685832,3.091091279945243
49011125801,9.273580094455852,3.097426991786448
49011125804,9.124087687200548,3.036828632443532
49011125805,9.267450653661875,3.090344091033539
49011125807,9.246864491444216,3.073734703627652
49011125808,9.27113605338809,3.081570612594114
49011125905,9.124838924024641,3.051524027378508
49011125906,9.099252125941136,3.045758392881588
49011125907,9.177906753593429,3.061113618069815
49011125908,9.091376942505134,3.041431374401095
49011126001,9.210658180013689,3.08500586036961
49011126002,9.213871646817248,3.092672250513347
49011126101,9.051754097193703,3.037077663928816
49011126104,9.110914327857632,3.057040668035592
49011126105,9.022746908966461,3.023250201916496
49011126202,9.082184787132101,3.007161308692676
49011126203,8.914842869952088,2.982897391512663
49011126204,8.663442112936345,2.919580212867899
49011126303,8.736413592744695,2.894789775496236
49011126304,8.94489972347707,2.929592863107461
49011126305,8.663850120465435,2.864794889801506
49011126306,8.909160436002738,2.894290698836413
49011126402,8.611487943189596,2.810632187542779
49011126404,9.132702934291581,2.852761676933607
49011126405,9.117657074606434,2.862773028062971
49011126406,9.168846363449692,2.879711492128679
49011126500,8.874480862422998,2.866284765913758
49011126600,8.957507447638604,2.874522462696783
49011126700,8.998751168377823,2.879967970568104
49011126801,8.913173005475702,2.857843855578371
49011126802,8.958160184804928,2.854830718001369
49011126901,9.040583511978097,2.885306176591376
49011126902,9.081265577002053,2.877829040383299
49011127002,9.264063034223135,2.902402582477755
49011127003,9.165442395619439,2.941032503080082
49011127004,9.160647165639973,2.914172800821355
49011127100,9.012539681040383,3.02066762696783
49013940300,5.710729274469541,2.697393681040383
49013940500,6.435325237508556,3.077645099247091
49013940600,6.194279726214921,2.95843416495551
49015976200,5.814594023956194,2.891390817932923
49015976300,5.41967215742642,2.708281783025325
49015976500,5.278400289527721,2.73919688569473
49017000300,4.676100997946612,2.533101236824093
49017000400,4.667600872689938,2.533425336071184
49019000200,5.24150924366872,2.699175503080082
49019000300,5.256478137577002,2.672824508555784
49021110100,4.830591381930185,2.599859718685832
49021110200,5.030883058179329,2.695864186173854
49021110300,4.881983534565366,2.618623379876797
49021110400,4.953422314168378,2.647445014373717
49021110500,4.91169618275154,2.623132067761807
49021110600,4.782966882272416,2.556934789185489
49021110701,5.025318266940452,2.677492161533196
49021110702,4.904773518138262,2.611708039014374
49023010100,6.17782799247091,2.780759017111567
49023010200,5.654981758384668,2.788756663928816
49025130100,4.672871027378508,2.535938135523614
49025130200,4.793157734428474,2.569516858316222
49027974100,5.884593999315537,2.914019295003422
49027974200,4.946835527720739,2.635025787816564
49027974300,5.417478502395619,2.835040321697468
49029970100,7.230873041067762,2.782794700205339
49029970200,7.941525429842574,2.809739002053388
49031960100,4.815686370294319,2.586580579739904
49033950100,6.58005226146475,2.731564832306639
49035100100,9.401911079397673,2.836295479123888
49035100200,9.150417637919233,2.830416910335387
49035100306,9.490363875427789,2.860817657084189
49035100307,9.438207845995893,2.86457486036961
49035100308,9.443662416837782,2.855224442847365
49035100500,9.442752744010951,2.82993565229295
49035100600,9.477543135523614,2.834223115674196
49035100700,9.393529075975359,2.831468310061602
49035100800,9.422364107460643,2.836944757015743
49035101000,9.29058271321013,2.818085393566051
49035101101,9.312937112936345,2.815958373716632
49035101102,9.364094676249144,2.823032079397673
49035101200,9.216541405201916,2.808119438056126
49035101400,8.993487771389459,2.781606262149213
49035101500,9.212552199863108,2.79877527652293
49035101600,9.226933210130048,2.790793927446954
49035101700,9.283121642710472,2.805112995208761
49035101800,9.295039313483915,2.799064030800821
49035101900,9.338663689253936,2.813998859000684
49035102000,9.357063468856947,2.807342543463381
49035102100,9.379698800821355,2.821087058179329
49035102300,9.406511659137577,2.819668752908966
49035102500,9.465164592060233,2.833979561259411
49035102600,9.510714094455852,2.849657757700205
49035102701,9.529533544832307,2.866929403148528
49035102702,9.509871177960301,2.852004881587954
49035102801,9.49555568788501,2.858777473648186
49035102802,9.4869068678987,2.875460550992471
49035102900,9.42668287063655,2.826679075975359
49035103000,9.373234227926078,2.803422060232717
49035103100,9.366134466119096,2.794257748117728
49035103200,9.350510654346338,2.799973278576318
49035103300,9.24682362696783,2.782823144421629
49035103400,9.263893279945243,2.781764752224504
49035103500,9.270886793292266,2.782866475017112
49035103600,9.165792919233402,2.778211911704312
49035103700,9.163469500342231,2.777919407255305
49035103800,9.164884700889802,2.784742754277892
49035103900,9.065619080766598,2.783740938398357
49035104000,9.062469541409993,2.77954323613963
49035104100,9.073169938398357,2.781514562628337
49035104200,8.896469144421629,2.771313302532512
49035104300,8.944244040383299,2.778486820670773
49035104400,8.966161761806982,2.787334080766598
49035104700,9.174333613963039,2.803279409993155
49035104800,9.190026417522245,2.815016907597536
49035104900,9.303622794661191,2.817377521560575
49035110102,7.927341707049966,2.700769915126626
49035110103,8.186033819301848,2.735558496919918
49035110104,8.160957765229295,2.726338925393566
49035110200,8.88923667761807,2.789029877481177
49035110300,9.083470397672827,2.80901367761807
49035110401,9.152690396303901,2.837943813141684
49035110402,9.059198594113621,2.824081173853525
49035110500,8.893803225188227,2.802754706365503
49035110600,8.896903425735797,2.817195535934292
49035110701,9.17810692128679,2.864692692676249
49035110702,9.075791893223819,2.846351462696783
49035110800,9.083747524982888,2.863885894592745
49035110900,8.911916158110883,2.836737915811088
49035111001,8.966425417522245,2.86359261670089
49035111002,8.889017173169062,2.867221878850103
49035111101,9.247298123887748,2.931449414099932
49035111102,9.156892212183436,2.890873220396988
49035111103,9.138208927446954,2.91406189596167
49035111201,9.098371065023956,2.922069687200548
49035111202,9.063871362765229,2.919839598220397
49035111302,8.774793704312115,2.85936784257358
49035111304,8.734407130732375,2.863988733059548
49035111305,8.931647330595482,2.89090509377139
49035111306,8.899809314168378,2.889361473648186
49035111400,9.354277575633128,2.83563264202601
49035111500,9.438720722792608,2.870714346338125
49035111600,9.400927106776181,2.905728569472964
49035111701,9.343839968514716,2.877662142368241
49035111702,9.322563222450376,2.85807046954141
49035111801,9.256525314168378,2.854039602327173
49035111802,9.250586635865845,2.835045342915811
49035111903,9.265109832306639,2.879299249144422
49035111904,9.265538263518138,2.898373034907598
49035111905,9.32440419301848,2.900967392197125
49035111906,9.347120255304586,2.896222137577002
49035112001,9.338249587953456,2.917220505817933
49035112002,9.339946869952088,2.940967703627652
49035112100,9.399386271731691,2.948756819301848
49035112201,9.389025191649555,2.985952798767967
49035112202,9.348588558521561,2.965706277891855
49035112301,9.352709812457221,2.957461806297057
49035112302,9.282338227926078,2.956723392197125
49035112402,9.219076061601643,2.989941562628337
49035112403,9.271723767967146,2.995391020533881
49035112404,9.278007715947981,2.986451822724162
49035112501,9.250194865160849,2.964357701574264
49035112502,9.167096488021903,2.947861162902122
49035112503,9.208189900068446,2.96983139835729
49035112604,9.033343156057495,2.958615759069131
49035112605,9.139559527036276,2.991214057494866
49035112608,8.987063968514716,2.931223967145791
49035112609,8.817404321013005,2.89004048733744
49035112610,9.169298446954141,2.971498164271047
49035112611,9.102438,2.949027015742642
49035112612,9.065006750171116,2.955783678302532
49035112613,8.970886682409309,2.946978100616016
49035112614,8.862342768651608,2.891432305954826
49035112615,8.874375872005476,2.901537926078029
49035112616,8.859246960301164,2.912203700889802
49035112617,8.84685049486653,2.912136674195756
49035112618,9.042746074606434,2.926836264202601
49035112619,8.98845140862423,2.924983379876797
49035112700,9.125787458590007,2.9738313908282
49035112804,9.010719100616016,2.976008976043806
49035112805,8.980740054757016,2.971490043805613
49035112810,8.794012475017112,2.973359326488706
49035112812,9.048016189596167,2.975947980150582
49035112813,8.936610693360712,2.957983312799452
49035112814,8.799323847364819,2.909532128678987
49035112815,8.662201364818617,2.877902413415469
49035112816,8.893220555099247,2.963648483915127
49035112817,9.026464520876112,2.996936608487337
49035112818,8.89707947980835,2.978598518822724
49035112819,8.953053747433265,2.978453410677618
49035112820,8.859748087611225,2.963627084873374
49035112821,8.810871670773443,2.926021663244353
49035112822,9.041360824093087,2.986583143052704
49035112823,9.004539711156742,2.982727961670089
49035112904,9.345941709787817,3.016718269678302
49035112905,9.377069312799452,3.017796912388775
49035112907,9.356312900752909,3.010744091718001
49035112912,9.289259134154689,3.023599312799452
49035112913,9.309096065023956,3.018117299794661
49035112914,9.352061109514032,3.008971231348392
49035112916,9.210597076659822,3.019764313483915
49035112917,9.263362122518823,3.015194091033539
49035112918,9.223385081451061,3.011348665982204
49035112920,9.211349041067762,3.01606041615332
49035112921,9.1913539137577,3.012232465434634
49035113007,9.014287538672142,2.996134671457906
49035113008,9.097988899383984,3.011288082135524
49035113010,9.146378996577686,3.016992690622861
49035113011,9.078789121149897,3.015372712525667
49035113012,9.117533006844627,3.010369810403833
49035113013,8.952814657084189,3.005625377823409
49035113014,9.00744626146475,3.01369440109514
49035113016,8.843468592744695,2.997250212867899
49035113017,8.911453501026694,2.995052076659822
49035113019,9.019283908281999,3.009594198494182
49035113020,8.95364170294319,2.997410536618754
49035113101,9.14379611430527,3.011829745379877
49035113102,9.113960817932923,3.010458928131417
49035113105,7.972266635865845,2.778544417522245
49035113107,8.637046253251198,2.940092331279945
49035113108,9.041053648186174,2.99055434770705
49035113305,9.47832945927447,2.91524840862423
49035113306,9.460458816563997,2.94830637303217
49035113307,9.500809151266256,2.945595524982888
49035113308,9.46596134770705,2.950030449007529
49035113309,9.446054495550992,2.963549815195072
49035113310,9.455745037645448,2.953416465434634
49035113406,9.42075151266256,2.968166805612594
49035113407,9.238802245722108,2.963097716632444
49035113408,9.142979354551677,2.956392264887064
49035113409,9.253834332648871,2.969681661875428
49035113410,9.403471922655715,2.976922478439425
49035113411,9.445100960301164,2.976055240246407
49035113412,9.358265660506502,2.971033583162218
49035113413,9.341217483915127,2.974248486652977
49035113505,9.384551893908282,2.985888590006845
49035113509,9.453790922655715,2.931541618069815
49035113510,9.444590813826146,2.96534198973306
49035113511,9.450969752908966,2.953668944558522
49035113512,9.447015516084873,2.943303339493498
49035113513,9.439082343600274,2.99100206091718
49035113514,9.436731416837782,2.958917427789186
49035113515,9.432050324435318,2.984207308008214
49035113520,9.453285511978097,2.979560286105407
49035113521,9.410112934976044,3.00159948733744
49035113522,9.430643478439425,2.990405386721424
49035113523,9.39765705338809,3.014019023271732
49035113525,9.083119427789186,2.955906778234086
49035113526,9.081274630390144,2.977330655715264
49035113527,9.259351503764545,3.017055984257358
49035113528,9.219447569472964,3.014391253251198
49035113532,9.414324033538672,3.010317427104723
49035113533,9.409913373716632,2.998244941820671
49035113534,9.081987405886379,2.984558759753593
49035113535,9.089268217659138,2.992028378507871
49035113536,9.413973464750171,2.985583993155373
49035113537,9.440341732375086,2.986350625598905
49035113538,9.330960088295688,2.981843902806297
49035113539,9.308842796030116,2.989276183436003
49035113600,9.366851271731691,3.002691899383984
49035113701,9.370972300479124,3.026066661875428
49035113702,9.356610654346338,3.016987299110198
49035113801,9.296215811772758,3.00042519028063
49035113802,9.341254279945243,3.001122707734428
49035113803,9.29718790622861,3.013799967830253
49035113903,9.030219665982204,2.924940986995209
49035113904,9.010534464065708,2.919751510609172
49035113905,8.973171533196441,2.922284828199863
49035113906,8.926182744695414,2.952151691307324
49035113907,8.444646786447639,2.853347138945927
49035114000,9.460616147843942,2.838404128678987
49035114100,9.17725875633128,2.792452206707734
49035114200,9.245988357289528,3.00435872073922
49035114300,9.084934368925394,2.995169249828884
49035114500,9.499777793292266,2.944497982888433
49035114600,8.992264909650924,3.003596603696099
49035114700,9.368938379876797,2.888671484599589
49035114800,8.892348718001369,2.794648421629021
49035115106,8.46423420054757,2.916856672826831
49035115209,8.776575004106776,2.954127618754278
49035980000,9.38826676386037,2.923490312799452
49037942000,5.09059579945243,2.678251973990418
49037942100,4.861633700889802,2.627644531143053
49037978100,4.92371853045859,2.597436345653662
49037978200,4.806414538672142,2.588392122518823
49039972100,5.703014026009582,2.66910135523614
49039972200,5.911592960985626,2.740891302532512
49039972300,5.586390097193703,2.792044693360712
49039972400,5.502122996577686,2.704652610540726
49039972500,5.189788589322382,2.628241929500342
49041975100,5.075645374401095,2.638965691991786
49041975200,4.862040410677618,2.580574149212868
49041975300,5.246065762491444,2.740640554414784
49041975400,5.244679618754278,2.745055003422314
49041975500,5.039979574948665,2.674044793292266
49043964101,6.626622771389459,2.725326059548255
49043964102,6.25606862696783,2.616211576317591
49043964201,6.476696344284736,2.600384256673511
49043964202,6.416927954825462,2.61115766255989
49043964203,5.302597226557153,2.498674507186858
49043964303,7.644565861738535,2.723185245722108
49043964304,7.578917749486653,2.706384013689254
49043964305,7.448921878850103,2.679035328542094
49043964306,7.323527973305955,2.724747859685147
49043964307,7.323804734428474,2.696861028062971
49043964308,7.258789908966461,2.684781453114305
49043964401,7.283435410677618,2.659358688569473
49043964402,7.158596713894593,2.663313674195756
49045130600,5.617201238877481,2.778103112936345
49045130701,7.666948828884326,2.700822789185489
49045130702,7.159481899383984,2.632018701574264
49045130703,6.305150084873374,2.595481140999316
49045130800,6.770770325804244,2.644166676933607
49045130900,7.113881999315537,2.562580584531143
49045131001,7.255527910335387,2.594372021902806
49045131002,7.180101344969199,2.56912820054757
49045131100,6.973804689938398,2.55669676659822
49045131200,7.101764121149897,2.567549088295688
49045980000,7.105565585215606,2.808170971937029
49047940201,5.809423761806982,2.854691757015743
49047968200,5.602831184120465,2.722809316906229
49047968301,6.313616223134839,3.033191817932923
49047968302,5.267187388774812,2.584795490075291
49047968401,6.079130980150582,2.917839110198494
49047968402,6.175181446269678,2.970189531827515
49049000102,8.739462633127994,2.912607447638604
49049000103,8.730888976728268,2.884565581793292
49049000104,8.754297526351814,2.906746114989733
49049000105,8.74257193155373,2.891702893223819
49049000203,8.668176145106092,2.785536973305955
49049000204,8.714795214236824,2.850197342231348
49049000205,8.710577389459274,2.853159044490075
49049000206,8.706850902121834,2.844262900752909
49049000400,8.69829687816564,2.801220841889117
49049000504,8.535496618754278,2.685303636550308
49049000505,8.433421999315537,2.655773635181383
49049000506,8.550335252566735,2.660124852156058
49049000507,8.417138303216975,2.637240875427789
49049000508,8.612651855578371,2.735289901437372
49049000509,8.645124480492813,2.733790546885695
49049000601,8.622478138945927,2.688119384668036
49049000603,8.53061071321013,2.620354076659822
49049000604,8.412560576317591,2.620859069815195
49049000703,8.45252867008898,2.620565991101985
49049000706,8.560983852156058,2.651700861738535
49049000707,8.553338417522245,2.642426188911704
49049000708,8.505405735797399,2.622850779603012
49049000709,8.458066489390828,2.620896080082136
49049000710,8.415287501026694,2.617183865845311
49049000711,8.315087849418207,2.608262130047912
49049000801,8.535736295687885,2.65262596440794
49049000802,8.522881145790554,2.648423254620123
49049000901,8.46850125393566,2.625718509240246
49049000903,8.383980561259411,2.612680495550992
49049000904,8.391946747433265,2.614004254620123
49049001001,8.424518453114305,2.61971672073922
49049001002,8.414042991101985,2.620889596851472
49049001103,8.49367078439425,2.652526983572895
49049001105,8.520549894592745,2.666305603011636
49049001106,8.526268552361396,2.658807774811773
49049001107,8.482802737850787,2.640229967145791
49049001108,8.449736618069815,2.632999355920602
49049001201,8.463104482546201,2.646684140314853
49049001202,8.433258744010951,2.623574049965777
49049001300,8.397393221081451,2.608225386721424
49049001401,8.337402891854894,2.603377088295688
49049001402,8.37119326146475,2.597750095140315
49049001501,8.220104865845311,2.602001288158795
49049001503,8.231131697467488,2.596730839835729
49049001504,8.279465757015743,2.595814168377823
49049001601,8.340445168377823,2.586570918548939
49049001602,8.302596030116359,2.598991166324435
49049001603,8.272367728952772,2.596575298425736
49049001701,8.175639259411362,2.605977664613279
49049001702,8.239713995208761,2.61943639835729
49049001801,8.306703986310746,2.608888245037645
49049001802,8.30307374606434,2.616839840520192
49049001803,8.281599786447639,2.622379603011636
49049001900,8.34030765229295,2.608270653661875
49049002000,8.364841832306639,2.628780696783025
49049002101,8.409507457905544,2.624732657084189
49049002102,8.389144297741273,2.620653045174538
49049002201,8.594826224503764,2.702456084188912
49049002204,8.45474737577002,2.675970961670089
49049002205,8.41914650513347,2.681235917864476
49049002206,8.361136758384668,2.662583156057495
49049002207,8.32216960164271,2.679669904859685
49049002300,8.320344464750171,2.640172824093087
49049002400,8.304456750855578,2.625271126625599
49049002500,8.256819863107461,2.628110633812457
49049002701,8.158801742642026,2.627846955509925
49049002702,7.979079878850103,2.63780132238193
49049002801,8.185886724845996,2.650672877481177
49049002802,8.069178617385352,2.645869034907598
49049002901,7.937655846680356,2.67338510403833
49049002902,7.898475733059548,2.660701048596852
49049003001,7.876286466803559,2.657245741957563
49049003002,7.744197750171116,2.646843646132786
49049003103,7.717237917864476,2.667390902121834
49049003104,7.597451470225873,2.649244957563313
49049003105,7.797041632443532,2.665785968514716
49049003106,7.781380901437372,2.678109224503764
49049003201,7.773388700889802,2.700287874743326
49049003203,7.605827605065024,2.70778748733744
49049003204,7.708192817932923,2.709015475017112
49049003205,7.636451128678987,2.698175544832307
49049003300,7.740111544147844,2.71592160164271
49049003401,7.455896769336071,2.750728670773443
49049003402,7.325849527720739,2.75138638329911
49049003403,7.331760296372348,2.759462123203285
49049010103,7.889872514031485,2.833954085557837
49049010104,8.233765742642026,2.883174839151266
49049010105,8.250156314168378,2.88549537577002
49049010106,8.397433967145791,2.902857736481862
49049010107,7.264113423682409,2.74724393908282
49049010108,8.762541909650924,2.946860234086242
49049010109,8.574877161533196,2.926205537303217
49049010110,8.698571240246407,2.923915577002053
49049010111,8.657948131416838,2.910358466803559
49049010112,8.722639960985626,2.832507744695414
49049010113,8.243369689938398,2.819294269678302
49049010208,8.646585134154689,2.85071858110883
49049010209,8.535274335386721,2.805135884325804
49049010210,8.444115336071184,2.715181326488706
49049010211,8.324579667351129,2.773062177960301
49049010212,8.815742483915127,2.946655590691307
49049010213,8.568141558521561,2.763781023271732
49049010214,8.789300080766598,2.928269798767967
49049010215,8.568148965776865,2.736951607118412
49049010216,8.789924464065708,2.917110074606434
49049010217,8.770237653661875,2.911704029431896
49049010218,8.735753343600274,2.875222495550992
49049010219,8.64930016495551,2.828003691991786
49049010220,8.455848030116359,2.752848079397673
49049010303,7.532136034907598,2.658862110198494
49049010304,7.705295318275154,2.693968894592745
49049010305,7.386330945927447,2.664477021218344
49049010404,7.503648531143053,2.695277517453799
49049010405,7.445917770020534,2.683759542094456
49049010406,7.506547921971253,2.715031046543463
49049010407,7.33705839835729,2.732468952087611
49049010408,7.332654937029432,2.711182861738535
49049010409,6.810300143052704,2.737564289527721
49049010410,7.168389214236824,2.757275331964408
49049010411,6.718812924709103,2.690530117043121
49049010503,7.962413406570842,2.743126722792608
49049010504,7.479782349075975,2.777206310746064
49049010505,7.047936839151266,2.758763641341547
49049010506,6.917539606433949,2.752323225188227
49049010600,6.725153956194387,2.757534518138262
49049010700,8.653885247091034,2.804872889801506
49049010900,6.521573657768652,2.594434813141684
49049980100,8.060950663244353,2.836529958247776
49051940500,6.01967165982204,2.517591909650924
49051960100,7.000281689253936,2.618083023271732
49051960200,6.934320145790554,2.61483867008898
49051960400,7.236668889117043,2.61260085284052
49053270100,4.92473415742642,2.60631540862423
49053270200,4.896995405201916,2.602880813826146
49053270300,5.128243373716632,2.680836646132786
49053270400,5.280971156741958,2.744713507186858
49053270500,5.562800032854209,2.860290667351129
49053270600,5.691490989048597,2.917559646817248
49053270700,5.58515481724846,2.867835822724162
49053270801,5.586247032169747,2.862900265571526
49053270802,5.444501184804928,2.806348421629021
49053270901,5.255687473648186,2.725161980835044
49053270902,5.437787708418891,2.798173108145106
49053271000,5.0983813908282,2.670122965776865
49053271100,5.660434054072553,2.897958654346338
49053271200,5.668594977412731,2.906855837097878
49053271300,5.685610785078713,2.912698674195756
49053271400,5.692267555099247,2.916735188227242
49053271500,5.69139611430527,2.917080801505818
49053271600,5.623725491444216,2.88255266255989
49053271701,5.653373080082136,2.897486828199863
49053271702,5.564556323066393,2.8582256091718
49053271800,5.686442678986995,2.909843431211499
49055979100,4.912463467488022,2.636729602327173
49057200100,8.865647213552361,2.881856085557837
49057200202,8.942713228610541,2.899195300479124
49057200203,8.859239887748118,2.887989483915127
49057200204,8.804747252566735,2.887599991786448
49057200300,9.035652201916496,2.927327472963724
49057200400,9.085545264202601,2.915400149212868
49057200500,8.990980336071184,2.893498607802875
49057200600,8.883247855578371,2.873538142368241
49057200700,8.945303941136208,2.883802086926762
49057200800,9.039642764544832,2.888149616016427
49057200900,9.076517193702943,2.894790098562628
49057201100,9.164590338124572,2.906341813141684
49057201200,9.197763560574949,2.900006925393566
49057201301,9.107479311430527,2.890613648186174
49057201302,9.121747428473648,2.892751347022587
49057201400,9.013825854893908,2.886931506502396
49057201500,9.057764130047912,2.906490657768652
49057201600,9.141495521560575,2.913216039014374
49057201700,9.171016596851472,2.901242063655031
49057201800,9.246249848049281,2.912013306639288
49057201900,9.271113559206023,2.962984874058864
49057202000,9.107551612594114,2.94507289596167
49057210100,7.62612550513347,2.752079916495551
49057210201,8.645972826146475,2.871459197809719
49057210203,8.65742701026694,2.866509431895962
49057210204,8.730224280629706,2.874865483230664
49057210302,8.90035382477755,2.912261915811088
49057210303,8.656674396303901,2.884229402464066
49057210304,8.826197008213552,2.922970219028063
49057210402,9.011262326488706,2.974520588637919
49057210403,8.590660122518823,3.096006247775496
49057210404,9.106235092402464,3.021725869952088
49057210504,9.192987281314168,3.147986769336071
49057210505,9.217295681724846,3.043899019164956
49057210506,9.317267292265572,3.065764843258042
49057210508,9.325536980150582,3.085478926762491
49057210509,9.316449817932923,3.097596176591376
49057210510,9.303116737166324,3.106422885010267
49057210511,9.314050545516769,2.96742523340178
49057210512,9.331048706365503,3.015991936344969
49057210600,9.335131655030801,3.030182142368241
49057210701,9.34600067761807,3.056620904175222
49057210703,9.333733500342231,3.073218499657769
49057210704,9.334217855578371,3.072597182067077
49057210800,9.241596877481177,2.932106531827515
49057210900,9.205908065023956,2.95840343394935
49057211000,9.284660554414784,2.971303587268994
49057211100,9.279705900752909,3.001237804243669
49057211201,8.863606351129363,2.935134944558522
49057211202,9.147191586584531,2.986507414099932
50001960100,6.835117752908966,2.91339573853525
50001960200,7.016745724845996,3.002493295687885
50001960300,7.044368334017796,3.024098167693361
50001960400,7.116896681040383,3.068473641341547
50001960500,6.882554760438056,2.962452438056126
50001960600,6.812813707049966,2.933127063655031
50001960700,7.041089708418891,3.02479241615332
50001960800,7.162351375085558,3.073541168377823
50001960900,7.306370234770705,3.145377108829569
50001961000,7.163232579055442,3.050611305270363
50003970200,7.185428782340862,3.03629599247091
50003970300,7.337480457905544,3.114933891854894
50003970400,7.132263442162902,3.014117788501027
50003970500,7.068758451060917,2.980356300479124
50003970600,7.011570859000684,2.914274733744011
50003970700,7.254316795345654,3.055866323066393
50003970800,7.227941440109514,3.004754103353867
50003970900,7.184035500342231,2.95492146954141
50003971000,7.290588862422998,2.967344623545517
50003971100,7.203726076659822,2.945295713894593
50003971200,7.217826754277892,2.959356391512663
50003971300,7.253510331279945,2.962111804928131
50005957000,6.592492981519507,3.045448618069815
50005957100,6.538139976728268,3.048881427104723
50005957200,6.586487542778918,3.04697310403833
50005957300,6.610196734428474,3.05475872347707
50005957400,6.64774998973306,3.047383841204654
50005957500,6.643455264202601,3.050987485284052
50005957600,6.647686453114305,3.030774665982204
50005957700,6.588728569472964,2.967537429842574
50005957800,6.690642661875428,3.007165095140315
50005957900,6.659150574948665,3.03799411156742
50007000100,7.284532497604381,2.981097869267625
50007000200,7.264906682409309,2.942107800136892
50007000300,7.290845394934976,2.950939607802875
50007000400,7.281260446269678,2.92759054825462
50007000500,7.270685095140315,2.918663813826146
50007000600,7.270562248459959,2.928967070499658
50007000800,7.271387399041752,2.932681180698152
50007000900,7.272241263518138,2.923510079397673
50007001000,7.277368386721424,2.929676952087611
50007001100,7.263119641341547,2.937353494182067
50007002101,7.343885030800821,3.112685109514032
50007002102,7.17986115742642,3.018350540041068
50007002200,7.245142623545517,2.982143278576318
50007002301,7.318044424366872,3.037878718685832
50007002302,7.312091095824778,3.019786534565366
50007002400,7.266619906913073,2.937992869952088
50007002500,7.251572617385352,2.933460217659138
50007002601,7.138709981519507,2.913062084188912
50007002602,7.075611676249144,2.903795741957563
50007002701,7.088947283367556,2.923323283367556
50007002702,6.908785083504449,2.861668173169062
50007002800,6.71436541889117,2.794442830937714
50007002900,6.604729845995893,2.751248770020534
50007003000,6.769802760438056,2.830814778234086
50007003100,7.018133995208761,2.887196034907598
50007003301,7.183199370978782,2.933811470225873
50007003304,7.233971891170431,2.943702171800137
50007003400,7.132157902121834,2.943931051334702
50007003501,7.029226562628337,2.957462151266256
50007003502,6.910156213552361,2.899020984257358
50007003503,6.685091737850787,2.849314582477755
50007003600,7.247155676249144,2.931805262149213
50007003900,7.268814678302532,2.926835085557837
50007004002,7.198334225188227,2.921693165639973
50007980000,7.194000891170431,2.919778679671458
50009950100,6.426325940451745,3.084008500342231
50009950200,6.509480868583162,3.094977786447639
50009950500,6.436173383983573,3.012752032854209
50011010100,7.595196776865161,3.437645769336071
50011010200,7.095739210130048,3.230880124572211
50011010300,6.848216091718001,3.150972498288843
50011010400,6.975265360027378,3.095536367556468
50011010500,7.696774914442163,3.449854945927447
50011010600,7.480257048596852,3.290784594798084
50011010700,7.391625797399042,3.257528861054073
50011010800,7.372153687200548,3.247428852156058
50011010900,7.314753182067077,3.156930228610541
50011011000,6.932393965776865,2.997411219712526
50013020100,7.746168898015058,3.471230124572211
50013020200,7.407621540041068,3.172815789869952
5001480100,9.813174504449008,4.128452759753593
5001480200,10.036245606433949,4.026296729637235
5001480300,10.07031058384668,3.95981473100616
5001480400,10.099946655030801,3.91438465982204
5001480500,10.101975973990418,3.949595718685832
5001480600,9.90541320054757,4.116420164271047
5001480700,9.838976303901437,4.145864707049966
5001480800,9.785581397672827,4.210691070499658
50015953000,6.597032052703628,2.953005547570157
50015953100,6.602546754962355,2.837921516769336
50015953200,6.577651477754962,2.886282810403833
50015953300,6.575713614647502,2.914007364818617
50015953400,6.602599387405886,2.928198438056126
50015953500,6.564338765229295,2.858590761122519
50015953600,6.537110110198494,2.800998230663929
50017959000,6.756369945927447,3.020337331279945
50017959101,6.890934529774127,3.03137238329911
50017959102,6.845996657084189,3.027934442162902
50017959200,6.956877813826146,3.027397499657769
50017959300,6.933223316906229,2.990498747433265
50017959400,7.035081232032854,3.022153650924025
50017959500,7.063100112251882,3.047531915811088
50017959600,7.108163550308008,3.038272600958248
50017959700,6.953081074606434,3.032242290896646
50017959800,6.859170457221082,3.026364812457221
50019951100,6.762734431895962,3.205851622176591
50019951200,6.9396205633128,3.271112538672142
50019951300,7.009634047912389,3.29546190622861
50019951400,6.965477418206708,3.267195846680356
50019951500,6.98835515742642,3.272451830937714
50019951600,6.865852099247091,3.196291286105407
50019951700,6.619385169062286,3.037208279945243
50019951800,6.659346051334702,3.098206103353867
50019951900,6.716265592060233,3.143080890485968
50019952000,6.577147565366188,3.014951311430527
50021962100,7.090618037645448,2.953142839835729
50021962200,7.276710478439425,3.055536878850103
50021962300,7.530319813141684,3.177253347022587
50021962400,7.402911273100616,3.031524039698836
50021962500,7.524277232717317,3.019021654346338
50021962600,7.581942445585216,3.038175450376454
50021962700,7.490645349075975,2.955743592744695
50021962800,7.222054898699521,2.93529984257358
50021963000,7.467750785763176,2.943454735112936
50021963100,7.509514413415469,2.946945388774812
50021963200,7.523661854893908,2.959091635865845
50021963300,7.498674876796715,2.948967984941821
50021963400,7.419053438740589,2.98840001779603
50021963500,7.481840540041068,3.072991621492129
50021963600,7.616891673511294,3.136883440109514
50021963700,7.639798251882272,3.207984003422314
50021963800,7.616230688569473,3.166602965776865
50021964000,7.185610697467488,2.975390745379877
50021964200,7.201353833675565,3.014521708418891
50021964300,7.461662190965092,3.150427976728268
50023954000,6.691608369609856,2.988539189596167
50023954100,6.653543581793292,2.947845664613279
50023954200,6.683004880903491,2.909449883641342
50023954300,6.601714036960986,2.832148368240931
50023954400,6.66238164476386,2.872462415468857
50023954500,6.867820084873374,2.9863006091718
50023954600,6.808906976728268,2.969734812457221
50023954700,6.824455073237509,2.983949357289528
50023954800,6.834593257357974,2.981691901437372
50023954900,6.848103484599589,2.984809248459959
50023955000,6.809212143052704,2.987773961670089
50023955100,6.93983324366872,3.040496724845996
50023955200,6.947429464750171,3.039968137577002
50023955300,6.90235712183436,3.028880227241615
50023955400,6.938989898015058,3.035361569472964
50023955500,6.809781788501027,2.953869765913758
50023955600,6.695194972621492,2.897949498973306
50023955700,6.699121813826146,2.894107506502396
50023955800,6.658738125256674,2.872047618754278
50025967000,7.50160555578371,3.072745219712526
50025967100,7.472528475017112,3.082663316221766
50025967200,7.259457501711157,3.016945484599589
50025967300,7.092541776865161,2.98288006844627
50025967400,7.048635149897331,2.963274510609172
50025967500,6.95359340109514,2.924026604380561
50025967600,7.509980900068446,3.063661749486653
50025967700,7.563969258042437,3.061307158795346
50025967800,7.212271414784394,2.97907617522245
50025967900,6.996691552361396,2.923041641341547
50025968000,7.014251425735797,2.912416973305955
50025968100,7.083290293634497,2.919930728268309
50025968200,7.221768759753593,2.965901557152635
50025968300,7.501820039698836,3.044463503764545
50025968400,7.465030732375086,3.035484445585216
50025968500,7.658612080082136,3.07812999247091
50025968600,7.617377252566735,3.07357183504449
50025968700,7.625085375085558,3.062292442847365
50027965000,7.271904,3.041029502395619
50027965100,7.134038396303901,3.018412544147844
50027965200,6.94383042642026,2.956679737850787
50027965300,6.912087538672142,2.944577216290212
50027965400,7.126431082819986,2.986747721423682
50027965501,7.331472698151951,3.016485501026694
50027965502,7.330748141683778,3.026810316221766
50027965600,7.34107635797399,2.988399285420945
50027965700,7.34243531211499,3.020232181382615
50027965800,7.200490190965092,2.98497107118412
50027965900,7.162190075290897,2.974063932238193
50027966000,7.39587422587269,3.050425118412046
50027966100,7.440757167693361,3.082924087611225
50027966200,7.298137321697468,3.032653680355921
50027966300,7.18816088843258,2.995475085557837
50027966500,7.212158679671458,3.017029978781656
50027966600,7.483444488706366,3.100052291581109
50027966700,7.494539535934292,3.098520905544148
5003960100,9.601763547570157,4.250795015058179
5003960200,9.6533679137577,4.1562358275154
5003960300,9.623729694729637,4.139647224503764
5003960400,9.563810804243669,4.180461802874743
5003960500,9.712651055441478,4.095773080082136
5003960600,9.729339871321013,4.104439497604381
5003960700,9.778314498973306,4.163313481861738
5005950100,9.337477011635866,4.284986227926078
5005950200,9.349131427104723,4.300176182067077
5005950300,9.346642501711157,4.296742210814511
5005950400,9.336493271731691,4.284652823408624
5005950500,9.263086600273785,4.220431281314168
5005950600,9.331598066392882,4.282511446954141
5005950700,9.309495668720055,4.306738266940452
5005950800,9.304456882272416,4.28378523613963
5005950900,9.315762318275154,4.26841912936345
5007020101,9.588453324435318,4.19161132238193
5007020102,9.766638230663929,4.225242124572211
5007020201,9.848521023271732,4.228641264202601
5007020203,9.83855058384668,4.213715557837098
5007020205,9.869060006844627,4.206354120465435
5007020206,9.905522029431896,4.206223947980835
5007020301,9.891389697467488,4.234936029431896
5007020302,9.916873242984257,4.244125764544832
5007020304,9.878680930184805,4.248399719370294
5007020305,9.915606606433949,4.252456868583162
5007020401,9.937221308692676,4.241147075290897
5007020402,9.921700173169062,4.231512812457221
5007020404,9.929131672826831,4.220762707734428
5007020405,9.956817136208077,4.236057851471595
5007020501,9.858488746748802,4.247503303901437
5007020503,9.930217758384668,4.258612144421629
5007020504,9.900784565366188,4.254639737166324
5007020603,9.95429305338809,4.265051075975359
5007020604,9.915106916495551,4.264853401779603
5007020605,9.846580206707734,4.253915039014374
5007020606,9.861617150581793,4.251858251882272
5007020701,9.70127935523614,4.237236590006845
5007020703,9.74046325119781,4.23236068788501
5007020704,9.785098431211499,4.241954082819986
5007020801,9.698457987679672,4.227378559890486
5007020803,9.704323002053388,4.228463990417522
5007020805,9.771087529089665,4.229912973990418
5007020806,9.796142848733744,4.24872554072553
5007020901,9.881086841889117,4.262213907597536
5007020902,9.753308155373032,4.234979754277892
5007021001,9.676598668035592,4.208635583162218
5007021002,9.749567015058179,4.211171731690623
5007021101,9.763970514715948,4.207832734428474
5007021102,9.734650755646817,4.187056342231348
5007021201,9.730576460643395,4.198115466119096
5007021202,9.72409135523614,4.18709879192334
5007021301,9.795653511293634,4.200583504449008
5007021304,9.935067242984257,4.261317313483915
5007021305,9.884773437371663,4.235857036276523
5007021306,9.961680844626968,4.234869567419576
5007021308,9.964828620807666,4.226467030800821
5007021310,9.94748455578371,4.182269865160849
5007021311,9.96269865982204,4.206193898015058
5007021404,9.63380315468857,4.180565065023956
5007021405,9.47556265982204,4.142594289527721
5007021406,9.919153636550308,4.179806127994524
5007021407,9.77198944421629,4.173130093086927
5007021408,9.813424359342916,4.137773046543463
5007021409,9.523634793976728,4.104910219028063
5009790100,9.245291288843258,4.185665845995893
5009790200,9.213945364134155,4.19038315742642
5009790300,9.178473479123888,4.168526908281999
5009790400,9.085998351129363,4.109799958932238
5009790501,9.166018889801506,4.160191519507187
5009790502,9.183578544147844,4.168986438056126
5009790600,9.166920952772074,4.153098824093087
5011950100,9.729089524298426,4.241176611225188
5011950200,9.756084617385352,4.245435105407255
5011950300,9.707963917864476,4.225341405886379
5011950400,9.684948887063655,4.223057210814511
5011950500,9.694793895277207,4.195422331964408
5013480100,9.775889271731691,4.234218372347707
5013480200,9.920529761806982,4.289170997262149
5015950100,9.280993176591376,4.109243918548939
5015950200,9.298745203969884,4.106794894592745
5015950300,9.235861493497604,4.12007119301848
5015950400,9.294038952772074,4.171110330595482
5015950500,9.073620744695414,4.073091881587954
5017080100,9.691183919233402,4.392342447638604
5017080200,9.709826726214921,4.354061004791239
5017080300,9.709005658453114,4.395109314168378
5017080400,9.586242508555784,4.382801444900753
5019953601,10.073969613278576,4.236735908281999
5019953602,10.041190898699521,4.199068446269678
5019953700,9.916363366872006,4.258833219028063
5019953800,10.077207533880904,4.26404470568104
5019953900,10.059196374401095,4.323330893223819
5021950100,10.092882049281314,4.540868216290212
5021950200,9.934026216290212,4.503989453798768
5021950300,9.834637856947296,4.484158184804928
5021950400,9.857468399726215,4.498748751540041
5021950500,10.007139588637919,4.48810570568104
5021950600,10.090422186858316,4.560616699520876
5023480100,9.78714064476386,4.168892744695414
5023480201,9.595901531827515,4.159920435318275
5023480202,9.679872865160849,4.161550101984942
5023480300,9.85182921560575,4.161210041752224
5023480400,9.895768214236824,4.15754843394935
5023480501,9.98218332991102,4.135339840520192
5023480502,9.862880620807666,4.129984171800137
5025970100,9.916554140999316,4.185332082819986
5025970200,9.831500924024641,4.239038947980835
5027950100,9.698379925393566,4.292069344969199
5027950200,9.735139299794661,4.330911879534565
5027950300,9.688718356605065,4.328331425735797
5027950400,9.736530379876797,4.333124186858316
5027950500,9.731175687200548,4.332624682409309
5029950100,10.093014567419576,4.149601639972622
5029950200,9.987535377823409,4.16417297467488
5029950300,10.226473114989733,4.161109724845996
5029950400,10.222176238877481,4.138190802874743
5029950500,10.39848594934976,4.098003882272416
5029950600,10.116703014373717,4.10493742642026
5031000101,10.13972887063655,4.349088140999316
5031000102,10.149147697467488,4.347221021902806
5031000200,10.133604871321013,4.355750587268994
5031000300,10.133409737850787,4.340860991101985
5031000401,10.113410583162218,4.291042780971937
5031000402,10.138626264202601,4.328818388774812
5031000501,10.145960558521561,4.379927242299795
5031000502,10.131117354551677,4.33609695687885
5031000601,10.140153875427789,4.386508071868583
5031000602,10.149497529774127,4.361986373716632
5031000700,10.113080670773443,4.360049783709788
5031000801,10.102312430527036,4.314425433264887
5031000802,10.095798567419576,4.287780383983573
5031000900,10.042238683778234,4.249576453114305
5031001000,9.972654123203285,4.260636954140999
5031001100,10.089377989048597,4.377569336071184
5031001200,10.015582939767283,4.279237806297057
5033020100,9.36640633744011,4.073173655030801
5033020201,9.560500221081451,4.095571075975359
5033020203,10.011228937713895,4.209615688569473
5033020204,9.954746105407255,4.223744938398357
5033020301,10.083037138945927,4.255645754962355
5033020302,10.147151834360027,4.250635424366872
5033020401,10.011307517453799,4.279972092402464
5033020402,9.736683074606434,4.213435446954141
5033020501,10.13302787816564,4.288412574948665
5033020502,10.081139462696783,4.262147006844627
5033020600,9.824923941136208,4.207067206707734
5035030101,10.150036301848049,3.456249644079398
5035030102,10.144012268309377,3.4755283908282
5035030201,10.131026080082136,3.493738239561944
5035030202,10.094068343600274,3.523782205338809
5035030301,10.10615040862423,3.539682622176591
5035030302,10.13779220807666,3.509575363449692
5035030501,10.151679733059548,3.478543238193018
5035030502,10.150679189596167,3.466953697467488
5035030600,9.954851548939083,3.721591103353867
5035030701,9.897155394934976,3.780183316221766
5035030702,10.012718431211499,3.569611605065024
5035030703,10.055052503764545,3.550861227241615
5035030803,10.143629214236824,3.455041774811773
5035030804,10.090406080766598,3.479433752224504
5035030805,10.068827688569473,3.489422329226557
5035030806,10.095207703627652,3.436214320328542
5035030807,9.908514390143737,3.634303754277892
5035031000,9.924413607118412,3.736594993155373
5035031100,9.87834976659822,3.834281260780288
5035031200,10.149054816563997,3.489804845995893
5037950100,9.850991404517454,3.917541819301848
5037950200,9.867476700889802,4.030962914442163
5037950300,9.935799305954826,4.097811466803559
5037950400,9.903879382614648,4.031068524982888
5037950500,9.911337351129363,4.046548890485968
5037950600,9.885637156741958,4.0234886091718
5039970100,9.95718404312115,4.172823765913758
5039970200,9.989853070499658,4.264658258042437
5039970300,9.879130442847365,4.233867321697468
5041950100,9.676764384668036,4.315914957563313
5041950200,9.78428048733744,4.306993078028747
5041950300,9.815390196440794,4.308648730321698
5041950400,9.736344199178645,4.374373635865845
5041950500,9.737587213552361,4.342614798083504
5043490100,9.666594091718001,4.292414285420945
5043490200,9.686716036960986,4.270669886379192
5043490300,9.653864950034223,4.235829635181383
5043490400,9.633634514031485,4.249376022587269
5043490500,9.649718012320328,4.228363242984257
5045030101,10.104432188911704,4.106409091033539
5045030102,10.330727562628337,4.039921823408624
5045030103,10.41044025119781,4.066040837782341
5045030104,10.284126211498973,4.09850163449692
5045030200,10.163762026009582,4.037154490075291
5045030301,10.509763950718686,3.935765844626968
5045030302,10.427387184120465,3.948753546885695
5045030303,10.589650006844627,3.837203782340862
5045030401,10.501081223819302,4.040380091033539
5045030402,10.45333370568104,3.983235771389459
5045030403,10.54304347980835,3.977084447638604
5045030404,10.592657622176591,3.963115541409993
5045030501,10.516170476386037,4.03240173100616
5045030502,10.552162040383299,4.01450829431896
5045030600,10.554394154004107,4.011906437371663
5045030701,10.581040268309377,3.999599290896646
5045030702,10.59790007118412,3.999220497604381
5045030800,10.578201338809035,4.00234451266256
5045030900,10.613858651608487,3.992357760438056
5045031001,10.548175935660506,4.001004325804244
5045031003,10.539576388774812,3.979728976043806
5045031005,10.574308219712526,3.935787958932238
5045031006,10.603201864476386,3.944540239561944
5045031101,10.606423116358658,3.863999317590691
5045031102,10.522860702258727,3.871291428473648
5047950100,9.355166390143737,4.100474965776865
5047950200,9.698545809034908,4.249002796714579
5047950300,9.806828238877481,4.267736197809719
5049550100,9.408871699520876,4.335207352498289
5049550200,9.340722794661191,4.303177293634497
5051010300,9.714236498973306,4.010941184120465
5051010400,9.90165887063655,3.932270660506502
5051010500,10.101597100616016,3.918409829568788
5051010600,10.021638883641342,3.919249542778918
5051010700,9.991595498288843,3.933744003422314
5051010800,9.982820071868583,3.949152216290212
5051010900,9.992348671457906,3.982483090349076
5051011000,9.935403248459959,3.995822786447639
5051011100,9.797943015058179,4.066120124572211
5051011200,9.987540583162218,4.036729075975359
5051011300,10.028405179329227,3.979293832306639
5051011400,10.022254639288159,3.952891592060233
5051011500,10.035342308692676,3.941249707734428
5051011601,10.088655296372348,3.924100607118412
5051011602,10.1227825633128,3.947374290212183
5051011700,10.071463952772074,3.976930583162218
5051011800,10.050951980835044,3.992427022587269
5051011900,10.095707990417522,4.003338194387406
5051012001,9.613387962354552,3.972835492128679
5051012002,9.831625047912389,3.911689179329227
5053470100,10.136586709103354,4.002268597535934
5053470200,10.128520109514032,3.998413840520192
5053470300,10.136714583162218,4.016986278576318
5053470400,10.14885368788501,3.986591033538672
5055480100,10.009620252566735,4.458115036960986
5055480200,9.96675507871321,4.4579441321013
5055480300,9.900210066392882,4.437217923340178
5055480400,10.046650532511978,4.447420932922656
5055480500,10.053851699520876,4.446510625598905
5055480600,10.035273936344969,4.408061074606434
5055480700,10.060189042436687,4.428933920602327
5055480801,10.041412193702943,4.435542680355921
5055480802,10.05475770294319,4.423465228610541
5057480100,9.940335457905544,4.40633964476386
5057480200,9.937896203969884,4.416305132785763
5057480300,9.881428995208761,4.396372067761807
5057480400,9.833922844626968,4.378461377138946
5057480500,9.895548195756331,4.404295904175222
5059020100,10.244518815879535,3.982128832306639
5059020200,10.222989637234771,4.020875698836413
5059020300,10.195707143737166,4.049236620807666
5059020400,10.203252258042437,4.035765093086927
5059020500,10.10345645927447,4.107292932238193
5059020600,10.13063786036961,4.065781272416153
5059020700,9.919983845995893,4.113721557837098
5061950100,9.640498646817248,4.241335854893908
5061950200,9.908539622861054,4.406266813141684
5061950300,9.904916586584531,4.392628987679672
5063490100,9.711798961670089,4.251553290212183
5063490200,9.745837417522245,4.248537142368241
5063490300,9.811686496235455,4.242902055441478
5063490400,9.884417815195072,4.19888158110883
5063490500,9.841410940451745,4.233895509924709
5063490600,9.748055370294319,4.236928457221082
5063490700,9.774367377138946,4.211956019164956
5063490800,9.890710652977413,4.189257994524298
5065960100,9.447841631074606,4.294290362765229
5065960200,9.40382857357974,4.263344599589322
5065960300,9.336206575633128,4.253485638603696
5065960400,9.453371876796715,4.23518336550308
5067480100,9.931184436002738,4.184318420260096
5067480200,9.976473013689254,4.116201486652977
5067480300,9.973875979466119,4.083373188911704
5067480400,9.981988877481177,4.099629838466804
5067480500,9.957354221765914,4.148406620123203
5069000102,10.317243490075291,3.976422422997947
5069000301,10.211066809034908,4.0414664366872
5069000302,10.275520018480493,4.037727891170431
5069000303,10.249534614647502,4.100903704312115
5069000502,10.27461696440794,4.093784647501711
5069000900,10.243095210814511,4.161151613278576
5069001000,10.238356850787132,4.14566054825462
5069001200,10.237613930869268,4.13972021560575
5069001300,10.230813536618754,4.132059284736482
5069001401,10.246778982888433,4.111673550992471
5069001402,10.225669887063655,4.134946788501027
5069001501,10.20732520807666,4.147644750855578
5069001502,10.202836813826146,4.146066244353183
5069001600,10.22255593908282,4.149219605065024
5069001700,10.222952115674196,4.153679841889117
5069001800,10.203748312799452,4.159001346338125
5069001901,10.134893531827515,4.191118125941136
5069001903,10.211508100616016,4.182141932238193
5069002000,10.082267546201232,4.174514271731691
5069002103,10.136202796714579,4.106602846680356
5069002104,10.056136519507187,4.144069080082136
5069002300,10.184121418206708,4.076708466119096
5069002400,10.322866333333333,3.940147199178645
5069002500,10.129395978097194,4.174017360711841
5071951700,9.241769468172485,4.089066635865845
5071951800,9.68454388843258,4.24660388569473
5071951900,9.635976528405202,4.22406884257358
5071952000,9.755855721423682,4.267815727583847
5071952100,9.705577201232033,4.244768453798768
5071952200,9.748711783709788,4.238393061601643
5073470100,9.724999039698836,4.345984445585216
5073470200,9.696254067761807,4.33438741615332
5075470100,9.920911585215606,4.408337724845996
5075470200,9.65961379945243,4.325734316906229
5075470300,9.75182680698152,4.268846109514032
5075470400,9.92030988843258,4.324768534565366
5075470501,9.922510392197125,4.375873501711157
5075470502,9.908748421629021,4.386438571526352
5077470100,9.873639521560575,4.025925559890486
5077470200,10.011615254620123,4.138965769336071
5077470300,9.944229176591376,4.098148465434634
5077470400,9.99291572347707,4.153196472963724
5079960300,9.867814887748118,4.270614982888433
5079960400,9.884828403832991,4.237512386036961
5079960500,9.88258637303217,4.243370744010951
5079960600,9.950098427104723,4.24676215468857
5081030101,10.047731592060233,4.437602043805613
5081030102,10.050539534565366,4.43490468514716
5081030200,9.820483739904175,4.397090602327173
5081030300,9.819350069130732,4.392362277207392
5083950100,9.780149907597536,4.241301041067762
5083950200,9.735566798083504,4.252595958247776
5083950300,9.731392284052019,4.25302071321013
5083950400,9.621968032169747,4.200888833675565
5083950500,9.597313471594798,4.187788617385352
5083950600,9.525142772758385,4.154593360027378
5085020101,10.486778001368925,3.962364451060917
5085020102,10.460854955509925,4.003358564681725
5085020103,10.491049227241615,3.963244141683778
5085020104,10.414093244353183,3.981159724845996
5085020201,10.5486849137577,3.93462457357974
5085020202,10.536703876112252,3.941928273100616
5085020204,10.618875267624914,3.898317329226557
5085020205,10.563513778918549,3.931329763175907
5085020206,10.610906730321698,3.892964509240246
5085020301,10.630119253251198,3.80803707871321
5085020302,10.518716557837098,3.896985915811088
5085020400,10.270326379876797,3.935037343600274
5085020500,10.423661832306639,3.888516765229295
5085020600,10.508039514031485,3.79256606844627
5085020700,10.400820724161533,3.878699000684463
5085020800,10.26512842642026,3.922778051334702
5087960100,9.198943000684463,4.042389472963724
5087960200,9.121745706365503,4.010424837782341
5087960300,9.099098819301848,3.987493863107461
5087960400,8.956705021902806,3.981244776865161
5089960100,9.208888678986995,4.192457821355236
5089960201,9.220913366187543,4.207935519507187
5089960202,9.282737637919233,4.247827963039014
5089960300,9.233522141683778,4.227952262833676
5091020100,10.035496778918549,4.362771602327173
5091020200,10.017623531827515,4.350972137577002
5091020400,9.980831437371663,4.335261912388775
5091020500,9.976067936344969,4.348059550992471
5091020600,9.987836556468172,4.342886384668036
5091020701,10.029547242984257,4.374946275154004
5091020702,10.012743063655031,4.353788595482546
5091020801,10.041794509240246,4.382463416837782
5091020802,9.954304552361396,4.350725407255305
5091020900,9.885956084873374,4.366654926762491
5091021000,9.727797930184805,4.325866820670773
5091980000,10.003819681040383,4.372448473648186
5093010100,9.985891872005476,4.253130941136208
5093010200,9.990755429158111,4.26354922587269
5093010300,9.96130452019165,4.231388382614648
5093010600,10.030188461327858,4.303226392197125
5093010700,9.91797328678987,4.194855661875428
5093010800,9.961710954140999,4.267609074606434
5093010900,9.884141857631759,4.099277535249829
5093011000,9.805976190965092,4.033191819986311
5093011100,9.826100418206708,4.039421238877481
5093011200,9.77225520807666,3.92543433744011
5093011300,9.833254848049281,3.862919800136892
5093011400,10.02760095687885,4.297879603011636
5095950100,10.054997030800821,4.132767672826831
5095950200,9.962006538672142,4.04964774880219
5095950300,9.915668920602327,4.112090205338809
5097953000,9.512699603011636,4.048766004106776
5097953100,9.383230891854894,4.039298829568788
5097953200,9.501092536618754,4.100381049965777
5099090100,9.799213837782341,4.327321898699521
5099090200,9.958806961670089,4.387250056810404
5099090300,9.717776577002053,4.321739144421629
51001090100,7.927326090349076,3.535220021902806
51001090200,8.118901880219028,3.565729649555099
51001090300,8.06295770294319,3.524845700889802
51001090400,7.948696538672142,3.502155658453114
51001090500,7.980608114989733,3.488671045174538
51001090600,7.958362969199179,3.456230904859685
51001090700,7.934379863107461,3.427068372347707
51001090800,7.862798292950034,3.410252379192334
51001980100,7.88090021560575,3.523678848733744
51001980200,7.99312567761807,3.542050466119096
51003010100,8.415950553730322,3.423429353867214
51003010201,8.444386902121834,3.409589156057495
51003010202,8.46151087063655,3.389843331964408
51003010300,8.494201558521561,3.410982648870637
51003010401,8.488543657084189,3.423549290896646
51003010402,8.517909749486653,3.43994335523614
51003010500,8.547804688569473,3.42639223340178
51003010601,8.522429616016427,3.39765674606434
51003010602,8.538524388774812,3.405614628336756
51003010700,8.516529303901437,3.384994377138946
51003010800,8.499268739904175,3.371931488706366
51003010901,8.513128863107461,3.398331656399726
51003010902,8.515036788501027,3.413655186173854
51003010903,8.533532098562628,3.414860321697468
51003011000,8.448451201916496,3.406748557837098
51003011100,8.408072733059548,3.441667989048597
51003011201,8.343448610540726,3.442428262149213
51003011202,8.378686002053388,3.422413994524298
51003011301,8.42003725393566,3.425069440109514
51003011302,8.50551254072553,3.422487246406571
51003011303,8.5288411724846,3.430955181382615
51003011400,8.250985509924709,3.41740234770705
51005070100,8.495548673511294,3.48071890622861
51005080100,8.447847169062286,3.471019242299795
51005080201,8.500528994524298,3.503146976728268
51005080202,8.455771607802875,3.378975056810404
51005080301,8.334745894592745,3.468916209445585
51005080302,8.321778167693361,3.381539323066393
51007930100,8.358224640657084,3.407276187542779
51007930200,8.415355708418891,3.375785203285421
51009010100,8.308779698836413,3.420494535249829
51009010200,8.446887871321013,3.470469270362765
51009010300,8.608427264202601,3.46396140109514
51009010401,8.625784154004107,3.49354718275154
51009010402,8.702646684462697,3.507014278576318
51009010502,8.823816899383984,3.513365735112936
51009010503,8.787462097878166,3.505983140314853
51009010504,8.756283693360712,3.514537683093771
51009010600,8.69268270294319,3.520934425051335
51011040100,8.550217978781656,3.539418203285421
51011040200,8.480796185489391,3.509579095140315
51011040300,8.446051119780972,3.537083145106092
5101180100,8.977892154004107,4.052817980150582
5101180200,8.943701524298426,4.012853340862423
51013100100,9.930960607118412,3.004958366187543
51013100200,9.960212534565366,2.995050760438056
51013100300,10.006519390143737,2.988539021902806
51013100400,9.996989597535934,2.950288434633812
51013100500,9.973191349075975,2.944797814510609
51013100600,9.950160054072553,2.928451400410678
51013100700,9.929096924709103,2.942592334702259
51013100800,9.93572749486653,2.959335602327173
51013100900,9.911254317590691,2.956839375085558
51013101000,9.914401637234771,2.969390997262149
51013101100,9.908817668035592,2.985279574948665
51013101200,9.865735775496236,2.944787915126626
51013101300,9.8751618275154,2.923820323066393
51013101401,9.902463056810404,2.929366455852156
51013101402,9.917719073237509,2.9203924770705
51013101403,9.896742080766598,2.912550022587269
51013101404,9.905380000684463,2.908615516084873
51013101500,9.932472804243669,2.903907352498289
51013101601,9.951729436002738,2.888389265571526
51013101602,9.93134910403833,2.884715143052704
51013101603,9.936701501026694,2.874333675564682
51013101701,9.915924511978097,2.874586222450376
51013101702,9.914885062970568,2.865082953456537
51013101703,9.903963454483231,2.861528351813826
51013101801,9.906764307323751,2.888249031485284
51013101802,9.914376823408624,2.8818846091718
51013101803,9.882646889117043,2.877626603011636
51013101900,9.877784646817248,2.885915629021218
51013102001,9.880918485284052,2.906351730321698
51013102002,9.887158341546886,2.900717861054073
51013102003,9.868201293634497,2.898872971937029
51013102100,9.834740496919918,2.913555135523614
51013102200,9.810183001368925,2.89761345174538
51013102301,9.84353048733744,2.886650118412046
51013102302,9.824993721423682,2.878146058863792
51013102400,9.852868160848734,2.863500940451745
51013102500,9.831362863791923,2.848713333333333
51013102600,9.795008475017112,2.85488859137577
51013102701,9.801708804928131,2.869042080082136
51013102702,9.781259201916496,2.859023072553046
51013102801,9.785216264887064,2.877540797399042
51013102802,9.763213076659822,2.861548495550992
51013102901,9.731961622861054,2.846862488021903
51013102902,9.730081636550308,2.841226151266256
51013103000,9.701295255304586,2.834793110198494
51013103100,9.776112850787132,2.842389753593429
51013103200,9.806509197809719,2.847168955509925
51013103300,9.816300674195756,2.836582963039014
51013103401,9.875361777549624,2.860905219028063
51013103402,9.768901826146475,2.807504118412046
51013103501,9.812930523613963,2.82548759137577
51013103502,9.795733831622177,2.810996110882957
51013103503,9.792225127994524,2.8115086954141
51013103601,9.763753632443532,2.811611603011636
51013103602,9.761442069130732,2.805543396303901
51013103700,9.7517695229295,2.81390356605065
51013103800,9.745846367556468,2.827158973990418
51013980100,9.861274960985626,2.833275318275154
51013980200,9.753342643394935,2.801962698836413
51015070100,7.997274376454483,3.434215734428474
51015070200,8.214519581793292,3.472059216290212
51015070300,8.714306014373717,3.607050952087611
51015070400,8.658365675564682,3.565728016427105
51015070500,8.562277405201916,3.545328383983573
51015070600,8.598308616016427,3.587698481861738
51015070700,8.635025700205339,3.603062161533196
51015070800,8.2356834770705,3.497776351129363
51015070900,8.422214127994524,3.550161629021218
51015071000,8.2854388678987,3.501701474332649
51015071101,8.43542655578371,3.539314452429843
51015071102,8.319473527036276,3.499982853524983
51015071200,8.299438801505818,3.483256105407255
51017920100,8.014834202600958,3.436133804243669
51019030101,8.744762741273101,3.438923922655715
51019030103,8.867605527036276,3.441816031485284
51019030104,8.89437247980835,3.43998657357974
51019030201,8.821386637919233,3.408418789185489
51019030202,8.839579608487337,3.399407515400411
51019030300,8.58176600752909,3.347406821355236
51019030401,8.667884635181383,3.26777880698152
51019030402,8.769572904859685,3.297539712525667
51019030501,8.828785141683778,3.349517507186858
51019030503,8.817032416837782,3.374139015058179
51019030504,8.865526344284736,3.284066787132101
51019030601,8.899769765913758,3.189933274469541
51019030602,8.951347029431896,3.084636793292266
51019030603,8.919155565366188,3.090697252566735
51019030604,8.847127404517454,3.164715951403148
51019030605,8.71515622587269,3.184295780971937
51021040100,8.352492450376454,3.579608458590007
51021040200,8.27498016495551,3.594472182067077
51023040100,8.54109403559206,3.350656572895277
51023040200,8.526151232717317,3.270963357289528
51023040301,8.656813258726899,3.207654097193703
51023040302,8.741475477754962,3.127277459958932
51023040401,8.782829593429158,3.135138051334702
51023040402,8.914658546885695,3.045507854209446
51023040501,8.889349684462697,3.073549561943874
51023040502,8.886641780971937,3.076364663244353
51025930100,8.450752346338125,3.572658064339494
51025930201,8.503643270362765,3.610514242984257
51025930202,8.506941891854894,3.624542672826831
51025930203,8.517525824093087,3.638572305954826
51025930300,8.533780865160849,3.668218291581109
51027010100,8.989494125256674,3.859365902806297
51027010200,9.053545585900068,3.868415277891855
51027010300,9.007630119780972,3.834268438740589
51027010400,8.972982262833676,3.856920767282683
51027010500,8.737484045174538,3.789357672826831
51027010600,8.899143120465435,3.839441639288159
51027010700,8.88387931211499,3.809241302532512
51029930101,8.23892294661191,3.435085015058179
51029930102,8.278925212183436,3.427666173853525
51029930201,8.281012431211499,3.470498030800821
51029930202,8.276474826830938,3.476840940451745
51031020101,8.80201437303217,3.531059872689938
51031020102,8.732560710472279,3.538841611225188
51031020200,8.907843132785763,3.484176441478439
51031020300,8.92945977412731,3.447188165639973
51031020401,8.930869543463381,3.441777798767967
51031020402,8.913910034907598,3.444731071868583
51031020403,8.899387586584531,3.450025957563313
51031020500,8.875954939767283,3.495820611225188
51031020600,8.858162745379877,3.483949585900068
51031020700,8.836424254620123,3.496881023956194
51031020800,8.738729970568104,3.54136976386037
51031020900,8.632308364134155,3.573069894592745
51033030100,8.373187445585216,3.273331065023956
51033030201,8.481573743326489,3.219771203285421
51033030202,8.3162326091718,3.215294880903491
51033030300,8.415160664613279,3.252620598220397
51033030400,8.462379840520192,3.295648291581109
51033030500,8.46734729431896,3.266647226557153
51033030600,8.595904489390828,3.185820433264887
51035080100,8.368645762491444,3.46847053045859
51035080200,8.391763648186174,3.495350085557837
51035080300,8.3438797816564,3.517834070499658
51035080400,8.431492767967146,3.496395693360712
51035080500,8.326799353867214,3.405641198494182
51035080601,8.466582169062286,3.494297546201232
51035080602,8.504611174537988,3.461856510609172
51036600100,8.728483234086242,3.094152819986311
51036600200,8.553503225188227,3.116791187542779
51036600300,8.324687205338809,3.151951386721424
51037930100,8.463184387405886,3.588021
51037930200,8.557368256673511,3.610384955509925
51037930300,8.595978120465435,3.66953646201232
5103950100,10.049641672142368,4.337022805612594
5103950200,9.866067223134839,4.315413404517454
5103950300,9.811379574264203,4.274691980150582
5103950400,9.927801283367556,4.31773809650924
5103950500,9.915955748117728,4.305662739219712
5103950600,9.899853305270363,4.310000980150582
51041100106,9.123554770704997,3.098123236824093
51041100107,9.137281900068446,3.088392524982888
51041100205,9.130407054072553,3.093772084188912
51041100206,9.08559179945243,3.120877654346338
51041100208,9.03681861670089,3.141375270362765
51041100209,9.098542785078713,3.111382149897331
51041100210,9.135904951403148,3.091049193702943
51041100300,9.168785816563997,3.049047292265572
51041100403,9.049412118412046,3.134495520876112
51041100404,9.152639176591376,3.077578891854894
51041100405,9.165205188911704,3.058681592744695
51041100406,9.143203984257358,3.086552978097194
51041100407,9.12219386036961,3.125383657768652
51041100409,9.085214005475702,3.152712854893908
51041100410,9.055412394250513,3.172834449007529
51041100505,9.050343259411362,3.188779790554415
51041100506,9.042281959616701,3.215922449691992
51041100507,9.00804094661191,3.238077300479124
51041100508,9.012297444900753,3.239803516769336
51041100509,9.029166596851472,3.201285971937029
51041100510,8.983335825462012,3.175570295687885
51041100600,8.900497473648186,3.293664277207392
51041100701,8.879217930184805,3.301718741957563
51041100702,8.900367675564682,3.283726881587954
51041100703,8.76831620807666,3.268831511293634
51041100804,9.163485802874743,3.066442803559206
51041100805,9.12326437303217,3.099407788501027
51041100806,9.141953309377139,3.074018536618754
51041100807,9.132693778918549,3.093755054072553
51041100812,8.991848880903491,3.161872734428474
51041100814,9.077167423682409,3.135637336071184
51041100815,9.112842832991102,3.123083556468172
51041100816,9.07199804312115,3.145000730321698
51041100817,9.04127840109514,3.163412577686516
51041100818,9.040751195756331,3.145949273100616
51041100819,9.109916560574949,3.117051612594114
51041100820,9.05621514715948,3.145918121149897
51041100821,8.902155902806297,3.210462732375086
51041100822,8.96605247980835,3.217508419575633
51041100823,9.042284851471595,3.175176448323066
51041100902,9.077775464065708,3.107639718685832
51041100907,9.077542658453114,3.114029071868583
51041100910,9.02607087063655,3.145712400410678
51041100912,8.840392162902122,3.213036727583847
51041100915,8.938425746748802,3.163870091718001
51041100919,8.940167712525667,3.183558292950034
51041100920,9.006554676933607,3.143357733744011
51041100921,9.035635998631075,3.125399963723477
51041100922,9.038108940451745,3.137611176591376
51041100923,9.07496724366872,3.120799385352498
51041100924,8.811018298425736,3.197992014373717
51041100926,8.968515138945927,3.149633412046544
51041100927,8.757421285420945,3.221430611909651
51041100928,8.829173897330596,3.204191368240931
51041100929,8.89771407118412,3.188493969883641
51041100930,8.929817848733744,3.175182689253936
51041100931,8.973596225188227,3.165022290896646
51041100932,8.960107802874743,3.173770818617385
51041100933,8.890459668720055,3.200944929500342
51041100934,8.94725560164271,3.188046993839836
51041100935,8.886549998631075,3.174433702258727
51041100936,8.92978590622861,3.173875132785763
51041101003,8.578937672142368,3.277951088295688
51041101004,8.568309579055442,3.290414892539357
51041101007,8.780938561259411,3.228705773442847
51041101008,8.707661485284052,3.240546045859001
51041101009,8.696710782340862,3.257009054072553
51041101010,8.761204663928816,3.238444090349076
51041101011,8.774696692676249,3.231752130732375
51041101012,8.831338483230664,3.216103397672827
51041101013,8.851435759069131,3.210279911704312
51043010100,9.266973227241615,3.491954412046544
51043010200,9.028655253251198,3.491576174537988
51043010300,8.969738899383984,3.436018463381246
51045050100,8.384742425051335,3.196025537303217
51047930101,8.40267925119781,3.389619362080767
51047930102,8.456552752224504,3.380714376454483
51047930201,8.390217227926078,3.390733865160849
51047930202,8.285040113620808,3.360191649555099
51047930300,8.472532308692676,3.408899843942505
51047930400,8.504358088295688,3.398604965776865
51047930501,8.388228955509925,3.406369942505134
51047930502,8.447994464750171,3.416875969199179
51049930100,8.292633718001369,3.407068740588638
51049930200,8.306463679671458,3.470834136208077
51051040100,8.972127259411362,3.808366922655715
51051040200,8.960617177960301,3.789472266255989
51051040300,8.906043204654346,3.790162711156742
51051040400,8.893131557152635,3.795115222450376
51053840100,8.417423558521561,3.446264188227242
51053840200,8.562751930869268,3.3364116091718
51053840300,8.781425395619439,3.327840722792608
51053840400,8.83071862422998,3.323984960985626
51053840500,8.712983837097878,3.352425620807666
51053840600,8.539634325804244,3.39803582477755
51053980100,8.395194366187543,3.482620009582478
51057950600,8.158676864476386,3.216557401779603
51057950700,8.103709332648871,3.218213963039014
51057950800,8.078206514031485,3.219943800136892
51059415100,9.41936873853525,2.780672800821355
51059415200,9.409428916495551,2.794583411362081
51059415300,9.363258631074606,2.786414533196441
51059415401,9.307854737850787,2.788971829568788
51059415402,9.288850062970568,2.802506547570157
51059415500,9.244173110198494,2.819800407255305
51059415600,9.276500259411362,2.816778071868583
51059415700,9.16444474606434,2.849365947980835
51059415800,9.186444459958932,2.843584529089665
51059415900,9.177364320328542,2.852932069130732
51059416000,9.203007371663244,2.844931325119781
51059416100,9.148963127994524,2.878410561259411
51059416200,9.131404896646133,2.946323822039699
51059416300,8.983608379876797,3.006938144421629
51059420100,9.516695857631759,2.896845594798084
51059420201,9.507497230663929,2.866678869952088
51059420202,9.53134359890486,2.854818590006845
51059420203,9.509249510609172,2.830586407939767
51059420300,9.516005490075291,2.799973080082136
51059420400,9.494763790554415,2.788211158110883
51059420501,9.46287535523614,2.783544726214921
51059420502,9.477416765913758,2.787021962354552
51059420503,9.468625887748118,2.781376944558522
51059420600,9.454967656399726,2.778728407939767
51059420700,9.452927553730322,2.780804325119781
51059420800,9.405087327857632,2.763396876796715
51059421001,9.429639990417522,2.876897887063655
51059421002,9.416184765229295,2.91067525393566
51059421101,9.363284839835729,2.913757415468857
51059421102,9.367585009582478,2.877586839151266
51059421103,9.311995119780972,2.903517133470226
51059421200,9.316902915126626,2.839718160164271
51059421300,9.322109456536619,2.791688663244353
51059421400,9.362947316906229,2.766881943189596
51059421500,9.281941197125257,2.800708268309377
51059421600,9.253858477754962,2.820233014373717
51059421701,9.246147193702943,2.837171109514032
51059421702,9.260571258726899,2.83309968514716
51059421800,9.221472123203285,2.869814878850103
51059421900,9.244425624914442,2.901145557152635
51059422000,9.257451485284052,2.966197056125941
51059422101,9.214678914442163,2.994404492128679
51059422102,9.15620638329911,3.020995762491444
51059422201,9.239829551676934,3.034987418206708
51059422202,9.172850757015743,3.052060071868583
51059422301,9.449574586584531,2.814893442847365
51059422302,9.431324026009582,2.849001771389459
51059422401,9.382476497604381,2.85008635523614
51059422402,9.375675834360027,2.830776584531143
51059422403,9.392359255304586,2.798611229979466
51059430101,9.55083042642026,3.155127009582478
51059430102,9.536706603011636,3.134064914442163
51059430201,9.551095211498973,3.124304851471595
51059430202,9.588611924024641,3.116488194387406
51059430203,9.579833376454483,3.133840105407255
51059430400,9.586852354551677,3.032819284736482
51059430500,9.569363402464066,2.98020048733744
51059430600,9.524442345653662,2.942135463381246
51059430700,9.519781543463381,2.971775689938398
51059430801,9.506128969199179,3.002795395619439
51059430802,9.534554117727584,3.009369572210814
51059430901,9.510240746748802,3.042622832306639
51059430902,9.520147509240246,3.063927852156058
51059431001,9.482008741273101,3.076012410677618
51059431002,9.481378853524983,3.056670656399726
51059431300,9.439712303901437,3.036378492128679
51059431400,9.446328529774127,3.013747620123203
51059431500,9.446478763175907,2.991446945242984
51059431600,9.447282828884326,2.948743872689938
51059431801,9.54055765982204,3.099391755646817
51059431802,9.581299709787817,3.090151128678987
51059431900,9.561867624914442,3.07050522587269
51059432000,9.498073664613279,3.150179143052704
51059432100,9.491682975359343,3.136144000684463
51059432201,9.499545176591376,3.119875101984942
51059432202,9.514367981519507,3.104914876112252
51059432300,9.47045551266256,3.109989255989049
51059432401,9.42984029431896,3.089028061601643
51059432402,9.42166046201232,3.069643247091034
51059432500,9.396366639972622,3.049065622861054
51059432600,9.375500649555099,3.018611156057495
51059432701,9.368862399726215,2.993868909650924
51059432702,9.301314790554415,2.990235881587954
51059432800,9.325260995208761,2.965726265571526
51059440100,9.732116107460643,3.101737771389459
51059440201,9.79511984531143,3.06831907118412
51059440202,9.757989377823409,3.07875415468857
51059440300,9.722367624914442,3.05240418275154
51059440501,9.641891969199179,3.113263385352498
51059440502,9.621592672142368,3.150153438056126
51059440600,9.611394464065708,3.18097510403833
51059440701,9.615157266940452,3.068409242984257
51059440702,9.648629622176591,3.063510441478439
51059440800,9.666867190965092,3.061392771389459
51059450100,9.826420636550308,3.052692747433265
51059450200,9.83416542642026,3.022772341546886
51059450300,9.853582759069131,3.000843681040383
51059450400,9.81937944421629,2.983193219712526
51059450500,9.817213963723477,2.996451587953456
51059450601,9.784959475017112,3.033522624914442
51059450602,9.807234420260096,3.024323742642026
51059450701,9.734790554414784,3.031949580424367
51059450702,9.711034951403148,3.009626732375086
51059450800,9.746276767282683,2.999188757700205
51059450900,9.779871299110198,2.992387401779603
51059451000,9.757469427789186,2.98178792881588
51059451100,9.751744874743326,2.946309679671458
51059451200,9.788526395619439,2.957111331964408
51059451300,9.834809080766598,2.960354502395619
51059451400,9.850042495550992,2.956287943189596
51059451501,9.831813711156742,2.943218184120465
51059451502,9.796176084873374,2.900905926762491
51059451601,9.782679222450376,2.918722161533196
51059451602,9.792109043805613,2.934793764544832
51059451800,9.710026076659822,2.907200911704312
51059451900,9.686804222450376,2.918615303901437
51059452000,9.709783568104038,2.956960427789186
51059452101,9.661395488706366,2.950941013004791
51059452102,9.649457434633812,2.981010771389459
51059452200,9.660923386036961,3.005666361396304
51059452301,9.686472214921287,3.019313758384668
51059452302,9.661472206707734,3.023724321697468
51059452400,9.602703029431896,2.974479907597536
51059452501,9.607317277891855,2.925608329226557
51059452502,9.64067598220397,2.899467140314853
51059452600,9.578319947296372,2.890929819301848
51059452700,9.759993935660506,2.900352741957563
51059452801,9.748363425051335,2.890849947980835
51059452802,9.75417219301848,2.876235527036276
51059460100,9.894036826146475,3.189047427104723
51059460200,9.84711789596167,3.190575672826831
51059460300,9.860667310746064,3.17264824366872
51059460400,9.892372926078029,3.152701054757016
51059460501,9.891804065708419,3.118361626283368
51059460502,9.883852661875428,3.101693854209446
51059460600,9.838709401779603,3.09923868788501
51059460701,9.815086466803559,3.119356760438056
51059460702,9.824983509240246,3.139098622861054
51059460800,9.8522824770705,3.13209400752909
51059460900,9.863111971937029,3.15004750513347
51059461000,9.82696287063655,3.155749640657084
51059461100,9.790348570157426,3.173140341546886
51059461201,9.736035544147844,3.19052367008898
51059461202,9.6517272183436,3.199333979466119
51059461500,9.778695648870637,3.151034624914442
51059461601,9.78442507118412,3.125327654346338
51059461602,9.820412246406571,3.087110184120465
51059461700,9.779682757700205,3.110191360711841
51059461801,9.742018010951403,3.15336001026694
51059461802,9.722354448323066,3.171324596167009
51059461901,9.747892900752909,3.145325843942505
51059461902,9.711170030800821,3.174671639972622
51059470100,10.039028015742642,3.081811952087611
51059470300,10.016067052019165,3.018721733744011
51059470400,10.016824225188227,3.049130137577002
51059470500,9.999916197809719,3.095089109514032
51059470600,9.984193585215606,3.096310067077344
51059470700,9.982801094455852,3.05444040862423
51059470800,9.9660854770705,3.068218706365503
51059470900,9.958847716632444,3.034088869267625
51059471000,9.92549594934976,3.050363932922656
51059471100,9.939579718001369,3.079132537303217
51059471201,9.923259733059548,3.10101676386037
51059471202,9.95224209377139,3.097237973990418
51059471301,9.905154080766598,3.085634255304586
51059471303,9.898021498973306,3.075516885010267
51059471304,9.888489672142368,3.066080920602327
51059471401,9.872417081451061,3.051234796714579
51059471402,9.857143065708419,3.06207655578371
51059480100,9.938075939767283,3.239257885010267
51059480201,9.97727625393566,3.136595100616016
51059480202,9.930878407255305,3.115487174537988
51059480203,9.922893014373717,3.138702868583162
51059480300,9.929777014373717,3.185774485284052
51059480401,9.869891965092402,3.243016039014374
51059480402,9.848533407939767,3.263335113620808
51059480501,9.785265078028747,3.272516362080767
51059480502,9.741176074606434,3.274541178644764
51059480503,9.773494719370294,3.272149672142368
51059480504,9.794077755646817,3.259855156741958
51059480505,9.788427885010267,3.261605496919918
51059480801,9.728477942505134,3.270027997946612
51059480802,9.75862557357974,3.265706687200548
51059480901,9.682587986995209,3.268045717316906
51059480902,9.729309973305955,3.271586602327173
51059480903,9.685059920602327,3.265124396988364
51059481000,9.652478242299795,3.27247236550308
51059481101,9.672790070499658,3.267346048596852
51059481102,9.668842303216975,3.266188916495551
51059481103,9.650314419575633,3.269568306639288
51059481104,9.636586899383984,3.268530575633128
51059481105,9.660569533196441,3.262926630390144
51059481106,9.678177180698152,3.255861023956194
51059481201,9.70594389596167,3.264952613963039
51059481202,9.73378832238193,3.254252728268309
51059481400,9.766827940451745,3.231420918548939
51059481500,9.749466221765914,3.232089557152635
51059481600,9.740962518138262,3.219179231348392
51059481701,9.663515075975359,3.232154624914442
51059481702,9.658212008213552,3.219783418206708
51059481900,9.850401548939083,3.226554290212183
51059482001,9.846685268309377,3.254881462696783
51059482002,9.811856062970568,3.25492684531143
51059482100,9.81083737303217,3.246896638603696
51059482201,9.801899710472279,3.248590219028063
51059482202,9.799444745379877,3.247860724161533
51059482203,9.77761072347707,3.261409516769336
51059482301,9.783378897330596,3.24276015742642
51059482302,9.757714308008214,3.243257183436003
51059482303,9.79662097467488,3.232751225188227
51059482400,9.834173095140315,3.218016970568104
51059482501,9.605457769336071,3.269833850102669
51059482502,9.604144441478439,3.267609470225873
51059482503,9.631357675564682,3.263976554414784
51059482504,9.632300275838467,3.25778821560575
51059482601,9.581952965092402,3.266138258726899
51059482602,9.610721388090349,3.243407797399042
51059490101,9.459839947980835,3.267726244353183
51059490103,9.449890735797399,3.28026494661191
51059490501,9.476690735797399,3.252037554414784
51059490502,9.55504721560575,3.219380632443532
51059491000,9.291949266255989,3.289188345653662
51059491101,9.359403658453114,3.285370757700205
51059491102,9.381784940451745,3.275160503764545
51059491103,9.384247666666667,3.275276036960986
51059491201,9.418965797399042,3.272771658453114
51059491202,9.430721047227926,3.26713920807666
51059491301,9.309531095824778,3.28095332991102
51059491302,9.393503472279261,3.268924651608487
51059491303,9.42206577412731,3.268509606433949
51059491401,9.436360516769336,3.258480413415469
51059491402,9.40920868788501,3.26013388843258
51059491403,9.431192220396988,3.252713188911704
51059491404,9.3832795229295,3.259026632443532
51059491405,9.39436487063655,3.252579219712526
51059491501,9.475211245722108,3.256517544832307
51059491502,9.509848227241615,3.256816922655715
51059491601,9.510524686516085,3.261187347022587
51059491602,9.543871065023956,3.260111882956879
51059491701,9.592105726214921,3.235853109514032
51059491702,9.610128685831622,3.226141154004107
51059491703,9.62058941615332,3.210432832306639
51059491704,9.595532301848049,3.218253698151951
51059491705,9.557860838466804,3.243193258042437
51059491801,9.553805028062971,3.243692316906229
51059491802,9.566736985626283,3.246153898015058
51059491803,9.575806839835729,3.249010491444216
51059492000,9.501628230663929,3.188855331964408
51059492100,9.389084338124572,3.160288776865161
51059492201,9.266801275154004,3.123847853524983
51059492202,9.336486544147844,3.069536564681725
51059492203,9.262109703627652,3.066492312799452
51059492300,9.335821425051335,3.026355323066393
51059492400,9.280749327857632,3.019199372347707
51059492500,9.372433840520192,3.224303811772758
5105952700,10.263649611909651,3.954420388774812
5105952800,9.929217367556468,3.948219188227242
5105952900,9.664594782340862,3.985123247091034
51059980100,9.377053815195072,2.960393637919233
51059980200,9.538736965776865,3.273976092402464
51059980300,10.051800688569473,3.064089257357974
51061930100,8.762603134839151,3.352526661875428
51061930203,8.555044388090349,3.374382414784394
51061930204,8.542855402464066,3.357458529089665
51061930205,8.535065711156742,3.369604501026694
51061930206,8.603460191649555,3.384546851471595
51061930207,8.66856958110883,3.378770018480493
51061930302,8.631297485284052,3.369960663244353
51061930303,8.695984595482546,3.362595865845311
51061930304,8.790903718001369,3.348800967830253
51061930401,8.838247043805613,3.351228761806982
51061930402,8.759395074606434,3.360777697467488
51061930403,8.758124481861738,3.3485513045859
51061930703,8.529519454483231,3.366331592060233
51061930704,8.640229039698836,3.331487673511294
51061930705,8.636598988364134,3.372717953456537
51061930706,8.587835324435318,3.387843112936345
51061930707,8.58393072073922,3.391307272416153
51063920101,8.44242759137577,3.279889420944558
51063920102,8.363164142368241,3.255056754277892
51063920200,8.281030561943874,3.349253808350445
51065020101,8.443009401779603,3.429669003422314
51065020102,8.441625360027378,3.432964953456537
51065020200,8.339638668035592,3.389690186858316
51065020300,8.345513441478439,3.423632819301848
51067020101,8.843482217659138,3.320262109514032
51067020102,8.832079826830938,3.356134572210814
51067020200,8.838618156057495,3.287169762491444
51067020300,8.907382857631759,3.16912664476386
51067020400,8.82083999247091,3.179323130047912
51067020500,8.617644594113621,3.1717703908282
51067020600,8.440997598220397,3.26196246954141
51067020700,8.625620483230664,3.304447830253251
51067020800,8.711163370978782,3.272069087611225
51067020900,8.795673247091034,3.38968319028063
51069050100,9.336071299110198,3.482535997262149
51069050200,9.237604977412731,3.501397978097194
51069050300,8.973362396303901,3.483048568788501
51069050400,8.721643381245722,3.483362297741273
51069050500,9.034275275154004,3.526925067077344
51069050600,8.918397334702259,3.524440501711157
51069050700,8.817414010951403,3.513237511978097
51069050801,8.931436722108145,3.512734214236824
51069050802,9.048034637234771,3.529385144421629
51069050803,9.063920115674196,3.536581578370979
51069050900,9.13005298220397,3.539665737850787
51069051000,9.221201536618754,3.53194209650924
51069051101,9.264822390143737,3.521389896646133
51069051102,9.273243354551677,3.532985889117043
51071930100,8.533772590006845,3.41901009377139
51071930200,8.514794708418891,3.479934028062971
51071930300,8.465005715263518,3.556712638603696
51071930400,8.458111153319644,3.553010514715948
51073100100,8.131631976043806,3.238871815195072
51073100201,8.082616013689254,3.23120684531143
51073100202,8.175005742642026,3.221941212183436
51073100203,8.118093646817248,3.213124620807666
51073100301,8.270467930184805,3.178840108829569
51073100302,8.228414106091718,3.202976960301164
51073100400,8.193403016427105,3.193531948665298
51073100500,8.219871813826146,3.1608844770705
5107480100,9.919706308692676,4.1034294366872
5107480200,9.970572938398357,4.181432277207392
5107480300,9.943038474332649,4.129297707049966
5107480400,9.970901994524298,4.146149893223819
5107480500,9.962817709787817,4.145174446269678
5107480600,9.875448186173854,4.246069396988364
51075400100,8.766324340862423,3.161574934976044
51075400200,8.547216171800137,3.22228200752909
51075400300,8.484697927446954,3.257107293634497
51075400400,8.379930245037645,3.296126541409993
51075400500,8.330228639972622,3.343699235455168
51077060101,8.254194597535934,3.50424143394935
51077060102,8.29351138329911,3.484750926762491
51077060201,8.172499778234086,3.471143844626968
51077060202,8.073565126625599,3.449363586584531
51077060300,8.03158514715948,3.432475173853525
51079030101,8.270890876796715,3.376921070499658
51079030102,8.344736722792608,3.402571753593429
51079030200,8.387103921971253,3.406463822039699
51081880101,8.568553951403148,3.595693067761807
51081880102,8.535765614647502,3.556555104722793
51081880200,8.668082874058864,3.680681664613279
51083930100,8.663548859685147,3.661766590691307
51083930201,8.705281783025325,3.610533514031485
51083930202,8.797979769336071,3.635520577686516
51083930301,8.928095917180014,3.659068441478439
51083930302,8.966325061601643,3.706346741273101
51083930400,8.826772439425051,3.723226969883641
51083930500,8.771481726899384,3.686654278576318
51083930600,8.865482311430527,3.692072086926762
51083930800,8.859012945242984,3.70294333744011
51085320100,8.499813184120465,3.207800281314168
51085320200,8.518164794661191,3.193229454483231
51085320300,8.660026146475017,3.161038114989733
51085320400,8.843109201232033,3.098020722792608
51085320500,8.753685490075291,3.139188780287474
51085320601,8.77681792128679,3.144686846680356
51085320602,8.840615947980835,3.116481391512663
51085320701,8.81440615468857,3.120530331279945
51085320702,8.787887305270363,3.093136367556468
51085320801,8.904357875427789,3.098095729637235
51085320803,8.967434253251198,3.04642353798768
51085320804,8.974037281314168,3.061780334017796
51085320805,9.016576209445585,3.042658045859001
51085320900,8.991088578370979,3.019333319644079
51085321001,9.005292997946612,2.991218754277892
51085321002,8.891433748117728,3.03276928678987
51085321100,9.055422400410678,2.968037617385352
51085321201,8.98421846201232,2.973746123887748
51085321202,9.026058926078029,2.951877908281999
51085321300,8.923794331964408,2.995794804928131
51085321401,8.722202967145791,3.070585470225873
51085321402,8.807508485284052,3.031222453798768
51085321403,8.599148542094456,3.06459619301848
51087200104,9.051954822039699,3.069888141683778
51087200105,9.013779271731691,3.07637880698152
51087200106,9.022648269678302,3.091954909650924
51087200107,8.994963818617385,3.110348
51087200108,9.023427327857632,3.116200958247776
51087200109,9.066041000684463,3.091523013689254
51087200112,8.949636679671458,3.125092614647502
51087200116,8.97425983504449,3.101801876112252
51087200119,8.942455186173854,3.074268197125257
51087200120,8.844707013689254,3.12740909650924
51087200121,8.874034918548939,3.117722283367556
51087200122,8.911607837097878,3.119642787816564
51087200123,8.87298426899384,3.137182223819302
51087200124,8.925916335386721,3.125872652977413
51087200125,9.004474331279945,3.075813185489391
51087200126,9.016501574948665,3.06512322587269
51087200127,8.952958130047912,3.093869896646133
51087200128,8.922344960985626,3.104009889801506
51087200129,8.849337999315537,3.100816220396988
51087200130,8.80073876659822,3.115171407939767
51087200201,9.060174255989049,3.081513301848049
51087200202,9.088688432580424,3.069061919233402
51087200301,9.143372334017796,3.027608336071184
51087200302,9.119498929500342,3.044833438056126
51087200303,9.090689056125941,3.049901388774812
51087200305,9.065838024640657,3.053150392197125
51087200404,9.114895801505818,3.032499159479808
51087200406,8.972550255989049,3.067343572895277
51087200407,9.008181909650924,3.0648462183436
51087200409,9.07176632238193,3.050430412731006
51087200410,9.097629154004107,3.0447857816564
51087200411,9.03651875633128,3.055836127994524
51087200412,9.059193343600274,3.054896078028747
51087200413,8.994489153319644,3.05787706844627
51087200414,8.967429932922656,3.064154120465435
51087200501,9.129612863107461,3.030117185489391
51087200502,9.140440430527036,3.013456292950034
51087200503,9.090238696098563,3.044610885010267
51087200600,9.12653879192334,3.019418947296372
51087200700,9.132210342231348,2.999932237508556
51087200801,9.106777049965777,3.031406014373717
51087200802,9.119866422997947,3.005671877481177
51087200804,9.116961175906913,2.974340060232717
51087200805,9.123003701574264,2.94311123613963
51087200903,9.0190556091718,3.053213553730322
51087200904,9.075312864476386,3.025443448323066
51087200905,9.06017480971937,3.052222429158111
51087200906,9.023416897330596,3.058448148528405
51087201001,9.084733037645448,2.91932646201232
51087201002,9.10725854825462,2.891210825462012
51087201003,9.1017828678987,2.866316466119096
51087201101,9.100089991101985,2.899606210814511
51087201102,9.125492076659822,2.929870198494182
51087201201,9.030742975359343,2.952577542094456
51087201202,9.054480572895277,2.954000291581109
51087201401,9.096411565366188,2.954940350444901
51087201403,8.907461211498973,3.010758491444216
51087201404,8.875772069815195,3.04523762422998
51087201501,9.146041490759754,2.98263572073922
51087201502,9.084102664613279,3.034557494182067
51087201601,8.910371160164271,3.07243158384668
51087201602,9.125550703627652,3.07528026146475
51087201701,9.009063571526352,2.99039954825462
51087980100,9.055304392197125,2.997319489390828
51089010100,8.903467613963039,3.458423908966461
51089010200,8.877995830937714,3.453323275154004
51089010300,8.925377481177276,3.471034690622861
51089010400,8.917347921971253,3.483635181382615
51089010500,9.065987876112252,3.506013464750171
51089010601,8.985875080082136,3.478737984941821
51089010602,9.025341882956879,3.482380533880904
51089010700,8.91407356605065,3.435074285420945
51089010800,8.919194673511294,3.461324049281314
51089010900,8.794600971937029,3.420181789185489
51089011000,8.691989264887064,3.385686433264887
51089011100,8.77051023340178,3.409645734428474
51089011200,8.598283560574949,3.354418830253251
51089011300,8.768923744695414,3.400889082819986
51091970100,7.788674546201232,3.39634833744011
51093280101,8.367797013004791,3.184133449691992
51093280103,8.548628571526352,3.13226644421629
51093280104,8.478830638603696,3.161755919917864
51093280105,8.450253375085558,3.176374404517454
51093280106,8.490928463381246,3.159058416837782
51093280200,8.361025988364134,3.211635882272416
51093280300,8.349110255304586,3.243866138945927
51093280400,8.318658759753593,3.323012203285421
51095080101,8.312743170431212,3.195778039014374
51095080102,8.34900033744011,3.190250787816564
51095080202,8.288789169062286,3.200379210130048
51095080203,8.298840257357974,3.2003639137577
51095080205,8.285058978781656,3.2050646091718
51095080206,8.277914244353183,3.201038747433265
51095080301,8.265565872689938,3.180108977412731
51095080303,8.273285281314168,3.19464580698152
51095080304,8.263757171800137,3.187552830937714
51095080401,8.249456473648186,3.202566538672142
51095080402,8.254197596851472,3.199411771389459
51097950400,8.178116180013689,3.177502785078713
51097950500,8.14894505065024,3.220630287474333
51099040100,8.279333786447639,3.172559604380561
51099040200,8.282851867214237,3.199163697467488
51099040300,8.412548777549624,3.250816884325804
51099040400,8.334155798083504,3.241925557152635
51099040500,8.23869687816564,3.221934239561944
5109953300,9.74036846201232,4.225609561943874
5109953400,9.621464570157426,4.208889103353867
5109953500,9.860250872005476,4.330354260780288
51101950101,8.510024555099247,3.113051950718686
51101950102,8.394971295687885,3.150771374401095
51101950200,8.24934001779603,3.143971900752909
51101950300,8.203299645448323,3.206677663928816
51103030100,7.976160186858316,3.283057715263518
51103030200,7.969330415468857,3.303733122518823
51103030300,7.985705379192334,3.30071561670089
51105950100,9.003158834360027,3.827804302532512
51105950200,9.108423034907598,3.848423663244353
51105950300,9.162685032854209,3.864657922655715
51105950400,9.297765330595482,3.878576239561944
51105950500,9.180540855578371,3.852827071868583
51105950600,9.299875297741273,3.799876148528405
51107610101,9.534182346338125,3.492857307323751
51107610102,9.590662758384668,3.486497175906913
51107610201,9.379034101984942,3.452600472279261
51107610202,9.245471944558522,3.441800663244353
51107610300,9.564903655030801,3.441008611225188
51107610400,9.468533169746749,3.39626440862423
51107610503,9.526453343600274,3.377955843258042
51107610504,9.477615724845996,3.378241582477755
51107610505,9.465770577686516,3.368737334017796
51107610506,9.486342339493498,3.346787776865161
51107610507,9.55311168514716,3.351588760438056
51107610601,9.376651611909651,3.372435707734428
51107610602,9.369367969883641,3.349194547570157
51107610603,9.442432871321013,3.365260251882272
51107610604,9.434906378507871,3.345845830937714
51107610701,9.233495793292266,3.420876216974675
51107610702,9.278073079397673,3.412457448323066
51107610703,9.282011627652293,3.384426884325804
51107610800,9.005834549623546,3.390592943189596
51107610900,9.044394858316222,3.334928835728953
51107611002,9.608551132785763,3.310552260780288
51107611004,9.454540176591376,3.307309875427789
51107611005,9.500075646132786,3.284926041067762
51107611006,9.565312848733744,3.273838366187543
51107611009,9.579078676933607,3.340182026694045
51107611010,9.599072084188912,3.329232696783025
51107611011,9.54983515742642,3.333832973990418
51107611012,9.522873420260096,3.318443659137577
51107611013,9.529884859000684,3.30338759890486
51107611014,9.552575435318275,3.295175064339494
51107611015,9.598964221765914,3.299127787816564
51107611016,9.580591386036961,3.291066028747433
51107611017,9.571511821355236,3.281553593429158
51107611018,9.612895648186174,3.284514924709103
51107611019,9.482630379876797,3.264766497604381
51107611020,9.544405298425736,3.268629359342916
51107611021,9.451915979466119,3.274907966461328
51107611022,9.431244590691307,3.281585158795346
51107611023,9.43738715742642,3.283852474332649
51107611024,9.284842117043121,3.31106826146475
51107611025,9.348087206023272,3.296213943874059
51107611101,9.661307665982204,3.302073564681725
51107611102,9.688769369609856,3.298416154004107
51107611202,9.760769806297057,3.291879683778234
51107611204,9.766895161533196,3.290780434633812
51107611205,9.761960907597536,3.283419528405202
51107611206,9.726528234770705,3.301669631759069
51107611207,9.714739374401095,3.291404126625599
51107611208,9.807840229295003,3.293827382614648
51107611209,9.811153674880219,3.28701812936345
51107611300,9.747974065708419,3.284029939767283
51107611400,9.721820524298426,3.27400580698152
51107611501,9.670759918548939,3.287808722792608
51107611502,9.67008754072553,3.280372746748802
51107611601,9.62887559137577,3.273571141683778
51107611602,9.661121171800137,3.278456110882957
51107611700,9.653253045859001,3.272550525667351
51107611801,9.313715545516769,3.294947075975359
51107611802,9.305448895277207,3.294585471594798
51107611803,9.328183292950034,3.287675602327173
51107611804,9.398400182067077,3.287403600958248
51107611805,9.370996731690623,3.290919579055442
51107611806,9.207891516084873,3.304311265571526
51107611900,9.45468409377139,3.281877533880904
51107980100,9.489627954140999,3.273583442162902
51109950100,8.330962841889117,3.287085084873374
51109950201,8.370686603696099,3.376351438056126
51109950202,8.344821588637919,3.345384299110198
51109950300,8.427331273100616,3.415306191649555
51109950400,8.354714500342231,3.366799318959617
51109950500,8.38655744421629,3.251928221765914
51111930100,8.414180481177276,3.580857410677618
51111930200,8.457045839835729,3.623437710472279
51111930300,8.479963527036276,3.636044919917864
51113930100,8.315604611909651,3.393159471594798
51113930200,8.175551934291581,3.333992415468857
5111490100,9.890982089664613,3.989880478439425
5111490200,9.948562085557837,4.093247047227926
5111490300,9.982022030800821,4.161226857631759
5111490400,10.008319109514032,4.179820201916496
5111490500,9.955656187542779,4.13822290349076
5111490600,9.957044503764545,4.126155266940452
5111490700,9.900814537303217,3.987319499657769
51115951300,8.016257941136208,3.242626463381246
51115951400,8.038425288158795,3.210512653661875
51117930101,8.567155054072553,3.689178465434634
51117930102,8.590430238193018,3.702562119780972
51117930200,8.576875810403833,3.690785523613963
51117930300,8.57185159890486,3.694383593429158
51117930400,8.576567332648871,3.680884350444901
51117930500,8.671628237508556,3.70058223340178
51117930600,8.625733605749487,3.702228262149213
51117930700,8.669989995208761,3.719644113620808
51117930800,8.779010577686516,3.718454145106092
51119950900,8.038244882956879,3.244108709103354
51119951000,8.047953266940452,3.247208798767967
51119951100,8.015295221765914,3.265903238193018
51119951200,8.003014837097878,3.276720790554415
51121020100,8.695366181382615,3.400166349075975
51121020201,8.702390320328542,3.419800615331964
51121020202,8.721613279945243,3.40383479192334
51121020300,8.659137169746749,3.40265005338809
51121020400,8.66519942642026,3.379399624914442
51121020500,8.651972386721424,3.340901866529774
51121020600,8.696902710472279,3.361866765229295
51121020700,8.713972976043806,3.379015274469541
51121020800,8.711219932922656,3.36699311430527
51121020900,8.671495310746064,3.343765763175907
51121021000,8.683565184804928,3.407604149897331
51121021100,8.724209414784394,3.416599187542779
51121021200,8.690364567419576,3.46842340109514
51121021300,8.645650087611225,3.279179160848734
51121021400,8.652308674880219,3.239701832306639
51121021500,8.59795265982204,3.404770911704312
51125950100,8.178177614647502,3.425104758384668
51125950200,8.202928371663244,3.427043632443532
51125950300,8.091847691991786,3.404552495550992
51127700100,8.60873259890486,3.070234535249829
51127700200,8.466485789185489,3.103918761806982
51127700300,8.295856889117043,3.16791076386037
51131930100,7.881507590691307,3.356834659137577
51131930200,7.886712661875428,3.285608105407255
51131930300,7.885373142368241,3.180522546201232
51133020100,7.997085405886379,3.29498286036961
51133020200,7.96817304312115,3.313953247775496
51133020300,7.962304646132786,3.334188793976728
51133990100,7.956045544147844,3.340959676933607
51135000100,8.38107824366872,3.461657524298426
51135000200,8.37178241615332,3.495192767282683
51135000300,8.37192642642026,3.521427907597536
51135980100,8.395584136892539,3.511773264887064
51137110102,8.383628372347707,3.395229027378508
51137110103,8.452017666666667,3.374681310746064
51137110104,8.404316533196441,3.385481391512663
51137110200,8.396225905544148,3.421939861054073
51137110300,8.424618892539357,3.425442221081451
51139030100,8.338010998631075,3.353064464065708
51139030200,8.46970602532512,3.37078737577002
51139030300,8.31192401026694,3.327833189596167
51139030400,8.385793091033539,3.36328487816564
51139030500,8.501639267624914,3.425732498973306
5113950100,9.316538368925394,3.952802577686516
5113950200,9.27018396440794,3.921157737850787
5113950300,9.311532942505134,3.969651384668036
5113950400,9.33350446201232,3.887918030800821
5113950500,9.373392032169747,4.033652264887064
5113950600,9.474468620807666,4.161439681040383
51141030100,8.328545162902122,3.295523853524983
51141030200,8.397984665297741,3.349280213552361
51141030301,8.599559073237509,3.340861349075975
51141030302,8.573739431895962,3.34884714715948
51143010100,8.782034996577686,3.54538904312115
51143010200,8.820498402464066,3.499527327857632
51143010300,8.792387364818617,3.447640361396304
51143010400,8.856916064339494,3.483938287474333
51143010500,8.881432547570157,3.548723490759754
51143010600,8.820741362765229,3.5230301321013
51143010700,8.815216962354552,3.590866646817248
51143010801,9.024234,3.618677664613279
51143010802,9.019133058179329,3.634444574264203
51143010900,8.975073188911704,3.580559121149897
51143011001,9.04082590622861,3.539535578370979
51143011002,9.032137805612594,3.568065236824093
51143011100,9.106803643394935,3.531587417522245
51143011200,9.137784045859001,3.570016026694045
51143011300,9.12403858384668,3.607981693360712
51143011400,9.11068220807666,3.63427745174538
51145500101,8.662017618754278,3.223677685831622
51145500102,8.551172748117728,3.2781211724846
51145500200,8.473268160848734,3.29383628678987
51145500300,8.476107420260096,3.270765955509925
51145500400,8.354188511293634,3.348504114989733
51147930100,8.360819381930185,3.523526570157426
51147930201,8.357921943874059,3.528251044490075
51147930202,8.361216850102669,3.532463095140315
51147930203,8.360368058863792,3.523190856947296
51147930300,8.397582890485968,3.56321479945243
51149850100,8.970405492813142,3.248112806297057
51149850200,8.902919253251198,3.263275991786448
51149850301,8.839876277207392,3.259414616016427
51149850302,8.796513041067762,3.210494288158795
51149850400,8.522431501026694,3.21128576386037
51149850501,8.59584197467488,3.349831041752224
51149850502,8.725360335386721,3.317089851471595
51153900100,8.992385924024641,3.066075906913073
51153900201,9.056488273100616,3.073215167008898
51153900202,9.062267250513347,3.09246933744011
51153900203,9.032334474332649,3.089290867214237
51153900300,9.09188263449692,3.095563650924025
51153900403,9.016957898015058,3.136495062286105
51153900404,9.01976677412731,3.164315496235455
51153900407,9.007882675564682,3.178944729637235
51153900408,8.985198372347707,3.180994134839151
51153900409,8.988418387405886,3.170554420260096
51153900410,8.95091706091718,3.151090250513347
51153900501,9.006627985626283,3.112888985626283
51153900502,8.966098381245722,3.128351119096509
51153900600,8.99534745174538,3.09400871321013
51153900701,8.931201646132786,3.120521054757016
51153900702,8.90963895687885,3.10288941615332
51153900801,8.866572045859001,3.131939299794661
51153900802,8.818863736481862,3.144333197809719
51153900901,8.777387572210814,3.18089059890486
51153900904,8.759335574948665,3.155892352498289
51153900905,8.739526741957563,3.183579117043121
51153901001,8.853122548939083,3.217381815879535
51153901005,8.94632100752909,3.217072201916496
51153901008,8.882934203969884,3.164826449691992
51153901009,8.959613379876797,3.197577779603012
51153901010,8.928766803559206,3.199508186858316
51153901011,8.938510160848734,3.174892290896646
51153901012,8.880984391512663,3.17949363449692
51153901100,8.710762556468172,3.205203227241615
51153901203,9.051558826146475,3.172211659137577
51153901208,9.135802470910335,3.0947844366872
51153901209,9.084114615331964,3.128785681040383
51153901211,9.087267407939767,3.170787774811773
51153901212,9.086513234086242,3.185199097193703
51153901219,9.156001509924709,3.200434388090349
51153901221,9.164599429158111,3.143497814510609
51153901222,9.181996318959617,3.125746998631075
51153901223,9.162376908966461,3.11878115468857
51153901224,9.11084920054757,3.131669168377823
51153901225,9.091431412046544,3.151386631759069
51153901226,9.072172065708419,3.198486755646817
51153901227,9.044714453114305,3.194316425735797
51153901228,9.005695245722108,3.201257206707734
51153901229,9.029283670773443,3.206381750855578
51153901230,9.056111284736482,3.212818719370294
51153901231,9.261926160164271,3.243339997946612
51153901232,9.154800203969884,3.255691837097878
51153901233,9.066932984257358,3.238192528405202
51153901234,8.982392011635866,3.232309571526352
51153901235,9.178098032854209,3.167457788501027
51153901236,9.133664292950034,3.170265502395619
51153901237,9.134351148528405,3.151418546885695
51153901303,9.106348429158111,3.280297646132786
51153901304,9.065341019164956,3.270777867214237
51153901305,8.89710754825462,3.304877192334018
51153901306,8.973283602327173,3.265928926078029
51153901403,9.158555462696783,3.298259008898015
51153901407,9.155745881587954,3.303251197125257
51153901408,9.129414047227926,3.304534044490075
51153901409,9.087209452429843,3.302892905544148
51153901410,9.0520353908282,3.320412900068446
51153901411,8.937136836413416,3.334385244353183
51153901412,8.97375052019165,3.329501474332649
51153901413,8.989010510609172,3.323169427789186
51153901414,8.961338762491444,3.32427827652293
51153901415,9.011070810403833,3.318536298425736
51153901416,9.009563783025325,3.310742089664613
51153901417,8.921863093086927,3.333053389459274
51153901503,9.121227989048597,3.312122934291581
51153901504,9.057522686516085,3.323942919917864
51153901505,9.012861954140999,3.320618246406571
51153901506,8.999538911704312,3.32941465229295
51153901507,8.99395474880219,3.33219384531143
51153901508,8.939049899383984,3.333754521560575
51153901509,8.94373398220397,3.329976538672142
51153901510,8.958288180698152,3.329247890485968
51153901511,8.969204617385352,3.326549763175907
51153901601,9.227316715947981,3.288452920602327
51153901602,9.229510965776865,3.293993776865161
51153901701,9.19722672073922,3.289258225188227
51153901702,9.273178572210814,3.277468972621492
51153901900,9.323282146475017,3.268838326488706
51153980100,8.806202644079398,3.268376339493498
51155210100,8.635649220396988,3.52920536550308
51155210201,8.520153082135524,3.546962759753593
51155210202,8.519756851471595,3.544148404517454
51155210300,8.465031984941821,3.56111578439425
51155210400,8.486716232032854,3.53522132991102
51155210500,8.462650534565366,3.485972006844627
51155210600,8.593970863791923,3.514465009582478
51155210700,8.59261968788501,3.535103828884326
51155980100,8.690109668720055,3.485847769336071
51155980200,8.607692707049966,3.523086372347707
51157950100,8.274736629021218,3.335544841889117
51157950200,8.231659055441478,3.32849901779603
51159040100,8.050831611225188,3.249441324435318
51159040200,8.006867559206023,3.277949340862423
5115950700,9.323630897330596,4.079440674880219
5115950800,9.865383545516769,4.241080443531828
5115950900,9.907870941136208,4.212840686516085
5115951000,9.885206447638604,4.179116448323066
5115951100,10.142414407939767,4.185311245037645
5115951200,10.143624242299795,4.215029314168378
5115951300,10.090262838466804,4.253434999315537
5115951400,10.04011947980835,4.24998939835729
5115951501,10.061535615331964,4.254134911019849
5115951502,10.089221620807666,4.241808501026694
5115951600,10.135942501711157,4.229349896646133
51161030100,8.70204988843258,3.074196528405202
51161030201,8.912509725530459,2.985334752224504
51161030203,8.933177783709788,2.994030932922656
51161030204,8.945743269678302,2.9698266954141
51161030205,8.911108691991786,2.994510230663929
51161030300,8.76210056605065,3.071842346338125
51161030500,8.772321206707734,3.094272220396988
51161030600,8.711791179329227,3.104112114989733
51161030701,8.881319295687885,3.030312674195756
51161030702,8.919512991101985,3.009468859000684
51161030801,8.921392409308693,3.01408598220397
51161030802,8.881170753593429,3.034393414784394
51161030900,8.860315814510609,3.061588930869268
51161031000,8.969951759069131,3.030768145790554
51161031101,8.998693377138946,2.970167733744011
51161031102,8.991346456536619,2.949724066392882
51161031201,8.978033256673511,2.988244779603012
51161031202,8.961433438056126,2.989367379192334
51163930100,8.274979785763176,3.458359310746064
51163930200,8.224098984257358,3.462539119780972
51163930300,8.427609492128679,3.431826370978782
51163930400,8.465320496919918,3.400268995208761
51165010100,8.459732767282683,3.442211475017112
51165010200,8.505167548939083,3.449572969883641
51165010300,8.677268671457906,3.491972101984942
51165010400,8.732790896646133,3.500090937029432
51165010500,8.826884165639973,3.514220254620123
51165010600,8.750343918548939,3.516063927446954
51165010700,8.592342584531143,3.496679001368925
51165010800,8.709689583162218,3.511199503080082
51165010900,8.589494984257358,3.497379360711841
51165011000,8.243413958932238,3.43917561670089
51165011100,8.305286568788501,3.454667182067077
51165011200,8.24756973100616,3.457919747433265
51165011400,8.795689192334018,3.573676046543463
51165011500,8.726716224503764,3.578235367556468
51165011600,8.736997373716632,3.584753700889802
51165011700,8.825563877481177,3.59519406844627
51165011800,8.808527880219028,3.583320563997262
51165011900,8.807948516084873,3.547939165639973
51165012000,8.620228362080767,3.5173720862423
51167030100,8.709473113620808,3.761392513347023
51167030200,8.847980893908282,3.768333889801506
51167030300,9.076110489390828,3.789009501026694
51167030401,8.849235919917864,3.745927144421629
51167030402,8.634792837097878,3.715748253251198
51167030500,8.770743220396988,3.763908012320328
51167030600,8.951282500342231,3.77778677412731
51169030100,9.712103529089665,3.975341590691307
51169030200,9.476498638603696,3.940500211498973
51169030300,9.104988855578371,3.828010209445585
51169030400,9.309245566735113,3.872085527720739
51169030500,9.560079577686516,3.899547935660506
51169030600,9.898867180698152,4.008343148528405
51171040100,8.642919375085558,3.484176323066393
51171040201,8.394758730321698,3.464638550992471
51171040202,8.490619149212868,3.468873715947981
51171040300,8.54403541615332,3.466622270362765
51171040400,8.504046079397673,3.431189996577686
51171040500,8.513831549623546,3.463506112251882
51171040600,8.518451447638604,3.460081702258727
51171040700,8.546947484599589,3.467421509924709
51171040800,8.612933403832991,3.472658450376454
51173030100,8.305297787132101,3.599405561259411
51173030200,8.485449134154689,3.65898320807666
51173030301,8.346300783709788,3.59721073100616
51173030302,8.299148140999316,3.58378799247091
51173030400,8.192723847364819,3.540513600958248
51173030500,8.145476724845996,3.512583779603012
51173030600,8.218829589322382,3.541404613963039
51173030701,8.356101302532512,3.596870865845311
51173030702,8.180386345653662,3.503884158110883
5117460100,10.132085424366872,4.070624707049966
5117460200,10.155906451060917,3.982560937713895
5117460300,10.044609741273101,4.010087055441478
51175200100,8.281946795345654,3.324028046543463
51175200200,8.43088380698152,3.516879221765914
51175200300,8.410897397672827,3.494029323066393
51175200400,8.332598785763176,3.407860180013689
51175200500,8.389441309377139,3.50211182477755
51177020104,8.484348793292266,3.361350383983573
51177020105,8.498363072553046,3.36661327926078
51177020106,8.55602723613963,3.365608957563313
51177020107,8.566487417522245,3.361799638603696
51177020108,8.571381211498973,3.360142331279945
51177020109,8.557167467488022,3.362068245722108
51177020110,8.551622975359343,3.366126241615332
51177020111,8.546140681724846,3.372731377138946
51177020112,8.531364999315537,3.360793642710472
51177020113,8.499284981519507,3.36209037303217
51177020114,8.534056457221082,3.362486676933607
51177020201,8.54108840862423,3.331651402464066
51177020202,8.566372258726899,3.352289479123888
51177020203,8.5460594770705,3.340500067077344
51177020204,8.548094567419576,3.354315893223819
51177020205,8.523488942505134,3.340264026694045
51177020304,8.551830117043121,3.356562924024641
51177020305,8.547793901437372,3.356198767967146
51177020306,8.527442561259411,3.347996351813826
51177020307,8.544153493497604,3.362602032169747
51177020308,8.534874041067762,3.359960605065024
51177020309,8.53238033744011,3.354027004791239
51177020310,8.507492481861738,3.351485676249144
51177020311,8.460086351129363,3.330242338124572
51177020403,8.394797224503764,3.302991984257358
51177020404,8.354012329226557,3.30240323340178
51177020405,8.342972388774812,3.352391067077344
51177020406,8.374547134839151,3.334240037645448
51177020407,8.395896947296372,3.352885721423682
51177020408,8.444990830937714,3.367516694045174
51179010103,8.627338287474333,3.264024718685832
51179010105,8.598805590006845,3.272431700205339
51179010106,8.559996177960301,3.281921393566051
51179010107,8.599549998631075,3.240876125941136
51179010108,8.651225835728953,3.24718614715948
51179010201,8.710139088980151,3.270893921971253
51179010202,8.624348356605065,3.313418211498973
51179010204,8.608879908966461,3.315668329226557
51179010205,8.625441170431212,3.301460939767283
51179010206,8.638621875427789,3.27956774880219
51179010207,8.654227789869952,3.261974301163587
51179010210,8.619265125256674,3.289037134839151
51179010211,8.627780631074606,3.272173234086242
51179010212,8.637767761122519,3.28136874880219
51179010213,8.629177100616016,3.289236183436003
51179010214,8.633978366187543,3.285645595482546
51179010301,8.570533546201232,3.333189117727584
51179010303,8.574922712525667,3.357399507186858
51179010304,8.594278210130048,3.338556477754962
51179010305,8.583139240246407,3.334298620807666
51179010403,8.585674428473648,3.320289232032854
51179010404,8.595293457905544,3.339149124572211
51179010405,8.589074418206708,3.33950619028063
51179010406,8.589735681040383,3.341376361396304
51179010502,8.579874633812457,3.341324097193703
51179010503,8.54042174606434,3.298073249144422
51179010504,8.531116543463381,3.317054170431212
51181860100,8.254352728952772,3.196476919233402
51181860200,8.25765370568104,3.218775082135524
51183870100,8.500085187542779,3.500221325804244
51183870201,8.3821449137577,3.3827324770705
51183870202,8.447357603011636,3.325223920602327
51183870300,8.341586585900068,3.278464837782341
51183870400,8.282003678302532,3.281412958932238
51185020100,8.383962535934292,3.651574867214237
51185020200,8.361261224503764,3.634892367556468
51185020300,8.393122715947981,3.663052660506502
51185020400,8.547225494182067,3.713256214236824
51185020500,8.66452386036961,3.75549064476386
51185020600,8.421581732375086,3.655948538672142
51185020700,8.274359666666667,3.600106011635866
51185020800,8.338334555099247,3.633593255989049
51185020900,8.652671856947296,3.752623409308693
51185021000,8.575618488021903,3.72163810403833
51185021100,8.306871377823409,3.625071514031485
51187020100,8.660204569472964,3.41980170294319
51187020200,8.787324095140315,3.479653352498289
51187020300,8.572597873374401,3.443692255989049
51187020400,8.60758626899384,3.440819457905544
51187020500,8.610068943874059,3.436503986310746
51187020601,8.639622026694045,3.43777062696783
51187020602,8.485711568104038,3.399743027378508
51187020700,8.398591668720055,3.38160458110883
5119000200,10.8568143045859,3.436089452429843
5119000500,10.89433953798768,3.408652657768652
5119001100,10.908407019849418,3.40405331211499
5119001200,10.921061161533196,3.418531635181383
5119001300,10.935674478439425,3.407700366872006
5119001501,10.940886881587954,3.448029316906229
5119001502,10.937026767967146,3.403051681724846
5119001600,10.914984393566051,3.455330650924025
5119001800,10.93284024366872,3.442633189596167
5119001900,10.91836715468857,3.444086171115674
5119002001,10.886496711156742,3.471764377138946
5119002002,10.882859442162902,3.449281700889802
5119002102,10.904937717316906,3.473650631074606
5119002103,10.907476167008898,3.484858150581793
5119002104,10.897898942505134,3.497664991786448
5119002203,10.882247054757016,3.513165388774812
5119002204,10.837271303901437,3.557393932922656
5119002206,10.816892003422314,3.581156742642026
5119002208,10.85689554072553,3.540919806297057
5119002209,10.830911227926078,3.562640049965777
5119002403,10.892873467488022,3.50966194934976
5119002405,10.835601524982888,3.550734132785763
5119002406,10.876512557837098,3.50075941615332
5119002407,10.832768849418207,3.564725227926078
5119002408,10.85714120054757,3.529155786447639
5119002500,10.917011305270363,3.360046553730322
5119002600,10.88541346201232,3.420593231348392
5119002700,10.858166830253251,3.50698080971937
5119002800,10.889319587953456,3.429983270362765
5119002900,10.913715652977413,3.410767921971253
5119003001,10.920633075290897,3.369396083504449
5119003002,10.916465118412046,3.411459110882957
5119003100,10.916322570157426,3.422818767282683
5119003202,10.878396250513347,3.486809969199179
5119003205,10.885639600958248,3.474470171800137
5119003207,10.870511701574264,3.493908775496236
5119003208,10.897787859000684,3.460010976043806
5119003303,10.875244074606434,3.504878930869268
5119003304,10.891706978097194,3.461313330595482
5119003305,10.898798896646133,3.44484662696783
5119003306,10.874528769336071,3.500835739219712
5119003402,10.737943680355921,3.717671117727584
5119003403,10.616040169062286,3.831914852156058
5119003404,10.61770272073922,3.854165945927447
5119003500,10.711491584531143,3.77379282477755
5119003604,10.750541008898015,3.722305407255305
5119003605,10.774175983572895,3.691066013689254
5119003606,10.747334592060233,3.716454945927447
5119003607,10.712294980150582,3.75915367761807
5119003608,10.72124987063655,3.771033438740589
5119003609,10.693673334017796,3.80114907871321
5119003703,10.856625735112936,3.545595091718001
5119003704,10.838325388090349,3.592679070499658
5119003706,10.827711883641342,3.597713637919233
5119003707,10.808004878850103,3.650539072553046
5119003710,10.828240976728268,3.60615707871321
5119003711,10.821228925393566,3.62489801026694
5119003712,10.855469403148528,3.550694560574949
5119003713,10.814818466803559,3.635041174537988
5119003800,10.797548360027378,3.63557841889117
5119003900,10.578707112251882,3.702627749486653
5119004001,10.842934366872006,3.457841255989049
5119004004,10.669786382614648,3.625956456536619
5119004005,10.518846488706366,3.708415511978097
5119004006,10.75944545174538,3.558419821355236
5119004007,10.736614865160849,3.541184991786448
5119004103,10.79970488569473,3.581432205338809
5119004104,10.736483376454483,3.63467746954141
5119004105,10.784142889801506,3.580023436002738
5119004106,10.806988344284736,3.554858088295688
5119004107,10.855626484599589,3.481955971937029
5119004108,10.824278547570157,3.516625780971937
5119004201,10.387463671457906,3.808175032854209
5119004202,10.349266854893908,3.77590384257358
5119004205,10.694289851471595,3.662801783025325
5119004207,10.704839312799452,3.654624266255989
5119004212,10.693863832991102,3.65769511430527
5119004213,10.611436308008214,3.689795324435318
5119004214,10.742494371663244,3.621562551676934
5119004215,10.792617162902122,3.59600878439425
5119004216,10.76692321560575,3.614827541409993
5119004218,10.790533937029432,3.599819559206023
5119004219,10.761700082135524,3.617385472279261
5119004220,10.736335648870637,3.645696188227242
5119004221,10.697245768651608,3.674483708418891
5119004302,10.769075646817248,3.657781133470226
5119004303,10.789289411362081,3.601191930869268
5119004305,10.676539084188912,3.711513093086927
5119004306,10.704315061601643,3.680983333333333
5119004400,10.919365960301164,3.356200020533881
5119004500,10.926171700205339,3.372928937713895
5119004600,10.891127696783025,3.380917109514032
5119004700,10.9129665229295,3.383568131416838
5119004800,10.947956206023272,3.42486222587269
5119004900,10.868411959616701,3.523135095140315
51191010100,9.07318147980835,3.709589529774127
51191010200,9.344542778918549,3.7711295633128
51191010300,8.975254123887748,3.741249391512663
51191010401,8.908157223819302,3.678441802190281
51191010402,8.925729668035592,3.71111154825462
51191010501,8.824083698836413,3.692004082135524
51191010502,8.795855937713895,3.679778448323066
51191010601,8.651749411362081,3.644853379192334
51191010602,8.647807507186858,3.667170504449008
51191010700,8.543663223819302,3.655058631074606
51191010800,8.317555134839151,3.538767237508556
51191010900,8.444430546201232,3.562707436002738
51191011000,8.717435364818617,3.612670054072553
51193010100,8.034933940451745,3.261637952772074
51193010200,8.080224366187543,3.233967295003422
51193010300,8.150759775496236,3.220401280629706
51193010400,8.196541542094456,3.207163600273785
51195930700,8.877290485968515,3.770324399726215
51195930800,8.842010175906913,3.767480934976044
51195930900,8.858284405201916,3.772061727583847
51195931000,8.837790026009582,3.771413356605065
51195931100,8.855690833675565,3.785726734428474
51195931200,8.958894855578371,3.807254543463381
51195931300,8.939748023956194,3.799525792607803
51195931400,8.889609898015058,3.782283544147844
51195931500,8.921589568788501,3.790554593429158
51195931600,8.942126158795346,3.7911187816564
51195931700,8.952475202600958,3.797115814510609
51197050100,8.421996627652293,3.579957464750171
51197050200,8.283993319644079,3.584874854209446
51197050301,8.271329995208761,3.564106813141684
51197050302,8.220697000684463,3.534959003422314
51197050401,8.334201308008214,3.553641407255305
51197050402,8.425640541409993,3.545456254620123
51199050203,8.488663219712526,3.090503978781656
51199050204,8.476957889801506,3.062053578370979
51199050205,8.456900915126626,3.086405967145791
51199050206,8.451895170431212,3.056134204654346
51199050303,8.409002735112936,3.123690089664613
51199050304,8.408779026009582,3.106191173169062
51199050305,8.492537854893908,3.127880485284052
51199050306,8.423805811088296,3.148175434633812
51199050401,8.353657105407255,3.14360225393566
51199050402,8.341918966461328,3.114794390143737
51199050500,8.354894600958248,3.171498447638604
51199050900,8.305095008213552,3.1934317816564
51199051000,8.258301716632444,3.208103477754962
51199051100,8.290114792607803,3.201172032854209
5121960100,9.733021135523614,4.425236578370979
5121960200,9.529518229979466,4.35071795687885
5121960301,9.714861093086927,4.413285390143737
5121960302,9.773633708418891,4.420290019849418
5123960100,9.867661140314853,3.886354844626968
5123960200,9.928871855578371,4.034045167693361
5123960300,10.01684963449692,4.132377112251882
5123960400,9.945779693360712,4.057081761122519
5123960500,9.937290727583847,4.045492160848734
5123960600,9.947529223134839,4.057540042436687
5125010101,10.522972501711157,3.859866828884326
5125010102,10.550464392197125,3.828736038329911
5125010103,10.586732428473648,3.805656876796715
5125010301,10.563641547570157,3.804731205338809
5125010302,10.521855344969199,3.837805841889117
5125010303,10.493902066392882,3.850980140314853
5125010404,10.635868492813142,3.747336637919233
5125010405,10.512731874058864,3.715667629021218
5125010406,10.540119043805613,3.73613435797399
5125010407,10.477027951403148,3.83416631485284
5125010408,10.665929948665298,3.701027077344285
5125010409,10.693954744010951,3.651043020533881
5125010503,10.378980500342231,3.931061310746064
5125010506,9.852112536618754,3.870334227926078
5125010507,10.224366696098563,3.814573733059548
5125010508,10.28743529431896,3.900560748117728
5125010509,10.65584087816564,3.709220464750171
5125010510,10.643244167693361,3.74433599247091
5125010511,10.551997727583847,3.770463186173854
5125010512,10.46491472073922,3.806157465434634
5125010600,10.485905042436687,3.882888315537303
5127950100,9.414723861738535,4.077219058863792
5127950200,9.387490130732375,4.054035670773443
5127950300,9.314989488021903,4.013400338124572
5129970100,9.114471353867214,4.107402628336756
5129970200,9.178700957563313,4.136801783709788
5129970300,9.211382347022587,4.104127595482546
5131000100,10.174799156057495,4.274763442162902
5131000200,10.173379049281314,4.257426358658453
5131000300,10.231316188227242,4.265955899383984
5131000400,10.223578826146475,4.276632336755647
5131000501,10.21262309650924,4.274785221765914
5131000502,10.201830603011636,4.281228744695414
5131000600,10.187449902121834,4.289906271047228
5131000700,10.225955188911704,4.293948885010267
5131000800,10.239994230663929,4.279264234770705
5131001001,10.251176316221766,4.296500315537303
5131001002,10.24541573853525,4.290967419575633
5131001101,10.228157069130732,4.300020637919233
5131001102,10.176784667351129,4.298496954140999
5131001201,10.231364284736482,4.287459444900753
5131001202,10.204377580424367,4.283333763175907
5131001301,10.161992725530459,4.297400287474333
5131001302,10.097565046543463,4.276963054757016
5131001303,10.16612394934976,4.276686859685147
5131001304,10.108501893908282,4.270054612594114
5131001305,10.137994478439425,4.28852300752909
5131010101,9.916772641341547,4.272693360027378
5131010102,9.732016079397673,4.207577326488706
5131010201,9.955507442162902,4.252953498288843
5131010202,9.802783622176591,4.214141618754278
5131010301,9.907544516084873,4.223872892539357
5131010302,9.545665318275154,4.121042876796715
5133080100,9.686697678986995,4.295644161533196
5133080200,9.70020385284052,4.344098319644079
5133080300,9.692604594798084,4.330730638603696
5133080400,9.84816667008898,4.394732245722108
5135470100,9.434815318959617,4.327594729637235
5135470200,9.453727049965777,4.315972138261465
5135470300,9.511843993839836,4.30637020807666
5135470400,9.616468594113621,4.272559380561259
5137950100,9.301716221765914,4.15984317522245
5137950201,9.50782631485284,4.195639197809719
5137950202,9.414093936344969,4.171954534565366
5139950100,9.68592315742642,4.18264912936345
5139950200,9.856520821355236,4.189657431211499
5139950300,9.883926498973306,4.220677865160849
5139950400,9.774322271731691,4.228185056125941
5139950500,9.737063121149897,4.191884915126626
5139950600,9.901455744695414,4.160671543463381
5139950700,9.924641419575633,4.165717293634497
5139950800,9.8920464366872,4.168594273100616
5139950900,9.882949574264203,4.152199947980835
5139951000,9.875159669404518,4.160017275838467
5141460100,9.377503381930185,4.116708764544832
5141460200,9.544561968514716,4.111654221765914
5141460301,9.559204930869268,4.153743633812457
5141460302,9.672499783709788,4.154048622861054
5141460400,9.871857968514716,4.146876837782341
5143010101,9.608199419575633,4.089098074606434
5143010102,9.616061694045174,4.071972644079398
5143010104,9.695099692676249,4.10596179945243
5143010105,9.431581798083504,4.047218543463381
5143010106,9.822044222450376,4.123607163586584
5143010107,9.757882712525667,4.11039494661191
5143010200,9.891253312799452,4.116090716632444
5143010301,9.854805990417522,4.110433894592745
5143010302,9.839940698151951,4.092730036960986
5143010401,9.927285351813826,4.139531993839836
5143010402,9.907769399726215,4.130424574948665
5143010403,9.880381900068446,4.125880560574949
5143010501,9.888607789185489,4.18235612183436
5143010503,9.875220501711157,4.14582329705681
5143010504,9.668477132785763,4.143318271731691
5143010506,9.713116886379192,4.143693178644764
5143010507,9.814363848733744,4.143422466119096
5143010508,9.7976653045859,4.160473718001369
5143010509,9.939126041752224,4.17562770294319
5143010510,9.923113067077344,4.147482988364134
5143010600,9.745602902806297,4.122964535249829
5143010701,9.786683246406571,4.131836382614648
5143010702,9.780544710472279,4.123582197809719
5143011001,9.577796724845996,4.098636531143053
5143011002,9.541288587953456,4.100517915126626
5143011003,9.427914970568104,4.060209707734428
5143011004,9.396647449691992,4.056024376454483
5143011101,9.619058462696783,4.097459631759069
5143011102,9.470508405886379,4.059050020533881
5143011103,9.227946566735113,4.00477776659822
5143011200,9.888690419575633,4.110739002737851
5143011300,9.705172409993155,4.112840435318275
5145070100,10.031005507186858,4.163133656399726
5145070200,10.042831234770705,4.16861193908282
5145070300,10.13116445174538,4.103072429842574
5145070401,10.272138180698152,4.159852537303217
5145070402,10.259473484599589,4.173525761122519
5145070500,10.199046872689938,4.166984286105407
5145070600,10.123496602327173,4.156934353867214
5145070700,10.283542626283368,4.168495735797399
5145070800,10.301704999315537,4.150630258726899
5145070900,10.308479399726215,4.143380754277892
5145071000,10.302167002053388,4.059241517453799
5145071100,10.224556091033539,4.122049225188227
5145071200,10.402445767282683,4.049328338124572
5147490100,10.010793965092402,4.138885894592745
5147490200,10.037262952772074,4.145483574948665
5149952301,10.080018694729637,4.183339455167693
5149952302,10.042118036960986,4.250451161533196
5149952401,9.644025128678987,4.164236627652293
5149952402,9.904524453114305,4.201119462696783
5149952500,9.622235275838467,4.127509664613279
5149952600,9.468283674195756,4.058500379192334
51510200102,9.709252308008214,2.87652819301848
51510200103,9.671997121149897,2.882709271047228
51510200104,9.687547105407255,2.865454917180014
51510200105,9.715996537303217,2.864101543463381
51510200106,9.733992779603012,2.865269084873374
51510200107,9.727728577002053,2.856928375085558
51510200201,9.66503132238193,2.835893550992471
51510200202,9.617335744695414,2.820250679671458
51510200301,9.671360155373032,2.857376443531828
51510200302,9.647120431211499,2.848565645448323
51510200303,9.632982393566051,2.856954859000684
51510200403,9.56965465229295,2.837833195071869
51510200404,9.589630952087611,2.837823873374401
51510200405,9.593785700889802,2.853398919917864
51510200406,9.624085082819986,2.866484034907598
51510200407,9.619517164271047,2.880120898699521
51510200500,9.622050529089665,2.834490911704312
51510200600,9.567173987679672,2.81247729431896
51510200701,9.543165585215606,2.796360793976728
51510200702,9.522735385352498,2.79272853045859
51510200703,9.501924820670773,2.789949965092402
51510200801,9.610006947296372,2.808541690622861
51510200802,9.562412071868583,2.797713009582478
51510200900,9.66322579192334,2.814804444900753
51510201000,9.713456882272416,2.823119423682409
51510201100,9.699790620807666,2.817526859000684
51510201202,9.679749666666667,2.809472965776865
51510201203,9.71188692881588,2.813085223134839
51510201204,9.681606293634497,2.807136826146475
51510201300,9.638438517453799,2.802894062286105
51510201400,9.635879122518823,2.801775752224504
51510201500,9.579400184804928,2.797518160164271
51510201600,9.56670293155373,2.794674563997262
51510201801,9.638068189596167,2.798796210130048
51510201802,9.543827483230664,2.796703334702259
51510201900,9.53867393155373,2.794807070499658
51510202001,9.514261115674196,2.794756112936345
51510202002,9.488126295687885,2.795784034223135
51515050100,8.7467858678987,3.31471652019165
51520020100,9.378590217659138,3.772901368925394
51520020200,9.302162586584531,3.732134597535934
51520020300,9.26524201026694,3.7134312183436
51520020400,9.191284751540041,3.712352570157426
51530930600,8.393580297741273,3.449166094455852
51540000201,8.553769780971937,3.419857767967146
51540000202,8.551174413415469,3.41535313963039
51540000302,8.572733230663929,3.436067309377139
51540000401,8.5576796954141,3.429465409308693
51540000402,8.563836150581793,3.432242239561944
51540000501,8.550342114989733,3.424347184804928
51540000502,8.526705208761122,3.421882893223819
51540000600,8.531575278576318,3.417216250513347
51540000700,8.542400793292266,3.404581891170431
51540000800,8.541741698836413,3.402443409308693
51540000900,8.556300155373032,3.421071314168378
51540001000,8.564132351813826,3.426384099931554
51550020001,8.698776587268994,2.814114831622177
51550020002,8.712039160164271,2.841557102669404
51550020003,8.678617778918549,2.831230378507871
51550020100,8.698968131416838,2.8568975633128
51550020200,8.719600211498973,2.875022644079398
51550020300,8.730613245722108,2.881823236824093
51550020400,8.718444780971937,2.892267954825462
51550020500,8.708112687200548,2.926855405886379
51550020600,8.694837760438056,2.907599101984942
51550020700,8.680770308692676,2.904634169746749
51550020804,8.48866424366872,2.923843849418207
51550020805,8.619982555099247,2.907343840520192
51550020806,8.619248657768652,2.876131409993155
51550020807,8.577321683778234,2.905072380561259
51550020808,8.67819709377139,2.87277470294319
51550020809,8.65826099247091,2.850459327173169
51550020903,8.661745198494182,2.952324475017112
51550020904,8.602527920602327,2.966997038329911
51550020905,8.658086023956194,2.92439588843258
51550020906,8.612521518138262,2.943540854893908
51550021004,8.408809309377139,3.039277830937714
51550021005,8.560413636550308,2.993397666666667
51550021006,8.462379737166324,3.038086301163587
51550021009,8.367883506502396,3.033479896646133
51550021010,8.508834195756331,2.99636356605065
51550021011,8.487668669404518,3.010636019849418
51550021012,8.456602829568788,2.994410234770705
51550021013,8.415850388090349,2.989244379192334
51550021101,8.478720093086927,2.971600061601643
51550021102,8.25081699247091,3.044142627652293
51550021200,8.318545880219028,3.106785058863792
51550021301,8.418412079397673,3.122766702258727
51550021302,8.59443946201232,3.02327756605065
51550021401,8.649698368240931,3.019743442847365
51550021402,8.670581334017796,2.996906900752909
51550021403,8.698578920602327,2.969184973305955
51550021404,8.667753034223135,3.017280477754962
51550021501,8.622143611909651,3.068671547570157
51550021502,8.65400545174538,3.052465735797399
51550021601,8.685555401779603,3.024260531827515
51550021602,8.674282339493498,3.042480856947296
51570830100,8.964661785078713,3.269396006844627
51570830200,8.967995919233402,3.25927823340178
51570830300,8.965148732375086,3.263909490075291
51570830400,8.913094527720739,3.286316874743326
51570830500,8.92675515742642,3.286053578370979
51580060100,8.525291033538672,3.473679151950719
51580060200,8.507333078028747,3.450048967830253
51590000100,9.158927217659138,3.627702477754962
51590000200,9.160836534565366,3.616113700889802
51590000300,9.160597064339494,3.621089976043806
51590000400,9.156188080766598,3.624377260095825
51590000500,9.158067795345654,3.611428155373032
51590000600,9.160319676933607,3.605013947296372
51590000700,9.158903249144422,3.59518237303217
51590000800,9.158366793292266,3.60408092881588
51590000900,9.160534085557837,3.575846118412046
51590001000,9.15972564202601,3.593569525667351
51590001100,9.151979567419576,3.602058216974675
51590001200,9.156614404517454,3.59127449486653
51590001301,9.124705812457221,3.617351577686516
51590001302,9.144155602327173,3.612876347022587
51590001400,9.142467561259411,3.582572106776181
51590980100,9.127335819301848,3.60372445174538
51595890100,8.621303612594114,3.642710336071184
51595890200,8.630340767282683,3.645461272416153
51600300100,9.672332957563313,3.174517086926762
51600300200,9.707886364134155,3.1556000862423
51600300300,9.705099708418891,3.133729917180014
51600300400,9.632630854893908,3.172195902121834
51600300500,9.652070514031485,3.143461774811773
51610500100,9.905096503764545,3.023630510609172
51610500200,9.875417173853525,3.030850132785763
51610500300,9.879747158110883,2.984822732375086
51620090100,8.327121745379877,3.390917019849418
51620090200,8.330203117727584,3.396406061601643
51630000100,8.591189586584531,3.3452805633128
51630000200,8.592409471594798,3.35562367008898
51630000301,8.587605900752909,3.34837507871321
51630000302,8.576524509924709,3.348363006160164
51630000400,8.583181345653662,3.347634793292266
51630000500,8.590589335386721,3.357225915811088
51640070101,8.344164015058179,3.5016578678987
51640070102,8.338479795345654,3.49654028678987
51650010103,8.446962734428474,3.017724130732375
51650010104,8.491152336071184,3.014844617385352
51650010200,8.457462886379192,3.025921854893908
51650010304,8.512724825462012,3.055638621492129
51650010306,8.524452067077344,3.037346298425736
51650010307,8.544979468172485,3.08110856605065
51650010309,8.574098793292266,3.079652644079398
51650010310,8.568288341546886,3.067771546201232
51650010311,8.549986201916496,3.057566120465435
51650010312,8.55564864476386,3.066773722792608
51650010313,8.541788540041068,3.044347015742642
51650010314,8.493043099931554,3.034599359342916
51650010400,8.580828518138262,3.059671767282683
51650010501,8.599256247091034,3.049719478439425
51650010502,8.561744559206023,3.037682404517454
51650010601,8.561595991786448,3.023717722108145
51650010602,8.542399102669404,3.026333388090349
51650010701,8.522291203969884,3.024065679671458
51650010702,8.508272217659138,3.017537631759069
51650010703,8.479827004791239,3.016981754962355
51650010800,8.527699582477755,3.019232782340862
51650010900,8.539960235455168,3.012977640657084
51650011000,8.497415434633812,3.006717117727584
51650011100,8.568483415468857,2.999938299110198
51650011200,8.526795629021218,3.004796055441478
51650011300,8.56434032238193,3.005715301848049
51650011400,8.571924893908282,3.015706504449008
51650011500,8.612899216290212,3.028012091033539
51650011600,8.595311298425736,3.025713396303901
51650011800,8.592291450376454,3.032964780971937
51650011900,8.60808646954141,3.046103083504449
51650012000,8.627081042436687,3.048087240930869
51650012100,8.4058918678987,3.018648866529774
51650990100,8.640852412046544,2.972432963039014
51660000101,8.848511798083504,3.537291368925394
51660000102,8.870725262833676,3.547384733744011
51660000203,8.845095142368241,3.578855582477755
51660000204,8.855850826830938,3.550281184804928
51660000205,8.871049957563313,3.570217145790554
51660000206,8.858019268309377,3.561495561259411
51660000207,8.858033503764545,3.566058427104723
51660000301,8.831009692676249,3.565407274469541
51660000302,8.847702962354552,3.570427698151951
51660000401,8.812872793976728,3.533688552361396
51660000402,8.82124892881588,3.542978837097878
51670820100,8.90975119028063,3.172327017111567
51670820300,8.924020272416153,3.187597345653662
51670820400,8.962693583162218,3.208519271731691
51670820500,8.946832118412046,3.21396205065024
51670820600,8.943387807665982,3.235705997946612
51670820700,8.921857952087611,3.211300909650924
51670980100,8.89012987816564,3.188263415468857
51678930500,8.398722493497604,3.460507362080767
51680000100,8.798169926762491,3.488232976043806
51680000201,8.843056206707734,3.476356727583847
51680000202,8.886170299110198,3.486920173853525
51680000203,8.903576570841889,3.502332887748118
51680000300,8.855968116358658,3.498262395619439
51680000400,8.834508989048597,3.506525969883641
51680000500,8.841366039014374,3.507418731690623
51680000600,8.857747162217659,3.50824031211499
51680000700,8.885590926078029,3.500400479123888
51680000801,8.899880712525667,3.501580055441478
51680000802,8.922773203285421,3.49587353798768
51680000900,8.957714933607118,3.49318036550308
51680001000,8.925774394250513,3.497543307323751
51680001100,8.860147614647502,3.51131255578371
51680001400,8.923372223819302,3.502255666666667
51680001600,8.952653655715264,3.470327470910335
51680001700,8.949716609856263,3.466210982888433
51680001800,8.942127619438741,3.47362153798768
51680001900,8.855711981519507,3.511651405886379
51683910100,9.17461005065024,3.284232692676249
51683910201,9.212195451060917,3.274378951403148
51683910202,9.236044257357974,3.275749947980835
51683910301,9.2207554770705,3.270074986310746
51683910302,9.171051546885695,3.271305034223135
51683910401,9.15900387816564,3.27542347980835
51683910402,9.107638282683094,3.293407618069815
51685920100,9.270897185489391,3.275548080082136
51685920200,9.293800789185489,3.258041568104038
51690000100,8.941269532511978,3.473423435318275
51690000200,8.939743101300479,3.469298688569473
51690000300,8.958223425735797,3.47991764202601
51690000400,8.955792424366872,3.474463900752909
51690000500,8.983782012320328,3.480354920602327
51700030100,8.641010293634497,3.063474339493498
51700030300,8.644800951403148,3.051919315537303
51700030400,8.630675437371663,3.063944661875428
51700030500,8.635222859685147,3.060445277207392
51700030600,8.626759993155373,3.061591156057495
51700030800,8.617536716632444,3.064369483915127
51700030900,8.608709859000684,3.070425132785763
51700031100,8.601002305270363,3.080060598220397
51700031200,8.60175935797399,3.07823015468857
51700031300,8.598307134839151,3.067562965776865
51700031400,8.562413394934976,3.087577793292266
51700031500,8.553103769336071,3.102648861054073
51700031601,8.538546199863108,3.089848535934292
51700031602,8.543153371663244,3.099496697467488
51700031701,8.523943229979466,3.127377637919233
51700031702,8.521808608487337,3.11900254825462
51700031800,8.524149486652977,3.121439792607803
51700031901,8.514600344969199,3.135388976043806
51700031902,8.512372232032854,3.136214536618754
51700032001,8.480668602327173,3.159176206023272
51700032002,8.494128084873374,3.145193216974675
51700032005,8.486621704996578,3.156428265571526
51700032006,8.491313263518138,3.144538090349076
51700032007,8.476703099931554,3.156403206707734
51700032113,8.490577323066393,3.152085425051335
51700032114,8.510742584531143,3.129255509924709
51700032117,8.511134052019165,3.089174559206023
51700032123,8.416220299110198,3.167908987679672
51700032124,8.441185422313484,3.168572267624914
51700032126,8.50804755578371,3.131932409993155
51700032127,8.520544698151951,3.115186422313484
51700032128,8.514756214921287,3.111917034223135
51700032129,8.505622472963724,3.106757618069815
51700032130,8.503483446269678,3.12790012183436
51700032131,8.441573919917864,3.155487424366872
51700032132,8.461905826146475,3.158280016427105
51700032211,8.440847124572211,3.165516698151951
51700032212,8.477282880219028,3.158698796030116
51700032223,8.40843762422998,3.175278947296372
51700032224,8.437355274469541,3.164864960301164
51700032225,8.455338840520192,3.157368501026694
51700032226,8.42342093155373,3.168668700205339
51700032300,8.414821006844627,3.171376352498289
51700032400,8.384494654346338,3.179691331279945
51710000100,8.623099266940452,2.898175074606434
51710000201,8.624496471594798,2.916242550992471
51710000202,8.639462080082136,2.906140338124572
51710000300,8.632448180698152,2.927950989048597
51710000400,8.637744926762491,2.961163419575633
51710000500,8.64958367761807,2.934965722792608
51710000600,8.655726252566735,2.921194449691992
51710000700,8.668723596851472,2.916784162902122
51710000800,8.671706409993155,2.92850090349076
51710000901,8.717060367556468,2.943720077344285
51710000902,8.697857816563997,2.953964173169062
51710001100,8.705887422313484,2.950944455167693
51710001200,8.731282854209446,2.934575429158111
51710001300,8.713750668720055,2.919474554414784
51710001400,8.719556108145106,2.897921798767967
51710001500,8.721062986995209,2.916631837097878
51710001600,8.719014137577002,2.928612681724846
51710001700,8.733790767282683,2.91225975633128
51710002000,8.721380959616701,2.882719093086927
51710002100,8.741284423682409,2.881247841204654
51710002200,8.742201248459959,2.900569897330596
51710002300,8.746483146475017,2.921763485968515
51710002400,8.743142214236824,2.928662427104723
51710002500,8.764198800136892,2.92221168514716
51710002600,8.762557713894593,2.912080900068446
51710002700,8.776323880903491,2.905926291581109
51710002800,8.763634132785763,2.900378544147844
51710002900,8.765881028062971,2.887092324435318
51710003000,8.755249180698152,2.874331851471595
51710003100,8.737974955509925,2.863762629705681
51710003200,8.747049793292266,2.86177815468857
51710003300,8.7377489137577,2.847935568788501
51710003400,8.755631057494866,2.865042953456537
51710003501,8.766379559206023,2.874210954825462
51710003600,8.770947600958248,2.885712349760438
51710003700,8.777804503080082,2.89837468788501
51710003800,8.771146370294319,2.909471257357974
51710004001,8.774504546201232,2.89108516495551
51710004002,8.770230060232717,2.894077644079398
51710004100,8.769737204654346,2.878428915126626
51710004200,8.760952724845996,2.874122325119781
51710004300,8.749486381930185,2.857182208761122
51710004400,8.733913225188227,2.842108736481862
51710004500,8.724407893223819,2.836941342231348
51710004600,8.726810151266256,2.840002327173169
51710004700,8.746037935660506,2.857704413415469
51710004800,8.754242690622861,2.87533716495551
51710004900,8.763810187542779,2.879048410677618
51710005000,8.74673724366872,2.879723980835044
51710005100,8.73186095687885,2.855573425735797
51710005500,8.689999089664613,2.910114691307324
51710005601,8.65167389596167,2.896284245722108
51710005602,8.677504793976728,2.892925917864476
51710005701,8.703619955509925,2.89438480971937
51710005702,8.710006368240931,2.872370479123888
51710005800,8.683508305954826,2.873898130047912
51710005901,8.691278195756331,2.853376883641342
51710005902,8.692653545516769,2.837569269678302
51710005903,8.688502429158111,2.822671362080767
51710006000,8.711186832306639,2.855289436002738
51710006100,8.722103265571526,2.843191360711841
51710006200,8.681233285420945,2.807467186858316
51710006400,8.709446976728268,2.816913477754962
51710006501,8.607598151950719,2.885135825462012
51710006502,8.578917646132786,2.871665350444901
51710006601,8.651724032854209,2.885099316906229
51710006602,8.638762309377139,2.887155204654346
51710006603,8.619733240930869,2.875809772073922
51710006604,8.597512798767967,2.868161231348392
51710006605,8.624881464750171,2.859562257357974
51710006606,8.659364880219028,2.865764392881588
51710006607,8.65962006844627,2.841003908281999
51710006800,8.648500664613279,2.776704524298426
51710006901,8.657770327173169,2.765393180698152
51710006902,8.650537496235455,2.759233061601643
51710007001,8.684131316221766,2.798137747433265
51710007002,8.683318915811088,2.788834529089665
51710980100,8.763023010951403,2.92519978439425
51710980200,8.715620158110883,2.825743667351129
51710980300,8.639269606433949,2.83381379192334
51710990000,8.639491742642026,2.970290234770705
51720960100,8.885550921971253,3.784357730321698
51730810100,8.892226138261465,3.298662650924025
51730810300,8.872082344284736,3.313201072553046
51730810400,8.87598155578371,3.302931356605065
51730810500,8.84491050513347,3.322866832991102
51730810600,8.857773362080767,3.313964763175907
51730810700,8.867606264202601,3.316338507186858
51730810900,8.853759857631759,3.305859647501711
51730811000,8.825144407255305,3.327613245722108
51730811100,8.804643588637919,3.334279041752224
51730811200,8.82661006091718,3.307485959616701
51730811300,8.889179116358658,3.302060629021218
51735340100,8.387828635181383,3.070693846680356
51735340200,8.402579106776181,3.049474880219028
51735340300,8.350771868583162,3.039162522245038
51740210200,8.752251407255305,2.930834984941821
51740210300,8.739394434633812,2.957326821355236
51740210400,8.724493334017796,2.965777117727584
51740210500,8.744831765913758,2.94435668514716
51740210600,8.752731646132786,2.928917545516769
51740210900,8.751825641341547,2.899226652977413
51740211100,8.745349759753593,2.929251862422998
51740211400,8.739031448323066,2.948598381245722
51740211500,8.727506370978782,2.957926415468857
51740211600,8.716388238193018,2.979120000684463
51740211700,8.72407916495551,2.954896381245722
51740211800,8.741359030116359,2.9354371724846
51740211900,8.730978670773443,2.93573631485284
51740212000,8.740053871321013,2.919730802874743
51740212100,8.743859321013005,2.906976945927447
51740212300,8.720526565366188,2.941100075290897
51740212400,8.716181609856263,2.958939263518138
51740212500,8.702497857631759,2.975683296372348
51740212600,8.711254470225873,2.973696443531828
51740212701,8.685199694045174,3.010834873374401
51740212702,8.689276360027378,2.998105041752224
51740212801,8.69807689596167,3.008719457221082
51740212802,8.680081826146475,3.0265070862423
51740212900,8.701934406570842,3.004211898015058
51740213001,8.722216694045174,2.988726206023272
51740213002,8.710641145790554,2.997450010951403
51740213101,8.687111448323066,3.022792138261465
51740213103,8.70005642642026,3.003032236824093
51740213104,8.689333310746064,3.021697921971253
51740213200,8.752560834360027,2.909498760438056
51740980100,8.729121847364819,2.912649580424367
51750010101,8.701012390143737,3.495484395619439
51750010102,8.723426741273101,3.49572074880219
51750010200,8.66462788569473,3.50048498220397
51760010200,9.142980036960986,2.989398546885695
51760010300,9.132439841889117,2.966335550992471
51760010401,9.140422463381246,2.971389044490075
51760010402,9.149282525667351,2.965999360027378
51760010500,9.139185370978782,2.940858454483231
51760010600,9.158150462696783,2.944316497604381
51760010700,9.136054379192334,2.925478477754962
51760010800,9.124885262149213,2.910357234086242
51760010900,9.12716982477755,2.895150844626968
51760011000,9.150787914442163,2.913752466803559
51760011100,9.168218327857632,2.942424158110883
51760020100,9.136432485968515,2.895069066392882
51760020200,9.130137554414784,2.879281137577002
51760020300,9.146275282683094,2.901015127994524
51760020400,9.160809686516085,2.904150518138262
51760020500,9.168762186173854,2.92945215468857
51760020600,9.160584079397673,2.921658675564682
51760020700,9.156236933607118,2.912338569472964
51760020800,9.163483856262834,2.929680701574264
51760020900,9.140570548939083,2.914929224503764
51760021000,9.150512650239562,2.938583227926078
51760021100,9.166376064339494,2.943041412731006
51760021200,9.163650828199863,2.952413919917864
51760030100,9.165477684462697,2.928248990417522
51760030200,9.164225333333333,2.930230295687885
51760030500,9.181524737166324,2.946989171115674
51760040200,9.165419479123888,2.973537352498289
51760040300,9.173740785763176,2.956623262833676
51760040400,9.172839467488022,2.96675145927447
51760040500,9.166840526351814,2.977658911704312
51760040600,9.174512192334018,2.995913196440794
51760040700,9.173278219028063,3.003055225188227
51760040800,9.178236919233402,3.008375227926078
51760040900,9.18015009377139,3.001987924024641
51760041000,9.173521743326489,2.985081720054757
51760041100,9.183840740588638,2.98377935523614
51760041200,9.178491724845996,2.966686411362081
51760041300,9.193782004106776,2.987569507871321
51760041400,9.193728635181383,2.99345756605065
51760041600,9.199239358658453,3.01642180698152
51760050100,9.164597553045859,3.006342485284052
51760050200,9.162995871321013,3.020669541409993
51760050300,9.155210790554415,3.020585739219712
51760050400,9.147436106091718,3.039798516084873
51760050500,9.122210098562628,3.053949631759069
51760050600,9.16795624366872,3.039329620123203
51760060200,9.19211818275154,2.983262080766598
51760060400,9.191403490075291,3.008927267624914
51760060500,9.199055619438741,3.017876523613963
51760060600,9.198743613963039,3.035222442162902
51760060700,9.189192343600274,2.983721524982888
51760060800,9.180826021218344,3.020462138261465
51760060900,9.173717626283368,3.034960022587269
51760061000,9.192748327857632,2.974539774811773
51760070100,9.067242158795346,3.107268638603696
51760070300,9.12365046954141,3.080359026694045
51760070400,9.15677429431896,3.064947456536619
51760070601,9.182774323066393,3.051670661190965
51760070602,9.185267230663929,3.031027095140315
51760070700,9.159584093086927,3.072667622176591
51760070801,9.157175944558522,3.070185320328542
51760070802,9.166894248459959,3.061036980150582
51760070900,9.182735013004791,3.031170898699521
51760071001,9.162734106776181,3.075182770704997
51760071002,9.190847733744011,3.051579551676934
51760071100,9.182552562628337,3.055902672826831
51770000100,8.968007366187543,2.957058653661875
51770000300,8.957693061601643,2.944881664613279
51770000400,8.974950563997262,2.943664754277892
51770000500,9.002428917864476,2.935194349075975
51770000601,8.987950898699521,2.950395582477755
51770000602,8.996395082819986,2.952670876112252
51770000900,8.96342311156742,2.962243672826831
51770001000,8.994056267624914,2.959272357289528
51770001100,9.016831691991786,2.959299348391513
51770001200,9.015772648186174,2.970095308008214
51770001800,8.991367976043806,2.970703445585216
51770001900,8.972059783025325,2.971381962354552
51770002100,8.934997136208077,3.002008483915127
51770002200,8.951747338809035,2.979979859685147
51770002300,8.942196807665982,2.96650659137577
51770002400,8.98960778439425,2.935730754962355
51770002500,9.006903020533881,2.939297334017796
51770002600,9.021864863107461,2.95865813963039
51770002700,9.022239581793292,2.972432600958248
51770002800,9.00435206091718,2.995883127310062
51770002900,8.965688285420945,3.001708814510609
51770003000,8.972963647501711,2.993666477754962
51770003100,8.954957271047228,2.99069294661191
51775010100,8.910155299794661,2.993736667351129
51775010200,8.869584099247091,3.015456048596852
51775010300,8.917496349075975,3.006588047227926
51775010501,8.912271926762491,3.012889164271047
51775010502,8.892051707734428,3.026054279945243
51790000100,8.504353406570842,3.573279900068446
51790000200,8.46433933744011,3.563393868583162
51790000300,8.466359303901437,3.566519155373032
51790000400,8.527889811772758,3.581123568104038
51790000500,8.56780267008898,3.58780156605065
51790000600,8.536677247775496,3.584028561943874
51800065100,8.444419260780288,3.194255335386721
51800065200,8.438927497604381,3.198284520876112
51800065300,8.424555509240246,3.209896648186174
51800065400,8.424459691307324,3.212608986995209
51800065500,8.429297264202601,3.19441294661191
51800075101,8.675984940451745,3.044430748117728
51800075102,8.641036849418207,3.07726124366872
51800075201,8.574660822724162,3.117602587953456
51800075202,8.598647643394935,3.099721953456537
51800075203,8.610469127310062,3.090446476386037
51800075204,8.640817570157426,3.076345363449692
51800075301,8.595127683093771,3.109260137577002
51800075302,8.514908116358658,3.165986746748802
51800075401,8.44229472073922,3.203017826830938
51800075402,8.482116713894593,3.179295754962355
51800075403,8.453565478439425,3.197544438740589
51800075404,8.415397463381246,3.220618148528405
51800075405,8.381547581793292,3.243233513347023
51800075501,8.493546347022587,3.160003685831622
51800075502,8.541915065708419,3.133833062286105
51800075601,8.404668099931554,3.195522978097194
51800075602,8.326365620807666,3.221128138261465
51800075701,8.40617379192334,3.228107700889802
51800075702,8.381333832306639,3.248795569472964
51800075703,8.355684810403833,3.261831197809719
51800075801,8.299573161533196,3.298755945242984
51800075802,8.296191924024641,3.363728394934976
51800075803,8.320213755646817,3.333657959616701
51810040000,8.547337981519507,2.857879811772758
51810040200,8.628218637919233,2.802179558521561
51810040402,8.607045201916496,2.781619841204654
51810040403,8.59404889596167,2.831700447638604
51810040404,8.596523178644764,2.802563219712526
51810040600,8.607850764544832,2.756175694729637
51810040801,8.553635407939767,2.806914801505818
51810040802,8.585110203285421,2.784940490759754
51810041002,8.571371298425736,2.786432955509925
51810041003,8.540982537303217,2.80271692881588
51810041004,8.57049801779603,2.785918869952088
51810041200,8.553154635181383,2.827248106776181
51810041400,8.491691902121834,2.851817091033539
51810041600,8.505191103353867,2.825243325119781
51810041801,8.501694196440794,2.856453288158795
51810041802,8.461417163586584,2.872579320328542
51810042000,8.420284088980151,2.865102071868583
51810042201,8.456165206023272,2.846384876796715
51810042202,8.412200891170431,2.869871877481177
51810042400,8.46078626146475,2.844233021902806
51810042600,8.391830514031485,2.876733382614648
51810042801,8.425180648870637,2.861925323066393
51810042802,8.405950366872006,2.875541041067762
51810043002,8.347589642710472,2.899979734428474
51810043003,8.376054173853525,2.893893067761807
51810043004,8.313902246406571,2.913529470225873
51810043200,8.232214240930869,2.938434110882957
51810043400,8.169637281314168,2.950045787132101
51810043600,8.175412006844627,2.947194960985626
51810043800,8.192284595482546,2.946906546201232
51810044001,8.196213817932923,2.946250420260096
51810044003,8.132364991786448,2.95898360164271
51810044004,8.151009639288159,2.953754642710472
51810044200,8.196436785763176,2.944783412046544
51810044401,8.353695351813826,2.898118926762491
51810044402,8.304728099931554,2.911682234086242
51810044600,8.245756915811088,2.923958158795346
51810044805,8.271083394250513,2.923546549623546
51810044806,8.269276206023272,2.928316690622861
51810044807,8.315130755646817,2.913101390143737
51810044808,8.353504821355236,2.899149472279261
51810045000,8.291778140999316,2.928555688569473
51810045200,8.100675098562628,2.969701844626968
51810045405,8.423806065708419,2.874014073921971
51810045406,8.393843021902806,2.887641650924025
51810045407,8.362335553045859,2.896417447638604
51810045408,8.23249147980835,2.94340822587269
51810045412,8.011478726214921,2.996767251882272
51810045414,8.418359088980151,2.865829618754278
51810045415,8.394483471594798,2.881014385352498
51810045417,8.261893475017112,2.938304863107461
51810045420,8.108933374401095,2.978572234086242
51810045421,8.303877155373032,2.916138083504449
51810045422,8.332391425735797,2.920873047912389
51810045423,8.270481668720055,2.955229734428474
51810045424,8.155688892539357,2.970409841204654
51810045425,8.180952525667351,2.961207273785079
51810045426,8.1126591321013,2.965609578370979
51810045427,8.10572726899384,2.968115432580424
51810045428,8.153165529774127,2.955505757015743
51810045601,8.495444589322382,2.827158162902122
51810045603,8.520970503764545,2.816700516769336
51810045604,8.504875425051335,2.823536619438741
51810045801,8.496122355920602,2.831486229979466
51810045803,8.520919565366188,2.817777291581109
51810045805,8.460612456536619,2.847727151950719
51810045806,8.459240537303217,2.845997648186174
51810045807,8.480974791238878,2.836379130047912
51810045808,8.4888993908282,2.838247552361396
51810045809,8.459659778918549,2.852833078028747
51810045810,8.443035392881588,2.867267794661191
51810046002,8.602035351129363,2.771359933607118
51810046005,8.559837785078713,2.791096273785079
51810046006,8.553615619438741,2.798170002737851
51810046009,8.614089345653662,2.748142647501711
51810046010,8.62793612183436,2.742867608487337
51810046011,8.51401562696783,2.826189188911704
51810046012,8.482212377823409,2.847711341546886
51810046013,8.435064841889117,2.867549948665298
51810046014,8.450215364818617,2.867535562628337
51810046015,8.407285825462012,2.893998312799452
51810046016,8.416372159479808,2.911759065023956
51810046204,8.663375451060917,2.789425314168378
51810046206,8.594712831622177,2.80094323340178
51810046207,8.595986070499658,2.838105648870637
51810046211,8.568299316906229,2.812258973305955
51810046212,8.536123724161533,2.82971812183436
51810046213,8.541953260095825,2.834311917180014
51810046214,8.508608184804928,2.842699513347023
51810046216,8.471027021902806,2.879737883641342
51810046217,8.520976404517454,2.875784346338125
51810046219,8.56560267761807,2.870134945927447
51810046220,8.649689973305955,2.813518607802875
51810046221,8.63720006091718,2.819562757700205
51810046222,8.556976822724162,2.852000170431212
51810046223,8.562651359342916,2.837486382614648
51810046224,8.518297429842574,2.860025718001369
51810046225,8.486275012320328,2.859414238193018
51810046400,8.029985804928131,3.06046484257358
51820003100,8.509494941136208,3.541385550992471
51820003200,8.480619886379192,3.529610785763176
51820003300,8.546307940451745,3.550360664613279
51820003400,8.52674109650924,3.55245846201232
51820003500,8.499068708418891,3.547852054072553
51830370100,8.300858996577686,3.204988767967146
51830370200,8.290860132785763,3.206070127994524
51830370300,8.298394379876797,3.205019500342231
51840000100,9.246351434633812,3.541585814510609
51840000201,9.220555767967146,3.542205971937029
51840000202,9.174543694045174,3.540650622861054
51840000301,9.201551153319644,3.541208967145791
51840000302,9.138646720054757,3.537813418206708
53001950100,7.131075965092402,3.64838280698152
53001950200,7.182943019849418,3.677615384668036
53001950300,7.425288288843258,3.742214151950719
53001950400,7.416555405886379,3.723410707049966
53001950500,7.422687323066393,3.735726718001369
53003960100,6.150942037645448,3.193587935660506
53003960200,6.66183941889117,3.41636704312115
53003960300,7.33973218275154,3.711448449691992
53003960400,7.307485006160164,3.702727159479808
53003960500,7.305275633812457,3.696832511293634
53003960600,7.242204158110883,3.673106045174538
53005010100,7.637132440793977,3.798901037645448
53005010201,7.429808552361396,3.696392370978782
53005010202,7.596660661190965,3.779898455167693
53005010300,7.57230267761807,3.75864083504449
53005010400,7.61650557357974,3.786551607802875
53005010500,7.642480152635181,3.797050902121834
53005010600,7.68718457357974,3.809464498973306
53005010701,7.230827425735797,3.584394464065708
53005010703,7.214691924709103,3.581165077344285
53005010705,7.489877047227926,3.72176431485284
53005010707,7.405751611225188,3.678504520876112
53005010708,7.39869309650924,3.671824067077344
53005010803,7.588630484599589,3.768745440109514
53005010805,7.713428381245722,3.829101357289528
53005010807,7.353806488706366,3.644167896646133
53005010809,7.740526891170431,3.850902262833676
53005010810,7.684204081451061,3.814531778918549
53005010811,7.564336383983573,3.75593705338809
53005010813,7.749436517453799,3.850623794661191
53005010814,7.56749445174538,3.759114895277207
53005010901,7.790566674880219,3.865977
53005010902,7.807436256673511,3.885014978097194
53005011001,7.861608985626283,3.911884502395619
53005011002,7.845822154004107,3.899706661875428
53005011100,7.871814258042437,3.906574563997262
53005011200,7.897540593429158,3.922202250513347
53005011300,7.923973134839151,3.939145682409309
53005011401,7.910584845995893,3.929868152635181
53005011402,7.893235435318275,3.925818189596167
53005011501,7.844804034907598,3.901152971937029
53005011503,7.802521013004791,3.872803885010267
53005011504,7.863452650924025,3.90290203559206
53005011600,7.488661413415469,3.692381375085558
53005011700,6.947322310746064,3.398748845995893
53005011800,6.853856919233402,3.359533085557837
53005011900,6.911514389459274,3.4091446954141
53005012000,6.859178185489391,3.399381494182067
53007960100,4.645399971937029,2.351186386721424
53007960200,4.831556016427105,2.352408531827515
53007960300,5.365523535934292,2.69760448733744
53007960400,5.360353678986995,2.701698471594798
53007960500,5.370088859000684,2.55005323340178
53007960600,5.605129965092402,2.645512
53007960700,5.699161608487337,2.708748559890486
53007960801,5.808649709103354,2.703023380561259
53007960802,5.914426483230664,2.736326973990418
53007961000,5.93281367761807,2.751900010951403
53007961100,5.908462156741958,2.750001262833676
53007961200,5.823894305954826,2.750390006844627
53007961301,5.779192572210814,2.690495144421629
53007961302,5.755355639288159,2.680578797399042
53009000200,4.951906414784394,2.61606164202601
53009000300,4.687869683778234,2.484688682409309
53009000400,4.701985206023272,2.48762255578371
53009000600,4.278339953456537,2.22353860164271
53009000700,5.165384015742642,2.545267863107461
53009000800,5.182356228610541,2.545788064339494
53009000900,5.18133406091718,2.538415823408624
53009001000,5.182203762491444,2.538259875427789
53009001100,4.959833902121834,2.441480718685832
53009001200,5.124874889117043,2.506937159479808
53009001300,5.176886813826146,2.520394471594798
53009001400,4.924938190965092,2.404304177275838
53009001500,4.288506725530459,2.145055947980835
53009001600,5.309804911019849,2.543814420260096
53009001700,5.43620923613963,2.584868525667351
53009001800,4.609138393566051,2.228632267624914
53009001900,5.482255970568104,2.583624659137577
53009002000,5.275531040383299,2.488039984257358
53009002100,5.298189802874743,2.500388368925394
53009002300,4.846875710472279,2.27954115742642
53009940000,5.11238847980835,2.729628422997947
53011040101,5.850156377138946,2.704240757700205
53011040102,6.474234934291581,2.913073986310746
53011040201,6.830472299794661,3.069844421629021
53011040202,6.602815875427789,2.973923686516085
53011040203,6.992470021218344,3.093138449691992
53011040301,7.240159732375086,3.201637097878166
53011040302,7.459940492128679,3.278426871321013
53011040403,7.501446922655715,3.259767189596167
53011040407,7.295914263518138,3.167354932238193
53011040408,7.640031582477755,3.271695904859685
53011040409,7.89193485284052,3.358191089664613
53011040411,8.112714932238193,3.42638521560575
53011040412,7.939360531143053,3.382306523613963
53011040413,7.52392073100616,3.248146425051335
53011040414,7.342067161533196,3.200081889117043
53011040415,7.230585119780972,3.150208547570157
53011040416,7.031028479123888,3.088358071868583
53011040504,6.526434379192334,2.921784427789186
53011040505,7.158550494182067,3.114976327857632
53011040507,7.22740902532512,3.181619506502396
53011040508,7.396792945927447,3.230920813826146
53011040509,7.701646066392882,3.320299455167693
53011040510,7.160159890485968,3.14850606091718
53011040511,6.919932568788501,3.054992500342231
53011040603,7.434085625598905,3.196637402464066
53011040604,7.83033955578371,3.315659073921971
53011040605,7.748130471594798,3.314920264887064
53011040608,8.068520613963039,3.399403454483231
53011040609,8.188095392197125,3.452192255989049
53011040610,7.98606226146475,3.387150110882957
53011040703,8.214230586584531,3.418160330595482
53011040706,8.154550908966461,3.408999057494866
53011040707,8.079084856262834,3.383244259411362
53011040709,7.933894064339494,3.348805607802875
53011040710,7.674811809034908,3.271669984257358
53011040711,8.053839184120465,3.37982834770705
53011040712,7.930489900752909,3.337179710472279
53011040803,8.234308848049281,3.452833481861738
53011040805,8.062885926078029,3.392644029431896
53011040806,8.211215182067077,3.420314633127994
53011040808,8.321675609856263,3.451309136208077
53011040809,8.316081397672827,3.481829524982888
53011040810,8.373576983572895,3.49400388569473
53011040904,8.244328056810404,3.472213418206708
53011040905,7.875810168377823,3.389948433264887
53011040907,8.14179137577002,3.469279684462697
53011040908,8.236113127310062,3.48703359890486
53011040909,8.1488606954141,3.446334414099932
53011040910,7.990645433264887,3.403811446954141
53011041003,8.592429633127994,3.586409995893224
53011041005,8.309593107460643,3.531758473648186
53011041007,8.499098520876112,3.545546318275154
53011041008,8.373464549623546,3.524745027378508
53011041009,8.387689937029432,3.514137635181383
53011041010,8.508579351813826,3.536994135523614
53011041011,8.632255651608487,3.564283117727584
53011041104,8.380781300479124,3.459723887748118
53011041105,8.488031185489391,3.496911040383299
53011041107,8.396038726899384,3.4629729137577
53011041108,8.50386407871321,3.482436234770705
53011041110,8.622466806297057,3.547743720054757
53011041111,8.647822718001369,3.535881872005476
53011041112,8.579954650239562,3.518161196440794
53011041201,8.758046711841205,3.593116718685832
53011041203,8.557338739219712,3.504005989048597
53011041205,8.689902406570842,3.548838648186174
53011041206,8.621128228610541,3.536198861738535
53011041309,8.695922791238878,3.585588759069131
53011041310,8.653346207392197,3.58374041889117
53011041312,8.293039271731691,3.437591403148528
53011041313,8.435343542778918,3.472798271731691
53011041317,8.563715422997947,3.516251630390144
53011041318,8.514722186858316,3.512291863107461
53011041319,8.36672194934976,3.470745797399042
53011041320,8.452249064339494,3.50406931485284
53011041321,8.223984767967146,3.438645794661191
53011041322,8.628071358658453,3.553235178644764
53011041323,8.538305492128679,3.535103370978782
53011041325,8.469472819986311,3.535862616016427
53011041326,8.14370976386037,3.399835599589322
53011041327,8.107127771389459,3.387916607802875
53011041328,8.358504594113621,3.504152839151266
53011041329,8.355704370978782,3.48677195687885
53011041330,8.368144542778918,3.460968411362081
53011041331,8.43113145927447,3.475855772758385
53011041332,8.285705308692676,3.443900033538672
53011041333,8.235412352498289,3.4259071724846
53011041400,8.184788040383299,3.459762040383299
53011041500,7.87054904312115,3.367683151950719
53011041600,8.721399553045859,3.579747291581109
53011041700,8.741351013689254,3.595725004106776
53011041800,8.733041471594798,3.610419700889802
53011041900,8.732508067761807,3.617431356605065
53011042000,8.68241062696783,3.604820980835044
53011042100,8.743336540041068,3.636798303216975
53011042300,8.843408680355921,3.666210373716632
53011042400,8.922404542094456,3.69652068514716
53011042500,8.844719355920602,3.659458650239562
53011042600,8.917049015058179,3.664397136208077
53011042700,8.780944581793292,3.610272087611225
53011042800,8.874713568104038,3.630100079397673
53011042900,8.807730318275154,3.60489225119781
53011043000,8.778487359342916,3.587264563997262
53011043100,8.849941733744011,3.621657167693361
53013960200,6.417086709103354,3.291495400410678
53015000300,6.500426561943874,3.027019344284736
53015000400,6.50775222587269,3.03508240109514
53015000501,6.501411505817933,3.038777422313484
53015000502,6.505664386036961,3.042460283367556
53015000601,6.500393417522245,3.037041364134155
53015000602,6.504212414784394,3.036458577686516
53015000702,6.486289600273785,3.031708118412046
53015000703,6.436733046543463,3.026362491444216
53015000704,6.446251674880219,3.024298350444901
53015000800,6.466628619438741,3.024191449007529
53015000900,6.441967066392882,3.014345148528405
53015001000,6.504352937029432,3.033512531827515
53015001100,6.487576814510609,3.021917700205339
53015001200,6.431887219712526,2.996399471594798
53015001300,6.416870821355236,3.000917318275154
53015001501,5.680326321013005,2.659424432580424
53015001502,6.812046575633128,3.076394724845996
53015001600,6.470165711841205,2.98469341889117
53015001700,6.06171765982204,2.832629147843942
53015001800,5.235864730321698,2.490624627652293
53015001900,6.221220585900068,2.960773219712526
53015002001,6.146359620123203,2.916654613963039
53015002002,6.10377774880219,2.860022798083504
53015002100,6.503855189596167,3.031404663244353
53017950100,5.930804403832991,3.041562572210814
53017950200,5.973429160848734,2.980461216974675
53017950300,6.048383900068446,2.861883534565366
53017950400,5.935055363449692,2.763526590006845
53017950500,5.940727594798084,2.761598926078029
53017950600,5.955108644079398,2.774414331279945
53017950700,5.946463169062286,2.775040074606434
53017950800,5.940084388090349,2.77383384531143
53019940000,5.463453303901437,2.875716930869268
53019970100,5.039863176591376,2.717058115674196
53019970200,5.000238368240931,2.683775342231348
53021020100,7.950526065708419,3.960377752224504
53021020200,7.94466490622861,3.950312659137577
53021020300,7.92838841889117,3.94262873100616
53021020400,7.92543639835729,3.940891563997262
53021020501,7.803253911019849,3.878013466803559
53021020502,7.871109216290212,3.909330301848049
53021020601,7.644023341546886,3.825769848049281
53021020603,7.806159899383984,3.886251572895277
53021020605,7.865756724845996,3.909605867214237
53021020606,7.763545782340862,3.858491400410678
53021020700,7.401043116358658,3.760911088980151
53021020800,7.515678895277207,3.794220818617385
53021980100,7.909770420944558,3.9366652183436
53023970300,6.514740646817248,3.344056419575633
53025010100,6.350491563997262,3.256990266940452
53025010200,6.882665388090349,3.486953655715264
53025010300,6.607967285420945,3.317339429842574
53025010400,6.596812184804928,3.295897212867899
53025010500,6.41536264476386,3.135593389459274
53025010600,6.422094804243669,3.118008998631075
53025010700,6.922511203285421,3.420802780971937
53025010800,7.079313144421629,3.549721516084873
53025010901,7.18063097467488,3.608163994524298
53025010902,7.176634279945243,3.596239379876797
53025011000,7.243723742642026,3.645969683093771
53025011100,7.203448679671458,3.608341920602327
53025011200,6.759754754962355,3.353747545516769
53025011300,7.333764625598905,3.700430368925394
53025011401,7.173877911704312,3.574730730321698
53025011402,6.779069558521561,3.310623831622177
53027000200,5.102609158795346,2.619122664613279
53027000300,4.750019623545517,2.384171078028747
53027000400,5.019011807665982,2.434241047912389
53027000500,5.519021206023272,2.618277167693361
53027000600,5.711155240246407,2.63180712183436
53027000700,5.558983952772074,2.684211396988364
53027000800,5.471659718001369,2.695417073921971
53027000900,5.465770434633812,2.71576387063655
53027001000,5.460183240246407,2.714744879534565
53027001100,5.434500310746064,2.709214810403833
53027001200,5.439574296372348,2.716300116358658
53027001300,5.389446554414784,2.688961990417522
53027001400,5.361791321013005,2.696454127310062
53027001500,5.368373385352498,2.715258262833676
53027001600,5.37392560164271,2.73711268788501
53027940000,4.658996819301848,2.419937370978782
53029970100,7.10043467761807,3.144765809034908
53029970200,7.012022459958932,3.119202217659138
53029970300,7.117998995208761,3.134452647501711
53029970400,6.958557273100616,3.098574683093771
53029970500,6.852719255304586,3.056057962354552
53029970601,6.955240399041752,3.094466175906913
53029970602,6.939401466803559,3.08669209650924
53029970700,6.959654628336756,3.090217015742642
53029970800,7.009604922655715,3.107097894592745
53029970900,7.056485658453114,3.11125384531143
53029971000,6.723170995893224,3.0031626091718
53029971100,6.849277002737851,3.023827162217659
53029971300,6.940692199178645,2.998906143052704
53029971400,7.176263707734428,3.126956991101985
53029971500,7.248096536618754,3.140374266940452
53029971600,7.215096055441478,3.119105739219712
53029971700,7.418081458590007,3.142124150581793
53029971800,7.181555669404518,3.032001651608487
53029971900,7.328634743326489,3.090515295687885
53029972000,7.633590492813142,3.162925342915811
53029972100,7.80768345174538,3.195364656399726
53031950202,5.043772526351814,2.276965735112936
53031950300,5.898276421629021,2.585887181382615
53031950400,6.31757042642026,2.798317794661191
53031950500,5.67695011156742,2.576904819301848
53031950601,6.306134000684463,2.828863070499658
53031950602,6.219267204654346,2.804883272416153
53031950702,3.881779481861738,2.014969338809035
53033000100,8.609572777549624,3.325846947980835
53033000200,8.590320759753593,3.305140979466119
53033000300,8.55255272073922,3.289157396303901
53033000401,8.503817021902806,3.272182444900753
53033000402,8.531078263518138,3.277386032854209
53033000500,8.472011208761122,3.251503008898015
53033000600,8.583417360027378,3.289458780287474
53033000700,8.617617262833676,3.311049120465435
53033000800,8.628808202600958,3.315885327173169
53033000900,8.642307182067077,3.31519312183436
53033001000,8.627922550992471,3.304009145106092
53033001100,8.63409486036961,3.306761538672142
53033001200,8.605247824093087,3.288804277891855
53033001300,8.585153679671458,3.278010788501027
53033001400,8.524421852156058,3.259271752224504
53033001500,8.430997666666667,3.224715544147844
53033001600,8.461462635181383,3.235679759069131
53033001701,8.556887095824778,3.262434262833676
53033001702,8.536987435318275,3.256395421629021
53033001800,8.606979062286105,3.276279883641342
53033001900,8.633259547570157,3.290674653661875
53033002000,8.671161611225188,3.298333898015058
53033002100,8.664895360027378,3.303070392881588
53033002200,8.662014300479124,3.308405941136208
53033002400,8.654240922655715,3.297963351129363
53033002500,8.674216982888433,3.295547535249829
53033002600,8.670643764544832,3.291633807665982
53033002700,8.640348214236824,3.281255517453799
53033002800,8.609866965092402,3.268058846680356
53033002900,8.597011872005476,3.262297978097194
53033003000,8.543851028747433,3.247564759753593
53033003100,8.44663167761807,3.22007389596167
53033003200,8.48031472073922,3.219659485284052
53033003300,8.558241000684463,3.243661462696783
53033003400,8.605279471594798,3.254962212183436
53033003500,8.632283491444216,3.264089273100616
53033003600,8.663893837097878,3.278345199178645
53033003800,8.666714863107461,3.294031385352498
53033003900,8.677615308692676,3.293451062286105
53033004000,8.64921948733744,3.302865366872006
53033004100,8.680236779603012,3.29009193155373
53033004200,8.679148464750171,3.2843467816564
53033004301,8.696645242299795,3.287810822039699
53033004302,8.703138418206708,3.281209490759754
53033004400,8.690764895277207,3.281132588637919
53033004500,8.681664984941821,3.275880082819986
53033004600,8.65203041889117,3.27303976386037
53033004700,8.567159687200548,3.234669372347707
53033004800,8.643109790554415,3.251699188227242
53033004900,8.669140873374401,3.258869893908282
53033005000,8.668900719370294,3.262689030116359
53033005100,8.688073926078029,3.267640034907598
53033005200,8.701400725530459,3.2731075229295
53033005301,8.706804650924025,3.279911464750171
53033005302,8.740582887063655,3.280054478439425
53033005400,8.701700646817248,3.260767637919233
53033005600,8.526472012320328,3.202018877481177
53033005700,8.468736568104038,3.202266739219712
53033005801,8.56841759890486,3.228685915126626
53033005802,8.629570049281314,3.226039597535934
53033005900,8.642180095140315,3.239283747433265
53033006000,8.700265757700205,3.251050115674196
53033006100,8.715233791238878,3.264243716632444
53033006200,8.745878284052019,3.266054099931554
53033006300,8.720035703627652,3.265378270362765
53033006400,8.752108422313484,3.251428333333333
53033006500,8.759212804243669,3.255649509924709
53033006600,8.755931266255989,3.255954311430527
53033006700,8.733243204654346,3.24739898220397
53033006800,8.70203655578371,3.245589453798768
53033006900,8.689392640657084,3.238618995893224
53033007000,8.715911741957563,3.248071803559206
53033007100,8.726419219712526,3.238807701574264
53033007200,8.774608544147844,3.244096477754962
53033007300,8.771134011635866,3.242966348391513
53033007401,8.763379797399042,3.242162511978097
53033007402,8.765805429842574,3.240532551676934
53033007500,8.761773630390144,3.241355496235455
53033007600,8.754745917864476,3.245963531827515
53033007700,8.749647915126626,3.242832359342916
53033007800,8.709950940451745,3.232344065023956
53033007900,8.755668366187543,3.232655106091718
53033008001,8.760995201916496,3.235152120465435
53033008002,8.762198515400411,3.23451790622861
53033008100,8.771198770704997,3.223683926078029
53033008200,8.770743510609172,3.227347975359343
53033008300,8.768444613963039,3.23212200752909
53033008400,8.763360237508556,3.232242071868583
53033008500,8.762581373716632,3.220272266940452
53033008600,8.755783095824778,3.222984006160164
53033008700,8.746800242299795,3.222544238877481
53033008800,8.737187352498289,3.221466728268309
53033008900,8.6897121321013,3.198953064339494
53033009000,8.737391681040383,3.207862407255305
53033009100,8.737147308692676,3.203678704312115
53033009200,8.747922420260096,3.209740733744011
53033009300,8.680160922655715,3.163949703627652
53033009400,8.698253510609172,3.18266855578371
53033009500,8.644967945927447,3.16940529705681
53033009600,8.655702078028747,3.188878732375086
53033009701,8.518231945242984,3.137016209445585
53033009702,8.555811427789186,3.147007915126626
53033009800,8.611674206023272,3.162073701574264
53033009900,8.656751336755647,3.163614741273101
53033010001,8.617326519507187,3.133554834360027
53033010002,8.652133933607118,3.156210694729637
53033010100,8.595985828884326,3.148434906913073
53033010200,8.569470553045859,3.14251888843258
53033010300,8.579347562628337,3.139379275154004
53033010401,8.592765470225873,3.134196899383984
53033010402,8.602189388774812,3.127118277891855
53033010500,8.560442501026694,3.128767932922656
53033010600,8.518712670773443,3.120262431895962
53033010701,8.565583079397673,3.125373255989049
53033010702,8.559300112251882,3.12733509377139
53033010800,8.593082324435318,3.130949607118412
53033010900,8.582608934291581,3.123926600273785
53033011001,8.555498559206023,3.126107491444216
53033011002,8.584502275154004,3.125223920602327
53033011101,8.55892961670089,3.131484245037645
53033011102,8.532987806297057,3.134178557837098
53033011200,8.574418711841205,3.123171257357974
53033011300,8.551792344284736,3.118034101984942
53033011401,8.547733275838467,3.115727321697468
53033011402,8.517143235455168,3.106848040383299
53033011500,8.505131804243669,3.11087275633128
53033011600,8.463071404517454,3.097122830937714
53033011700,8.548165099931554,3.122649910335387
53033011800,8.508798391512663,3.120489947296372
53033011900,8.475713019849418,3.112977991101985
53033012000,8.463954997946612,3.094007754277892
53033012100,8.44869012183436,3.086361921971253
53033020100,8.253437639288159,3.219739603696099
53033020200,8.33051301026694,3.242196905544148
53033020300,8.427869354551677,3.269666397672827
53033020401,8.455924838466804,3.285694174537988
53033020402,8.511749406570842,3.304865403832991
53033020500,8.510333658453114,3.294296330595482
53033020600,8.473827665297741,3.281958660506502
53033020700,8.442626229295003,3.269060067077344
53033020800,8.345820577686516,3.2391737816564
53033020900,8.436609833675565,3.260519116358658
53033021000,8.528532006844627,3.283577394250513
53033021100,8.572285245037645,3.312898779603012
53033021300,8.593632374401095,3.325023800821355
53033021400,8.564146902121834,3.32490181724846
53033021500,8.526776746748802,3.314865241615332
53033021600,8.540708143052704,3.324456811088296
53033021700,8.521139331964408,3.31833925119781
53033021802,8.379694533196441,3.290523421629021
53033021803,8.501801945242984,3.316409481861738
53033021804,8.463527760438056,3.308484819986311
53033021903,8.43160566255989,3.28021578439425
53033021904,8.36022957357974,3.261620323066393
53033021905,8.441259228610541,3.292223470910335
53033021906,8.350803821355236,3.275075779603012
53033022001,8.485292886379192,3.300018816563997
53033022003,8.5109106954141,3.303983444900753
53033022005,8.483402887063655,3.283233736481862
53033022006,8.503949422313484,3.286541476386037
53033022101,8.585178698836413,3.329952357289528
53033022102,8.553728241615332,3.319462449691992
53033022201,8.581035197125257,3.31394272073922
53033022202,8.55002611430527,3.305232622861054
53033022203,8.587685789185489,3.310196844626968
53033022300,8.611618031485284,3.313993568788501
53033022400,8.560617150581793,3.287651891854894
53033022500,8.498481434633812,3.271580268309377
53033022603,8.418138683093771,3.261837409308693
53033022604,8.427456980150582,3.249869366187543
53033022605,8.35100422587269,3.240768338809035
53033022606,8.335602274469541,3.226463566735113
53033022701,8.53789711156742,3.254458921971253
53033022702,8.500997710472279,3.254003898015058
53033022703,8.431935542778918,3.237447241615332
53033022801,8.324973683778234,3.201513493497604
53033022802,8.246439190965092,3.196081029431896
53033022803,8.220505440109514,3.178744979466119
53033022901,8.103017332648871,3.148732161533196
53033022902,8.01045588569473,3.125363318959617
53033023000,7.967376462696783,3.098805516769336
53033023100,8.007254087611225,3.094143636550308
53033023201,8.192831518138262,3.14705162696783
53033023202,8.12713499247091,3.133039474332649
53033023300,8.11360853798768,3.112299778234086
53033023401,8.184980158110883,3.121105409993155
53033023403,7.993513360027378,3.068772750171116
53033023404,7.770404412046544,3.014374488021903
53033023500,8.322979508555784,3.155952158110883
53033023601,8.374381583162218,3.183204064339494
53033023603,8.261262935660506,3.167624112251882
53033023604,8.244073160164271,3.145756798767967
53033023700,8.41056715468857,3.212425754277892
53033023801,8.405387036276523,3.171238515400411
53033023803,8.498856548939083,3.21497770294319
53033023804,8.481996072553046,3.205032377823409
53033023900,8.440684704996578,3.168043669404518
53033024000,8.538399023271732,3.233629391512663
53033024100,8.604514418206708,3.257423410677618
53033024200,8.653105676933607,3.266224915811088
53033024300,8.572083704312115,3.180682650239562
53033024400,8.489236962354552,3.171601659137577
53033024500,8.469273908966461,3.153857525667351
53033024601,8.442662562628337,3.140737114989733
53033024602,8.441210491444216,3.122013116358658
53033024701,8.301036466119096,3.126070010951403
53033024702,8.290650896646133,3.111713198494182
53033024800,8.208765831622177,3.115285698151951
53033024901,8.201992303901437,3.105951527720739
53033024902,8.07308631211499,3.081457366872006
53033024903,8.085923160164271,3.07056158384668
53033025001,8.212118066392882,3.095000436002738
53033025003,7.908035204654346,3.034014441478439
53033025005,8.075756989048597,3.063348572210814
53033025006,7.795141899383984,2.991473708418891
53033025101,8.072051521560575,3.043737184120465
53033025102,7.962893635181383,3.009566621492129
53033025200,8.2257346954141,3.078554959616701
53033025301,8.294994448323066,3.085663826830938
53033025302,8.308198270362765,3.078593235455168
53033025400,8.172760614647502,3.055698119780972
53033025500,8.122026935660506,3.049554516769336
53033025601,8.108462853524983,3.034940759753593
53033025602,7.975873072553046,2.999668460643395
53033025701,8.155099786447639,3.036857073237509
53033025702,8.02451134017796,3.002832310061602
53033025803,8.05727094934976,3.00172580698152
53033025804,8.017828721423682,2.994482372347707
53033025805,8.135578660506502,3.019918214236824
53033025806,8.232803470225873,3.035196501026694
53033026001,8.398588094455852,3.095969515400411
53033026002,8.346338166324435,3.081138942505134
53033026100,8.410242782340862,3.092927394934976
53033026200,8.338641602327173,3.058919825462012
53033026300,8.542338572210814,3.12376131485284
53033026400,8.558695764544832,3.118624567419576
53033026500,8.544501136892539,3.1181735229295
53033026600,8.516430750855578,3.108592019849418
53033026700,8.501514463381246,3.105802473648186
53033026801,8.530224260095825,3.115015815879535
53033026802,8.526110773442847,3.115385264887064
53033027000,8.552777873374401,3.119415557837098
53033027100,8.515947234770705,3.107031701574264
53033027200,8.488378131416838,3.106351930184805
53033027300,8.485745054757016,3.097791916495551
53033027400,8.500877917864476,3.102701225188227
53033027500,8.482489965776865,3.092714898015058
53033027600,8.442642075290897,3.081017965092402
53033027701,7.945526236824093,2.92775767761807
53033027702,7.944500498973306,2.894704234770705
53033027800,8.386158754277892,3.046360292950034
53033027900,8.424190557152635,3.065878996577686
53033028000,8.462389863107461,3.081855103353867
53033028100,8.452153520876112,3.081279015058179
53033028200,8.420288264202601,3.081694298425736
53033028300,8.34677805065024,3.043176449691992
53033028402,8.427369551676934,3.06763068514716
53033028403,8.37626929431896,3.054368855578371
53033028500,8.418510352498289,3.058506250513347
53033028600,8.388962997946612,3.047960876112252
53033028700,8.383095666666667,3.041413229295003
53033028801,8.398421075975359,3.049569831622177
53033028802,8.362597181382615,3.040109195071869
53033028901,8.385133536618754,3.033469641341547
53033028902,8.365119191649555,3.028728841204654
53033029001,8.338387812457221,3.010054815879535
53033029003,8.324368330595482,3.0088278275154
53033029004,8.308301832991102,3.000240278576318
53033029101,8.333664149897331,3.02286579945243
53033029102,8.287033085557837,2.996973878850103
53033029203,8.158723388774812,2.962463160848734
53033029204,8.139615647501711,2.975583430527036
53033029205,8.263220857631759,2.996603761122519
53033029206,8.253866136892539,3.007420561259411
53033029303,8.136728435318275,3.01089210403833
53033029304,8.008274612594114,2.98551358110883
53033029305,8.159339798083504,3.001880876796715
53033029306,8.060732869952088,2.98373217522245
53033029307,7.902895708418891,2.958832788501027
53033029403,8.085686759069131,2.977131236824093
53033029405,7.964216737850787,2.953610448323066
53033029406,7.901740170431212,2.931577448323066
53033029407,8.047149199863108,2.952157026694045
53033029408,8.00791133744011,2.948042833675565
53033029502,7.852953516769336,2.908423287474333
53033029503,7.981724665297741,2.936867783709788
53033029504,7.948747406570842,2.924655507871321
53033029601,7.861337357289528,2.899387540041068
53033029602,7.838215563997262,2.890475490075291
53033029700,8.037267682409309,2.934837484599589
53033029801,8.191024496919918,2.963886910335387
53033029802,8.174316703627652,2.952298918548939
53033029901,8.165726866529774,2.940231191649555
53033029902,8.103833364818617,2.927228837782341
53033030003,8.238288278576318,2.969840004106776
53033030004,8.22199625119781,2.96111933744011
53033030005,8.201330663928816,2.946934266940452
53033030006,8.183252134154689,2.93400272073922
53033030100,8.214884496919918,2.933756649555099
53033030201,8.205721728268309,2.925727885010267
53033030202,8.221378343600274,2.936343247091034
53033030304,8.115254499657769,2.874847812457221
53033030305,8.174693936344969,2.910204995893224
53033030306,8.131690904175222,2.88265810403833
53033030308,8.191147228610541,2.909796006160164
53033030309,8.169184779603012,2.908578127310062
53033030310,8.147919849418207,2.886002975359343
53033030311,8.179026342915811,2.899928201232033
53033030312,8.143704359342916,2.878770388774812
53033030313,8.158992208761122,2.908546389459274
53033030314,8.184115635181383,2.918952592060233
53033030401,8.108507392881588,2.910651061601643
53033030403,8.042547607802875,2.859640271047228
53033030404,7.988308611225188,2.865632110882957
53033030501,8.020287911704312,2.920776455167693
53033030503,7.972989952087611,2.913142493497604
53033030504,7.890393292950034,2.89386360164271
53033030600,7.84098688569473,2.876857438740589
53033030700,7.8828004770705,2.880668613963039
53033030801,7.910558284052019,2.881380074606434
53033030802,7.80151852019165,2.859275622861054
53033030901,7.954050876112252,2.88574441889117
53033030902,7.849092761122519,2.848270958932238
53033031000,7.567433882956879,2.80045453798768
53033031100,7.698339616016427,2.842876528405202
53033031202,6.764863620807666,2.626617657084189
53033031204,7.35167298220397,2.773141619438741
53033031205,7.739101553045859,2.862506272416153
53033031206,7.730768400410678,2.853687041752224
53033031301,6.417715159479808,2.535659834360027
53033031302,6.017558837097878,2.430810386721424
53033031400,5.979173774811773,2.428146849418207
53033031501,5.769403879534565,2.401290779603012
53033031502,4.852112024640657,2.179706539356605
53033031601,7.209858700889802,2.759427234770705
53033031603,6.452855958247776,2.570867817932923
53033031604,6.850168242984257,2.673511229295003
53033031605,6.835791739219712,2.66801194661191
53033031703,7.686991578370979,2.873197577002053
53033031704,7.610325242984257,2.848371789185489
53033031705,7.500353379192334,2.837406109514032
53033031706,7.498638924024641,2.833602351813826
53033031800,7.634014290896646,2.889962521560575
53033031903,7.742480066392882,2.953480390143737
53033031904,7.352916557152635,2.850464406570842
53033031906,7.547918163586584,2.890103438056126
53033031907,7.807365749486653,2.953115566735113
53033031908,7.864792013689254,2.959862452429843
53033031909,7.846230970568104,2.955465996577686
53033032002,7.055321547570157,2.755487362765229
53033032003,6.242098553730322,2.552197551676934
53033032005,7.294731978781656,2.791479351813826
53033032006,7.217721676933607,2.766922416837782
53033032007,7.186489658453114,2.771289336071184
53033032008,7.04766146954141,2.729414752908966
53033032010,6.854464455852156,2.685320987679672
53033032011,6.934379896646133,2.699875039014374
53033032102,6.744887986995209,2.70733012936345
53033032103,7.452924353182752,2.916236952087611
53033032104,7.386534485968515,2.879887794661191
53033032203,7.698880806297057,3.01229193908282
53033032207,7.622491877481177,2.97866661670089
53033032208,7.480836742642026,2.942017414099932
53033032210,6.849531360711841,2.766656208761122
53033032211,7.292134716632444,2.899901005475702
53033032212,7.203613436002738,2.873543661875428
53033032213,7.106039108145106,2.854213360027378
53033032214,7.396130420944558,2.936519921971253
53033032215,7.106189507871321,2.86113750513347
53033032307,7.96823946201232,3.178411148528405
53033032309,8.236665273100616,3.206475308692676
53033032311,7.618639018480493,3.069770376454483
53033032313,7.973910045859001,3.135635452429843
53033032315,7.108690993155373,2.88581451266256
53033032316,7.827305216290212,3.081286480492813
53033032317,7.633597021902806,3.021654656399726
53033032318,7.503222655030801,2.988437436002738
53033032319,8.294977832991102,3.269831418206708
53033032320,8.177706019164956,3.241545926762491
53033032321,8.169101193702943,3.21022573853525
53033032322,8.030394828199863,3.17702313963039
53033032323,8.09972892881588,3.186662686516085
53033032324,8.138066867214237,3.189542993155373
53033032325,8.068426318275154,3.169669759069131
53033032326,7.875559917864476,3.13223354072553
53033032327,7.604217379192334,3.050007697467488
53033032328,7.652719587268994,3.049902402464066
53033032329,7.512189049965777,3.018978104722793
53033032401,6.952888800136892,2.872368953456537
53033032402,6.965783467488022,2.857470019164956
53033032500,6.12884526146475,2.608697826146475
53033032601,6.200280187542779,2.606655553730322
53033032602,6.245488014373717,2.595440686516085
53033032702,5.004285443531828,2.257123924709103
53033032703,5.904137880903491,2.496411232032854
53033032704,5.639917420944558,2.421730848733744
53033032800,4.928340826830938,2.266255117727584
53035080101,6.86482456605065,2.681300125256674
53035080102,6.93906601779603,2.702387336755647
53035080200,7.020281714579055,2.725800616016427
53035080300,7.06184262422998,2.731306985626283
53035080400,7.149784297741273,2.758266568104038
53035080500,7.029923373716632,2.720142384668036
53035080600,6.888488041067762,2.68611943394935
53035080700,6.728750742642026,2.646049438056126
53035080800,6.558692627652293,2.6082515633128
53035080900,6.571001606433949,2.607416001368925
53035081000,6.788091055441478,2.661572890485968
53035081100,6.84223617522245,2.673030158795346
53035081200,6.952799680355921,2.697136080082136
53035081400,6.970270404517454,2.699651334017796
53035090101,6.991270464065708,2.898755496919918
53035090102,7.366091945242984,2.996619381930185
53035090201,6.383006794661191,2.670406691991786
53035090202,6.776275228610541,2.801315062286105
53035090300,6.149916401779603,2.563100084873374
53035090400,6.431197967145791,2.636874047912389
53035090501,6.561044037645448,2.695513274469541
53035090502,6.799604595482546,2.763274681040383
53035090700,7.632807285420945,2.975909331279945
53035090800,7.449424850102669,2.908324628336756
53035090900,7.809077071868583,2.98367507118412
53035091000,7.631256699520876,2.916026667351129
53035091100,6.812832403832991,2.727198726214921
53035091201,6.409343917864476,2.595620898699521
53035091203,6.620815963723477,2.670101026694045
53035091204,6.613352004791239,2.652042898699521
53035091301,5.726241253251198,2.397501428473648
53035091302,6.164735565366188,2.528961141683778
53035091400,6.412301245722108,2.577377670773443
53035091500,6.705708588637919,2.664011969883641
53035091600,6.869295605749487,2.709944533880904
53035091700,7.065389427789186,2.762023027378508
53035091800,7.093560687200548,2.75686306844627
53035091900,6.860765989048597,2.695277120465435
53035092000,5.610193475701574,2.353554535249829
53035092100,6.511799589322382,2.588831308008214
53035092200,6.969702023271732,2.701147841204654
53035092300,7.114288833675565,2.735630847364819
53035092400,7.287589669404518,2.784290052019165
53035092500,7.289795085557837,2.791959074606434
53035092600,7.519528822724162,2.861391568788501
53035092701,7.46737520807666,2.827065869267625
53035092704,7.725391255989049,2.897390704996578
53035092801,7.203128342231348,2.756420935660506
53035092802,7.430409231348392,2.800492750855578
53035092803,7.421515490075291,2.786717349075975
53035092901,6.6129756091718,2.60882746201232
53035092902,7.076126070499658,2.718566020533881
53035940000,7.553429116358658,3.00303228678987
53035940100,7.086967262149213,2.848205592060233
53037975100,4.78730597467488,2.287415321697468
53037975200,4.997377541409993,2.362890492813142
53037975300,5.591853038329911,2.659055889801506
53037975401,5.72959801026694,2.674366679671458
53037975402,5.790100984941821,2.696757741957563
53037975500,5.62851090622861,2.627067349075975
53037975600,5.725694689253936,2.662138611909651
53037975700,6.074315160164271,2.83765002532512
53039950100,5.68893771321013,2.846738167008898
53039950200,5.938995457221082,2.943284382614648
53039950300,5.511554499657769,2.719113160164271
53041970100,6.003299828884326,2.818614539356605
53041970200,6.41876073853525,2.923881479123888
53041970300,6.493153314168378,2.926888255304586
53041970400,6.486221771389459,2.901081589322382
53041970500,6.493967518138262,2.925042529089665
53041970600,6.483151325804244,2.920281857631759
53041970700,6.447723394250513,2.898163045174538
53041970800,6.387563320328542,2.891634893908282
53041970900,6.383664088295688,2.910374355920602
53041971000,6.363098767967146,2.899800177960301
53041971100,6.104572813826146,2.740908070499658
53041971200,5.910501457905544,2.724928764544832
53041971300,6.199155831622177,2.853808026009582
53041971400,6.342825227926078,2.909842250513347
53041971500,5.866488412731006,2.810213222450376
53041971600,6.137053713894593,2.87868036550308
53041971700,5.339066387405886,2.497707275154004
53041971800,5.120423044490075,2.327849835728953
53041971900,4.895674184804928,2.30716467761807
53041972000,4.511929178644764,2.167557196440794
53043960100,6.809883969199179,3.442503754962355
53043960200,6.74979923613963,3.41252823340178
53043960300,6.36689463449692,3.277239816563997
53043960400,6.93063125393566,3.538422739904175
53045940000,5.123058882272416,2.307305352498289
53045960100,4.289360590691307,2.059534284736482
53045960200,5.083086848049281,2.350907572210814
53045960300,5.32857922587269,2.296766969199179
53045960400,6.075760429842574,2.485905457905544
53045960500,5.575394069130732,2.417454993839836
53045960600,5.596794433264887,2.478969535249829
53045960700,5.711025724161533,2.51226685284052
53045960800,5.828156902121834,2.539125961670089
53045960900,5.840810588637919,2.553862207392197
53045961000,6.104819798083504,2.624415194387406
53045961100,6.33386773100616,2.626073914442163
53045961200,5.991536438056126,2.516575557152635
53045961300,5.778895815879535,2.593489945927447
53047940100,5.378457431211499,2.828942289527721
53047940200,5.447639478439425,2.844813944558522
53047970300,4.991083341546886,2.668972027378508
53047970400,5.004131102669404,2.657833897330596
53047970500,4.981891019164956,2.630991248459959
53047970600,5.261780618069815,2.745747004791239
53047970700,5.344259433264887,2.789259149212868
53047970800,5.425543545516769,2.811149952772074
53047970900,4.45832388843258,2.360765382614648
53047971000,4.982143030800821,2.580782726214921
53049950200,5.421759460643395,2.702441607118412
53049950300,5.348261757700205,2.735415125941136
53049950400,5.405409965092402,2.727419606433949
53049950500,5.36611695687885,2.7931481321013
53049950600,5.338650859685147,2.788898336071184
53049950700,5.326758288843258,2.774550262149213
53049950800,5.285225428473648,2.750056206707734
53051970100,5.428833197125257,2.881169546885695
53051970200,5.974078277207392,3.079152442162902
53051970300,6.850998828884326,3.415987493497604
53051970400,6.79917515468857,3.388405480492813
53051970500,7.190191901437372,3.538623724845996
53053060200,8.095987134839151,2.824724605065024
53053060300,7.788412876796715,2.800107697467488
53053060400,7.902171607118412,2.800101825462012
53053060500,7.952346390143737,2.793139731690623
53053060600,7.995639865845311,2.794034423682409
53053060700,7.933738644079398,2.777745570841889
53053060800,7.885901143052704,2.772952876796715
53053060903,7.7974898275154,2.779046816563997
53053060904,7.852519653661875,2.784526447638604
53053060905,7.777907523613963,2.763984386036961
53053060906,7.833659572210814,2.766972336755647
53053061001,7.748039680355921,2.752137201232033
53053061002,7.811652399726215,2.750603002053388
53053061100,7.888393171115674,2.749173796714579
53053061200,7.937905830937714,2.753781155373032
53053061300,7.975875183436003,2.762792308692676
53053061400,7.998986747433265,2.771645002737851
53053061500,8.024349002053388,2.793416342915811
53053061601,8.011469336755647,2.784090930184805
53053061602,7.98766921560575,2.75378819301848
53053061700,7.949763646132786,2.746584092402464
53053061800,7.941872273100616,2.720104883641342
53053061900,7.968185405886379,2.729729067761807
53053062000,7.976016127310062,2.738382255304586
53053062300,7.944447579055442,2.708861048596852
53053062400,7.934207076659822,2.696661264887064
53053062500,7.909788900068446,2.689179167693361
53053062600,7.880679832306639,2.697536709103354
53053062801,7.857996216290212,2.715620296372348
53053062802,7.808007935660506,2.673960343600274
53053062900,7.844686504449008,2.66516172347707
53053063000,7.847742002053388,2.64763584257358
53053063100,7.868962691991786,2.645295753593429
53053063200,7.887196731690623,2.662496059548255
53053063300,7.904454349075975,2.694684912388775
53053063400,7.848120650924025,2.647823141683778
53053063501,7.839141893908282,2.613427463381246
53053063502,7.808654179329227,2.633007639972622
53053070100,4.40294207118412,2.019879178644764
53053070203,6.675746422997947,2.565193501711157
53053070204,6.435430504449008,2.519224253251198
53053070205,6.361471746748802,2.505765371663244
53053070206,6.010460441478439,2.416350596851472
53053070207,5.823669958932238,2.375719527036276
53053070307,6.925341370978782,2.647474091033539
53053070308,7.07938290349076,2.670043843942505
53053070309,6.855375746748802,2.625774952772074
53053070310,6.803853130047912,2.602138420944558
53053070311,6.581762266255989,2.555041989048597
53053070312,7.078042765913758,2.662485982888433
53053070313,7.296414253251198,2.72214327926078
53053070314,7.406852045859001,2.752024343600274
53053070315,7.391385402464066,2.753514288158795
53053070316,7.622720472279261,2.794090136892539
53053070401,7.196934249144422,2.677079284736482
53053070403,6.510684310746064,2.530713131416838
53053070404,6.780826330595482,2.58904382477755
53053070703,7.966614632443532,2.825543938398357
53053071100,7.796224728268309,2.709140519507187
53053071205,7.770651055441478,2.73183099247091
53053071206,7.595760984941821,2.710279826830938
53053071207,7.406395491444216,2.70144062696783
53053071208,7.258322419575633,2.670694364134155
53053071209,7.373557015742642,2.698152201916496
53053071210,7.327208308008214,2.700242177275838
53053071304,7.371235292265572,2.681770117043121
53053071305,7.662732340862423,2.691701258726899
53053071306,7.479158904859685,2.678563858316222
53053071307,7.53081631211499,2.700775618069815
53053071309,7.332062162902122,2.671938195756331
53053071310,7.42682835523614,2.685139717316906
53053071403,7.509548340862423,2.688652471594798
53053071406,7.225118239561944,2.663755103353867
53053071407,7.018305344284736,2.644125585900068
53053071408,7.45764892128679,2.676438866529774
53053071409,7.407443971937029,2.679920472963724
53053071410,7.322766052703628,2.675182972621492
53053071411,7.225824034907598,2.670813945927447
53053071503,7.630150032169747,2.677592707049966
53053071504,7.674258694729637,2.662832395619439
53053071505,7.610453014373717,2.677801472279261
53053071506,7.519821503080082,2.680460661875428
53053071601,7.825173561943874,2.673284463381246
53053071602,7.732940117727584,2.663691642710472
53053071703,7.761744540041068,2.636522124572211
53053071704,7.726752687200548,2.647095658453114
53053071705,7.7439698678987,2.644644715263518
53053071706,7.714088214921287,2.658332845995893
53053071707,7.708832909650924,2.652671107460643
53053071803,7.765992375085558,2.67558088843258
53053071805,7.717551132785763,2.679578136892539
53053071806,7.664841338124572,2.694497854209446
53053071807,7.738626829568788,2.66672498973306
53053071808,7.783454277207392,2.642944811772758
53053071901,7.69082945927447,2.694158751540041
53053071902,7.669766135523614,2.718697030800821
53053072000,7.575610585215606,2.732981689253936
53053072105,7.681214244353183,2.720266770020534
53053072106,7.727745184120465,2.701859748117728
53053072107,7.654845062970568,2.722337060232717
53053072108,7.613987570841889,2.728818127310062
53053072109,7.532894498973306,2.74269649486653
53053072111,7.567114290212183,2.739035815879535
53053072112,7.600426839151266,2.735330678302532
53053072305,7.81810484257358,2.729113149897331
53053072307,7.717345947980835,2.732373396303901
53053072308,7.687494069130732,2.723643632443532
53053072309,7.71415355578371,2.745209672826831
53053072310,7.762909758384668,2.737961399041752
53053072311,7.781896675564682,2.730578468172485
53053072312,7.786264131416838,2.704884891854894
53053072313,7.797903982888433,2.709095147843942
53053072405,7.155466203285421,2.706768531827515
53053072406,7.319140937029432,2.735341501711157
53053072407,7.588019947980835,2.771446934976044
53053072408,7.566276670773443,2.757322810403833
53053072409,7.423235810403833,2.73581970294319
53053072410,7.446553265571526,2.735659269678302
53053072503,7.004372472963724,2.6896574366872
53053072504,7.255249230663929,2.733168302532512
53053072505,7.361518198494182,2.760846405201916
53053072506,7.543723686516085,2.792025104722793
53053072507,7.49023118275154,2.767920921971253
53053072601,6.600991028062971,2.603810507871321
53053072602,6.73959733744011,2.641784581793292
53053072603,7.090541571526352,2.733190965092402
53053072800,7.374489381930185,2.801698101300479
53053072901,7.622706349075975,2.697560978097194
53053072903,7.496091091033539,2.754816223134839
53053072905,7.410973520876112,2.776686491444216
53053072906,7.22582509377139,2.742581008898015
53053072907,7.5094016954141,2.733871707049966
53053073001,6.750972533196441,2.679604184804928
53053073005,6.524107501026694,2.588650085557837
53053073006,6.108725993839836,2.533569330595482
53053073108,7.19268106844627,2.655960456536619
53053073110,7.112265352498289,2.643769722108145
53053073111,7.123716013004791,2.642661674195756
53053073113,6.71477217522245,2.576226367556468
53053073114,6.910621114989733,2.634709240930869
53053073115,6.840954279945243,2.616832046543463
53053073116,6.650043056125941,2.578487864476386
53053073117,6.255622985626283,2.518491785763176
53053073118,6.385868808350445,2.510136776180698
53053073119,5.822643229295003,2.394213874058864
53053073120,7.22388372073922,2.660065570841889
53053073121,7.123345238193018,2.642191707734428
53053073122,7.01760909377139,2.626295671457906
53053073123,6.904291631759069,2.610594878850103
53053073124,6.870091011635866,2.614360106091718
53053073125,7.014967782340862,2.631548420260096
53053073126,7.017322804243669,2.629349893908282
53053073200,5.008440330595482,2.215382054072553
53053073301,7.640239706365503,2.787040431895962
53053073302,7.462233307323751,2.742540160164271
53053073404,7.638930436002738,2.731857331964408
53053073405,7.531423107460643,2.72526457357974
53053073406,7.51859825393566,2.731631785763176
53053073407,7.683371529089665,2.750147460643395
53053073408,7.761974238193018,2.750562004106776
53053073500,7.78374694661191,2.79907783504449
53053940001,8.099416361396304,2.871543610540726
53053940002,8.037170968514716,2.809937553045859
53053940003,7.968669321013005,2.788600443531828
53053940004,7.907527356605065,2.730900868583162
53053940005,8.126312583162218,2.862391618754278
53053940006,7.95233425393566,2.728709466119096
53053940007,8.005232475017112,2.763717280629706
53053940008,8.125737418206708,2.869819822039699
53053940009,7.88853883504449,2.799475190965092
53053940010,7.77970875633128,2.767862476386037
53053940011,8.114157316221766,2.867652765229295
53055960100,7.329529242299795,3.376145203969884
53055960300,7.14549490349076,3.327306455852156
53055960400,7.068855757700205,3.274986707049966
53055960500,7.02584188569473,3.210360490759754
53057940200,7.165273171115674,3.174837568788501
53057940300,7.159919693360712,3.157262349760438
53057940400,7.186091234086242,3.16466785284052
53057940500,7.20642970294319,3.166502046543463
53057940600,7.221539839151266,3.168336983572895
53057940700,7.220950069130732,3.167084189596167
53057940800,7.185263908966461,3.156332362080767
53057950100,7.294566596851472,3.220473744010951
53057950800,6.91556557357974,3.068108984941821
53057950900,6.169493377138946,2.79100407118412
53057951000,5.369299078028747,2.49685201779603
53057951100,4.730168281998631,2.283233009582478
53057951200,5.58106946954141,2.518819726214921
53057951300,6.325954346338125,2.827836831622177
53057951400,6.46952201779603,2.888527967145791
53057951500,6.452230364818617,2.894162149897331
53057951600,6.758016534565366,2.994733709787817
53057951700,6.813122910335387,3.014813265571526
53057951800,6.882952240246407,3.041035989048597
53057951900,7.118429615331964,3.133959473648186
53057952100,7.159187908281999,3.140322425051335
53057952200,6.907848100616016,3.044353084873374
53057952301,6.780483913073238,2.996352558521561
53057952302,6.731579114989733,2.977828343600274
53057952401,6.908319082135524,3.035286420944558
53057952402,6.760940449007529,2.977030935660506
53057952500,6.942450538672142,3.05008496440794
53057952600,6.961059266940452,3.051972529774127
53057952700,6.940148626283368,3.027104633812457
53057990100,7.173674403832991,3.123062475701574
53059950100,4.935395861738535,2.407111548939083
53059950200,6.055771420260096,2.818691869267625
53059950300,5.684490539356605,2.716285309377139
53059950400,5.697843806297057,2.774422409993155
53059950500,5.554172620123203,2.676329166324435
53061040100,8.011562108145106,3.230107213552361
53061040200,7.995463876796715,3.211916686516085
53061040300,8.044706976043806,3.240457763175907
53061040400,8.091442657084189,3.254489702258727
53061040500,8.037889391512663,3.236019950718686
53061040700,8.132148140314853,3.270780869952088
53061040800,8.139004041752224,3.280776064339494
53061040900,8.192660266255989,3.291740183436003
53061041000,8.169981602327173,3.289549747433265
53061041100,8.194061902806297,3.290804984941821
53061041201,8.208669383983573,3.293011553730322
53061041202,8.209847629021218,3.294512143737166
53061041301,8.137237758384668,3.274164414784394
53061041303,8.203130564681725,3.298078021218344
53061041304,8.176489533196441,3.288948908281999
53061041400,8.193022045859001,3.288060136208077
53061041500,8.162908413415469,3.273493594113621
53061041601,8.210053271047228,3.291164034223135
53061041605,8.239249141683778,3.299258586584531
53061041606,8.274416248459959,3.302847403148528
53061041607,8.212725006160164,3.290654989048597
53061041608,8.216379690622861,3.294656374401095
53061041701,8.300427984941821,3.311666265571526
53061041703,8.371593400410678,3.32071699247091
53061041704,8.366422804243669,3.320590735797399
53061041805,8.237916945927447,3.30487061670089
53061041806,8.298923832991102,3.309361929500342
53061041808,8.317579088980151,3.315270953456537
53061041809,8.289844036960986,3.308483918548939
53061041810,8.302203788501027,3.310753106776181
53061041811,8.345442937029432,3.313771422313484
53061041812,8.317029453114305,3.306719698836413
53061041901,8.23847211430527,3.292153391512663
53061041903,8.243025570841889,3.296138405886379
53061041904,8.260154772758385,3.303850399041752
53061041905,8.268539485284052,3.302541605065024
53061042001,8.162375245722108,3.279410253251198
53061042003,8.214089788501027,3.274520651608487
53061042004,8.289327561943874,3.298565905544148
53061042005,8.194324250513347,3.276426425735797
53061042006,8.22050573853525,3.286872930184805
53061050101,8.255992880903491,3.283290403148528
53061050102,8.308238804243669,3.29609689596167
53061050200,8.269710886379192,3.27459851266256
53061050300,8.239664912388775,3.255661110198494
53061050401,8.266224485284052,3.247473976043806
53061050402,8.290625859685147,3.24849774880219
53061050500,8.18459480698152,3.218442423682409
53061050600,8.20370734017796,3.21442728678987
53061050700,8.291609788501027,3.236761399726215
53061050800,8.329312520876112,3.25561649486653
53061050900,8.361533746748802,3.257686191649555
53061051000,8.404775097878166,3.274411575633128
53061051100,8.455072655715264,3.287860932922656
53061051200,8.426080724161533,3.286305776180698
53061051300,8.460960449007529,3.296081543463381
53061051400,8.391080238193018,3.285171580424367
53061051500,8.332184353867214,3.272899847364819
53061051601,8.33223901026694,3.3065558275154
53061051602,8.330676062970568,3.28344926146475
53061051701,8.381748517453799,3.301556283367556
53061051702,8.401352772758385,3.30547562422998
53061051802,8.369111112251882,3.304581765229295
53061051803,8.327522453114305,3.303823950718686
53061051804,8.368331663928816,3.317943511978097
53061051905,8.424911951403148,3.305437653661875
53061051912,8.08970000752909,3.226183150581793
53061051913,8.458854183436003,3.308683826146475
53061051914,8.496862867214237,3.310808009582478
53061051915,8.453673191649555,3.312005329226557
53061051916,8.456869246406571,3.315745430527036
53061051917,8.49910487063655,3.31624587063655
53061051918,8.460312660506502,3.314859090349076
53061051921,8.424678391512663,3.317312344969199
53061051922,8.437900774811773,3.315731618069815
53061051923,8.38256576659822,3.315325323066393
53061051924,8.371236167693361,3.31065194934976
53061051925,8.423376820670773,3.30928740862423
53061051926,8.305554127994524,3.281880462696783
53061051927,8.39119766255989,3.311711993155373
53061051928,8.390662809034908,3.31587915742642
53061052003,8.297750492128679,3.308080167008898
53061052004,8.335621722108145,3.317162908281999
53061052005,8.354303872005476,3.322716843942505
53061052006,8.335337741957563,3.313545718001369
53061052007,8.348947550992471,3.30820133744011
53061052104,7.986048618069815,3.213180288158795
53061052105,7.907301815195072,3.188853975359343
53061052107,8.246184780971937,3.278155511978097
53061052108,7.979973006844627,3.20921953798768
53061052112,7.825745823408624,3.145755099931554
53061052113,7.484476134839151,3.040717867214237
53061052114,8.235703114989733,3.288401393566051
53061052115,8.224810158795346,3.291922074606434
53061052118,8.126509511293634,3.254733528405202
53061052203,7.204509899383984,2.972087508555784
53061052204,7.456100277891855,3.047709889801506
53061052206,6.850792577686516,2.863660444900753
53061052207,6.452525813826146,2.736729826146475
53061052208,7.244082382614648,2.982209604380561
53061052209,7.330899264202601,3.004784531143053
53061052301,7.325800668720055,3.006211572210814
53061052302,7.509303219028063,3.06448573853525
53061052401,7.833350308008214,3.172894293634497
53061052402,7.827963338124572,3.163082658453114
53061052502,7.92643519028063,3.19587743394935
53061052503,7.813649790554415,3.153597880903491
53061052504,7.827270563997262,3.162132776180698
53061052603,7.469416824093087,3.047738657768652
53061052604,7.666416344284736,3.106979117043121
53061052605,7.441496284736482,3.039159588637919
53061052606,7.41907490622861,3.036324580424367
53061052607,7.61464433744011,3.103451881587954
53061052701,7.284766894592745,3.016763966461328
53061052705,7.487062906913073,3.0503200862423
53061052706,7.755594514031485,3.127635776865161
53061052707,7.658377137577002,3.097524275154004
53061052708,7.583266528405202,3.071394856947296
53061052709,7.352234393566051,3.021383852156058
53061052803,7.401035585215606,3.063777703627652
53061052804,7.546865281998631,3.084029221081451
53061052805,7.648816013004791,3.103513193702943
53061052806,7.596417717316906,3.084449140999316
53061052903,7.76927363449692,3.111567336071184
53061052904,7.711188534565366,3.101713902806297
53061052905,7.708378568104038,3.109528468172485
53061052906,7.638771265571526,3.087848541409993
53061053101,7.398804902121834,3.10609275633128
53061053102,7.52806198973306,3.129496392881588
53061053201,7.41735146201232,3.154840518138262
53061053202,7.557396568788501,3.176357786447639
53061053301,7.2573621724846,3.130963714579055
53061053302,7.158164013689254,3.07592359137577
53061053400,6.699095105407255,2.886269517453799
53061053504,6.98052072073922,2.945052102669404
53061053505,6.92868868514716,2.901699380561259
53061053506,6.20397367008898,2.67978995687885
53061053507,7.12202129705681,2.986952210814511
53061053508,7.160935466803559,3.022197967145791
53061053509,7.23081389596167,3.030427466119096
53061053602,5.64307616495551,2.472785730321698
53061053603,7.034747372347707,2.913279690622861
53061053604,6.841479291581109,2.855675646132786
53061053700,4.875619739904175,2.243404378507871
53061053801,4.966793502395619,2.29804465229295
53061053802,6.202903876796715,2.654201135523614
53061053803,5.473047617385352,2.428564965092402
53061940001,7.78382420054757,3.164772721423682
53061940002,7.704576461327858,3.19052998220397
53061990100,7.216756466119096,3.132515164271047
53063000200,8.959446681040383,4.105628962354552
53063000300,8.920556127994524,4.087610113620808
53063000400,8.896399720054757,4.093056382614648
53063000500,8.863028562628337,4.076516945242984
53063000600,8.826730169746749,4.074872527720739
53063000700,8.790662213552361,4.066357711841205
53063000800,8.745934876796715,4.063896941820671
53063000900,8.737888098562628,4.061181163586584
53063001000,8.782054472963724,4.072973697467488
53063001100,8.808369287474333,4.067279455852156
53063001200,8.847505122518823,4.08026500752909
53063001300,8.870692545516769,4.075922206023272
53063001400,8.890203772073922,4.080350436002738
53063001500,8.925272923340178,4.088936667351129
53063001600,8.953122260095825,4.092547303216975
53063001800,8.902154099931554,4.061390545516769
53063001900,8.863338455852156,4.070613980835044
53063002000,8.846131602327173,4.070871423682409
53063002100,8.809840191649555,4.060915944558522
53063002300,8.794944134154689,4.064942913073238
53063002400,8.832240586584531,4.065989493497604
53063002500,8.868436853524983,4.05837493908282
53063002600,8.888464826146475,4.055686331279945
53063002900,8.832731321697468,4.042739115674196
53063003000,8.829328961670089,4.036040128678987
53063003100,8.801706841204654,4.043241991101985
53063003200,8.792503121149897,4.049771783709788
53063003500,8.818025791238878,4.060351618754278
53063003600,8.77197202532512,4.068789551676934
53063003800,8.719324598220397,4.047995092402464
53063003900,8.684144049965777,4.03119488843258
53063004000,8.761299446954141,4.052154873374401
53063004100,8.772830445585216,4.039240220396988
53063004200,8.740503431211499,4.032151977412731
53063004300,8.716033759069131,4.035170190965092
53063004400,8.721014559890486,4.02886039835729
53063004500,8.767856164271047,4.034851417522245
53063004601,8.791396757700205,4.029182858316222
53063004602,8.79856932238193,4.044382908281999
53063004700,8.745016841889117,4.021989967145791
53063004800,8.706409360711841,4.024385034907598
53063004900,8.664668206707734,4.015372650924025
53063005000,8.601802083504449,3.992846135523614
53063010100,8.145775780287474,3.850806155373032
53063010201,7.817029527720739,3.752329393566051
53063010202,8.583298414099932,4.001814122518823
53063010301,7.63897074606434,3.690696962354552
53063010303,7.978344767282683,3.807047477754962
53063010304,7.539456063655031,3.658007631759069
53063010305,8.27903152019165,3.915480587268994
53063010401,8.289776856947296,3.928232690622861
53063010402,7.762603209445585,3.745863545516769
53063010501,8.743050016427105,4.068828689938398
53063010503,8.502480319644079,3.9816240862423
53063010504,8.709290160164271,4.068927295003422
53063010601,8.577062798767967,4.007850038329911
53063010602,8.594623395619439,4.010256771389459
53063010700,8.715860786447639,4.047349819301848
53063010800,8.801261343600274,4.06940618275154
53063010900,8.791726298425736,4.062602977412731
53063011000,8.838619223819302,4.074213119780972
53063011101,8.878251086926762,4.086618241615332
53063011102,8.84702440109514,4.078959126625599
53063011201,8.891807130047912,4.096412742642026
53063011202,8.947786813141684,4.11809642642026
53063011300,8.984147785078713,4.121674843942505
53063011400,8.878089036960986,4.08921028678987
53063011500,8.968076412731006,4.098071241615332
53063011600,8.946349251882272,4.10184020054757
53063011701,8.933140690622861,4.093619999315537
53063011702,8.87492133744011,4.087139321697468
53063011800,8.827783815195072,4.065646020533881
53063011900,8.851206227926078,4.07292188569473
53063012000,8.887683978781656,4.07909607118412
53063012100,8.901138750171116,4.073505721423682
53063012200,8.945344598220397,4.085943468172485
53063012300,8.861405389459274,4.063740227926078
53063012401,8.755379279945243,4.034550036276523
53063012402,8.570005275838467,3.974812058179329
53063012500,8.836007753593429,4.063127622861054
53063012600,8.812957245037645,4.061988829568788
53063012701,8.783894028747433,4.040523867214237
53063012702,8.714229264887064,4.017470667351129
53063012801,8.743429522245038,4.021076859000684
53063012802,8.772247188911704,4.043481136892539
53063012901,8.794930587953456,4.05383713963039
53063012902,8.727884047227926,4.02163098220397
53063013000,8.696832399041752,4.011037266940452
53063013100,8.692711005475702,4.014727490759754
53063013201,8.722848989048597,4.034562186858316
53063013202,8.550868223134839,3.961655910335387
53063013300,8.294625834360027,3.854704381245722
53063013401,8.716486266255989,4.017888731690623
53063013500,8.394473028062971,3.94673580971937
53063013600,8.551159004106776,4.00292335523614
53063013700,8.582639792607803,4.023770070499658
53063013800,8.070545503764545,3.872090553045859
53063013900,7.90408288569473,3.835536806297057
53063014001,7.988093532511978,3.844306080766598
53063014002,7.978491767282683,3.849702134154689
53063014100,7.820051737850787,3.80200835797399
53063014200,7.617870685831622,3.721505420944558
53063014300,7.670081180698152,3.652043763175907
53063014400,8.986126079397673,4.106136600958248
53063014500,8.87195247980835,4.054521967145791
53065941000,6.34009076386037,3.223741710472279
53065950100,5.443719199863108,2.90729498973306
53065950200,5.736890507186858,3.015945372347707
53065950300,5.748290956194387,3.022090551676934
53065950500,5.759974802874743,3.02472213963039
53065950600,5.632849585215606,2.966647976043806
53065950700,6.021164884325804,3.102683442162902
53065950800,5.956522468856947,3.081804856262834
53065950900,5.788009127310062,3.01110399247091
53065951100,6.235651039698836,3.179081192334018
53065951300,6.759176759753593,3.366581216974675
53065951400,7.328897249144422,3.571662161533196
53067010100,6.93888027926078,2.878488069130732
53067010200,6.988925081451061,2.867386761122519
53067010300,7.014232764544832,2.882752646817248
53067010400,6.977649013689254,2.884194605065024
53067010510,6.80312200752909,2.852186997946612
53067010520,6.870027182067077,2.86405329705681
53067010600,6.852025339493498,2.851364985626283
53067010700,7.040495342915811,2.887667414784394
53067010800,6.914573305954826,2.903701978781656
53067010910,6.863270732375086,2.877109229979466
53067010920,6.833363291581109,2.887585343600274
53067011000,6.696321131416838,2.858198457905544
53067011100,6.76924280698152,2.828117670773443
53067011200,7.160428441478439,2.8897593908282
53067011300,7.100582509240246,2.895937642710472
53067011410,7.156596944558522,2.890541021902806
53067011420,7.141977032169747,2.891962153319644
53067011500,7.21836909650924,2.879300761122519
53067011610,7.173046855578371,2.880495780287474
53067011621,7.094864836413416,2.90243905338809
53067011622,7.122564681724846,2.89450309650924
53067011623,7.071512912388775,2.901547484599589
53067011624,7.111149529774127,2.890511513347023
53067011710,7.023800899383984,2.899839420260096
53067011720,6.986111030116359,2.907723335386721
53067011810,6.343055807665982,2.801852237508556
53067011821,6.859502449691992,2.918434936344969
53067011822,6.728574021218344,2.905122872689938
53067011900,6.258857980150582,2.724991028062971
53067012000,6.672641160164271,2.803984648186174
53067012100,6.916620699520876,2.806616525667351
53067012211,7.061259923340178,2.847482024640657
53067012212,7.130914106091718,2.888467055441478
53067012221,7.125164121149897,2.829078993839836
53067012222,7.251095646817248,2.841006288158795
53067012310,7.204260346338125,2.870287464065708
53067012320,7.207526328542094,2.837927920602327
53067012330,7.2449404366872,2.867307309377139
53067012411,6.826973709787817,2.757687232032854
53067012412,6.686059709103354,2.724277327857632
53067012420,6.9886426954141,2.836303022587269
53067012510,5.616028694729637,2.434471642710472
53067012520,6.141147020533881,2.623418972621492
53067012530,6.705158238877481,2.80342733744011
53067012610,6.769763589322382,2.893596162217659
53067012620,6.538970921971253,2.837527688569473
53067012710,6.580336484599589,2.923254959616701
53067012720,6.39032001779603,2.896430420944558
53067012730,6.450307963723477,2.883763780971937
53069950100,5.79924667008898,2.854853678986995
53071920000,7.383821201916496,3.734056015742642
53071920100,7.237199237508556,3.637818789185489
53071920200,7.171201145106092,3.59531892881588
53071920300,7.161825008213552,3.584726994524298
53071920400,7.200460080766598,3.614565891854894
53071920500,7.139555238193018,3.582372930869268
53071920600,7.109825862422998,3.563495776865161
53071920701,7.065917514715948,3.546527700889802
53071920702,7.027910160848734,3.527779470910335
53071920801,7.023552140314853,3.529710793976728
53071920802,7.078504585900068,3.557584657768652
53071920900,6.908424328542094,3.473555978097194
53073000100,7.287111041067762,3.25377063449692
53073000200,8.08126864202601,3.590617908966461
53073000300,7.833118637919233,3.466114819301848
53073000400,7.700728314168378,3.40433744421629
53073000501,7.588512828884326,3.346455553045859
53073000502,7.65822916495551,3.381410832306639
53073000600,7.626632281998631,3.365742101984942
53073000700,7.532860642710472,3.317453357289528
53073000803,7.455758876796715,3.287455351813826
53073000804,7.206595678302532,3.201172654346338
53073000805,7.167316897330596,3.175881119096509
53073000806,6.591351289527721,2.973675206023272
53073000901,7.472896521560575,3.290406501026694
53073000902,7.365240760438056,3.250403368925394
53073001000,7.58055736550308,3.344839693360712
53073001100,7.613161578370979,3.361656432580424
53073001201,7.553001751540041,3.334226637919233
53073001202,7.174149021218344,3.181616021218344
53073010100,4.652570498973306,2.327278761122519
53073010200,7.272997856262834,3.318479101984942
53073010301,8.628889204654346,3.865062081451061
53073010302,8.222329631074606,3.696833110198494
53073010303,8.175135700889802,3.681230537303217
53073010401,9.182085496235455,4.136808622861054
53073010403,9.310037648870637,4.226964419575633
53073010404,8.96374274880219,4.031319097878166
53073010501,8.718427825462012,3.908210198494182
53073010502,8.534347097878166,3.822534174537988
53073010600,8.257912331964408,3.690321282683094
53073010701,7.832131188911704,3.516148145790554
53073010702,7.11141737577002,3.215338663244353
53073010900,7.716083500342231,3.447986108145106
53073011000,8.891698486652977,4.198459227926078
53073940000,8.171561204654346,3.650291323750856
53075000100,7.433527386036961,3.716214557152635
53075000200,7.417325056125941,3.70289240109514
53075000300,7.284672425051335,3.665666531143053
53075000400,7.377237599589322,3.70042711156742
53075000500,7.432470684462697,3.721810225188227
53075000600,7.491416945927447,3.725512932238193
53075000700,7.375050544832307,3.622288654346338
53075000800,7.329316180698152,3.663883401779603
53075000900,7.281295213552361,3.638020253251198
53075001000,7.019066762491444,3.573217105407255
53077000100,6.991146771389459,2.909249451060917
53077000200,6.97098055578371,2.919954104722793
53077000300,6.909954668035592,2.912698472279261
53077000400,6.764575621492129,2.883301496235455
53077000500,6.915164994524298,2.911018482546201
53077000600,6.966802023956194,2.917820195071869
53077000700,6.96752868514716,2.913494616016427
53077000800,6.897757230663929,2.908731806297057
53077000901,6.763068492813142,2.890147208761122
53077000902,6.773023147843942,2.898914514715948
53077001000,6.904442237508556,2.914858841204654
53077001100,6.898645548939083,2.92011832238193
53077001201,6.949382617385352,2.922690188227242
53077001202,6.972700324435318,2.926123334702259
53077001300,6.958733626283368,2.945233387405886
53077001400,6.966691785078713,2.948620271731691
53077001501,6.966719052019165,2.90723953045859
53077001502,6.972917255304586,2.921451785078713
53077001601,6.765583987679672,2.909251620807666
53077001602,6.899724714579055,2.92078305338809
53077001701,6.307019635865845,2.915913724845996
53077001702,6.921873385352498,3.001277444900753
53077001800,6.789381741957563,3.265927003422314
53077001901,6.869774199863108,3.326936123203285
53077001902,6.840706123203285,3.312796434633812
53077002001,6.782412874058864,3.242558886379192
53077002002,6.786499867214237,3.244826467488022
53077002101,6.649141080082136,3.147237648186174
53077002102,6.760051729637235,3.202994657084189
53077002200,6.761608975359343,3.095300950034223
53077002701,6.48277765982204,3.181875102669404
53077002801,6.23795741615332,2.773813722792608
53077002802,6.658052759069131,2.878674221081451
53077002900,5.850501290896646,2.643388596167009
53077003001,4.767440806297057,2.260894041752224
53077003002,6.279668427104723,2.773028973990418
53077003100,6.47230087816564,2.831756771389459
53077003200,6.797555221765914,2.899529424366872
53077003400,6.690989084873374,2.875315126625599
53077940001,6.551734422313484,2.9424363908282
53077940002,6.703184396303901,3.066173861054073
53077940003,5.275706721423682,2.554703457221082
53077940004,6.885351875427789,3.055588182067077
53077940005,6.757780830937714,3.102116345653662
53077940006,6.790792859000684,3.112506830937714
54001965500,8.779650186858316,3.621971368240931
54001965600,8.792250684462697,3.614508015058179
54001965700,8.654327101300479,3.560134224503764
54001965800,8.393336534565366,3.549342101300479
54003971101,9.939443657768652,3.616624001368925
54003971102,9.917200316221766,3.635967447638604
54003971201,9.732608446954141,3.584544118412046
54003971202,9.502449409993155,3.572462364818617
54003971300,9.870982095824778,3.584161895277207
54003971400,9.884603893908282,3.567659832306639
54003971500,9.797303093086927,3.53011112936345
54003971600,9.773565238193018,3.541518167693361
54003971700,9.752095747433265,3.525086247091034
54003971800,9.30575256605065,3.505283271731691
54003971900,9.633407492128679,3.519261852156058
54003972000,9.742026158110883,3.533178197125257
54003972101,9.419628897330596,3.477253184804928
54003972102,9.524480030116359,3.506589569472964
54005958200,9.527729177275838,4.011854289527721
54005958300,9.381870489390828,4.011097073921971
54005958400,9.340570399726215,3.993603207392197
54005958501,9.193620629021218,3.912983866529774
54005958502,9.185392629021218,3.921194334702259
54005958600,9.202424877481177,3.90657498220397
54005958700,8.936524258726899,3.848744831622177
54005958800,9.208430869267625,3.95099181724846
54007967900,8.749482543463381,3.806167097193703
54007968000,8.941538820670773,3.903478669404518
54007968100,8.693250789185489,3.813026774811773
54009031101,10.862606317590691,3.166545848733744
54009031102,10.843941336755647,3.191619291581109
54009031200,10.913604297741273,3.218739010951403
54009031400,10.836354357289528,3.268270142368241
54009031600,10.704452997946612,3.305816943189596
54009031700,10.774956134839151,3.391744545516769
54011000101,10.30257119301848,4.246558928131417
54011000102,10.296367019164956,4.24251594934976
54011000200,10.309373583162218,4.248857390143737
54011000300,10.347163221765914,4.229892378507871
54011000400,10.337182098562628,4.224539089664613
54011000500,10.363331244353183,4.228322533880904
54011000600,10.381600420260096,4.226566722108145
54011000900,10.392868678986995,4.239724412731006
54011001000,10.383434926078029,4.249244749486653
54011001100,10.384778312799452,4.246259714579055
54011001200,10.376752891854894,4.243984793292266
54011001300,10.348293589322382,4.22401027926078
54011001400,10.352825511293634,4.225754414784394
54011001500,10.340617532511978,4.224968798767967
54011001600,10.341634646817248,4.220919683093771
54011001800,10.329797143052704,4.230278104722793
54011001900,10.306363934291581,4.22809593908282
54011002000,10.305525328542094,4.222332103353867
54011002100,10.355915271731691,4.237104922655715
54011010102,10.193987305954826,4.230302457221082
54011010201,10.262553420260096,4.255335270362765
54011010202,10.251268194387406,4.243089533880904
54011010300,10.26502564202601,4.267389832991102
54011010400,10.184948808350445,4.251637669404518
54011010500,9.97764184257358,4.194741894592745
54011010600,10.067111208761122,4.229352482546201
54011010700,10.229324999315537,4.297576667351129
54011010800,10.145001213552361,4.271257783025325
54011010900,10.388146801505818,4.239903791238878
54013962600,9.444570245722108,4.059375668720055
54013962700,9.271704159479808,4.017577234770705
54015957900,8.99813415468857,3.914128898699521
54015958000,8.973869967830253,3.900786592060233
54015958100,9.101801301848049,3.920207440793977
54017965000,9.528490773442847,3.892467732375086
54017965100,9.61534364202601,3.969246772073922
54019020100,8.859405546885695,3.78645538329911
54019020201,8.814479221765914,3.755318911019849
54019020202,8.921688644079398,3.799124602327173
54019020300,8.887665891854894,3.776978954140999
54019020400,8.805959793976728,3.728250452429843
54019020500,8.798240316221766,3.716559279945243
54019020600,8.942603894592745,3.79669861670089
54019020700,9.11732613963039,3.88793502532512
54019020800,9.167943195756331,3.915670604380561
54019020900,8.852868308692676,3.816302228610541
54019021000,8.555446331964408,3.691113536618754
54019021100,8.563493456536619,3.654243652977413
54021967700,9.215506006844627,3.959409156057495
54021967800,9.234450466803559,3.961032142368241
54023969400,8.212939880219028,3.451644770020534
54023969500,8.094430896646133,3.444670004791239
54023969600,8.079541361396304,3.43181727652293
54025950100,8.201654368240931,3.476109255989049
54025950200,8.168438929500342,3.548831779603012
54025950300,8.384078212183436,3.616518740588638
54025950400,8.280728581793292,3.530882607802875
54025950500,8.382976559206023,3.556695370294319
54025950600,8.352371475701574,3.5041967816564
54025950700,8.344081507871321,3.471314413415469
54027968200,8.715968194387406,3.498223681040383
54027968300,8.69406025393566,3.521579924024641
54027968400,8.582624006844627,3.513589475017112
54027968500,8.477288409993155,3.489717700889802
54027968600,8.5193141321013,3.474400568104038
54029020600,10.782357940451745,3.166891440109514
54029020700,10.811021793976728,3.166538868583162
54029020900,10.840612005475702,3.435381000684463
54029021100,10.787306996577686,3.268468203969884
54029021200,10.820902557837098,3.321526561259411
54029021300,10.878019529774127,3.186627054757016
54029021400,10.852903040383299,3.203915774811773
54029021500,10.898251578370979,3.425122310061602
54031970100,8.364218898015058,3.475083364134155
54031970200,8.290233590006845,3.460998834360027
54031970300,8.176068141683778,3.444054588637919
54033030100,9.467795533196441,3.686732912388775
54033030200,9.514463889117043,3.695611054072553
54033030300,9.476153620123203,3.68794376659822
54033030400,9.446922954825462,3.677670914442163
54033030500,9.346754568104038,3.705787775496236
54033030601,9.511685894592745,3.718953431211499
54033030602,9.440379036960986,3.731852906913073
54033030700,9.502740572210814,3.756830331964408
54033030800,9.594676151950719,3.725333492813142
54033031000,9.403107529774127,3.683215924024641
54033031100,9.292239800136892,3.677353836413416
54033031200,9.135297371663244,3.689542162902122
54033031300,9.2213534366872,3.738606826830938
54033031400,9.352612918548939,3.790906722792608
54033031500,9.536811587268994,3.809913782340862
54033031600,9.501996336755647,3.828539060232717
54033031700,9.635824941820671,3.779643674195756
54033031800,9.66215135797399,3.717538264202601
54033031900,9.63365661670089,3.709470960301164
54033032000,9.573303613278576,3.699928937029432
54033032101,9.395381270362765,3.678543769336071
54033032102,9.46440820054757,3.688679652977413
54035963200,10.04648879192334,4.274835415468857
54035963300,10.183323590691307,4.33777527652293
54035963400,10.183791108829569,4.349277279945243
54035963500,10.04151672347707,4.289874690622861
54035963600,9.969744747433265,4.27146853045859
54035963700,9.840200019849418,4.2045779137577
54037972201,9.853236232032854,3.563830166324435
54037972203,9.76572767008898,3.553565823408624
54037972204,9.773462821355236,3.552108657084189
54037972300,9.67228413963039,3.53665951266256
54037972401,9.5792854366872,3.520871263518138
54037972402,9.632614425051335,3.536560817932923
54037972501,9.52700987063655,3.511838702258727
54037972503,9.59378088569473,3.526322072553046
54037972505,9.543932684462697,3.516740381245722
54037972506,9.49360267761807,3.507962224503764
54037972601,9.571060856262834,3.51597392881588
54037972602,9.665344272416153,3.531482892539357
54037972701,9.542296467488022,3.504904628336756
54037972702,9.33610965982204,3.466079686516085
54037972800,9.426043099931554,3.497256593429158
54039000100,10.087679712525667,4.078476403832991
54039000200,10.111643911704312,4.102643472279261
54039000300,10.069938650924025,4.103726518822724
54039000500,10.017089528405202,4.056720941820671
54039000600,10.055151852156058,4.067995875427789
54039000700,10.047695963723477,4.061902944558522
54039000800,10.011931945927447,4.058520125941136
54039000900,9.978003101300479,4.036536847364819
54039001100,9.903192156057495,4.030343220396988
54039001200,9.938865034907598,4.027868288843258
54039001300,9.935881012320328,4.02593314715948
54039001500,9.852437872005476,4.027948737166324
54039001700,9.764525277207392,4.017033652977413
54039001800,9.810072350444901,4.017448796030116
54039001901,9.97855834017796,4.046921924709103
54039001902,9.911354639288159,4.030329032169747
54039002000,9.966102725530459,4.038899603696099
54039002100,10.020497211498973,4.055794863107461
54039010100,10.116721195071869,4.10822435797399
54039010200,10.095764750855578,4.114974018480493
54039010300,10.114132957563313,4.129265506502396
54039010400,10.162273214921287,4.169295084188912
54039010500,10.209862378507871,4.188928973305955
54039010600,10.185630558521561,4.211168288843258
54039010701,10.205862460643395,4.219230840520192
54039010702,10.166372361396304,4.1670345633128
54039010801,10.053507561259411,4.207178181382615
54039010802,9.889143305270363,4.148430645448323
54039010900,10.03126274880219,4.121484258726899
54039011000,9.9209843045859,4.082093008213552
54039011100,9.722617518138262,4.087368319644079
54039011200,9.417827331964408,4.017005119096509
54039011301,9.679436536618754,4.036723412046544
54039011302,9.611913461327858,4.047874404517454
54039011401,9.793496203969884,4.034305885010267
54039011402,9.635935729637235,4.010716088295688
54039011500,9.670043513347023,4.005862717316906
54039011800,9.393492108145106,3.978519916495551
54039012100,9.196373599589322,3.908596214236824
54039012200,9.337477752908966,3.943585106776181
54039012300,9.758781542094456,4.025998253251198
54039012800,10.04183889596167,4.055168604380561
54039012900,10.091041972621492,4.062636579055442
54039013000,10.023645074606434,4.078313711841205
54039013100,10.036250441478439,4.108225867214237
54039013200,10.010786095140315,4.120192843258042
54039013300,10.110684223134839,4.167773387405886
54039013400,10.1432846091718,4.170755334702259
54039013500,10.143037708418891,4.181326977412731
54039013600,10.083315051334702,4.166420829568788
54039013701,10.00706893155373,4.164056307323751
54039013702,10.109548416837782,4.202736718001369
54039013800,10.160197683093771,4.221482392197125
54041967200,9.201203475701574,3.856449684462697
54041967300,9.010968997946612,3.744265330595482
54041967400,9.048466721423682,3.770102780971937
54041967500,9.095922051334702,3.796437698151951
54041967600,8.822226765913758,3.772522596851472
54043955400,9.735321902121834,4.096154796714579
54043955500,9.816272755646817,4.150281549623546
54043955600,9.661870868583162,4.107576963039014
54043955700,9.419021244353183,4.043495975359343
54043955800,9.536821274469541,4.063263132785763
54045956101,9.322983504449008,4.005670519507187
54045956102,9.347866787816564,4.007782392881588
54045956200,9.263696503080082,3.991051828199863
54045956400,9.05565598220397,3.917715810403833
54045956500,8.921225672142368,3.854889847364819
54045956600,9.04173298220397,3.909043394934976
54045956700,9.197517137577002,3.959558935660506
54045956800,9.19307061670089,3.95739490349076
54045956900,9.204642393566051,3.962806994524298
54047953600,8.476019285420945,3.680203354551677
54047953800,8.686911130732375,3.774002683093771
54047953900,8.884711279945243,3.848734671457906
54047954000,8.777640805612594,3.810292238877481
54047954200,8.474353750171116,3.696728841204654
54047954501,8.45702644421629,3.686540507186858
54047954503,8.546344358658453,3.712819828199863
54047954504,8.648984848733744,3.765918030116359
54049020100,9.634974727583847,3.593376206023272
54049020200,9.636761475017112,3.597273836413416
54049020300,9.638788028062971,3.609117362765229
54049020400,9.673306352498289,3.627636354551677
54049020500,9.644607663928816,3.591104665297741
54049020600,9.669615801505818,3.60095259890486
54049020700,9.629807509924709,3.584098049281314
54049020800,9.603338707049966,3.5867341724846
54049020900,9.568935198494182,3.599694925393566
54049021000,9.445510805612594,3.584055006844627
54049021100,9.62193920807666,3.618243920602327
54049021200,9.613814125941136,3.653625737166324
54049021300,9.698811613963039,3.681365704312115
54049021400,9.703845173853525,3.635131145106092
54049021500,9.707265683778234,3.612478328542094
54049021600,9.740385809034908,3.661712462696783
54049021700,9.738690483915127,3.696438770704997
54049021800,9.710045399041752,3.724348292950034
54051020200,10.574523354551677,3.691063683093771
54051020500,10.683006466803559,3.662761650924025
54051020601,10.633023070499658,3.65261278439425
54051020702,10.615427232032854,3.695773539356605
54051020800,10.216583272416153,3.660720117043121
54051020900,10.417328506502396,3.813774382614648
54051021000,10.446698908966461,3.647486268309377
54051021100,10.586862580424367,3.651380984257358
54051021300,10.539652900752909,3.608535156741958
54053954801,10.485930327857632,4.489906059548255
54053954802,10.396223622176591,4.448316900068446
54053954900,10.186390108145106,4.360211509924709
54053955000,10.406049081451061,4.462405700889802
54053955101,10.29181207871321,4.40090113963039
54053955102,10.173775368925394,4.333513030800821
54055000900,8.460728710472279,3.629054403832991
54055001000,8.443884993155373,3.637224770020534
54055001100,8.450853881587954,3.595521979466119
54055001200,8.431751731690623,3.61213046201232
54055001300,8.431814230663929,3.625498309377139
54055001400,8.426873468172485,3.624012108145106
54055001500,8.428369110198494,3.63061941615332
54055001600,8.433508595482546,3.659499908281999
54055001700,8.397998885010267,3.635461168377823
54055001800,8.418249406570842,3.634227687200548
54055001900,8.39027776386037,3.622300278576318
54055002000,8.376651019849418,3.63843147980835
54055002100,8.362708315537303,3.623101710472279
54055002200,8.371763242299795,3.618537765913758
54055002300,8.403637483915127,3.611792319644079
54055002400,8.423317635865845,3.595340245722108
54057010100,8.937546126625599,3.562042002737851
54057010200,8.781096918548939,3.530998414099932
54057010300,8.806602308008214,3.545626751540041
54057010400,8.557696745379877,3.510906572895277
54057010500,8.519860984941821,3.495314676249144
54057010600,8.607612489390828,3.499954106776181
54057010700,8.490168675564682,3.477947739219712
54059957100,9.371862485968515,4.015474404517454
54059957200,9.307787971252567,3.982137238877481
54059957300,9.29428016495551,3.966161961670089
54059957400,9.314933197809719,3.944222610540726
54059957500,9.207359049281314,3.938199392197125
54059957600,9.112315551676934,3.911129639972622
54059957700,8.966353217659138,3.876452095140315
54061010101,9.612745717316906,3.510834682409309
54061010102,9.624403252566735,3.508452778918549
54061010201,9.652642429842574,3.512223811088296
54061010202,9.638014450376454,3.50865926899384
54061010400,9.699215902806297,3.527322220396988
54061010600,9.655700580424367,3.502565516769336
54061010700,9.596553762491444,3.499751503080082
54061010800,9.598661106091718,3.49461926899384
54061010901,9.593555516084873,3.515074055441478
54061010902,9.558507809034908,3.513993392881588
54061011000,9.562043647501711,3.526187427789186
54061011100,9.61421965229295,3.528559869267625
54061011200,9.688915745379877,3.538193166324435
54061011300,9.685849193702943,3.577078878850103
54061011400,9.813799253251198,3.634157514715948
54061011500,9.799048095140315,3.564131968514716
54061011600,9.719953893908282,3.52242303559206
54061011700,9.493496761806982,3.50297962696783
54061011803,9.387046718001369,3.513782700205339
54061011804,9.348808938398357,3.532089826146475
54061011805,9.411987152635181,3.496665472963724
54061011806,9.439963733744011,3.489790516084873
54061011900,9.449074905544148,3.553987055441478
54061012000,9.685917353867214,3.523841603696099
54063950100,8.286729680355921,3.362453801505818
54063950200,8.380776091718001,3.480682564681725
54063950300,8.465400703627652,3.537736516084873
54065970700,9.402301805612594,3.618491455167693
54065970800,9.217334095824778,3.59800112183436
54065970900,8.913683334017796,3.527503402464066
54065971000,9.06358915468857,3.521860908966461
54067950100,8.574436210814511,3.762169140999316
54067950200,8.679377936344969,3.785647660506502
54067950300,8.92446673853525,3.855106369609856
54067950400,8.396591757015743,3.682716843258042
54067950500,8.20704084257358,3.606408039014374
54067950600,8.335020724845996,3.64177750513347
54067950700,8.481219809034908,3.693710893908282
54069000200,10.721762675564682,3.505021257357974
54069000300,10.712793980835044,3.555909023956194
54069000400,10.72093209650924,3.560272629705681
54069000500,10.715810524982888,3.588056861738535
54069000600,10.715832290896646,3.607439991786448
54069000700,10.711902579055442,3.580358498288843
54069001300,10.689974435318275,3.608878947980835
54069001400,10.692392318959617,3.568720561943874
54069001500,10.688933197125257,3.531635467488022
54069001600,10.674131752908966,3.541634822724162
54069001700,10.66141858110883,3.553453425735797
54069001800,10.627713382614648,3.559245696783025
54069001901,10.676915701574264,3.58686940862423
54069002000,10.716145435318275,3.472469022587269
54069002100,10.626705823408624,3.437407212867899
54069002200,10.516022045174538,3.476300785078713
54069002600,10.698483958247776,3.617101485284052
54069002700,10.707559224503764,3.591720570157426
54071970400,7.852690562628337,3.401932665982204
54071970500,7.896118552361396,3.401091042436687
54071970600,7.931287376454483,3.395827995208761
54073962100,10.012265090349076,4.11898773100616
54073962200,10.120689696098563,4.174411576317591
54075960101,7.780329064339494,3.417288205338809
54075960102,7.800669151950719,3.430892869952088
54075960200,7.886045742642026,3.456494388090349
54075960300,7.974450630390144,3.485748466803559
54077963800,9.112326696783025,3.473873256673511
54077963900,9.071596574948665,3.484230916495551
54077964000,8.860261828884326,3.477870639288159
54077964100,8.802325309377139,3.463926849418207
54077964200,8.490053466803559,3.462307885010267
54077964300,8.95066601779603,3.496254473648186
54077964400,8.90104546201232,3.511673345653662
54077964500,8.62609315468857,3.49536259890486
54079020100,10.079296300479124,4.250454741957563
54079020200,10.12512901026694,4.292316457221082
54079020300,10.17079966255989,4.290982091718001
54079020400,10.199953344284736,4.263771926078029
54079020500,10.170492332648871,4.219666941136208
54079020601,10.197091678986995,4.254081507871321
54079020603,10.158365177275838,4.248104474332649
54079020604,10.16267059890486,4.26603037577002
54079020605,10.1526721321013,4.254138725530459
54079020700,9.981196791238878,4.187775953456537
54081000200,8.710826508555784,3.654457442847365
54081000300,8.683472364134155,3.649022346338125
54081000400,8.715329084188912,3.655189459958932
54081000500,8.742280701574264,3.648545114989733
54081000600,8.740693026694045,3.662486882956879
54081000700,8.707934098562628,3.659857872005476
54081000802,8.569517509924709,3.629421892539357
54081000803,8.583287067077344,3.634415856262834
54081000804,8.622316687200548,3.63313136550308
54081000900,8.549211533196441,3.645249707734428
54081001001,8.700261152635181,3.67194788569473
54081001002,8.650364822724162,3.667040029431896
54081001100,8.712610045174538,3.709479941136208
54081001200,8.861151399726215,3.78508935797399
54081001300,8.771942206023272,3.691983174537988
54081001400,8.789834932922656,3.68747532991102
54081001500,8.729728958932238,3.67365919301848
54083965900,8.148476996577686,3.544440824093087
54083966000,8.251792184120465,3.527847750171116
54083966100,8.204804379192334,3.515703021902806
54083966200,8.217600893908282,3.507975588637919
54083966300,7.963915212867899,3.438345404517454
54083966400,8.076624113620808,3.495294081451061
54083966500,7.917929805612594,3.477099640657084
54085962300,9.723082147843942,4.05218497467488
54085962400,9.664704015058179,4.083178902806297
54085962500,9.580500323750856,4.034488409308693
54087962800,9.59743837577002,4.123012822039699
54087962900,9.595224181382615,4.110251988364134
54087963000,9.55763709650924,4.10891043394935
54087963100,9.340191748117728,4.029152159479808
54089000500,8.460948739904175,3.596074978781656
54089000600,8.434892255989049,3.560457140999316
54089000700,8.461459553730322,3.583766613963039
54089000800,8.462173199178645,3.595905561259411
54091964600,9.155257059548255,3.569326869267625
54091964700,9.3884421321013,3.642498885010267
54091964800,9.160533761122519,3.629095147843942
54091964900,8.964311061601643,3.571548344284736
54093965200,8.322225720054757,3.473401350444901
54093965300,8.047959887748118,3.423745217659138
54093965400,8.24155489596167,3.48059894661191
54095961800,10.170275052703628,4.069552900752909
54095961900,10.035748088980151,4.041680625598905
54095962000,9.815790752224504,3.989823344969199
54097966600,8.815756752908966,3.690679692676249
54097966700,8.720379928131417,3.670835066392882
54097966800,8.696441460643395,3.672940264887064
54097966900,8.682624845995893,3.675734887063655
54097967000,8.434139995893224,3.650880659137577
54097967100,8.423403379192334,3.607296646817248
54099005100,10.364269841889117,4.240360458590007
54099005200,10.362661387405886,4.256645279945243
54099020100,10.33529359890486,4.247599960301164
54099020300,10.354043273100616,4.252445179329227
54099020400,10.250498644079398,4.224656691991786
54099020500,9.883797872005476,4.156439776180698
54099020600,9.941246461327858,4.168284546885695
54099020700,9.789948454483231,4.128782639288159
54099020800,9.548290641341547,4.078083872005476
54099020900,9.568025080082136,4.086224811772758
54099021000,9.439728445585216,4.0469456091718
54101970100,8.281457464065708,3.647097355920602
54101970200,8.051770880903491,3.55482716495551
54101970300,8.123959798083504,3.581432986310746
54103004900,10.279171198494182,3.973025989048597
54103030400,9.930450277207392,3.770507316221766
54103030500,9.781212611225188,3.822089240930869
54103030700,10.134274442847365,3.993109185489391
54103030800,10.143501498288843,3.944628978097194
54105030101,9.762465074606434,4.157125201916496
54105030102,9.703439839835729,4.11634675633128
54107000100,10.50111180971937,4.242223136892539
54107000300,10.497342088295688,4.252417260780288
54107000400,10.471467678302532,4.255694240246407
54107000500,10.49903790622861,4.265574552361396
54107000701,10.481635017111567,4.262348449007529
54107000702,10.455388173853525,4.252089149212868
54107000801,10.441319321697468,4.26262705065024
54107000802,10.377371402464066,4.256098600273785
54107000901,10.461188147843942,4.269722694729637
54107000902,10.498391648870637,4.287019482546201
54107000903,10.415605342915811,4.268923423682409
54107010101,10.55187253045859,4.262584108829569
54107010102,10.50640298973306,4.2416065229295
54107010200,10.561615568104038,4.282561221081451
54107010300,10.581233839151266,4.250559187542779
54107010400,10.597622264202601,4.254357054072553
54107010501,10.561120138261465,4.245378473648186
54107010502,10.549225323066393,4.239653473648186
54107010601,10.426652110882957,4.234935
54107010602,10.223956531143053,4.202685696098563
54107010701,10.082318910335387,4.182519223134839
54107010702,10.185485030800821,4.236506715947981
54107010800,10.218065856947296,4.290701830937714
54107010901,10.436724531827515,4.303732138945927
54107010902,10.518799496235455,4.299443160164271
54107011000,10.522870594113621,4.268656711841205
54109002800,8.700314169746749,3.746211253251198
54109002901,8.831174339493498,3.8221089137577
54109002902,8.758433152635181,3.793063607802875
54109003000,8.81831295687885,3.829820333333333
54109003100,8.665474973305955,3.75897650513347
54109003200,8.542254898699521,3.693377100616016
55001950100,8.562918943189596,3.796631099247091
55001950201,8.661622727583847,3.803769879534565
55001950202,8.576626511293634,3.782046994524298
55001950400,8.706444944558522,3.771284443531828
55001950501,8.776154013004791,3.804672404517454
55001950502,8.828569010951403,3.771579485284052
55001950700,8.959988546885695,3.751401618754278
55003940000,6.550497511978097,3.144887517453799
55003950300,6.645737432580424,3.186003993155373
55003950400,6.639963913073238,3.17837945927447
55003950500,6.612331281314168,3.18575479945243
55003950600,6.639239643394935,3.226341664613279
55003950700,6.737604600273785,3.282176553730322
55003950800,6.170788301848049,3.022690543463381
55005000100,7.695723670773443,3.61736498973306
55005000200,7.736956414784394,3.600492319644079
55005000300,7.898016885010267,3.651005219028063
55005000400,7.885671429158111,3.670427477754962
55005000500,7.849974221081451,3.668544620123203
55005000600,7.828916412731006,3.661552868583162
55005000800,7.809788599589322,3.665732342915811
55005000900,8.04179293908282,3.687507844626968
55005001001,8.026438923340178,3.71538535797399
55005001002,7.940026920602327,3.695975223134839
55007960100,6.317303917180014,3.058875478439425
55007960200,6.485288345653662,3.074103313483915
55007960300,6.548628744010951,3.138854872689938
55007960400,6.59410954825462,3.153080678986995
55007960600,6.699501849418207,3.219089966461328
55009000100,9.05857977412731,3.015042315537303
55009000200,9.079442081451061,3.014606712525667
55009000302,9.128986984257358,3.047473149212868
55009000303,9.078847103353867,3.042343485968515
55009000401,9.10630973853525,3.024752963723477
55009000402,9.133487822724162,3.031383008213552
55009000500,9.112568399726215,2.994026119780972
55009000600,9.14130567008898,3.019037690622861
55009000700,9.136066902806297,3.001920596851472
55009000800,9.139243380561259,2.985152301848049
55009000900,9.086295359342916,2.967347230663929
55009001000,9.123730422997947,2.967324646132786
55009001100,9.111338421629021,2.949303383983573
55009001200,9.118764576317591,2.949697164271047
55009001300,9.137861212183436,2.96983132991102
55009001400,9.13968967761807,2.961547523613963
55009001600,9.145867349075975,2.987082013004791
55009001701,9.079913314168378,2.978589181382615
55009001702,9.075733174537988,2.99601781724846
55009001801,8.99477263449692,3.052088130732375
55009001802,8.95388137577002,3.054963647501711
55009002001,9.103918177275838,3.003984774811773
55009002002,9.115368571526352,3.030340423682409
55009002003,9.025660780287474,3.057378462696783
55009010100,9.197305757015743,3.06636272347707
55009010201,9.212264266255989,3.090678255989049
55009010202,9.228758153319644,3.110527892539357
55009010300,9.192123115674196,3.109393830937714
55009020100,8.774075440109514,3.149461786447639
55009020203,8.80417509377139,3.14119098973306
55009020204,8.804859607802875,3.159509802874743
55009020502,9.001361320328542,3.070801357289528
55009020503,8.99629488843258,3.097548950718686
55009020504,8.975991435318275,3.128399382614648
55009020600,8.917254552361396,3.216143418206708
55009020702,9.086160960985626,3.158544824093087
55009020703,9.059377979466119,3.079518023271732
55009020704,9.146444891854894,3.03664282477755
55009020800,9.150630651608487,2.990846264202601
55009020900,9.165188696098563,3.007902138945927
55009021000,9.177698353182752,3.034777014373717
55009021100,9.178209378507871,3.03229212183436
55009021200,9.174859571526352,3.039460886379192
55009021301,9.159441229295003,3.04559774880219
55009021302,9.177249396988364,3.073956665297741
55009021303,9.184386564681725,3.04011475633128
55009021304,9.203519778234086,3.075123188227242
55009021400,9.231222676249144,3.196197399726215
55009021500,9.145757026694045,3.269102461327858
55009021600,8.802989379876797,3.192642338124572
55009940001,9.216884099931554,3.121095790554415
55009940002,9.150937344284736,3.107517739904175
55009940003,9.124277085557837,3.085002290896646
55009940004,9.126872180013689,3.065688264202601
55011960100,8.689046160848734,3.845873272416153
55011960200,8.690583272416153,3.86788959890486
55011960300,8.780506916495551,3.869037652977413
55011960400,8.783314648870637,3.844207611909651
55011960500,8.883517049281314,3.809606045859001
55013970400,7.18886267008898,3.385951386721424
55013970600,7.488729733744011,3.516654577002053
55013970700,7.452006751540041,3.485856114989733
55013970800,7.606665598220397,3.54595035523614
55013970900,7.589220729637235,3.527168271047228
55013971000,7.80837872347707,3.58579962422998
55015020100,9.17414031485284,3.334871359342916
55015020200,9.139662202600958,3.415221060232717
55015020303,9.411989412046544,3.244543008213552
55015020304,9.415077565366188,3.240494057494866
55015020306,9.363611268309377,3.347462841204654
55015020308,9.415930284736482,3.30590492881588
55015020400,9.23542788569473,3.506854070499658
55015020500,9.153451274469541,3.454000976043806
55015020600,9.086768839151266,3.56388172347707
55015020700,9.402140038329911,3.253008932238193
55015020800,9.413754581793292,3.260838996577686
55017010100,8.658284060232717,3.889027108145106
55017010200,8.601375136892539,3.881574402464066
55017010300,8.519441063655031,3.858002906913073
55017010400,8.525797786447639,3.860141006844627
55017010500,8.433240883641342,3.827647739219712
55017010700,8.457063942505134,3.832614392881588
55017010800,8.179471255989049,3.733520395619439
55017010900,7.88590520054757,3.657190160848734
55017011000,8.048830269678302,3.713183131416838
55017011100,7.937588991101985,3.68784776659822
55017011200,8.247362407255305,3.77948573853525
55019950100,8.08483949486653,3.744632825462012
55019950200,8.067811334017796,3.728302047912389
55019950300,8.030450348391513,3.70531550513347
55019950400,8.089917190965092,3.725653648186174
55019950500,8.193896811772758,3.784790204654346
55019950600,8.249899088295688,3.785890164271047
55019950700,8.22180713963039,3.76630867008898
55019950800,8.223122044490075,3.759935580424367
55021970100,9.28744364476386,3.695651156741958
55021970200,9.280156891854894,3.6947896954141
55021970300,9.148071447638604,3.710622724161533
55021970400,9.280555896646133,3.701336377823409
55021970500,9.277093449691992,3.702658075975359
55021970600,9.334235845995893,3.681578770704997
55021970700,9.391599338809035,3.618658039698836
55021970800,9.360443356605065,3.529029162902122
55021970900,9.451733462696783,3.562529529089665
55021971000,9.46354820054757,3.629077524298426
55021971100,9.525398245722108,3.664009788501027
55021971200,9.608506054072553,3.692981553730322
55023960100,8.923955075290897,3.834903732375086
55023960200,8.941910162902122,3.847461145790554
55023960300,9.018928656399726,3.837892668720055
55023960400,9.150238855578371,3.869166199178645
55023960500,9.202316054757016,3.887528757700205
55023960600,9.209807325804244,3.878929654346338
55025000100,9.842023890485968,3.267132097193703
55025000201,9.8445879137577,3.272804331964408
55025000202,9.826093149897331,3.298282958247776
55025000204,9.79402077412731,3.322357797399042
55025000205,9.806408543463381,3.306780514715948
55025000300,9.869736299794661,3.247745499657769
55025000401,9.886742991786448,3.256031788501027
55025000402,9.870461850787132,3.27632297467488
55025000405,9.801852934976044,3.337628015058179
55025000406,9.782443435318275,3.353134619438741
55025000407,9.829447292265572,3.313881173853525
55025000408,9.829917169062286,3.29975675633128
55025000501,9.863902584531143,3.315188902121834
55025000503,9.835557639972622,3.346718527036276
55025000504,9.794645761806982,3.364111169062286
55025000600,9.880958603011636,3.326810770020534
55025000700,9.898510027378508,3.287628145790554
55025000800,9.889811590006845,3.226139443531828
55025000901,9.927221967145791,3.246640885010267
55025000902,9.919022424366872,3.230362987679672
55025001000,9.917562557837098,3.253307908966461
55025001101,9.955218212183436,3.269333250513347
55025001102,9.946071124572211,3.26349431211499
55025001200,9.95922094934976,3.28158507871321
55025001300,9.985693292950034,3.321392744010951
55025001401,9.98510934770705,3.339403869267625
55025001402,9.938905386721424,3.302129387405886
55025001403,9.933918771389459,3.353088783025325
55025001501,10.028304420944558,3.392240366187543
55025001502,10.027127503764545,3.40738649486653
55025001603,9.973435388774812,3.293292802874743
55025001604,9.97912539835729,3.303320043805613
55025001605,9.984087125941136,3.306206688569473
55025001606,9.97706707118412,3.299353655715264
55025001704,9.99359202532512,3.313382097193703
55025001705,9.994998094455852,3.32311364202601
55025001802,9.994179546885695,3.338008354551677
55025001804,9.994760989048597,3.343750250513347
55025001900,10.010669258042437,3.355646480492813
55025002000,10.007995483230664,3.397461342231348
55025002100,9.992190587268994,3.37002205065024
55025002200,9.951202633127994,3.373345049965777
55025002301,9.919730924709103,3.367113649555099
55025002302,9.882844620123203,3.352715490759754
55025002401,9.892250836413416,3.383761899383984
55025002402,9.923559780287474,3.389795259411362
55025002500,9.954800413415469,3.413188577686516
55025002601,9.993267490075291,3.426177424366872
55025002602,9.955096808350445,3.456173626283368
55025002603,9.996303698836413,3.466843311430527
55025002700,10.02105376659822,3.419340613278576
55025002800,10.042633550308008,3.4351286091718
55025002900,10.049547961670089,3.444222368240931
55025003001,10.035193083504449,3.466106158110883
55025003002,10.02066884257358,3.458785622176591
55025003100,10.052095232717317,3.476144787816564
55025003200,9.901582611225188,3.232143983572895
55025010100,9.880088638603696,3.231838914442163
55025010200,9.961991040383299,3.358418348391513
55025010300,10.045539910335387,3.410620055441478
55025010400,10.044155307323751,3.41877628678987
55025010501,10.055943708418891,3.494758523613963
55025010502,10.043257077344285,3.547595289527721
55025010600,10.004455703627652,3.518671125941136
55025010701,9.891562449691992,3.387129735797399
55025010702,9.861951371663244,3.427730730321698
55025010800,9.749250776180698,3.405334836413416
55025010901,9.729309752908966,3.356255997262149
55025010903,9.728437319644079,3.381710590006845
55025010904,9.67155159137577,3.381194715263518
55025011000,9.794883978097194,3.312671839151266
55025011101,9.792244141683778,3.308118073237509
55025011102,9.792110819301848,3.319342868583162
55025011200,9.762160149897331,3.391452482546201
55025011301,9.695920691307324,3.428932336071184
55025011302,9.751951478439425,3.409059264202601
55025011401,10.049191301848049,3.513813498973306
55025011402,9.933233102669404,3.505362123887748
55025011503,9.824847568788501,3.571803557837098
55025011504,9.877869271047228,3.548559256673511
55025011505,9.870020908966461,3.576446895277207
55025011506,9.906456643394935,3.563189045859001
55025011600,9.844882952087611,3.601247998631075
55025011700,9.839093622861054,3.609845006160164
55025011800,9.821886080766598,3.692951219712526
55025011900,10.042321485284052,3.75417162422998
55025012001,10.028514052019165,3.603581128678987
55025012002,10.055789239561944,3.646622468172485
55025012100,10.050465561943874,3.798498787816564
55025012201,10.024403126625599,3.689574299794661
55025012202,10.000846225188227,3.656132509924709
55025012300,9.99940623340178,3.704291029431896
55025012400,9.901302915811088,3.60893979945243
55025012501,9.927745342231348,3.559315954825462
55025012502,9.898861948665298,3.514657561259411
55025012600,9.586768872689938,3.571009790554415
55025012700,9.441468379876797,3.523352208761122
55025012800,9.468403648870637,3.526396772073922
55025012900,9.43668242642026,3.459465221765914
55025013000,9.510307993155373,3.434218569472964
55025013100,9.296993542778918,3.524419032169747
55025013200,9.633192268309377,3.48327547980835
55025013301,9.722939156057495,3.532605383983573
55025013302,9.70281937303217,3.519704077344285
55025013700,9.743343263518138,3.452741080082136
55025991702,9.902634866529774,3.281886938398357
55025991703,10.031382411362081,3.374011467488022
55027960100,9.359997147843942,3.689849696783025
55027960200,9.374007521560575,3.659970171800137
55027960300,9.314977971252567,3.676994966461328
55027960400,9.425926980835044,3.69297554072553
55027960500,9.307682217659138,3.703389286105407
55027960600,9.462289154004107,3.707812771389459
55027960700,9.48513826899384,3.704840537303217
55027960800,9.499577605065024,3.703382965776865
55027960900,9.516323967830253,3.709894052019165
55027961000,9.508347003422314,3.707070239561944
55027961100,9.568894646817248,3.705189796030116
55027961200,9.454003805612594,3.625445661875428
55027961300,9.425042290896646,3.663747496919918
55027961400,9.503850637234771,3.709509956194387
55027961500,9.694969899383984,3.822667875427789
55027961600,9.712709499657769,3.804381776865161
55027961700,9.76576518275154,3.799552444900753
55027961800,9.658596654346338,3.736983822039699
55027961900,9.8492888678987,3.840505493497604
55027962000,9.856457929500342,3.847560161533196
55029100100,7.14517160164271,3.393379783025325
55029100300,7.442689727583847,3.433054673511294
55029100400,7.530223526351814,3.423644095824778
55029100500,7.638378798767967,3.400817602327173
55029100600,8.049730368925394,3.347526022587269
55029100700,7.758222038329911,3.387345880219028
55029100800,7.807596430527036,3.381853844626968
55029100900,7.940327517453799,3.376046480492813
55029101000,8.143939805612594,3.341182639288159
55031020300,7.561869374401095,3.196556336071184
55031020400,7.549255278576318,3.207186010951403
55031020500,7.572508065708419,3.204863523613963
55031020600,7.596895507186858,3.206205054757016
55031020700,7.616959405201916,3.23329852019165
55031020800,7.571456473648186,3.238797835728953
55031020900,7.523848300479124,3.21904192128679
55031021000,7.354817631074606,3.195933438056126
55031021100,7.57403934017796,3.185054331964408
55031030100,6.801889524982888,3.109589936344969
55031030200,7.244781839835729,3.208295658453114
55031030300,6.831709692676249,3.18495827652293
55033970100,8.189527550308008,3.735647676249144
55033970200,8.392963324435318,3.776575171800137
55033970300,8.432997893908282,3.821302504449008
55033970400,8.639042280629706,3.873312633127994
55033970500,8.559608841889117,3.847794676933607
55033970600,8.592065770704997,3.832889767967146
55033970700,8.612449778918549,3.861301271731691
55033970800,8.600830782340862,3.859856557152635
55035000100,8.247325326488706,3.734837224503764
55035000200,8.489615696098563,3.802026490075291
55035000301,8.575457006844627,3.848171546885695
55035000302,8.668125171115674,3.859197575633128
55035000400,8.728434509240246,3.89147446201232
55035000501,8.70205758384668,3.898996344284736
55035000502,8.698443542094456,3.89366393155373
55035000600,8.726575280629706,3.895358861738535
55035000700,8.744296597535934,3.900635788501027
55035000801,8.736963513347023,3.892839094455852
55035000802,8.73244594934976,3.891284287474333
55035000803,8.731103897330596,3.884162038329911
55035000900,8.732065392197125,3.893374302532512
55035001101,8.736749549623546,3.893397344284736
55035001200,8.722696848733744,3.892576138261465
55035001300,8.703172815879535,3.898776340862423
55035001400,8.710268937713895,3.899628097878166
55035001500,8.693054845995893,3.89458479945243
55035001600,8.684909968514716,3.871928772758385
55035001700,8.73323168514716,3.899624660506502
55037190100,6.86098262422998,3.357407416837782
55037190200,6.859770247091034,3.3271325229295
55039040100,9.286186413415469,3.673624546201232
55039040200,9.288523042436687,3.675217463381246
55039040300,9.287468924709103,3.676135238877481
55039040400,9.289872572210814,3.675306930184805
55039040500,9.288739664613279,3.677250473648186
55039040700,9.2950648275154,3.683017073921971
55039040800,9.297313385352498,3.682877911019849
55039040900,9.294731167008898,3.679088777549624
55039041000,9.296447717316906,3.684320646132786
55039041100,9.296233764544832,3.684250858316222
55039041300,9.27525707871321,3.663966565366188
55039041400,9.241737582477755,3.661435330595482
55039041500,9.146730665982204,3.669947220396988
55039041600,9.118773732375086,3.674931858316222
55039041700,9.224464319644079,3.690384074606434
55039041800,9.273680281998631,3.683128519507187
55039041900,9.293895526351814,3.6980390862423
55039042000,9.253543301848049,3.659349407939767
55039042100,9.168240026694045,3.620594590691307
55039042200,9.314294462696783,3.728605539356605
55041950100,6.802355354551677,3.292906413415469
55041950200,6.970568049965777,3.273531899383984
55041950300,6.98061844421629,3.270239794661191
55041950400,7.087887333333333,3.325638321013005
55043960100,9.13589217522245,3.804727801505818
55043960200,9.065015572210814,3.819339185489391
55043960300,9.195685228610541,3.824633702258727
55043960400,9.263113759069131,3.845845806297057
55043960500,9.452423029431896,3.797591237508556
55043960600,9.425058433264887,3.791519785078713
55043960700,9.422915499657769,3.795848273785079
55043960800,9.665428445585216,3.760698865845311
55043960900,9.616538082819986,3.819893103353867
55043961000,9.600253453798768,3.811626088980151
55043961100,9.809154874058864,3.824708475017112
55043961200,9.923002284052019,3.866772947296372
55045960100,9.78606715468857,3.694548043805613
55045960200,9.642700107460643,3.716811655715264
55045960300,9.848504821355236,3.829482044490075
55045960400,9.83342225119781,3.855993869952088
55045960500,9.851809559206023,3.86998233744011
55045960600,9.865071039698836,3.869332555099247
55045960700,9.865240145790554,3.877390984941821
55045960800,9.944489971937029,3.909215692676249
55047100100,9.006038004106776,3.655481988364134
55047100200,8.981241285420945,3.66153441889117
55047100300,8.993632679671458,3.705092101984942
55047100400,9.104844670773443,3.696684144421629
55047100500,9.101617156741958,3.716334553730322
55047100600,9.17907685284052,3.706364881587954
55049950100,9.174882488706366,3.648528088295688
55049950200,9.111988681040383,3.754566258726899
55049950300,9.314991146475017,3.777298568104038
55049950400,9.306999034907598,3.730570940451745
55049950500,9.371620782340862,3.678983226557153
55049950600,9.415814760438056,3.772066140314853
55051180100,6.756237856947296,3.290207807665982
55051180200,6.609196386036961,3.221262754277892
55051180300,6.679963017111567,3.26095876386037
55053960100,8.297460366187543,3.770076371663244
55053960200,8.473819349075975,3.833070633812457
55053960300,8.5299398275154,3.834375724161533
55053960400,8.66814679192334,3.834701773442847
55053960500,8.551208043805613,3.841701234770705
55055100100,9.907322383983573,3.867177613963039
55055100200,9.867550844626968,3.851951099247091
55055100300,9.888446168377823,3.861318008898015
55055100400,9.900517902806297,3.812224518138262
55055100500,10.018408397672827,3.854711037645448
55055100601,10.011883063655031,3.817433600273785
55055100602,10.081150737166324,3.88741119028063
55055100700,10.056391514031485,3.931567300479124
55055100800,10.037758221765914,3.958171911704312
55055100900,10.138270263518138,3.997366704996578
55055101000,10.083872351813826,3.922651235455168
55055101100,10.107278672142368,3.938769995208761
55055101201,10.121837198494182,3.925309803559206
55055101202,10.172908186173854,3.996433169062286
55055101300,10.130322058179329,3.939513246406571
55055101400,10.149962389459274,3.964583223134839
55055101500,10.146726865160849,3.964987481861738
55055101600,10.190949622861054,4.043480419575633
55055101701,9.976660084873374,3.89859764202601
55055101702,9.897146976728268,3.894917169746749
55057100100,8.43280037577002,3.787875776180698
55057100200,8.769980621492129,3.8493971321013
55057100300,8.70307710403833,3.831885952772074
55057100400,8.825577116358658,3.831509818617385
55057100500,8.860144260780288,3.829350795345654
55057100600,8.857320521560575,3.822380302532512
55057100700,8.937083360027378,3.806631702258727
55059000100,10.340137161533196,4.094483467488022
55059000300,10.336811158110883,4.083149606433949
55059000400,10.36112150513347,4.087626174537988
55059000500,10.35541220054757,4.090518730321698
55059000601,10.446628602327173,4.12577635797399
55059000602,10.396606173853525,4.102718412731006
55059000700,10.40677650513347,4.105448572210814
55059000800,10.376829998631075,4.091659562628337
55059000900,10.360296219712526,4.076872969883641
55059001000,10.332120759753593,4.069367405201916
55059001100,10.371763137577002,4.074422405201916
55059001200,10.386561646817248,4.087876569472964
55059001300,10.424594901437372,4.108846065023956
55059001400,10.430795085557837,4.103794622861054
55059001500,10.40520268514716,4.080968302532512
55059001600,10.380846409308693,4.080702954825462
55059001700,10.378600711841205,4.070568070499658
55059001800,10.350013986310746,4.066208221081451
55059001900,10.333193620807666,4.061352077344285
55059002000,10.402900495550992,4.048289054757016
55059002100,10.381192518822724,4.063959332648871
55059002200,10.383986797399042,4.070870094455852
55059002300,10.421292623545517,4.07955502532512
55059002400,10.442747415468857,4.09162993155373
55059002500,10.466667343600274,4.099029649555099
55059002601,10.494968149212868,4.123185735797399
55059002602,10.520279898699521,4.11513351266256
55059002700,10.580590284052019,4.162808066392882
55059002800,10.535713156057495,4.180832167008898
55059002903,10.557549785763176,4.191432918548939
55059002904,10.580949273785079,4.18699049486653
55059002905,10.570579406570842,4.185486106091718
55059002906,10.589401171800137,4.180485840520192
55059003001,10.510507323750856,4.19126429705681
55059003002,10.551617948665298,4.197471423682409
55061960100,8.075412344969199,3.32274280971937
55061960200,8.201125010951403,3.322680764544832
55061960400,8.52933090622861,3.274151780287474
55061960500,8.608107595482546,3.325253728952772
55063000100,9.047911367556468,3.791082164271047
55063000200,9.050137584531143,3.769131494182067
55063000300,9.044407328542094,3.768505902121834
55063000400,9.044261682409309,3.761343631074606
55063000500,9.054566629705681,3.767509595482546
55063000600,9.043955978781656,3.761732887063655
55063000700,9.027166507186858,3.752742381930185
55063000800,9.034763180013689,3.749873389459274
55063000900,9.01295674880219,3.73207172073922
55063001000,9.019242820670773,3.738551206023272
55063001101,9.016321234086242,3.739222596851472
55063001102,8.993555603696099,3.722688288158795
55063001200,9.005711347022587,3.730559466119096
55063010101,8.824247219712526,3.809229117043121
55063010102,8.92388009377139,3.808960228610541
55063010201,8.927391874743326,3.815930545516769
55063010202,9.000672223134839,3.805237023271732
55063010203,9.005455596167009,3.799351942505134
55063010300,9.040105635181383,3.781112478439425
55063010401,8.988902541409993,3.803870414099932
55063010402,9.02947071321013,3.797726563997262
55063010500,9.031472034223135,3.793849437371663
55063010600,9.000211737166324,3.776748057494866
55063010700,8.97013588569473,3.743202778234086
55063010800,8.887233685831622,3.787058389459274
55065970100,9.596917657768652,3.783343639288159
55065970200,9.580933446954141,3.825186457221082
55065970300,9.679730633812457,3.843949123203285
55065970400,9.788925818617385,3.848509793292266
55065970500,9.750757239561944,3.851946353867214
55067960100,7.240879614647502,3.399990433264887
55067960300,7.576245843942505,3.506393933607118
55067960400,7.725008175906913,3.508489252566735
55067960500,7.299935329226557,3.353958978781656
55067960600,7.714151149897331,3.534884830937714
55067960700,7.723827080766598,3.538670455852156
55069960100,7.269039174537988,3.45352729705681
55069960200,7.290513596167009,3.477612887748118
55069960300,7.175332292265572,3.438430715947981
55069960400,7.4757992183436,3.536267707049966
55069960500,7.363371605065024,3.483059289527721
55069960600,7.720660026694045,3.595980997946612
55069960700,7.588542009582478,3.566902893908282
55069960800,7.827639758384668,3.655427130732375
55069960900,7.823170864476386,3.648405660506502
55069961000,7.870906381930185,3.664933750855578
55071000100,8.752350681724846,3.500932318959617
55071000200,8.819723909650924,3.510745619438741
55071000300,8.878189957563313,3.528018192334018
55071000400,8.755790340862423,3.516490868583162
55071000500,8.786257155373032,3.528858184804928
55071000600,8.856763698151951,3.546720577002053
55071000700,8.779253415468857,3.544336856947296
55071000800,8.754846037645448,3.537135273100616
55071005100,8.54883370568104,3.466133491444216
55071005200,8.643999384668036,3.468521000684463
55071005300,8.580278360027378,3.478543041067762
55071005400,8.659059967830253,3.486599044490075
55071010100,8.592869091033539,3.419071031485284
55071010200,8.888936994524298,3.393973661190965
55071010300,9.051640140314853,3.412089826146475
55071010400,9.021985747433265,3.521372377823409
55071010500,8.936979206023272,3.557020124572211
55071010600,9.027683713894593,3.612213930184805
55071010700,9.084319874743326,3.599564079397673
55073000100,8.357326585215606,3.812607386721424
55073000200,8.34082214715948,3.808343748117728
55073000300,8.285463794661191,3.784346199178645
55073000400,8.303778536618754,3.796676407255305
55073000500,8.349357947980835,3.813376506502396
55073000601,8.372515201916496,3.82758990622861
55073000602,8.387469700889802,3.830498760438056
55073000700,8.381223973305955,3.817271814510609
55073000800,8.41986392881588,3.831738242299795
55073000900,8.434960513347023,3.835073421629021
55073001000,8.426403811088296,3.830895230663929
55073001102,8.333504965776865,3.790511747433265
55073001103,8.401121497604381,3.819670622176591
55073001104,8.423412664613279,3.82531432991102
55073001201,8.398013051334702,3.798892629705681
55073001202,8.35439587063655,3.817086181382615
55073001300,8.397804952772074,3.829775287474333
55073001400,8.235561412046544,3.789117778918549
55073001500,8.121133514715948,3.733637797399042
55073001600,8.038587203285421,3.650051116358658
55073001700,8.216800564681725,3.677612359342916
55073001800,8.345151877481177,3.808777284736482
55073001900,8.226097953456537,3.788402963723477
55073002000,8.220629872689938,3.797942776865161
55073002100,8.24764298220397,3.808421831622177
55073002200,8.108520247775496,3.759488917180014
55073002300,7.989908641341547,3.716769212183436
55075960100,7.155532061601643,3.451114296372348
55075960200,7.016052485968515,3.328145323750856
55075960600,7.370647641341547,3.405741783025325
55075960700,7.355936671457906,3.341186633812457
55075960800,7.537942444900753,3.415301313483915
55075960900,7.705609366872006,3.481616193702943
55075961000,7.802960413415469,3.419324801505818
55075961100,8.007617734428474,3.453294363449692
55075961200,8.075714256673511,3.490681389459274
55075961300,8.043432941136208,3.536979609856263
55075961400,8.088506015058179,3.544702937713895
55075961500,8.100603850102669,3.561157342231348
55077960100,8.833405849418207,3.743949843258042
55077960200,8.969114632443532,3.746715098562628
55077960300,9.07391328678987,3.730350442162902
55077960400,9.073516665297741,3.734858501026694
55077960500,8.90189773100616,3.751341557152635
55078940101,8.094843790554415,3.444002874743326
55078940102,7.734082865160849,3.41353950513347
55079000101,10.087499817932923,3.946317222450376
55079000102,10.150656119096509,3.953355947980835
55079000201,10.110660400410678,3.949916891170431
55079000202,10.167083470910335,3.955116498288843
55079000301,10.238702645448323,3.962627947980835
55079000302,10.229473631759069,3.964049910335387
55079000303,10.254748864476386,3.963254248459959
55079000304,10.210502184804928,3.954406825462012
55079000400,10.295788813826146,3.959164972621492
55079000501,10.293024578370979,3.964286930869268
55079000502,10.259985356605065,3.953305663928816
55079000600,10.216077782340862,3.951368106776181
55079000700,10.165299794661191,3.951502952087611
55079000800,10.201162336755647,3.944893501711157
55079000900,10.14403137577002,3.935499492128679
55079001000,10.220894622861054,3.934901169062286
55079001100,10.227441381930185,3.940967131416838
55079001200,10.234377642710472,3.938694841204654
55079001300,10.249578362765229,3.946946815879535
55079001400,10.247326183436003,3.953698291581109
55079001500,10.263974110198494,3.955267793292266
55079001600,10.291835597535934,3.960214210130048
55079001700,10.314736869267625,3.96402096440794
55079001800,10.275975156741958,3.951711496235455
55079001900,10.274004598220397,3.944859223819302
55079002000,10.261382718685832,3.937017913073238
55079002100,10.240633614647502,3.92838114715948
55079002200,10.216933743326489,3.923511399726215
55079002300,10.245729972621492,3.917181464750171
55079002400,10.266697203969884,3.928042338809035
55079002500,10.274211639288159,3.932985230663929
55079002600,10.294622499657769,3.933797932922656
55079002700,10.297752158110883,3.943454417522245
55079002800,10.280053069815195,3.935989091718001
55079002900,10.287814798083504,3.94041467761807
55079003000,10.298451228610541,3.948299620123203
55079003100,10.30797790622861,3.943877112936345
55079003200,10.321205686516085,3.948169918548939
55079003300,10.330920030800821,3.96450009377139
55079003400,10.352245684462697,3.960439540041068
55079003500,10.339121585900068,3.949132531827515
55079003600,10.332542432580424,3.940147763175907
55079003700,10.343626409993155,3.933883377138946
55079003800,10.337161580424367,3.925709425735797
55079003900,10.324716830253251,3.922862868583162
55079004000,10.319758692676249,3.933273592744695
55079004100,10.299487765913758,3.925658800136892
55079004200,10.285949948665298,3.920429863107461
55079004300,10.269726136892539,3.911995517453799
55079004400,10.243105471594798,3.907911348391513
55079004500,10.283245570157426,3.913537693360712
55079004600,10.289016774811773,3.910108700889802
55079004700,10.311456788501027,3.914886306639288
55079004800,10.339125143737166,3.920938306639288
55079004900,10.355491508555784,3.930116125941136
55079005000,10.356695623545517,3.935325013689254
55079005100,10.359376362080767,3.943697185489391
55079005200,10.365639201232033,3.962883765229295
55079005300,10.382479391512663,3.955420028062971
55079005400,10.385516362765229,3.969380004106776
55079005500,10.373475141683778,3.959887956194387
55079005600,10.394259984257358,3.959091572210814
55079005700,10.390900570157426,3.959275371663244
55079005800,10.380026785763176,3.94494139835729
55079005900,10.381332052703628,3.93735832991102
55079006000,10.367503057494866,3.930729482546201
55079006100,10.355955382614648,3.915401227926078
55079006200,10.354274090349076,3.91993909650924
55079006300,10.331613863107461,3.913431503764545
55079006400,10.323120240246407,3.907695057494866
55079006500,10.310425952087611,3.907458746748802
55079006600,10.308061024640657,3.904650507186858
55079006700,10.297350356605065,3.8975107816564
55079006800,10.288923323066393,3.901185188227242
55079006900,10.26882,3.904668461327858
55079007000,10.276342621492129,3.893787362765229
55079007100,10.262920958247776,3.892170032854209
55079007200,10.25305083504449,3.897548561943874
55079007300,10.235158546201232,3.895322267624914
55079007400,10.206512460643395,3.904492658453114
55079007500,10.227899265571526,3.897493850787132
55079007600,10.237248097193703,3.891780156741958
55079007700,10.246107470910335,3.888412092402464
55079007800,10.249380780971937,3.897345522245038
55079007900,10.266657314168378,3.890708203969884
55079008000,10.272795910335387,3.896657978097194
55079008100,10.274019150581793,3.885197248459959
55079008400,10.308848432580424,3.889109132785763
55079008500,10.317878485968515,3.893924516084873
55079008600,10.325715808350445,3.898726335386721
55079008700,10.333783605749487,3.903170166324435
55079008800,10.327789422313484,3.891280001368925
55079008900,10.348595993155373,3.910445336071184
55079009000,10.370953281998631,3.911181481177276
55079009100,10.378578254620123,3.92338065229295
55079009200,10.385557648186174,3.923162805612594
55079009300,10.381635005475702,3.930571421629021
55079009400,10.395052472279261,3.922459504449008
55079009500,10.397548254620123,3.914531485968515
55079009600,10.386798101300479,3.910622305954826
55079009700,10.368551214236824,3.899098683093771
55079009800,10.359396275154004,3.90231159137577
55079009900,10.351243265571526,3.90373879945243
55079010600,10.284747885010267,3.878248492813142
55079010700,10.276119112251882,3.880369809034908
55079010800,10.253991306639288,3.880634982888433
55079011000,10.277147362765229,3.876377500342231
55079011100,10.293985708418891,3.879825169062286
55079011200,10.274638737850787,3.884764687200548
55079011300,10.299663094455852,3.872827206707734
55079011400,10.297982441478439,3.873671376454483
55079012200,10.375090657084189,3.899219062970568
55079012300,10.387813542094456,3.900925451060917
55079012400,10.402873571526352,3.916767637234771
55079012500,10.40865314715948,3.914851449007529
55079012600,10.44015832991102,3.938061631759069
55079012700,10.45205654825462,3.954694776180698
55079012800,10.452832123203285,3.967801071868583
55079012900,10.452380257357974,3.940228509924709
55079013000,10.437047502395619,3.931492733059548
55079013300,10.401018859000684,3.901883765229295
55079013400,10.387274351129363,3.891348802874743
55079013500,10.38176906091718,3.894509106776181
55079013600,10.379762242299795,3.893897980835044
55079013700,10.370571594113621,3.88735435523614
55079014100,10.332214868583162,3.873277397672827
55079014300,10.290668798083504,3.873657023956194
55079014400,10.307447957563313,3.872640639972622
55079014600,10.352237240930869,3.875771875427789
55079014700,10.355775195071869,3.878983401779603
55079014800,10.364852976043806,3.885965453798768
55079014900,10.376205851471595,3.880085606433949
55079015700,10.367363585900068,3.867905743326489
55079015800,10.383246367556468,3.873201683778234
55079015900,10.396249637234771,3.882610169746749
55079016000,10.405529227241615,3.894917464750171
55079016100,10.413337859685147,3.894906674195756
55079016200,10.399678749486653,3.89155177412731
55079016300,10.38710098973306,3.870753171115674
55079016400,10.379821135523614,3.870731984257358
55079016500,10.335097824093087,3.87097231485284
55079016600,10.35101724366872,3.882577611909651
55079016700,10.372401878850103,3.880028551676934
55079016800,10.386984042436687,3.882324826146475
55079016900,10.396577,3.880512095824778
55079017000,10.409655596167009,3.89088483504449
55079017100,10.420211683093771,3.906397997946612
55079017200,10.435006531827515,3.905257702258727
55079017300,10.407206891170431,3.890408776865161
55079017400,10.401194354551677,3.891079945927447
55079017500,10.388598369609856,3.892069957563313
55079017600,10.380498633127994,3.887834106776181
55079017900,10.340633874058864,3.889781630390144
55079018000,10.31415514715948,3.897109611909651
55079018100,10.305847965776865,3.901242061601643
55079018200,10.286901075290897,3.89920170294319
55079018300,10.318889532511978,3.904443505817933
55079018400,10.341742862422998,3.899295066392882
55079018500,10.36113347980835,3.906993750855578
55079018600,10.372530506502396,3.899132676933607
55079018700,10.39073351266256,3.899412028062971
55079018800,10.402358531143053,3.895882607118412
55079018900,10.43020335523614,3.91400964476386
55079019000,10.451245009582478,3.925766572895277
55079019100,10.449410281998631,3.932908132785763
55079019200,10.470977120465435,3.945453492128679
55079019300,10.473172955509925,3.951069090349076
55079019400,10.502589702258727,3.983186454483231
55079019500,10.501784076659822,3.987602133470226
55079019600,10.489474716632444,3.978005288843258
55079019700,10.494962249828884,3.97442278439425
55079019800,10.478217260095825,3.95630109650924
55079019900,10.471045925393566,3.955924856262834
55079020000,10.435402915126626,3.920668407939767
55079020100,10.423743889801506,3.912044472963724
55079020200,10.425076031485284,3.930346473648186
55079020300,10.404255097193703,3.913782818617385
55079020400,10.406901763175907,3.910862585900068
55079020500,10.380411854209446,3.908113351813826
55079020600,10.347409216974675,3.910824091033539
55079020700,10.322012248459959,3.910048805612594
55079020800,10.287586696098563,3.916616743326489
55079020900,10.363011697467488,3.925593234086242
55079021000,10.349261882956879,3.926373285420945
55079021100,10.37703710403833,3.924313511293634
55079021200,10.39370123340178,3.932896754277892
55079021300,10.420887151266256,3.929156580424367
55079021400,10.421299892539357,3.936428846680356
55079021500,10.430612503764545,3.950319023271732
55079021600,10.396510587268994,3.939281288843258
55079021700,10.369182755646817,3.946236700889802
55079021800,10.442535221081451,3.953926894592745
55079030100,9.970328247091034,3.914424457221082
55079035100,10.029244971252567,3.916109134839151
55079035200,10.045236208761122,3.925490626283368
55079040100,10.052470290896646,3.92909964476386
55079050101,10.090968991786448,3.942349599589322
55079050102,10.092906147843942,3.939669876112252
55079060101,10.12842778439425,3.924582793292266
55079060102,10.123248202600958,3.929771333333333
55079060200,10.205146561943874,3.925468095824778
55079070100,10.158322618754278,3.913613453798768
55079070200,10.159861633127994,3.914270406570842
55079070300,10.184591937029432,3.908152133470226
55079080100,10.209389503080082,3.906584140314853
55079080200,10.197732076659822,3.910117943189596
55079080300,10.187462310061602,3.911019405201916
55079080400,10.218507821355236,3.902814210130048
55079090100,10.339676637919233,3.968539589322382
55079090200,10.367657847364819,3.965105628336756
55079090300,10.395435707734428,3.973722238877481
55079090600,10.440227536618754,3.973511694729637
55079090700,10.417737745379877,3.955893743326489
55079090800,10.402957848733744,3.947892683778234
55079090900,10.393029501026694,3.9372624770705
55079091000,10.391970728268309,3.944085273785079
55079091100,10.419900757700205,3.947245266940452
55079091200,10.428249986995209,3.943234514031485
55079091300,10.436630958932238,3.937182427789186
55079091400,10.429046507871321,3.934673209445585
55079100100,10.448842234086242,3.924667134839151
55079100200,10.45460567761807,3.935941819301848
55079100300,10.458035387405886,3.948496574264203
55079100400,10.463929153319644,3.948254489390828
55079100500,10.474289558521561,3.966443745379877
55079100600,10.462701169062286,3.95849407871321
55079100700,10.46148513963039,3.96992841889117
55079100800,10.460412466803559,3.980411224503764
55079100900,10.48203552019165,3.982370850787132
55079101000,10.492155854893908,3.996890392881588
55079101100,10.499232036960986,3.995612819986311
55079101200,10.493899420260096,3.983780752908966
55079101300,10.493086800821355,3.978188082135524
55079101400,10.482337917180014,3.9766119137577
55079101500,10.46615215742642,3.958740713894593
55079101600,10.464561223134839,3.942401083504449
55079101700,10.479513466803559,3.955428697467488
55079101800,10.487908430527036,3.964289708418891
55079110100,10.440483293634497,3.917829260095825
55079120101,10.505683642710472,4.009272120465435
55079120102,10.509381726214921,4.000878692676249
55079120201,10.500973887063655,3.985958618069815
55079120202,10.483379937029432,3.971673711841205
55079120203,10.492204160164271,3.986955551676934
55079120300,10.464569299794661,3.946636943189596
55079120400,10.454086429158111,3.949957531827515
55079120501,10.450457467488022,3.965528759069131
55079120502,10.445977413415469,3.959325436002738
55079130100,10.496167441478439,4.010241034907598
55079130200,10.487502461327858,4.01891177412731
55079140100,10.487347613278576,4.001139264202601
55079140201,10.475691396988364,3.992007983572895
55079140202,10.4678033908282,3.988706464065708
55079150100,10.452246353867214,3.997048862422998
55079150301,10.474983698151951,4.041241881587954
55079150303,10.465073984257358,4.035225444900753
55079150304,10.47579309650924,4.019766012320328
55079160100,10.365873033538672,3.966387008213552
55079160202,10.291333729637235,4.003535866529774
55079160203,10.371399950718686,3.992057425735797
55079160204,10.392821821355236,4.009196370978782
55079160300,10.343775855578371,4.028709220396988
55079170100,10.225948993839836,3.954152848049281
55079170200,10.286577032854209,3.961635198494182
55079170300,10.29536205338809,3.971827637234771
55079170400,10.286292811772758,3.976134849418207
55079170500,10.244778436002738,3.980461156741958
55079170600,10.261640453114305,3.960690934976044
55079170700,10.233268950718686,3.967554122518823
55079180100,10.217325605065024,3.925939675564682
55079180200,10.230559546201232,3.928992390143737
55079180300,10.279036190965092,3.933803206707734
55079180400,10.233646973305955,3.941738622176591
55079180500,10.291963045174538,3.941232788501027
55079185100,10.25602631485284,3.913216853524983
55079185200,10.307484281998631,3.930077841889117
55079185300,10.426893273785079,3.966720188911704
55079185400,10.332377288843258,3.889650023271732
55079185500,10.322003182067077,3.887845154004107
55079185600,10.302060052019165,3.874788434633812
55079185700,10.294092561943874,3.889192049281314
55079185800,10.355433990417522,3.893842275838467
55079185900,10.34261220054757,3.881356164271047
55079186000,10.327211328542094,3.883344507871321
55079186100,10.361190305270363,3.888348041067762
55079186200,10.34750459890486,3.879033610540726
55079186300,10.33386228678987,3.865671402464066
55079186400,10.3539653045859,3.872960906913073
55079186500,10.336881385352498,3.87322767761807
55079186600,10.354676165639973,3.889389507871321
55079186800,10.394150492128679,3.891703958932238
55079186900,10.255528394250513,3.881156361396304
55079187000,10.253045092402464,3.89023332991102
55079187200,10.455103028062971,4.045112917864476
55079187300,10.44514856605065,4.024595325119781
55079187400,10.312362173169062,3.871834095824778
55079980000,10.250121331964408,3.880965923340178
55081950100,8.509931225188227,3.806536292265572
55081950200,8.620748425051335,3.813258780971937
55081950300,8.769174015058179,3.8206094366872
55081950400,8.742332460643395,3.830642999315537
55081950500,8.651434377138946,3.838260254620123
55081950600,8.664609506502396,3.84184036550308
55081950700,8.726759615331964,3.840205835728953
55081950800,8.745060208761122,3.833671320328542
55081950900,8.796415372347707,3.812427882272416
55083100300,7.22461628678987,3.299577555099247
55083100500,7.546452653661875,3.337640561943874
55083100600,7.83377202532512,3.357663804243669
55083100700,8.016331149212868,3.354096776180698
55083100800,7.995961561943874,3.379331939767283
55083100900,8.120996095824778,3.408751279945243
55083101000,8.231484093086927,3.365256958247776
55083101100,8.345246777549624,3.3200832183436
55083101200,8.161740733059548,3.356940103353867
55083101300,8.514448141683778,3.266736383983573
55085970101,6.952724733744011,3.350772156741958
55085970102,7.130416238877481,3.39556177412731
55085970400,7.199877349075975,3.42499886036961
55085970500,7.193053683778234,3.429087070499658
55085970601,7.143718349075975,3.41864047980835
55085970602,7.058768036276523,3.387200474332649
55085970800,6.940557456536619,3.337239682409309
55085970900,6.98397057357974,3.357602980150582
55085971001,7.030147169746749,3.38459136550308
55085971002,6.872058722792608,3.32320496440794
55085971100,7.152497998631075,3.420968767967146
55085971300,6.908921830253251,3.329100613278576
55085971400,7.2078857816564,3.435249603011636
55085971500,7.21384933744011,3.436791052019165
55087010100,9.394993112936345,3.193349369609856
55087010200,9.393407890485968,3.204792926762491
55087010300,9.398104501711157,3.18598986036961
55087010500,9.399460255989049,3.186319180698152
55087010601,9.403443485284052,3.188771412731006
55087010602,9.409319637919233,3.219665823408624
55087010700,9.408427084873374,3.223793475017112
55087010800,9.414269115674196,3.238388991786448
55087010900,9.40034697467488,3.247492678986995
55087011000,9.397917684462697,3.244248696098563
55087011101,9.37765249486653,3.164636594798084
55087011102,9.375541709787817,3.21177588843258
55087011200,9.388839303901437,3.186440557152635
55087011300,9.396800290896646,3.170619783025325
55087011400,9.381856640657084,3.140434370294319
55087011501,9.392248511293634,3.158372279945243
55087011502,9.395247326488706,3.1492956091718
55087011600,9.412363314168378,3.211896904859685
55087011700,9.405224207392197,3.192132972621492
55087011800,9.410773761806982,3.197192746748802
55087011900,9.410760180013689,3.189247647501711
55087012000,9.405057908281999,3.228506884325804
55087012100,9.383399707049966,3.235776242984257
55087012200,9.395168765913758,3.216872759069131
55087012300,9.388944776865161,3.220363782340862
55087012400,9.391200650239562,3.209373574264203
55087012503,9.358229136208077,3.105378044490075
55087012504,9.365901045174538,3.105951099247091
55087012505,9.343891088980151,3.192360114989733
55087012506,9.365882300479124,3.262949014373717
55087012601,9.286483583162218,3.286415710472279
55087012602,9.120939152635181,3.384517015058179
55087012700,8.962932754962355,3.374434821355236
55087012800,9.041563472279261,3.261364582477755
55087012901,9.315000441478439,3.157375770704997
55087012902,9.247086941820671,3.180246568788501
55087013100,8.998227635181383,3.198778866529774
55087013200,8.761311393566051,3.326449338124572
55087013300,9.365479463381246,3.203567107460643
55087940000,9.154247963039014,3.160592368240931
55089610101,9.37774909650924,3.790597182067077
55089610102,9.270313821355236,3.755234813826146
55089620100,9.514955909650924,3.831797758384668
55089630100,9.43497094661191,3.822241262149213
55089630201,9.367722207392197,3.793820731690623
55089630202,9.473386080766598,3.82743529705681
55089640100,9.662646062286105,3.878020975359343
55089640200,9.609856747433265,3.862901745379877
55089650101,9.725203331964408,3.899013437371663
55089650102,9.754774338809035,3.90021329705681
55089650200,9.776399288158795,3.900711527720739
55089650300,9.693884342231348,3.880791585215606
55089660100,9.903890085557837,3.920051564681725
55089660201,9.94258619028063,3.933032902806297
55089660202,9.859442078028747,3.916066383983573
55089660301,9.876935290212183,3.916489461327858
55089660303,9.966012283367556,3.920637384668036
55089660304,9.915660720054757,3.91208006091718
55091950100,8.681342351129363,3.873651848049281
55091950200,8.778805423682409,3.872454613963039
55093960100,8.611139518822724,3.802530175906913
55093960200,8.79131511430527,3.785382977412731
55093960300,8.977573377823409,3.780522741957563
55093960400,9.041956104722793,3.78408680971937
55093960500,9.192675447638604,3.82005406091718
55093960600,8.984546266255989,3.86463945927447
55093960700,8.823787545516769,3.81848067761807
55093960800,8.766048995208761,3.846063661190965
55095960100,7.680841967145791,3.560839787132101
55095960200,7.939476472279261,3.607479969883641
55095960300,7.927904588637919,3.61589234770705
55095960500,8.001122125256674,3.629659005475702
55095960600,8.059631286105407,3.631047661875428
55095960700,8.258617184120465,3.670271470225873
55095960800,8.515008727583847,3.677526308692676
55095960900,8.310312941136208,3.66656493155373
55095961000,8.242435117727584,3.674015051334702
55095961100,8.10702874606434,3.668488333333333
55097960100,8.371873610540726,3.691698123887748
55097960200,8.508132262149213,3.827334241615332
55097960300,8.614984310061602,3.836093944558522
55097960400,8.613311819986311,3.818891616016427
55097960500,8.552295037645448,3.797421140999316
55097960600,8.53772990622861,3.719048401779603
55097960701,8.681389083504449,3.823057540041068
55097960702,8.667565214921287,3.822014963723477
55097960800,8.65862853045859,3.83204315742642
55097960900,8.649193837097878,3.836519765913758
55097961000,8.642066541409993,3.835116716632444
55097961100,8.694964595482546,3.868387954140999
55097961200,8.667422938398357,3.828385704996578
55097961300,8.559442179329227,3.710289327857632
55099970100,6.905049752224504,3.350583184120465
55099970200,6.912779795345654,3.361748494182067
55099970400,7.018429856262834,3.396356924709103
55099970500,6.985077980835044,3.380315173853525
55099970600,7.12250377412731,3.420644380561259
55099970700,7.225128592060233,3.448167184120465
55101000100,10.210755305954826,4.068868711841205
55101000200,10.210854626283368,4.066839994524298
55101000300,10.230979993155373,4.072987367556468
55101000400,10.228613629705681,4.069255049965777
55101000500,10.251337681724846,4.083775528405202
55101000600,10.27146927926078,4.080678027378508
55101000700,10.262705038329911,4.078852829568788
55101000800,10.26731426899384,4.086475882956879
55101000901,10.316686306639288,4.08923379192334
55101000903,10.313569062286105,4.093549830937714
55101000904,10.342032663928816,4.096334140314853
55101001001,10.325283945242984,4.092903067077344
55101001002,10.304544421629021,4.089186235455168
55101001003,10.299078186858316,4.087209199863108
55101001100,10.307356529774127,4.091384981519507
55101001201,10.26604658110883,4.067434327173169
55101001202,10.281607701574264,4.080757780971937
55101001301,10.23378024366872,4.06656579192334
55101001302,10.229718731690623,4.074607832991102
55101001400,10.201513258726899,4.053074046543463
55101001501,10.205051698151951,4.032319290212183
55101001502,10.221402212183436,4.050763311430527
55101001504,10.155834588637919,4.039917281998631
55101001505,10.126971861054073,4.032319459958932
55101001601,10.363558998631075,4.073991449007529
55101001602,10.326587829568788,4.081885242299795
55101001701,10.365784414099932,4.104208454483231
55101001702,10.404681073237509,4.119026023956194
55101001703,10.424671399041752,4.115561180698152
55101001705,10.3312456091718,4.088722659137577
55101001706,10.353494623545517,4.09289437303217
55101001801,10.491842013689254,4.14836578439425
55101001802,10.467131110882957,4.137065939767283
55101001900,10.453450792607803,4.089962451060917
55101002001,10.441103330595482,4.10671622587269
55101002002,10.46264226899384,4.109179183436003
55101002100,10.474938970568104,4.147122578370979
55101002401,10.448872146475017,4.17065311430527
55101002402,10.464052747433265,4.169828932238193
55101002600,10.48989806091718,4.182343098562628
55101002701,10.45549306844627,4.137112461327858
55101002702,10.457693750855578,4.154879709103354
55101002800,10.417715891170431,4.121993762491444
55101980000,10.486548088980151,4.149240232032854
55103970100,8.879675479123888,3.808617028747433
55103970200,8.964216112251882,3.813290918548939
55103970300,9.004005898015058,3.816682655715264
55103970400,9.019644632443532,3.802658934976044
55103970500,9.030349900068446,3.802977039698836
55105000100,10.209942917180014,4.01993449486653
55105000200,10.223665849418207,4.023671965776865
55105000300,10.213512247091034,4.020636813141684
55105000400,10.196869443531828,4.012967619438741
55105000500,10.187221526351814,3.998557754277892
55105000600,10.208145392881588,4.008683864476386
55105000700,10.224093372347707,4.018885501026694
55105000800,10.219911746748802,4.022416889801506
55105000900,10.237833027378508,4.0335883045859
55105001000,10.221230140999316,4.026581319644079
55105001100,10.197234809034908,4.019607812457221
55105001201,10.162733316906229,4.001329003422314
55105001202,10.151353376454483,3.956347510609172
55105001302,10.265100967830253,4.082285521560575
55105001303,10.242638984941821,4.036354696783025
55105001304,10.241622392197125,4.030200279945243
55105001400,10.233775835728953,4.050327730321698
55105001500,10.300067556468172,4.103042793292266
55105001600,10.278710659137577,4.091475976728268
55105001700,10.26980011156742,4.080965950718686
55105001800,10.296607587953456,4.100898160164271
55105001900,10.302616562628337,4.110790108145106
55105002000,10.259594362080767,4.080713128678987
55105002100,10.254562405886379,4.080219728268309
55105002200,10.204322694729637,4.048189312799452
55105002300,10.276526260780288,4.088452587953456
55105002400,10.259500772758385,4.084527008213552
55105002500,10.274739384668036,4.092277127994524
55105002601,10.281107250513347,4.098025014373717
55105002602,10.302350586584531,4.110193043805613
55105002700,10.035591942505134,3.96222831211499
55105002800,10.005972917180014,3.898528804243669
55105002900,9.932550428473648,3.771791223819302
55105003001,10.084429432580424,3.871900357289528
55105003002,10.072918325119781,3.875937069815195
55105003100,10.166708442847365,3.968907948665298
55105003200,10.226956555099247,4.062079656399726
55105003300,10.2752905229295,4.121780336755647
55107960100,7.363944303216975,3.513110361396304
55107960200,7.549873084873374,3.578699702258727
55107960300,7.692161015742642,3.626977234086242
55107960400,7.667735820670773,3.626316379192334
55107960500,7.59360534770705,3.607899335386721
55109120100,9.261317758384668,3.73173301026694
55109120201,9.196453496235455,3.718869810403833
55109120202,9.02801085284052,3.714613027378508
55109120300,9.138474425735797,3.697392242984257
55109120400,8.896329556468172,3.678576880903491
55109120501,8.6689447816564,3.678775161533196
55109120502,8.570848036276523,3.684891219712526
55109120600,8.505854108145106,3.679377385352498
55109120700,8.408907941820671,3.735914917180014
55109120800,8.544131640657084,3.74268231211499
55109120901,8.987067978097194,3.769329527036276
55109120903,9.202235742642026,3.76871013963039
55109120904,8.837161678302532,3.756119480492813
55109121000,8.743935898699521,3.722418254620123
55111000100,9.15376640862423,3.692881873374401
55111000200,9.032736095140315,3.739479350444901
55111000300,9.155433618069815,3.653638221081451
55111000401,9.193928344284736,3.633465917180014
55111000402,9.231480206023272,3.607716549623546
55111000500,9.207803225188227,3.58442906091718
55111000600,9.123715707049966,3.636555206023272
55111000700,9.255307476386037,3.547740571526352
55111000800,9.105249390143737,3.639890532511978
55111000900,8.947168553730322,3.775793287474333
55111001001,9.017787850787132,3.757414728952772
55111001002,9.030303702258727,3.740109608487337
55111001100,9.029771197809719,3.698818653661875
55113100300,7.120574180013689,3.408971780287474
55113100400,7.237483679671458,3.465099839151266
55113100500,6.853679106091718,3.306191508555784
55113100700,7.13788671321013,3.449346328542094
55113100800,6.967051434633812,3.376560498288843
55113940000,7.068732869952088,3.408402824093087
55115100100,8.339908125941136,3.356324310746064
55115100200,8.281659915811088,3.403752376454483
55115100300,8.249996919917864,3.438906289527721
55115100400,8.350524535934292,3.427629955509925
55115100500,8.395262249828884,3.422364722108145
55115100600,8.077606757700205,3.493982045174538
55115100700,8.055326971937029,3.545804923340178
55115100800,8.075285032854209,3.593344475701574
55115100900,8.361014797399042,3.473383141683778
55115101000,8.491626335386721,3.347510467488022
55115101100,8.630800152635181,3.294657425735797
55117000100,8.901331081451061,3.689609579739904
55117000201,8.928682813826146,3.692595305954826
55117000202,8.923437511978097,3.690866401779603
55117000300,8.996773675564682,3.705893240246407
55117000400,9.020981067077344,3.716573670773443
55117000500,8.95806660164271,3.708854471594798
55117000800,8.94614105338809,3.698780819986311
55117000900,9.034851162217659,3.72573515742642
55117001000,8.988988333333333,3.716340072553046
55117001100,8.943800801505818,3.70914904312115
55117010100,9.043429978781656,3.669177394250513
55117010200,9.11093734770705,3.695222302532512
55117010300,9.124377466119096,3.658433550308008
55117010400,9.148526607118412,3.660297543463381
55117010501,9.196081765913758,3.70929515468857
55117010502,9.188541698151951,3.706739761122519
55117010601,9.183776819986311,3.748553198494182
55117010602,9.171239008898015,3.73016690349076
55117010700,9.06250996440794,3.718090769336071
55117010800,9.061730837097878,3.72842065229295
55117010900,9.208533048596852,3.759980902121834
55117011000,9.25359770568104,3.745400732375086
55117011100,9.252036606433949,3.729296317590691
55117011200,9.295318986310746,3.764607928131417
55117011300,9.200344409308693,3.749076450376454
55117011400,8.925735249828884,3.697544709787817
55119960100,7.590041570157426,3.575654991101985
55119960200,7.500237529089665,3.501575759069131
55119960300,7.778621640657084,3.607906537303217
55119960400,7.793032388774812,3.620298242299795
55119960500,7.881640363449692,3.669841675564682
55119960600,7.965427603011636,3.698902171800137
55121100100,8.592959061601643,3.82950145927447
55121100200,8.64698480698152,3.841695371663244
55121100300,8.739879857631759,3.830780201232033
55121100400,8.671341084873374,3.842860295003422
55121100500,8.74113547980835,3.822092703627652
55121100600,8.84208853045859,3.814880485284052
55121100700,8.948131359342916,3.796665884325804
55121100800,8.826320344284736,3.815157937713895
55123960100,8.817578735797399,3.815414853524983
55123960200,8.818839580424367,3.820524128678987
55123960300,8.856691059548255,3.818766305270363
55123960400,8.88225000752909,3.821636311430527
55123960500,8.884834916495551,3.830853445585216
55123960600,8.888056271731691,3.801423838466804
55123960700,8.875410033538672,3.78811954072553
55125940000,6.778290148528405,3.284279471594798
55125950200,6.710862971252567,3.282930464750171
55125950500,6.916627997946612,3.344703840520192
55125950600,6.637735351813826,3.221739777549624
55125950700,6.845969101300479,3.293807900752909
55127000101,10.316712051334702,4.102084841889117
55127000102,10.370069284736482,4.118090830253251
55127000200,10.342938394934976,4.134659828884326
55127000301,10.229850087611225,4.072855430527036
55127000302,10.25841880971937,4.104625955509925
55127000400,10.208603498973306,4.052468415468857
55127000501,10.19840012183436,4.039863490075291
55127000502,10.200558388774812,4.04508053798768
55127000600,10.267591585900068,4.132836646132786
55127000701,10.2802000862423,4.13107182477755
55127000702,10.28261771321013,4.129997791238878
55127000800,10.302571281314168,4.143536865845311
55127000901,10.298111674195756,4.133113971252567
55127000902,10.323646911019849,4.141857652977413
55127001000,10.407636564681725,4.166117715947981
55127001501,10.357206828884326,4.163484420260096
55127001502,10.38485701779603,4.179709560574949
55127001602,10.384850043805613,4.174927093086927
55127001603,10.326552897330596,4.162254786447639
55127001604,10.31025231485284,4.158328352498289
55127001701,10.468172028062971,4.194055412046544
55127001702,10.347575885010267,4.171431361396304
55129950100,7.047356902806297,3.34506383504449
55129950200,7.217840739904175,3.429021073237509
55129950300,7.302598448323066,3.483199064339494
55129950500,7.490320572895277,3.550528728952772
55129950600,7.523591273785079,3.548539904175222
55131400102,9.501702386721424,3.819464674880219
55131400103,9.406256221765914,3.794448659137577
55131400104,9.555338969883641,3.841312066392882
55131410100,9.382982029431896,3.76235537577002
55131420103,9.552243517453799,3.815193056125941
55131420104,9.46487390622861,3.789234013004791
55131420105,9.488020791238878,3.808313663244353
55131420106,9.484064254620123,3.796913687200548
55131420200,9.53277477412731,3.820003395619439
55131420300,9.542796797399042,3.824069071868583
55131420401,9.517563555099247,3.820065747433265
55131420402,9.502718331964408,3.81183080698152
55131430100,9.44984536550308,3.754065686516085
55131440103,9.605485568104038,3.804211980150582
55131440104,9.668568613963039,3.82525934017796
55131440105,9.641316559890486,3.830559631759069
55131440106,9.768945654346338,3.865217792607803
55131440200,9.643041144421629,3.817876370978782
55131450103,9.660898514715948,3.870786839151266
55131450104,9.757161893223819,3.888940913073238
55131450105,9.633581786447639,3.841252991786448
55131450106,9.681835708418891,3.847501540041068
55131460101,9.808466475017112,3.888296742642026
55131460102,9.89720734017796,3.913161406570842
55131470100,9.894542016427105,3.916275797399042
55131470202,10.019235917180014,3.950187840520192
55131470203,9.959112392881588,3.932242887748118
55131470204,10.032221746748802,3.948497147843942
55133200101,10.071885301848049,3.948863557837098
55133200102,10.081962246406571,3.950643211498973
55133200103,10.1036983908282,3.953701537303217
55133200201,10.133062036276523,3.953279791238878
55133200202,10.145521894592745,3.952830156741958
55133200300,10.130120783709788,3.954876761806982
55133200400,10.208416938398357,3.959003049281314
55133200500,10.267911661190965,3.962219073921971
55133200600,10.310658631074606,3.979598329226557
55133200700,10.310486245722108,3.970174722792608
55133200801,10.256806118412046,3.964709042436687
55133200803,10.270484991786448,3.964476778234086
55133200804,10.307058009582478,3.975788872005476
55133200901,10.361496504449008,3.981377867214237
55133200902,10.347714724845996,3.975907363449692
55133201000,10.410372862422998,3.979534722108145
55133201101,10.406399180013689,3.977544006160164
55133201102,10.452256647501711,3.985499594798084
55133201201,10.31385448733744,3.974703997262149
55133201202,10.359154543463381,3.98202331211499
55133201203,10.386504495550992,3.986192105407255
55133201300,10.416495958932238,4.002923397672827
55133201402,10.47556999247091,3.992220726214921
55133201403,10.452181728268309,3.996059748117728
55133201404,10.461307446269678,4.008468264202601
55133201503,10.492063968514716,4.009407097878166
55133201504,10.495787445585216,4.029081622861054
55133201505,10.473627924024641,4.021910900068446
55133201506,10.486690022587269,4.024635922655715
55133201600,10.422437598220397,4.023566540041068
55133201701,10.447210105407255,4.049181219028063
55133201703,10.466104249828884,4.056083280629706
55133201704,10.42911587063655,4.060744670773443
55133201800,10.467632317590691,4.0306660862423
55133201900,10.463609498973306,4.067911605065024
55133202001,10.34431145927447,4.054643518822724
55133202002,10.390294753593429,4.065725767967146
55133202101,10.270562315537303,4.009973500342231
55133202102,10.320387255989049,4.019697939767283
55133202103,10.374647403148528,4.011735511293634
55133202201,10.255889915811088,3.98134141889117
55133202202,10.28161934770705,3.982044183436003
55133202301,10.311580675564682,3.996914566735113
55133202302,10.33611582477755,4.005250527720739
55133202400,10.351385876796715,3.991632622861054
55133202500,10.353542965776865,3.983447236824093
55133202600,10.310250617385352,3.978314856262834
55133202700,10.306994088980151,3.979636886379192
55133202800,10.322375072553046,3.96939136550308
55133202901,10.329358193702943,3.978773537303217
55133202902,10.358042602327173,3.976031514031485
55133203000,10.270049054757016,3.966170392881588
55133203101,10.198769028747433,3.971248861054073
55133203102,10.225441468172485,3.976561843942505
55133203103,10.273709412731006,3.96923487063655
55133203200,10.116948588637919,3.958556082135524
55133203303,10.076230788501027,3.941336917864476
55133203304,10.146592885010267,3.94299254825462
55133203305,10.17365375633128,3.960260380561259
55133203306,10.222584244353183,3.958458359342916
55133203402,10.108580980835044,3.952085991101985
55133203403,10.06027555578371,3.940260581793292
55133203404,10.132901199178645,3.956014572895277
55133203405,9.994823579055442,3.927799301163587
55133203406,9.994665741957563,3.925811963039014
55133203500,9.924768864476386,3.911614222450376
55133203601,10.015134121149897,3.938157979466119
55133203602,10.054467191649555,3.94382318275154
55133203702,10.105895684462697,3.967866167008898
55133203703,10.01399390349076,3.946358805612594
55133203704,10.049735783025325,3.946195067761807
55133203802,10.250049173169062,4.050401654346338
55133203803,10.183983199178645,4.021519110882957
55133203804,10.203584817932923,3.995949983572895
55133203901,10.28906177412731,4.067489906913073
55133203902,10.327121920602327,4.075794598220397
55133204002,10.194333561943874,4.047028439425051
55133204003,10.081714159479808,3.989647144421629
55133204004,10.126107522245038,3.99940544421629
55133204100,10.018420783025325,3.955404494182067
55133204200,9.958947567419576,3.928391529089665
55133204301,9.928083112936345,3.910516319644079
55133204302,9.973069422997947,3.928402356605065
55133204400,9.918542657084189,3.909823900068446
55133204501,9.866669336071184,3.896856038329911
55133204502,9.940149897330596,3.919679982888433
55135100100,8.489910845995893,3.45059882477755
55135100200,8.360587997946612,3.508050360027378
55135100300,8.420785744695414,3.605618938398357
55135100400,8.503059314168378,3.540791809034908
55135100500,8.553213524298426,3.626937813141684
55135100600,8.626900619438741,3.607636906913073
55135100700,8.703321578370979,3.546274657084189
55135100800,8.867595594113621,3.486818547570157
55135100900,8.851514213552361,3.438490313483915
55135101000,8.624889908281999,3.604928542778918
55135101100,8.49792040862423,3.451142491444216
55135101200,8.716197535934292,3.483412568104038
55137960100,8.790592403832991,3.587317138261465
55137960200,8.720926906913073,3.647313574264203
55137960300,8.573289498288843,3.715034586584531
55137960400,8.644081965092402,3.728681507186858
55137960600,8.835820815879535,3.703462298425736
55137960700,8.903724442847365,3.647025385352498
55137960800,8.729471006160164,3.708733608487337
55139000100,9.326282652977413,3.579675939767283
55139000200,9.331973180698152,3.57050788569473
55139000300,9.340862947296372,3.55978354825462
55139000400,9.323262709103354,3.55342173100616
55139000500,9.31872372073922,3.57118228678987
55139000700,9.30799158384668,3.57120622587269
55139000800,9.307822703627652,3.562535046543463
55139000900,9.299457247775496,3.556637859000684
55139001000,9.288324290896646,3.565318838466804
55139001100,9.286549639288159,3.576096861054073
55139001200,9.301983291581109,3.578147631074606
55139001300,9.286154191649555,3.58863801026694
55139001400,9.287658400410678,3.594669190965092
55139001500,9.31110126146475,3.588611467488022
55139001600,9.365787805612594,3.511811718685832
55139001700,9.260751720054757,3.53096579945243
55139001801,9.246608526351814,3.596148825462012
55139001803,9.243785138945927,3.576379823408624
55139001804,9.230054039014374,3.557952631759069
55139001900,9.275399828884326,3.614497277891855
55139002000,9.154101518138262,3.609497305954826
55139002100,9.024169420260096,3.602472101300479
55139002201,9.108500454483231,3.523222887748118
55139002202,9.000012051334702,3.483359656399726
55139002300,9.282837230663929,3.4424161321013
55139002400,9.381507281314168,3.342041516084873
55139002500,9.406786619438741,3.259440354551677
55139002601,9.418432810403833,3.306451434633812
55139002602,9.418402920602327,3.28293175633128
55139002700,9.424648832306639,3.32774512936345
55139002800,9.428938431211499,3.321627965776865
55139002900,9.423752516084873,3.343654563997262
55139003000,9.420554715263518,3.348819880219028
55139003100,9.418341064339494,3.358572049965777
55139003200,9.416689645448323,3.374391378507871
55139003300,9.401946049281314,3.382374678302532
55139003400,9.402862693360712,3.385022546201232
55139003500,9.396410357289528,3.40807993155373
55139003600,9.411760603696099,3.39646864476386
55139003701,9.383164323750856,3.411507843942505
55139003702,9.395661915811088,3.437518734428474
55141010100,8.424923647501711,3.842590420260096
55141010200,8.349032997946612,3.828087661190965
55141010300,8.323875164271047,3.827722032854209
55141010400,8.332939300479124,3.825550785078713
55141010500,8.328749736481862,3.822751673511294
55141010600,8.315487759069131,3.816500724845996
55141010700,8.321405763175907,3.817120041752224
55141010800,8.298650067077344,3.781204934291581
55141010900,8.51903498973306,3.844038343600274
55141011000,8.769368914442163,3.91094124366872
55141011100,8.706603671457906,3.894615574264203
55141011200,8.676735420944558,3.885978240930869
55141011300,8.720555321697468,3.893057082135524
55141011400,8.739112862422998,3.892872878850103
55141011500,8.745146900752909,3.887325955509925
55141011600,8.636920343600274,3.851321151950719
55141011700,8.609364893908282,3.853923271047228
56001962700,4.734381937713895,2.136889082819986
56001962800,4.741063577002053,2.137192205338809
56001962900,4.757296557837098,2.13548623613963
56001963000,4.754357446269678,2.142334116358658
56001963100,4.748953616016427,2.139918377823409
56001963400,4.759447415468857,2.13097861670089
56001963500,4.75685606091718,2.138195620123203
56001963600,4.758583396303901,2.134280280629706
56001963700,4.726824381245722,2.136411498973306
56001963900,4.409656553045859,2.133395619438741
56003962600,5.179195652977413,2.539258392881588
56003962700,5.504532560574949,2.675956564681725
56003962800,5.672197680355921,2.721783622861054
56005000100,5.528808106091718,2.612714177275838
56005000200,6.655746155373032,3.03353246954141
56005000300,6.679140788501027,3.047075661190965
56005000400,6.627414019164956,3.027120552361396
56005000500,6.423014761806982,2.950878262149213
56005000600,6.596354288843258,3.013501672826831
56005000700,6.040970037645448,2.816490536618754
56007967600,4.563044937029432,2.241639788501027
56007967700,4.64868023340178,2.247447787132101
56007967800,4.664076461327858,2.263990451060917
56007968000,4.266430669404518,2.135877164271047
56007968100,4.365349120465435,2.158225280629706
56009956400,5.143147933607118,2.397340296372348
56009956500,5.041717212867899,2.367231753593429
56009956600,5.044182622861054,2.388288680355921
56009956700,5.011744127994524,2.35753879945243
56011950200,5.614977117043121,2.739645828199863
56011950300,5.499588739904175,2.676420058179329
56013000100,5.736147244353183,2.490955868583162
56013000200,5.56080764476386,2.438342864476386
56013000300,4.937129314168378,2.352300459958932
56013000400,4.982519442162902,2.455842343600274
56013940100,5.074311107460643,2.461032292265572
56013940201,5.52523593908282,2.631642926762491
56013940202,6.11785765229295,2.781625613963039
56013940300,6.087230064339494,2.787010120465435
56013940400,6.13923660164271,2.796161546885695
56013940500,6.118398760438056,2.789305500342231
56015957700,5.19418738329911,2.509198815195072
56015957800,5.743221065023956,2.708145086926762
56015957900,5.796153920602327,2.726152841889117
56015958000,5.142971197809719,2.459310366872006
56017967800,5.11589970568104,2.522007914442163
56017967900,5.052297650924025,2.497619780971937
56019955100,4.877224507871321,2.410183851471595
56019955200,5.161696237508556,2.484755579739904
56021000200,5.418037331964408,2.308963868583162
56021000300,5.405845752224504,2.313746016427105
56021000401,5.409372750171116,2.329816237508556
56021000402,5.45400987063655,2.335283381930185
56021000501,5.471093054072553,2.342606308692676
56021000600,5.430122501711157,2.317143167008898
56021000700,5.394520085557837,2.300936993839836
56021000800,5.396988970568104,2.295966359342916
56021000900,5.337467232717317,2.284232368240931
56021001000,5.3661448275154,2.289099153319644
56021001100,5.303998356605065,2.276546137577002
56021001200,5.288630029431896,2.270672848049281
56021001300,5.323112073921971,2.277886661190965
56021001401,5.408835178644764,2.306198364134155
56021001402,5.364425199863108,2.285707778918549
56021001501,5.421740412046544,2.319567754277892
56021001502,5.455812049281314,2.330718291581109
56021001901,4.928156967145791,2.275928245722108
56021001902,4.659806876796715,2.134418752908966
56021002000,5.378622163586584,2.484242078028747
56021980801,5.377951161533196,2.292247568788501
56023978000,5.46610848733744,2.60244227652293
56023978100,5.669184590691307,2.673262951403148
56023978200,6.012403570157426,2.789411843942505
56023978400,6.401421515400411,2.936682820670773
56025000200,5.181185967145791,2.332408919917864
56025000300,5.166016575633128,2.328315326488706
56025000400,5.177973661875428,2.343249065023956
56025000501,5.137920909650924,2.33050290349076
56025000502,5.170713873374401,2.34322825393566
56025000600,5.115851865845311,2.318667811772758
56025000700,5.156210061601643,2.326931432580424
56025000800,5.161889301848049,2.33313372073922
56025000901,5.1223526954141,2.326310899383984
56025000902,5.111289561943874,2.3186075633128
56025001000,5.127172673511294,2.333372295687885
56025001100,5.174104934976044,2.347685547570157
56025001200,5.186889135523614,2.349709488021903
56025001401,4.832460037645448,2.316332015742642
56025001602,5.178926579739904,2.348888772758385
56025001603,5.023747483230664,2.301104631074606
56025001700,5.104818657768652,2.340172323066393
56025001800,4.563140767282683,2.217708136892539
56027957200,4.968278856262834,2.428865275838467
56029965100,5.762536651608487,2.780024934976044
56029965200,5.794519440793977,2.789329656399726
56029965300,4.770441909650924,2.407973862422998
56029965400,5.369585162902122,2.54005753045859
56029965500,5.288716529774127,2.500331043805613
56031959100,4.965336044490075,2.396059496235455
56031959400,4.745626260095825,2.291935226557153
56033000100,5.851417011635866,2.573454687200548
56033000200,5.8791945229295,2.565149127310062
56033000300,5.900363045174538,2.570430199178645
56033000400,5.928262800821355,2.570748117043121
56033000500,5.631949674880219,2.615070455852156
56033000600,4.99388519028063,2.399401468172485
56035000101,5.630778123203285,2.626520313483915
56035000102,5.152104668720055,2.374646733744011
56037970500,6.213553305954826,2.856002149897331
56037970601,5.905668440793977,2.692933659137577
56037970602,5.967843832991102,2.736897887063655
56037970700,5.497368902121834,2.627574928131417
56037970800,5.841199328542094,2.624995451060917
56037970901,5.929995266940452,2.66199704312115
56037970902,5.959260013689254,2.646577515400411
56037970903,5.940944539356605,2.649585008213552
56037971000,5.731575544832307,2.600699823408624
56037971100,5.813305214921287,2.599376097193703
56037971200,5.781707642710472,2.601410399726215
56037971600,5.781756296372348,2.706574099247091
56039967600,5.200559267624914,2.597739159479808
56039967701,5.347318506502396,2.506081984941821
56039967702,5.482941340862423,2.583370796714579
56039967800,5.402817636550308,2.520588900068446
56041975200,5.907148030116359,2.782520676249144
56041975300,6.295223471594798,2.839318181382615
56041975400,6.734553427789186,2.922597837782341
56043000200,5.086141019164956,2.510014245722108
56043000301,5.694948230663929,2.758919221081451
56043000302,5.723727966461328,2.776507313483915
56045951100,5.54589166255989,2.654705961670089
56045951300,5.554297785078713,2.639676212183436
6001400100,9.848167596851472,3.765190315537303
6001400200,9.901911568104038,3.790139679671458
6001400300,9.902221356605065,3.795318717316906
6001400400,9.890237655030801,3.79591176386037
6001400500,9.889683434633812,3.798361925393566
6001400600,9.894674258042437,3.79062727652293
6001400700,9.898679183436003,3.798977863107461
6001400800,9.886483633812457,3.796323544147844
6001400900,9.89431107871321,3.797279521560575
6001401000,9.89291165982204,3.793822156057495
6001401100,9.889233608487337,3.78351603559206
6001401200,9.882751850102669,3.782127622861054
6001401300,9.873266449691992,3.782638084188912
6001401400,9.887108553730322,3.783324147843942
6001401500,9.878301620807666,3.789910759069131
6001401600,9.874252557152635,3.781590150581793
6001401700,9.864947225188227,3.791622343600274
6001401800,9.863114395619439,3.786506930869268
6001402200,9.8647125633128,3.786283638603696
6001402400,9.870719650239562,3.77666607871321
6001402500,9.859776089664613,3.768933629705681
6001402600,9.863353889117043,3.774824696783025
6001402700,9.870583013004791,3.777950648186174
6001402800,9.859426065023956,3.777519374401095
6001402900,9.858606186173854,3.776066661875428
6001403000,9.845295123203285,3.771330420944558
6001403100,9.862918160848734,3.776818114989733
6001403300,9.857284574264203,3.768144873374401
6001403400,9.870556326488706,3.774689894592745
6001403501,9.889711146475017,3.779104919917864
6001403502,9.889835209445585,3.790034041067762
6001403600,9.878123617385352,3.774712484599589
6001403701,9.876205363449692,3.7740818678987
6001403702,9.868641778234086,3.772255363449692
6001403800,9.861583680355921,3.763923397672827
6001403900,9.87877341615332,3.778004091718001
6001404000,9.890344568788501,3.782045381245722
6001404101,9.889692524298426,3.780546176591376
6001404102,9.891855514031485,3.783453219028063
6001404200,9.881175952772074,3.772270413415469
6001404300,9.885813303216975,3.780839314168378
6001404400,9.845892529774127,3.757124884325804
6001404501,9.848908028747433,3.7643768275154
6001404502,9.818787039698836,3.752511010951403
6001404600,9.781473862422998,3.731348517453799
6001404700,9.825034342231348,3.759090032169747
6001404800,9.835517762491444,3.759716221081451
6001404900,9.823247316906229,3.753378871321013
6001405000,9.833646791238878,3.754031124572211
6001405100,9.850639665982204,3.769012665297741
6001405200,9.856015018480493,3.77025476659822
6001405301,9.860445676933607,3.767371095824778
6001405302,9.859861546885695,3.767991786447639
6001405401,9.855322942505134,3.770702537303217
6001405402,9.84872935523614,3.764851128678987
6001405500,9.84550693908282,3.759296856262834
6001405600,9.845356843942505,3.766851861054073
6001405700,9.828585824093087,3.753850544147844
6001405800,9.832468267624914,3.758617422997947
6001405901,9.828505230663929,3.762608948665298
6001405902,9.840414020533881,3.764428040383299
6001406000,9.842242963039014,3.767175646132786
6001406100,9.809671802190281,3.758326671457906
6001406201,9.82455819301848,3.760735765913758
6001406202,9.813145769336071,3.752161130732375
6001406300,9.82087162422998,3.753670012320328
6001406400,9.821938795345654,3.757494422313484
6001406500,9.806501251882272,3.752409436002738
6001406601,9.809791095140315,3.743405761806982
6001406602,9.809474504449008,3.753522759753593
6001406700,9.795414229295003,3.739581303216975
6001406800,9.785075995893224,3.739124557152635
6001406900,9.775300631074606,3.73580949486653
6001407000,9.798023014373717,3.744371344284736
6001407101,9.78937377412731,3.751858691307324
6001407102,9.794064613963039,3.744872380561259
6001407200,9.80374307871321,3.76121071321013
6001407300,9.79244463449692,3.755999991786448
6001407400,9.784740186173854,3.749893686516085
6001407500,9.772352878850103,3.737659754277892
6001407600,9.782305241615332,3.743135231348392
6001407700,9.770616199178645,3.733062810403833
6001407800,9.762089899383984,3.734018370294319
6001407900,9.762384245722108,3.731345865845311
6001408000,9.764394142368241,3.735477796030116
6001408100,9.698229741957563,3.709849635181383
6001408200,9.736548592744695,3.718858075975359
6001408300,9.710921132785763,3.711744283367556
6001408400,9.725444551676934,3.719498593429158
6001408500,9.741485602327173,3.725961067761807
6001408600,9.748570744010951,3.729964588637919
6001408700,9.761040122518823,3.730989229295003
6001408800,9.767673216290212,3.745717776865161
6001408900,9.760546423682409,3.728851843258042
6001409000,9.742620828199863,3.749241319644079
6001409100,9.716465544147844,3.728297735112936
6001409200,9.716593292265572,3.726373024640657
6001409300,9.720802498288843,3.709799805612594
6001409400,9.739102152635181,3.721491301848049
6001409500,9.746463526351814,3.721299876796715
6001409600,9.724070514715948,3.711027904859685
6001409700,9.710425641341547,3.71425273853525
6001409800,9.694543239561944,3.709072152635181
6001409900,9.643356204654346,3.684924854209446
6001410000,9.645038455167693,3.693072514715948
6001410100,9.689489983572895,3.708800020533881
6001410200,9.698867510609172,3.710141447638604
6001410300,9.707380987679672,3.71070190622861
6001410400,9.704253640657084,3.714855306639288
6001410500,9.863313691991786,3.782956213552361
6001420100,9.828299010951403,3.786983133470226
6001420200,9.818017744010951,3.782015547570157
6001420300,9.812687378507871,3.781638246406571
6001420400,9.820872568788501,3.790109518822724
6001420500,9.834228657768652,3.784177149897331
6001420600,9.83916315742642,3.784220540041068
6001421100,9.824951249144422,3.768886953456537
6001421200,9.828087403148528,3.774218293634497
6001421300,9.838261776865161,3.78841306844627
6001421400,9.842146041752224,3.782300786447639
6001421500,9.833295262833676,3.779725301163587
6001421600,9.84361749486653,3.775725195071869
6001421700,9.847603737850787,3.777726001368925
6001421800,9.854289018480493,3.793373884325804
6001421900,9.851666726214921,3.794956993839836
6001422000,9.838394463381246,3.792588310746064
6001422100,9.840596030800821,3.79251429431896
6001422200,9.860141791238878,3.794294752224504
6001422300,9.863161173853525,3.791483310061602
6001422400,9.864052496919918,3.787559802874743
6001422500,9.856898254620123,3.78082416495551
6001422600,9.846725700205339,3.771352993155373
6001422700,9.87212439835729,3.78094485284052
6001422800,9.86787677412731,3.783682338124572
6001422900,9.875177728952772,3.787122924709103
6001423000,9.873516076659822,3.793609438740589
6001423100,9.860674073237509,3.794860611909651
6001423200,9.852831227241615,3.787778952087611
6001423300,9.872816364134155,3.79061721560575
6001423400,9.878094321013005,3.791675249828884
6001423500,9.894119123203285,3.801273467488022
6001423601,9.88457332991102,3.788081239561944
6001423602,9.869685267624914,3.786283409308693
6001423700,9.882728962354552,3.788163388774812
6001423800,9.884941393566051,3.785797600958248
6001423901,9.895385744695414,3.79618718275154
6001423902,9.880586032854209,3.78250546954141
6001424001,9.890013758384668,3.794620635181383
6001424002,9.882778145106092,3.793114550992471
6001425101,9.872294143737166,3.797910325804244
6001425102,9.869328403832991,3.785629163586584
6001425103,9.877516754277892,3.789136090349076
6001425104,9.888982774811773,3.791915592060233
6001426100,9.857114790554415,3.770877094455852
6001426200,9.874626263518138,3.780952246406571
6001427100,9.808104472279261,3.764745027378508
6001427200,9.826065550992471,3.766138412046544
6001427300,9.836037270362765,3.770263971937029
6001427600,9.807580655030801,3.773914199178645
6001427700,9.811976770020534,3.776100348391513
6001427800,9.810885813826146,3.772930565366188
6001427900,9.82158593908282,3.766825864476386
6001428000,9.815297726899384,3.759071101300479
6001428100,9.806539780287474,3.764292616016427
6001428200,9.787820813826146,3.762553474332649
6001428301,9.755246303901437,3.761859367556468
6001428302,9.768239890485968,3.767035700889802
6001428400,9.791216812457221,3.764407360711841
6001428500,9.800848678302532,3.768236924709103
6001428600,9.802168377138946,3.773041936344969
6001428700,9.798891690622861,3.7819357816564
6001430101,9.34653523340178,3.617210293634497
6001430102,9.485310572210814,3.645383466803559
6001430200,9.471527995208761,3.652607284736482
6001430300,9.510593284736482,3.668194607118412
6001430400,9.564098441478439,3.674347720054757
6001430500,9.568289004791239,3.686531182067077
6001430600,9.54313111430527,3.675967253251198
6001430700,9.522925737850787,3.672244369609856
6001430800,9.500231566735113,3.668830046543463
6001430900,9.523188039014374,3.669028544147844
6001431000,9.525829209445585,3.676642116358658
6001431100,9.514733798767967,3.668744834360027
6001431200,9.53010746954141,3.684306944558522
6001432100,9.674613465434634,3.707596896646133
6001432200,9.692949779603012,3.710145922655715
6001432300,9.708661803559206,3.712241277207392
6001432400,9.700608602327173,3.733444179329227
6001432501,9.688663502395619,3.719621287474333
6001432502,9.70476610403833,3.717840367556468
6001432600,9.67514961670089,3.707968173169062
6001432700,9.650304833675565,3.701933198494182
6001432800,9.625686284736482,3.698761485284052
6001433000,9.630157313483915,3.697754488706366
6001433102,9.618412715263518,3.697103496235455
6001433103,9.629394416837782,3.7025731724846
6001433104,9.652415490075291,3.715759752908966
6001433200,9.644035127310062,3.712278863791923
6001433300,9.655587936344969,3.717631908281999
6001433400,9.667939510609172,3.731362237508556
6001433500,9.647006950718686,3.723607649555099
6001433600,9.635214811088296,3.711764995893224
6001433700,9.578850284052019,3.693040933607118
6001433800,9.609636611225188,3.699314834360027
6001433900,9.579938516084873,3.695026691991786
6001434000,9.578008032854209,3.693362960301164
6001435102,9.432338592060233,3.649484136208077
6001435103,9.256826911704312,3.577845340862423
6001435104,9.415337044490075,3.64150550513347
6001435200,9.467751332648871,3.65320188569473
6001435300,9.51116498220397,3.666901564681725
6001435400,9.541980086926762,3.685702196440794
6001435500,9.551067603696099,3.682367783709788
6001435601,9.568905066392882,3.694555771389459
6001435602,9.574146222450376,3.692343594113621
6001435700,9.584661802874743,3.703254778234086
6001435800,9.614849186858316,3.711117179329227
6001435900,9.64173170294319,3.729688232032854
6001436000,9.617381155373032,3.720950942505134
6001436100,9.589893450376454,3.702742663928816
6001436200,9.571488902121834,3.699263846680356
6001436300,9.548547114989733,3.687572152635181
6001436401,9.517605699520876,3.679007709787817
6001436402,9.44156211430527,3.652650554414784
6001436500,9.5104441321013,3.671751327173169
6001436601,9.53503056605065,3.680832401779603
6001436602,9.533034349760438,3.680581094455852
6001436700,9.562983271731691,3.691885384668036
6001436800,9.552162924024641,3.689808472963724
6001436900,9.571438521560575,3.697989826830938
6001437000,9.556573630390144,3.692453466803559
6001437101,9.507389419575633,3.687262167008898
6001437102,9.529698211498973,3.686484816563997
6001437200,9.563156580424367,3.699627239561944
6001437300,9.522743237508556,3.677396454483231
6001437400,9.519022390143737,3.677977482546201
6001437500,9.510024175906913,3.67527704312115
6001437600,9.501709402464066,3.674355321697468
6001437701,9.487578702258727,3.668551886379192
6001437702,9.492420250513347,3.667894961670089
6001437800,9.493081156057495,3.669458180013689
6001437900,9.466893154004107,3.663439668035592
6001438000,9.377649140314853,3.626190736481862
6001438100,9.395709493497604,3.631970223819302
6001438201,9.478252280629706,3.661947239561944
6001438203,9.425759965776865,3.644626169746749
6001438204,9.44798566255989,3.655088792607803
6001438300,9.501766394934976,3.675975887063655
6001438400,9.488242311430527,3.668165439425051
6001440100,9.209444045174538,3.564228987679672
6001440200,9.35244731485284,3.607722698836413
6001440301,9.390229183436003,3.629405206023272
6001440304,9.413368136208077,3.635155889117043
6001440305,9.405544579739904,3.63687623613963
6001440306,9.407295608487337,3.637472995208761
6001440307,9.39498802532512,3.627961424366872
6001440308,9.36119876659822,3.615079105407255
6001440331,9.442076229295003,3.651553084188912
6001440332,9.416955994524298,3.637449464750171
6001440333,9.463364933607118,3.65354019301848
6001440334,9.398174062970568,3.630010638603696
6001440335,9.30931487816564,3.595484325804244
6001440336,9.334934518822724,3.603080180013689
6001441100,9.133407325119781,3.52226092128679
6001441200,9.240755125256674,3.562019292950034
6001441301,9.291973427789186,3.582710234770705
6001441302,9.343246377138946,3.59664428678987
6001441401,9.368096212867899,3.608320658453114
6001441402,9.375626961670089,3.616958158795346
6001441501,9.40152619028063,3.628862529089665
6001441503,9.20548477412731,3.538089073921971
6001441521,9.38266592128679,3.61908925119781
6001441522,9.388012023271732,3.633687524298426
6001441523,9.362954483230664,3.616048202600958
6001441524,9.358926900752909,3.614400863791923
6001441601,9.350218432580424,3.606105336071184
6001441602,9.326532072553046,3.59848337577002
6001441700,9.287943231348392,3.577717321013005
6001441800,9.243708886379192,3.557542082819986
6001441921,9.141879151266256,3.515811960301164
6001441923,9.207195219712526,3.546784607118412
6001441924,9.179208078028747,3.53211927652293
6001441925,9.138519577002053,3.518277301163587
6001441926,9.176076308692676,3.528579
6001441927,9.169544168377823,3.528946640657084
6001442000,9.008665158110883,3.466696816563997
6001442100,9.072726793976728,3.48512316495551
6001442200,9.006582410677618,3.459375611225188
6001442301,9.107363189596167,3.498143227926078
6001442302,9.103810981519507,3.496464369609856
6001442400,9.146375039014374,3.511985676933607
6001442500,9.203127703627652,3.538856648186174
6001442601,9.228651505817933,3.555943542778918
6001442602,9.254613551676934,3.565258965776865
6001442700,9.248744413415469,3.559219021902806
6001442800,9.196080848733744,3.540111691307324
6001442900,9.1340360862423,3.505229715263518
6001443001,9.044470353867214,3.469111297741273
6001443002,9.082202527036276,3.481683941136208
6001443102,8.940285456536619,3.424930086926762
6001443103,8.832355666666667,3.38940662696783
6001443104,8.93818124366872,3.431874447638604
6001443105,8.96138787063655,3.436145525667351
6001443200,8.805805908966461,3.363132624914442
6001443301,8.909874147843942,3.385497948665298
6001443321,8.940610841889117,3.407636994524298
6001443322,8.924454918548939,3.396789362080767
6001444100,9.342954341546886,3.604226810403833
6001444200,9.329256869952088,3.596083780971937
6001444301,9.329883044490075,3.592769577002053
6001444302,9.269067361396304,3.561771655030801
6001444400,9.305022498973306,3.583734783709788
6001444500,9.27210784257358,3.572542557837098
6001444601,9.239508693360712,3.554140473648186
6001444602,9.194816110882957,3.531326863791923
6001450101,8.940940153319644,3.48344085284052
6001450102,8.99650061670089,3.499937927446954
6001450200,9.078119223134839,3.531553036960986
6001450300,9.084099488021903,3.525096428473648
6001450400,9.132617333333333,3.540347517453799
6001450501,9.162300707049966,3.553170386036961
6001450502,9.221407753593429,3.571923809034908
6001450601,9.052329838466804,3.506917124572211
6001450602,9.012620603696099,3.500573972621492
6001450603,9.032534533880904,3.505642953456537
6001450604,8.931147740588638,3.470337678986995
6001450605,8.898735793292266,3.457286320328542
6001450606,8.963800545516769,3.476412113620808
6001450607,8.886973755646817,3.448191158795346
6001450701,8.287245598220397,3.240449305954826
6001450741,8.787880221081451,3.41346273853525
6001450742,8.646164602327173,3.359709355920602
6001450743,8.958146226557153,3.479194167008898
6001450744,8.864570611909651,3.447953807665982
6001450745,8.791818600958248,3.41356562422998
6001450746,8.829985017111567,3.430013370294319
6001450750,8.867701279945243,3.447694154004107
6001450751,8.835067027378508,3.435965212183436
6001450752,8.85642505065024,3.453293154004107
6001451101,7.908906641341547,3.181871411362081
6001451102,8.422910822724162,3.288688747433265
6001451201,8.546048479123888,3.358315751540041
6001451202,8.719283141683778,3.416199647501711
6001451300,8.680706641341547,3.375475183436003
6001451401,8.552925856262834,3.338044407255305
6001451403,8.582479438056126,3.334596257357974
6001451404,8.545980180013689,3.324465413415469
6001451501,8.339956578370979,3.281782279945243
6001451503,8.464350633127994,3.308298793976728
6001451504,8.473337415468857,3.334910757015743
6001451505,8.404597065708419,3.316083316221766
6001451506,8.380270589322382,3.300357300479124
6001451601,8.411836797399042,3.281982331964408
6001451602,8.472096067077344,3.304089361396304
6001451701,8.512559901437372,3.31532275633128
6001451703,8.537376438056126,3.32905111156742
6001451704,8.478639352498289,3.3042888678987
6001981900,9.843565088980151,3.79017978439425
6001982000,9.848679865845311,3.779644629705681
6001983200,9.849828904175222,3.768947067761807
6003010000,5.790487432580424,2.718949190965092
6005000101,6.831756655030801,2.965295457221082
6005000102,6.160561361396304,2.808790353182752
6005000200,7.40347039835729,3.091448370978782
6005000301,8.238832305954826,3.310703152635181
6005000303,8.44316311156742,3.433497535249829
6005000304,8.472546138261465,3.460632054757016
6005000401,7.587146777549624,3.170975708418891
6005000402,7.267410242299795,3.086965446269678
6005000500,7.735522993839836,3.217640794661191
6007000102,8.145496295003422,3.080345466803559
6007000103,8.077299862422998,3.064527733744011
6007000104,8.108520477754962,3.061220432580424
6007000201,8.067447837097878,3.075436242984257
6007000202,8.133096257357974,3.065488980835044
6007000300,8.12195905338809,3.085571188911704
6007000401,8.107992980150582,3.119321468172485
6007000402,8.156958039698836,3.112467051334702
6007000501,8.215683704312115,3.143179581793292
6007000502,8.235045308008214,3.136254019164956
6007000601,8.204943831622177,3.116258235455168
6007000603,8.223839786447639,3.112543812457221
6007000604,8.22600985284052,3.121448648186174
6007000700,8.210503063655031,3.099374680355921
6007000800,8.167439805612594,3.094399281314168
6007000901,8.095275212867899,3.116358810403833
6007000903,8.190350783025325,3.120910321697468
6007000904,8.158648822724162,3.109306604380561
6007001000,8.232236728952772,3.120562609856263
6007001100,8.257236405886379,3.156255156057495
6007001200,8.245712062286105,3.157733088295688
6007001300,8.221410086926762,3.131188900752909
6007001400,8.005454997946612,3.149370650924025
6007001500,8.294214880903491,3.233085785763176
6007001600,7.032883391512663,2.928001984941821
6007001702,7.291680203969884,2.96281526899384
6007001703,7.213856930869268,2.952578592744695
6007001704,6.73045941615332,2.884069155373032
6007001800,7.385624783709788,2.984286958247776
6007001900,7.269170065023956,2.954098065023956
6007002000,7.376719728268309,2.978978822039699
6007002100,7.527834305270363,3.00729283504449
6007002200,7.871103442847365,3.087834177275838
6007002300,7.566470519507187,3.017380901437372
6007002400,6.941200967830253,2.864475613278576
6007002500,7.576339404517454,3.023168638603696
6007002601,7.477890422313484,2.969668036960986
6007002602,7.44464321560575,2.973578795345654
6007002700,7.679965780287474,3.041134063655031
6007002800,7.832536027378508,3.078666711841205
6007002900,7.914293570841889,3.104055290212183
6007003001,7.787535715947981,3.061908355920602
6007003002,7.90388329705681,3.092761288843258
6007003100,7.682096700205339,3.027993912388775
6007003200,7.837751413415469,3.046221015058179
6007003300,7.75783207871321,2.998508813141684
6007003400,8.262910492813142,3.119882854893908
6007003501,8.288292350444901,3.169122902121834
6007003502,8.260515845995893,3.143122565366188
6007003600,8.276581652977413,3.211998972621492
6007003700,8.031674113620808,3.145125316221766
6009000120,8.262223819986311,3.508003672142368
6009000121,7.757105016427105,3.320373871321013
6009000122,7.420502047912389,3.226445345653662
6009000210,8.405291167693361,3.463787610540726
6009000220,8.19311279192334,3.417137308692676
6009000300,7.35410658110883,3.130109848733744
6009000400,6.738726698836413,2.976010450376454
6009000501,7.054015454483231,3.116934044490075
6009000503,6.825326416837782,3.064325424366872
6009000504,6.256891510609172,2.869574833675565
6011000100,7.092329793976728,2.785945997262149
6011000200,7.448632887748118,2.895031612594114
6011000300,6.205587934976044,2.567851333333333
6011000400,6.063085453798768,2.623032476386037
6011000500,7.87643611156742,3.068850029431896
6013301000,9.734527227926078,3.882758184804928
6013302005,9.518417195071869,3.7684176954141
6013302006,9.546384899383984,3.785304856947296
6013302007,9.528904795345654,3.781100482546201
6013302008,9.5900236091718,3.818463945242984
6013302009,9.451936902121834,3.736683721423682
6013302010,9.499051753593429,3.760435227926078
6013303102,9.478061523613963,3.764032442162902
6013303103,9.488550004106776,3.783431840520192
6013303201,9.364451342915811,3.696159483915127
6013303202,9.427102948665298,3.739379525667351
6013303203,9.423325466803559,3.732991853524983
6013303204,9.395163486652977,3.734201575633128
6013303205,9.349161083504449,3.709850709103354
6013304001,9.245105448323066,3.659502586584531
6013304002,9.221986431211499,3.686567490075291
6013304003,9.546370737850787,3.813698721423682
6013304004,9.470087676249144,3.786191997262149
6013304005,9.617565818617385,3.841677917864476
6013305000,9.403640780971937,3.681098080082136
6013306002,9.469736886379192,3.731993214236824
6013306003,9.42135584257358,3.707647658453114
6013306004,9.444739219028063,3.714724496235455
6013307101,9.378303089664613,3.681865751540041
6013307102,9.396588968514716,3.682170421629021
6013307201,9.37656672073922,3.658079715263518
6013307202,9.389441907597536,3.679973169746749
6013307204,9.374770002737851,3.671129622176591
6013307205,9.361526436002738,3.657672935660506
6013308001,9.408275709787817,3.693807500342231
6013308002,9.446152861738535,3.723856165639973
6013309000,9.392721741957563,3.666895771389459
6013310000,9.393737084873374,3.647440707049966
6013311000,9.389953986310746,3.645026665982204
6013312000,9.379604417522245,3.654463137577002
6013313101,9.37787576386037,3.640587098562628
6013313102,9.375853908281999,3.651239655715264
6013313103,9.333125581793292,3.62403224366872
6013313203,9.375493331964408,3.621179981519507
6013313204,9.352381843942505,3.602025238193018
6013313205,9.384444407255305,3.6277693045859
6013313206,9.380394943874059,3.636367663928816
6013314102,9.385508560574949,3.631165354551677
6013314103,9.368270067077344,3.621025680355921
6013314104,9.379788396303901,3.620118162217659
6013314200,9.367672026694045,3.613054579055442
6013315000,9.418394167008898,3.615407728268309
6013316000,9.517374858316222,3.642703925393566
6013317000,9.519318875427789,3.637466962354552
6013318000,9.5414432183436,3.657300553730322
6013319000,9.536722143052704,3.640765380561259
6013320001,9.494162115674196,3.630897186173854
6013320003,9.521057372347707,3.62858673853525
6013320004,9.498917630390144,3.620845498288843
6013321101,9.520610138945927,3.627884605065024
6013321102,9.505791159479808,3.607964208761122
6013321103,9.542855446954141,3.63437135797399
6013321200,9.469359145790554,3.590515830253251
6013322000,9.473939737850787,3.580632755646817
6013323000,9.453952923340178,3.569313632443532
6013324001,9.404679580424367,3.538810170431212
6013324002,9.427656571526352,3.553382930184805
6013325000,9.449609542094456,3.57236855578371
6013326000,9.484387748117728,3.592375704996578
6013327000,9.464735145106092,3.589836094455852
6013328000,9.424410893223819,3.567623081451061
6013329000,9.463180453798768,3.596946086926762
6013330000,9.440326833675565,3.585259696783025
6013331000,9.401178878850103,3.559985451060917
6013332000,9.388522356605065,3.569731689938398
6013333101,9.320181554414784,3.552289
6013333102,9.311717728952772,3.558845251882272
6013333200,9.343321689938398,3.550479926762491
6013334001,9.359188942505134,3.537392049965777
6013334004,9.313463637234771,3.54101112936345
6013334006,9.334224479123888,3.535731984257358
6013334200,9.414306934976044,3.585036466803559
6013335000,9.393428878850103,3.55028347980835
6013336101,9.408820502395619,3.556165447638604
6013336102,9.409292422313484,3.548989279945243
6013336201,9.415876336755647,3.548669238193018
6013336202,9.388128759753593,3.53380561670089
6013337100,9.358133114989733,3.521630137577002
6013337200,9.355142500342231,3.518029055441478
6013337300,9.321807783025325,3.509594400410678
6013338101,9.374261872005476,3.52830440862423
6013338102,9.359581717316906,3.514208314168378
6013338201,9.326640633127994,3.496780933607118
6013338203,9.390366544832307,3.537963047912389
6013338204,9.371226543463381,3.528436160164271
6013338301,9.325561028747433,3.513072700889802
6013338302,9.330033683778234,3.528352804243669
6013339001,9.412525545516769,3.565727039014374
6013339002,9.41758262422998,3.566816366187543
6013340001,9.429038047912389,3.561422389459274
6013340002,9.474007070499658,3.595890877481177
6013341000,9.468418915126626,3.600688334702259
6013343001,9.389665348391513,3.559991990417522
6013343002,9.370357436002738,3.547003004106776
6013343003,9.358210246406571,3.551163531827515
6013345101,9.153179316221766,3.553183450376454
6013345102,9.171454911704312,3.556336176591376
6013345103,9.133139970568104,3.543767617385352
6013345105,9.273654387405886,3.575186333333333
6013345108,9.190197186173854,3.560673349760438
6013345111,9.182046212183436,3.561510872689938
6013345112,9.135983075290897,3.549793272416153
6013345113,9.178326802190281,3.559619793292266
6013345114,9.237760254620123,3.575379466119096
6013345115,9.248124541409993,3.58175944421629
6013345116,9.249175911704312,3.582121611909651
6013345202,9.277301009582478,3.583056904175222
6013345203,9.34852145927447,3.59816120054757
6013345204,9.390195986995209,3.596489796030116
6013346101,9.318530509240246,3.549104571526352
6013346102,9.278294845995893,3.557072879534565
6013346201,9.261998679671458,3.564440607802875
6013346203,9.277196169746749,3.571725021218344
6013346204,9.210319812457221,3.559961613278576
6013347000,9.590762333333333,3.641786611225188
6013348000,9.618774550992471,3.661456891170431
6013349000,9.535509843258042,3.627294166324435
6013350000,9.64253411430527,3.680878080766598
6013351101,9.439290868583162,3.604325141683778
6013351102,9.468169504449008,3.61068127926078
6013351103,9.432497924024641,3.595787351129363
6013351200,9.548907042436687,3.641345657768652
6013352101,9.520193034907598,3.638247685831622
6013352102,9.550920824093087,3.653394432580424
6013352201,9.63956988569473,3.68169041615332
6013352202,9.706578735112936,3.708546782340862
6013353001,9.769758318275154,3.727218905544148
6013353002,9.712603546201232,3.709263812457221
6013354001,9.813879917180014,3.755799466119096
6013354002,9.741153506502396,3.713964242984257
6013355107,9.225196219028063,3.599021503764545
6013355108,9.30763274606434,3.657805603696099
6013355109,9.383655851471595,3.691286586584531
6013355110,9.400789728268309,3.710127882272416
6013355111,9.413805918548939,3.710004815879535
6013355112,8.995697278576318,3.539361375085558
6013355113,9.096482105407255,3.538343915126626
6013355114,9.099064444900753,3.535023753593429
6013355115,9.101057066392882,3.542717789869952
6013355116,9.016953544832307,3.513488305270363
6013355117,9.028373882956879,3.51403633744011
6013355200,9.366872646817248,3.585005789869952
6013355301,9.28707087816564,3.536320678986995
6013355302,9.29665167008898,3.521842986995209
6013355304,9.275526232032854,3.561505071868583
6013355306,9.20475053045859,3.543390923340178
6013356001,9.540479706365503,3.674275618754278
6013356002,9.70814793155373,3.711647569472964
6013357000,9.509590118412046,3.645189997262149
6013358000,9.426144146475017,3.638440256673511
6013359102,9.527678424366872,3.693085734428474
6013359103,9.551675179329227,3.690888115674196
6013359104,9.570388965776865,3.688957377138946
6013359105,9.551406897330596,3.684856590006845
6013359202,9.668789694045174,3.720998747433265
6013359203,9.587342191649555,3.692965254620123
6013359204,9.601544980150582,3.697682377823409
6013360101,9.640347080766598,3.717606533880904
6013360102,9.699712707049966,3.732185782340862
6013360200,9.653550737850787,3.731220588637919
6013361000,9.755259972621492,3.763518561943874
6013362000,9.691407084873374,3.749975386036961
6013363000,9.603751711156742,3.721591216290212
6013364002,9.536046481177276,3.693794899383984
6013365002,9.453014130047912,3.689759561259411
6013365003,9.541725885010267,3.696835750855578
6013366001,9.50797040862423,3.690521507186858
6013366002,9.509998195756331,3.695837973305955
6013367100,9.56365528678987,3.706803552361396
6013367200,9.571512644079398,3.702507063655031
6013368001,9.557311228610541,3.703701251882272
6013368002,9.52610082477755,3.688310443531828
6013369001,9.598479203285421,3.71710745927447
6013369002,9.632981631074606,3.727759199178645
6013370000,9.686621491444216,3.746195864476386
6013371000,9.672115249828884,3.743779871321013
6013372000,9.616538490759754,3.727892362765229
6013373000,9.573584892539357,3.716085522245038
6013374000,9.637705905544148,3.735258734428474
6013375000,9.598770051334702,3.727768563997262
6013376000,9.559595539356605,3.715182613278576
6013377000,9.574063336755647,3.723083665982204
6013378000,9.470996400410678,3.702385587268994
6013379000,9.607123402464066,3.733213501711157
6013380000,9.687153457221082,3.758364451060917
6013381000,9.671885437371663,3.747729107460643
6013382000,9.732202341546886,3.765592490759754
6013383000,9.768844650239562,3.776726472963724
6013384000,9.715092691991786,3.75829601026694
6013385100,9.779545905544148,3.768289954825462
6013385200,9.73982284531143,3.76441183504449
6013386000,9.736447657084189,3.758496378507871
6013387000,9.753176671457906,3.768538795345654
6013388000,9.801368041752224,3.781540581793292
6013389100,9.806902826830938,3.774819690622861
6013389200,9.804582672142368,3.78072306091718
6013390100,9.803487686516085,3.767105582477755
6013390200,9.814251541409993,3.777410067077344
6013391000,9.818206161533196,3.778911558521561
6013392000,9.81518337303217,3.771432953456537
6013392200,9.451935247091034,3.674544298425736
6013392300,9.535643807665982,3.677539109514032
6013990000,9.399264470910335,3.693573663928816
6015000101,6.507358361396304,3.332647987679672
6015000102,6.459117557837098,3.30064421560575
6015000104,6.511828663928816,3.335309527036276
6015000105,6.547111056125941,3.353514370294319
6015000201,6.461289497604381,3.302654249144422
6015000202,6.037583613963039,3.062792455852156
6015000203,6.226248212867899,3.151920244353183
6017030200,6.310461480492813,2.799439940451745
6017030301,6.271873900752909,2.784207561259411
6017030302,6.279777644079398,2.786076967145791
6017030401,6.248826796030116,2.775549318275154
6017030402,6.210980518138262,2.768651438056126
6017030502,6.184164195071869,2.763016122518823
6017030504,6.277003735797399,2.794310270362765
6017030505,6.105693878850103,2.756258971937029
6017030601,7.67401804312115,2.965497270362765
6017030602,6.839675347022587,2.841365780287474
6017030603,6.325574303216975,2.813941232032854
6017030701,8.24211179192334,3.104120885010267
6017030704,8.176906057494866,3.198697614647502
6017030706,8.471588995208761,3.184971245037645
6017030709,8.184678542778918,3.12245312936345
6017030710,8.305204932238193,3.152558112936345
6017030801,7.907567138261465,3.058000187542779
6017030803,7.816215461327858,3.080641273785079
6017030804,7.806990975359343,3.097725678986995
6017030807,8.118939184804928,3.14269981724846
6017030808,8.087446657084189,3.125345970568104
6017030809,7.9939437816564,3.120843307323751
6017030810,7.989914175906913,3.111497600273785
6017030901,7.465780051334702,2.96737709650924
6017030902,7.496409628336756,3.006090453114305
6017031000,7.261837456536619,2.956233366187543
6017031100,7.001358555099247,2.917132290212183
6017031200,7.104229813826146,2.944170066392882
6017031301,6.811675269678302,2.8957118678987
6017031302,6.619188126625599,2.866664152635181
6017031402,6.53700480698152,2.871461051334702
6017031404,6.911468739219712,2.921641377823409
6017031405,6.679828415468857,2.874059694045174
6017031406,6.59740680698152,2.866535136208077
6017031502,7.273142577686516,2.984337075975359
6017031503,7.577392631074606,3.077496036960986
6017031504,7.165566030116359,2.972656845995893
6017031600,6.351475696783025,2.802833030116359
6017031700,8.440826103353867,3.158699492128679
6017031800,8.274072252566735,3.152885397672827
6017031900,6.105005046543463,2.762259170431212
6017032000,6.166464036276523,2.751286629021218
6017990000,6.270206795345654,2.767163514031485
6019000100,14.638893368925394,4.757084057494866
6019000200,14.652503464750171,4.78668923613963
6019000300,14.68739284257358,4.815401317590691
6019000400,14.673442980150582,4.780077963039014
6019000501,14.602119079397673,4.700809851471595
6019000502,14.599112709787817,4.698799049281314
6019000600,14.608215456536619,4.723051882272416
6019000700,14.615465091718001,4.824551418206708
6019000800,14.686131441478439,4.937304834360027
6019000901,14.738743820670773,4.899281094455852
6019000902,14.717634429158111,4.870896748117728
6019001000,14.780151594798084,4.954669131416838
6019001100,14.767270971252567,4.891460376454483
6019001201,14.749227377823409,4.863812048596852
6019001202,14.747402988364134,4.905252228610541
6019001301,14.589354210130048,4.7196194770705
6019001303,14.666865134839151,4.787677832991102
6019001304,14.620361854893908,4.769862065708419
6019001407,14.4777226954141,4.70631862422998
6019001408,14.53045262696783,4.745273118412046
6019001409,14.405041892539357,4.723636030116359
6019001410,14.584361437371663,4.834025173169062
6019001411,14.158866617385352,4.657640754962355
6019001412,13.950391255989049,4.659099575633128
6019001413,14.195884637234771,4.77792364202601
6019001414,14.375970749486653,4.79390541615332
6019001500,14.731990386721424,4.980624013004791
6019001600,14.614877045174538,5.147029192334018
6019001700,14.922473777549624,5.267582674880219
6019001800,14.785271039014374,5.128026975359343
6019001900,14.449529339493498,4.992316728268309
6019002000,14.51645824366872,4.750584803559206
6019002100,14.546874751540041,4.705713041752224
6019002200,14.547922190965092,4.675293943189596
6019002300,14.560261776180698,4.66092268788501
6019002400,14.541556227926078,4.623075271047228
6019002501,14.482349377138946,4.584836030800821
6019002502,14.52002265982204,4.622359388774812
6019002601,14.554522676249144,4.663522119780972
6019002602,14.595495483230664,4.706106861738535
6019002701,14.484970350444901,4.647372019849418
6019002702,14.529378909650924,4.680696511293634
6019002800,14.414269657084189,4.594805197125257
6019002903,14.432209846680356,4.676186754277892
6019002904,14.381983167693361,4.637201321697468
6019002905,14.313516420260096,4.601264823408624
6019002906,14.25186258384668,4.566755622176591
6019003001,14.159154590691307,4.584667107460643
6019003003,14.326090760438056,4.679332059548255
6019003004,14.25607619301848,4.639883507186858
6019003102,13.703049614647502,4.404644346338125
6019003103,13.823639108829569,4.427560861738535
6019003104,13.996404524982888,4.486346709787817
6019003201,14.249724782340862,4.505329765913758
6019003202,14.309055882956879,4.539239804243669
6019003301,14.366589966461328,4.498273982888433
6019003302,14.445430691307324,4.545924441478439
6019003400,14.467209080082136,4.543845750171116
6019003500,14.467254785763176,4.587395570841889
6019003600,14.456226674880219,4.639090631074606
6019003701,14.458809171115674,4.692958470225873
6019003702,14.403079102669404,4.671853830937714
6019003803,14.189625325119781,4.863063273785079
6019003804,14.252206679671458,4.764987473648186
6019003805,14.30537973100616,4.722482761806982
6019003807,14.438662267624914,4.779487617385352
6019003808,14.375651328542094,4.820301318959617
6019003809,14.15204754825462,4.719787517453799
6019003810,14.100963993839836,4.762052158110883
6019003900,12.881736456536619,4.826984704312115
6019004001,13.238404394934976,4.901084772758385
6019004002,13.514063993155373,4.935986248459959
6019004100,13.655570488706366,4.848829580424367
6019004205,14.153042844626968,4.675697814510609
6019004207,13.817143590691307,4.73139289596167
6019004208,13.56762177412731,4.599992680355921
6019004210,13.736590534565366,4.616123759753593
6019004211,13.773085680355921,4.642547884325804
6019004212,13.947342684462697,4.654621728952772
6019004213,13.920377049281314,4.619131059548255
6019004214,13.788359046543463,4.593189687200548
6019004215,13.729872481861738,4.6792635633128
6019004216,13.581384307323751,4.665794397672827
6019004301,13.575782151266256,4.523231806297057
6019004302,13.786523442162902,4.534537274469541
6019004303,13.982004143737166,4.569528606433949
6019004404,13.514287190965092,4.428459073237509
6019004405,13.220125659137577,4.365294709787817
6019004406,13.450227098562628,4.400885828884326
6019004408,13.247785202600958,4.394455264887064
6019004409,13.567166444900753,4.468435228610541
6019004503,13.781014407255305,4.492236268309377
6019004504,13.752579212183436,4.454021264202601
6019004505,13.991224472963724,4.489706161533196
6019004506,14.001329069815195,4.522633680355921
6019004601,14.14117053045859,4.593777091718001
6019004602,14.204449859685147,4.550413353182752
6019004701,14.17453684531143,4.62611265982204
6019004703,14.269430254620123,4.648242613963039
6019004704,14.332680392881588,4.673276404517454
6019004801,14.373304969883641,4.611533084188912
6019004802,14.318830676933607,4.619715380561259
6019004901,14.386301476386037,4.549209056125941
6019004902,14.340232390143737,4.573574039698836
6019005000,14.228780141683778,4.515293441478439
6019005100,14.372333412731006,4.495519446269678
6019005202,14.14248134017796,4.465946112251882
6019005203,14.323126132785763,4.47571251266256
6019005204,14.256275713894593,4.457468794661191
6019005301,14.177326239561944,4.453720466119096
6019005302,14.083514425051335,4.450220271047228
6019005304,13.906766517453799,4.421221934976044
6019005305,13.994365920602327,4.430542457905544
6019005403,13.938650245722108,4.432809548939083
6019005405,13.72511926899384,4.417429255304586
6019005406,13.602411863107461,4.394216030800821
6019005407,13.476809981519507,4.365287470225873
6019005408,13.703619610540726,4.381457822724162
6019005409,13.822802121149897,4.415188998631075
6019005410,13.949217291581109,4.452328542094456
6019005503,12.352711991786448,4.236000064339494
6019005504,12.514689055441478,4.244988159479808
6019005505,12.762103308008214,4.27723862696783
6019005507,13.097825440793977,4.332352067077344
6019005508,12.998290459958932,4.302204168377823
6019005509,13.247145124572211,4.324925442162902
6019005510,13.356228760438056,4.359962179329227
6019005512,12.777563830253251,4.292739557837098
6019005513,12.999465975359343,4.296147058179329
6019005514,13.11598323340178,4.306802151950719
6019005515,11.637792585900068,4.099315465434634
6019005516,12.952379764544832,4.317560684462697
6019005517,12.7033406091718,4.287630376454483
6019005518,12.285384334017796,4.235166611225188
6019005520,12.473254194387406,4.246692584531143
6019005522,12.671421702258727,4.252577145106092
6019005524,12.880747907597536,4.286439187542779
6019005525,12.326696719370294,4.207526020533881
6019005602,13.357870741273101,4.342059889117043
6019005605,13.458790690622861,4.348240106091718
6019005606,13.380446651608487,4.330319850102669
6019005607,13.522212904859685,4.347101432580424
6019005608,13.635009920602327,4.371526374401095
6019005701,13.139729958247776,4.332663315537303
6019005702,13.01187766255989,4.330805345653662
6019005703,13.21599545927447,4.383540919233402
6019005704,13.345769071868583,4.362392542094456
6019005801,13.545685270362765,4.415695062286105
6019005802,13.399794353182752,4.421597510609172
6019005804,13.73966898973306,4.476466943189596
6019005805,13.847379189596167,4.543415360711841
6019005904,13.861941737850787,4.732202937029432
6019005905,12.72827517522245,4.442000750855578
6019005906,12.204724693360712,4.428937206023272
6019005907,12.90007831211499,4.337712668720055
6019005909,13.11524459137577,4.398201633812457
6019005911,13.276624632443532,4.447722963723477
6019005912,12.728190455167693,4.35448573853525
6019006000,13.380918655715264,4.736487432580424
6019006100,13.695892812457221,4.868015443531828
6019006201,13.373805594113621,4.833177904175222
6019006202,13.013786016427105,4.689747234770705
6019006300,12.67720297467488,4.774330644079398
6019006402,6.631508963723477,3.04991449486653
6019006403,7.160713875427789,3.200447142368241
6019006404,9.581765088295688,3.776694295687885
6019006405,9.837286250513347,3.766313058863792
6019006501,12.364083674195756,4.775119388774812
6019006502,11.736583971252567,4.561375167008898
6019006602,13.521962275154004,5.103117899383984
6019006603,13.505196818617385,5.067510429842574
6019006604,13.376726468856947,5.042058631074606
6019006700,13.695595377138946,5.152428874058864
6019006802,13.92081163449692,5.174056680355921
6019006900,14.032490317590691,5.072194934976044
6019007002,14.808250861738535,5.415084026694045
6019007003,14.79478278439425,5.344797197125257
6019007004,14.708577336071184,5.378891310061602
6019007100,14.893017908281999,5.430642267624914
6019007201,14.661767990417522,5.450944124572211
6019007202,15.001251410677618,5.591664787816564
6019007300,14.98391626899384,5.504554420944558
6019007400,14.859196523613963,5.56802647980835
6019007500,14.448515000684463,5.351281092402464
6019007600,13.821925036276523,5.127806259411362
6019007700,13.492993308692676,5.181492665982204
6019007801,10.579052912388775,4.421419032169747
6019007802,11.138488227241615,4.516124023956194
6019007901,9.473815052703628,4.027116316906229
6019007902,8.379145049965777,3.600792303216975
6019008000,8.606130381245722,3.705665336755647
6019008100,8.749096922655715,3.755346718685832
6019008200,10.969305201232033,4.314509119096509
6019008301,10.955179273785079,4.34824188569473
6019008302,8.629199815195072,3.583636249828884
6019008401,10.443124673511294,4.239600093086927
6019008402,9.487811904175222,3.941127574948665
6019008501,14.407606392881588,5.30253107118412
6019008502,14.167875436002738,5.168659351129363
6021010100,7.502550780287474,3.153017937713895
6021010200,7.507044555099247,3.156412249828884
6021010300,6.006593482546201,2.71104653798768
6021010400,7.265722919917864,3.043655066392882
6021010501,8.005531735112936,3.230118494182067
6021010502,7.965358583162218,3.202016605749487
6023000100,6.635999887063655,3.108033613963039
6023000200,6.609875859000684,3.101832267624914
6023000300,6.589519311430527,3.089655701574264
6023000400,6.548254420944558,3.076791982888433
6023000500,6.668591586584531,3.11494419028063
6023000600,6.637063958932238,3.10607287816564
6023000700,6.588459623545517,3.085610136892539
6023000800,6.644702711841205,3.112532962354552
6023000900,6.486930208761122,3.060039199178645
6023001000,6.597241149897331,3.110058396988364
6023001101,6.606475078028747,3.126720306639288
6023001200,5.863486847364819,2.853849271731691
6023001300,6.638478687200548,3.136680084188912
6023010102,6.281286127994524,2.981938692676249
6023010200,6.305477026009582,3.081918670773443
6023010300,6.2785041321013,2.970527575633128
6023010400,6.498864752908966,3.10943390622861
6023010501,6.565111386036961,3.124178101300479
6023010502,6.552289771389459,3.110496496919918
6023010600,6.349877639288159,3.020684242299795
6023010700,6.409609419575633,3.05731437303217
6023010800,6.348528350444901,3.081650041067762
6023010901,6.276099396988364,3.050320696098563
6023010902,5.777477698151951,2.855583094455852
6023011000,6.221589510609172,3.043906542094456
6023011100,5.979839789869952,2.974398821355236
6023011200,5.936858696783025,3.005702424366872
6023011500,5.787281682409309,2.935455610540726
6023011600,5.648792678302532,2.834121113620808
6023940000,6.277399899383984,2.943272682409309
6025010101,7.063416366872006,3.089316370978782
6025010102,7.241861555099247,3.138757212183436
6025010200,7.416333546885695,3.143522665982204
6025010300,7.867509780287474,3.260879338124572
6025010400,7.825530403832991,3.21891470294319
6025010500,7.820145993155373,3.211526817932923
6025010600,7.920370533880904,3.241358750171116
6025010700,7.957217672826831,3.253863198494182
6025010800,8.616361359342916,3.509263966461328
6025010900,8.713786414099932,3.527843804928131
6025011000,8.415413713894593,3.390476043805613
6025011100,8.14426893155373,3.29562043394935
6025011201,8.651393362080767,3.431276625598905
6025011202,8.644078258726899,3.416288102669404
6025011300,9.05413489596167,3.545955841204654
6025011400,8.814728428473648,3.462587537303217
6025011500,8.708580744010951,3.432335988364134
6025011600,8.751592400410678,3.433886240246407
6025011700,8.808114856262834,3.44833976386037
6025011801,8.651572800136892,3.409254383983573
6025011802,8.70354012936345,3.421926407939767
6025011803,8.813387666666667,3.460125856262834
6025011900,9.410916898699521,3.58797999247091
6025012001,9.457602728268309,3.58484692128679
6025012002,9.512271963723477,3.599477681040383
6025012100,9.436288002053388,3.584723358658453
6025012200,9.335137008213552,3.568525958247776
6025012301,6.846699724845996,2.907310351129363
6025012302,7.187454245722108,3.114884146475017
6025012400,6.499355802190281,2.952186080082136
6025940000,6.788601231348392,3.003824770704997
6027000100,5.621221352498289,2.803456262149213
6027000200,5.870264128678987,2.860086995208761
6027000300,5.912556462696783,2.898607102669404
6027000400,5.889754498973306,2.895594956194387
6027000500,5.687493202600958,2.739063876112252
6027000800,5.681036584531143,2.746799401779603
6029000101,13.607623709103354,4.686627403148528
6029000102,13.443271468172485,4.586902637234771
6029000200,13.738028085557837,4.634614065023956
6029000300,13.72128907118412,4.609568507871321
6029000400,13.808607002737851,4.619548347022587
6029000503,13.906859141683778,4.808132403148528
6029000504,13.957061170431212,4.743448761806982
6029000505,14.076292740588638,4.764077412046544
6029000506,14.186170110882957,4.746080930184805
6029000507,14.189246074606434,4.683647194387406
6029000600,13.706963640657084,4.54598140862423
6029000700,13.493520527036276,4.515230028062971
6029000800,13.238077588637919,4.481939149897331
6029000902,13.095261110882957,4.45236517522245
6029000903,13.022610943874059,4.452067592060233
6029000904,13.099115914442163,4.436678772758385
6029000905,13.122412777549624,4.421537227241615
6029000906,12.889719054072553,4.38473912183436
6029000907,12.663079750855578,4.35573448733744
6029000908,12.862677246406571,4.421030846680356
6029000909,12.868844344284736,4.402113345653662
6029000910,12.328339993155373,4.321349716632444
6029001000,12.045596098562628,4.221704526351814
6029001101,12.670131895277207,4.338178395619439
6029001102,12.90030705065024,4.383335273785079
6029001103,13.125402767282683,4.414976587268994
6029001201,13.258813605065024,4.459157876796715
6029001202,13.339572663244353,4.454589107460643
6029001300,13.476201558521561,4.478833770020534
6029001400,13.397781616016427,4.484006360711841
6029001500,13.51218009377139,4.462697036960986
6029001600,13.815728222450376,4.52530731485284
6029001700,13.990930645448323,4.574405339493498
6029001801,14.164424442162902,4.549571691991786
6029001802,14.246940336071184,4.634669555099247
6029001901,14.060604263518138,4.522870019849418
6029001902,13.954684863107461,4.508429688569473
6029002000,13.806440856262834,4.492638373716632
6029002100,13.652192790554415,4.469908731690623
6029002200,13.51700272347707,4.448898054757016
6029002301,12.953699453114305,4.377812620123203
6029002302,13.362096691307324,4.427487580424367
6029002400,12.924776393566051,4.349705596851472
6029002500,13.531792773442847,4.425014099931554
6029002600,13.782721578370979,4.464965976728268
6029002700,13.965913149212868,4.497667904175222
6029002804,14.156047977412731,4.603943244353183
6029002806,14.135296482546201,4.721102229295003
6029002807,14.150715023956194,4.641420363449692
6029002808,14.018836014373717,4.68132779945243
6029002811,14.008435871321013,4.732982031485284
6029002812,14.154986198494182,4.546068941820671
6029002813,14.097514867214237,4.54652006091718
6029002814,14.037197728952772,4.545229120465435
6029002815,13.961306850787132,4.538415911704312
6029002816,13.976686364134155,4.578022620807666
6029002817,13.998135124572211,4.597412409308693
6029002818,14.050714776865161,4.644023956194387
6029002819,13.956352725530459,4.627730008213552
6029002820,13.857033848733744,4.70756015468857
6029002821,13.872887032169747,4.657969158795346
6029002900,13.89282379945243,4.500012600273785
6029003000,13.743785359342916,4.463312844626968
6029003103,13.40133736550308,4.420757021902806
6029003112,13.852453832306639,4.539012209445585
6029003113,13.754378040383299,4.491559902121834
6029003114,13.698628299110198,4.534294944558522
6029003115,13.606153377138946,4.489160006844627
6029003121,13.64265929431896,4.459567822039699
6029003122,13.498767062286105,4.457597064339494
6029003123,13.766419619438741,4.636618746748802
6029003124,13.783235277891855,4.577483547570157
6029003202,13.060727822724162,4.424474249144422
6029003203,13.993565405201916,4.831597975359343
6029003204,12.646324849418207,4.487241837097878
6029003205,13.544094242299795,4.529094045859001
6029003206,13.305927470225873,4.538146682409309
6029003303,9.664051258726899,3.898461850787132
6029003304,11.242938180698152,4.494829679671458
6029003305,8.141540342231348,3.210189477754962
6029003306,8.810822694045174,3.473306124572211
6029003400,10.575730112936345,4.225569069815195
6029003500,10.384916443531828,4.154655603696099
6029003600,10.233765062970568,4.103080073921971
6029003700,12.634503728268309,4.962324560574949
6029003803,13.895304008898015,4.995750079397673
6029003804,14.018646285420945,4.885905748117728
6029003805,14.066127668035592,4.843446511293634
6029003806,14.063262419575633,4.800075924024641
6029003807,14.134433669404518,4.819563420260096
6029003808,14.174093984257358,4.787434792607803
6029003809,13.851529022587269,4.948071023956194
6029003810,14.108454793292266,4.842000468856947
6029003811,14.169933947980835,4.806772085557837
6029003812,14.208382599589322,4.751274343600274
6029003813,14.075035887748118,4.81904888843258
6029003900,13.601158985626283,5.034350665982204
6029004000,13.58609132991102,5.179881392881588
6029004101,13.58794976386037,5.190624700889802
6029004102,13.602646184804928,5.172379945927447
6029004200,13.16258213963039,5.167640000684463
6029004301,13.360044945242984,5.296511985626283
6029004302,13.146265834360027,5.295194216290212
6029004401,13.361565733744011,5.307730319644079
6029004402,13.390249320328542,5.30606104312115
6029004500,11.108478468856947,4.703330307323751
6029004601,13.577826045174538,5.522497776180698
6029004603,13.555903626283368,5.524673076659822
6029004604,13.0853341724846,5.168159147843942
6029004701,13.296685786447639,5.276315713894593
6029004702,13.202458886379192,5.212686515400411
6029004800,13.405664203969884,5.420962739904175
6029004901,13.424027644079398,5.430079755646817
6029004902,13.368687061601643,5.40201402532512
6029005003,13.288719804243669,5.34041947980835
6029005004,13.355595181382615,5.391463395619439
6029005103,12.62222211430527,4.494856618754278
6029005104,11.160532225188227,4.097194962354552
6029005201,8.623172290896646,3.588974757700205
6029005203,7.691388558521561,3.256447890485968
6029005204,9.410195219028063,3.718786919233402
6029005300,6.634075716632444,2.973407825462012
6029005401,6.745518422997947,3.004320355920602
6029005402,6.750307201916496,3.003162938398357
6029005403,6.756058930869268,3.005941445585216
6029005404,6.745717266255989,3.009200338809035
6029005501,6.835411180698152,3.028180032854209
6029005506,7.926875631759069,3.133808242984257
6029005507,7.475778275838467,3.111944647501711
6029005508,7.479450496919918,3.093366100616016
6029005600,7.585048820670773,3.230677078028747
6029005700,7.884451258726899,3.230936132785763
6029005801,7.956096236824093,3.145995278576318
6029005802,7.971261307323751,3.158706635865845
6029005900,7.645856439425051,3.040075191649555
6029006002,8.920159287474333,3.478741898699521
6029006003,8.638105113620808,3.402666545516769
6029006004,8.188877666666667,3.319781550992471
6029006006,8.869444104722793,3.475226763175907
6029006007,8.677311,3.385658600958248
6029006008,9.652278506502396,3.687194173853525
6029006100,8.439758596851472,3.338767047912389
6029006201,12.287272943874059,4.262031804243669
6029006202,11.051054280629706,4.01631717522245
6029006301,11.024208874743326,4.002550745379877
6029006303,10.996368709787817,4.001685011635866
6029006304,10.775746815879535,3.941646285420945
6029006401,12.135228106776181,4.227128094455852
6029006403,12.181080643394935,4.237672446269678
6029006404,11.883697162217659,4.188653635181383
6029006500,7.279241323750856,3.107114707734428
6031000100,15.183712521560575,5.70140299247091
6031000200,13.51481510403833,5.262404598220397
6031000300,12.583827859685147,4.993745960985626
6031000402,13.740588015742642,5.351647176591376
6031000403,13.969869103353867,5.399765073237509
6031000404,13.756334140999316,5.340894156741958
6031000405,13.907839413415469,5.39234899247091
6031000500,14.45518998973306,5.511455221081451
6031000601,14.858358221081451,5.604705734428474
6031000602,14.974466258042437,5.630116195756331
6031000701,15.01579984531143,5.649475161533196
6031000702,15.045474509924709,5.662159629705681
6031000800,15.008381882272416,5.634035718001369
6031000900,14.913408213552361,5.609836898699521
6031001001,14.737317351129363,5.566215742642026
6031001002,14.762386954140999,5.56369066255989
6031001003,14.658973508555784,5.542309796714579
6031001100,14.91474148733744,5.612484858316222
6031001200,14.622625493497604,5.642402463381246
6031001300,14.239135138945927,5.61582440109514
6031001401,14.20623453798768,5.610994538672142
6031001402,14.273521343600274,5.628401520876112
6031001500,14.227278542778918,5.601186397672827
6031001601,12.348684937029432,5.090491906913073
6031001602,14.114341289527721,5.635903800821355
6031001701,10.007293395619439,4.306802972621492
6031981800,9.919954773442847,4.256920907597536
6033000100,5.368899536618754,2.476463078028747
6033000300,5.775669751540041,2.582497433264887
6033000400,5.783503507186858,2.574169654346338
6033000501,5.572653957563313,2.495654823408624
6033000502,5.706553255989049,2.548284176591376
6033000600,5.706891404517454,2.507801915126626
6033000701,5.843284755646817,2.576684240246407
6033000702,5.827071209445585,2.529632252566735
6033000801,5.876486716632444,2.583940500342231
6033000802,5.868140505817933,2.58286889596167
6033000900,5.878390492813142,2.607114455852156
6033001000,5.850303204654346,2.605560796030116
6033001100,5.919860520876112,2.641946026009582
6033001200,5.909862216974675,2.575701656399726
6033001300,6.054530832306639,2.66398217522245
6035040100,5.925674327857632,2.961303378507871
6035040200,6.278371047227926,2.995062359342916
6035040302,6.644972603011636,3.090142795345654
6035040303,6.487992801505818,3.081574951403148
6035040304,6.595929915126626,3.097451124572211
6035040305,6.423058128678987,3.064254785763176
6035040400,6.432364966461328,3.053482801505818
6035040500,6.644658105407255,3.070672574264203
6035040600,6.462419347022587,2.988391488021903
6037101110,10.562859879534565,3.457014822724162
6037101122,10.452141710472279,3.440067472279261
6037101210,10.663869733744011,3.467706861738535
6037101220,10.633314645448323,3.468178733744011
6037101300,10.630299203969884,3.465781121149897
6037101400,10.810350497604381,3.499084609856263
6037102103,11.162228603696099,3.568533127994524
6037102104,11.284905316221766,3.581963757700205
6037102105,11.368383808350445,3.599642805612594
6037102107,10.938118550308008,3.525265984941821
6037103101,10.450501848049281,3.441665266255989
6037103102,10.581788033538672,3.461067392197125
6037103200,10.540742271731691,3.468290227241615
6037103300,10.75215865982204,3.502536004791239
6037103400,10.714298686516085,3.483723581793292
6037104103,10.548972063655031,3.488978650239562
6037104105,10.621152380561259,3.500621543463381
6037104108,10.639164637919233,3.504394848733744
6037104124,10.445759678986995,3.462300613278576
6037104201,10.539674514715948,3.491786924709103
6037104203,10.601220846680356,3.499677643394935
6037104204,10.48661755578371,3.479629722792608
6037104310,10.643466529089665,3.515777242984257
6037104320,10.664888604380561,3.512903262833676
6037104401,10.72532019028063,3.532598733059548
6037104403,10.811680645448323,3.547701563997262
6037104404,10.763512154004107,3.536212797399042
6037104500,10.837725798767967,3.546376859685147
6037104610,10.797421309377139,3.538454584531143
6037104620,10.821413226557153,3.543511004106776
6037104701,10.707819589322382,3.521878973990418
6037104703,10.861536754277892,3.541768206023272
6037104704,10.769783823408624,3.528764483915127
6037104810,10.903826542094456,3.553533145790554
6037104821,10.936197736481862,3.563259255989049
6037104822,10.946365703627652,3.563442846680356
6037106010,10.178258636550308,3.44429667008898
6037106020,10.199592123887748,3.44159445174538
6037106111,10.172954466803559,3.435246280629706
6037106112,10.362134130047912,3.463853605749487
6037106113,10.371117696098563,3.472363292265572
6037106114,10.399932597535934,3.479111135523614
6037106403,10.356781481861738,3.470642620807666
6037106405,10.267385083504449,3.456399794661191
6037106406,10.197270765913758,3.445905422313484
6037106407,10.314970746748802,3.459190051334702
6037106408,10.295484234086242,3.463049754277892
6037106510,10.175325809034908,3.44328325393566
6037106520,10.328294140314853,3.467424733059548
6037106603,10.157351915811088,3.434198805612594
6037106604,10.360147513347023,3.473162851471595
6037106641,10.353261180698152,3.470146991101985
6037106642,10.447379143737166,3.482807176591376
6037106643,10.390321721423682,3.474571820670773
6037106645,10.451510388090349,3.489180228610541
6037106646,10.53508525393566,3.505628841889117
6037106648,10.499722822039699,3.502292797399042
6037106649,10.529211411362081,3.506389065708419
6037107010,10.396258970568104,3.481041319644079
6037107020,10.4468350862423,3.493477403832991
6037108101,10.415136064339494,3.47111079192334
6037108102,10.344164918548939,3.451940887063655
6037108103,10.37256884531143,3.4615460862423
6037108104,10.260099177960301,3.44321195687885
6037108201,10.258878040383299,3.439678229979466
6037108202,10.192148613278576,3.419388880903491
6037109100,10.631058438740589,3.522587273100616
6037109200,10.609464110198494,3.519262399726215
6037109300,10.666411767282683,3.527620593429158
6037109400,10.710282815879535,3.531076198494182
6037109500,10.675693819301848,3.526784238193018
6037109601,10.797402135523614,3.547888758384668
6037109603,10.831152759069131,3.555328003422314
6037109604,10.778548290212183,3.546080822724162
6037109700,10.725908092402464,3.540150713894593
6037109800,10.790419741957563,3.546741976043806
6037111100,10.623712879534565,3.520525796030116
6037111201,10.547080813826146,3.501628226557153
6037111202,10.572628621492129,3.503586242984257
6037111204,10.493276988364134,3.480092422313484
6037111205,10.589298098562628,3.502913689938398
6037111206,10.509709240246407,3.488485559890486
6037111301,10.609225488706366,3.508912595482546
6037111302,10.669898229979466,3.520698138945927
6037111400,10.706169271731691,3.531611967145791
6037113101,10.328060228610541,3.446156902806297
6037113102,10.389357119780972,3.460541542778918
6037113211,10.168902284052019,3.401340606433949
6037113212,10.262594630390144,3.427315933607118
6037113213,10.276624665297741,3.43362821560575
6037113231,10.16819482477755,3.41809844421629
6037113232,10.394225110198494,3.467488714579055
6037113233,10.451069640657084,3.47987382477755
6037113234,10.497018452429843,3.485653491444216
6037113235,10.121618666666667,3.396150167008898
6037113237,10.311367936344969,3.438491735797399
6037113301,10.55434747980835,3.497235909650924
6037113303,10.47717799247091,3.480533923340178
6037113321,10.372505655715264,3.456495943874059
6037113322,10.464764186858316,3.478407881587954
6037113401,10.625624768651608,3.517837432580424
6037113421,10.512978847364819,3.487928442847365
6037113422,10.565231011635866,3.500434932922656
6037115101,10.80228994661191,3.542397789869952
6037115103,10.677060524298426,3.520710655030801
6037115104,10.773293754277892,3.535954126625599
6037115201,10.637912954140999,3.512666529774127
6037115202,10.711896759753593,3.525769596167009
6037115301,10.599976722108145,3.505830187542779
6037115302,10.698298299794661,3.526185411362081
6037115401,10.86866447980835,3.559119438056126
6037115403,10.800977950034223,3.541204190965092
6037115404,10.739196694729637,3.532060670773443
6037117101,10.951650724845996,3.577070334017796
6037117102,10.890090438056126,3.565699837097878
6037117201,10.91126539835729,3.573094029431896
6037117202,10.862484693360712,3.560615052019165
6037117301,10.836824409993155,3.557035024640657
6037117302,10.861054511978097,3.55937321560575
6037117303,10.951625752224504,3.57787517522245
6037117404,10.982205750855578,3.585383547570157
6037117405,10.973797414784394,3.583492392197125
6037117407,11.00170237577002,3.590635690622861
6037117408,11.037244889117043,3.598237158110883
6037117510,10.98982536550308,3.582629631759069
6037117520,11.014188131416838,3.593313494182067
6037117530,11.055296299794661,3.597168122518823
6037119001,11.083157148528405,3.591925208761122
6037119002,10.93185450513347,3.56512366255989
6037119201,10.910751606433949,3.562963
6037119202,10.827799520876112,3.545980058179329
6037119310,10.92509774880219,3.567849285420945
6037119320,10.972880376454483,3.581268786447639
6037119340,11.018640862422998,3.590626526351814
6037119341,10.995403731690623,3.582490910335387
6037119342,10.968637137577002,3.577372478439425
6037119400,10.987027468856947,3.578266776865161
6037119700,11.164553832306639,3.610270423682409
6037119800,11.048982622861054,3.592785422997947
6037119900,11.08181527652293,3.600517074606434
6037120010,11.113994846680356,3.608864500342231
6037120020,11.131766199863108,3.612392509924709
6037120030,11.168116330595482,3.621872722792608
6037120103,11.046350088295688,3.594333165639973
6037120104,11.100298541409993,3.607204801505818
6037120105,11.046114238877481,3.591331104722793
6037120106,11.088562849418207,3.607752748117728
6037120107,11.063073735797399,3.597702381245722
6037120108,11.022772975359343,3.591598321697468
6037120300,11.19475622587269,3.62687229431896
6037120400,11.181598770704997,3.621447703627652
6037121010,11.178699912388775,3.60251221560575
6037121020,11.30675166255989,3.620158812457221
6037121101,11.18724506091718,3.576607072553046
6037121102,10.983299707049966,3.555857317590691
6037121210,11.01765125119781,3.571678672826831
6037121221,11.140673688569473,3.586472507871321
6037121222,11.093093369609856,3.576421680355921
6037121600,11.311699675564682,3.632514891170431
6037121801,11.32793923340178,3.625083943189596
6037121802,11.229181816563997,3.598215691991786
6037121900,11.244307427104723,3.59856950513347
6037122000,11.259163680355921,3.629705789869952
6037122120,11.357146823408624,3.611625142368241
6037122121,11.302109039698836,3.602322967145791
6037122122,11.238925886379192,3.593171656399726
6037122200,11.324057653661875,3.596134515400411
6037122410,11.424448752224504,3.643051590006845
6037122420,11.458133995208761,3.638755039698836
6037123010,11.475431317590691,3.634983905544148
6037123020,11.461608033538672,3.627886747433265
6037123103,11.607933902121834,3.652754812457221
6037123104,11.685604668035592,3.668252531143053
6037123203,11.519311937713895,3.655173727583847
6037123204,11.540151850102669,3.663137646132786
6037123205,11.545685234086242,3.659455439425051
6037123206,11.568190658453114,3.658620042436687
6037123301,11.458248245722108,3.652085514031485
6037123303,11.447019977412731,3.663968914442163
6037123304,11.489451991786448,3.666455173853525
6037123410,11.421120524298426,3.66427241889117
6037123420,11.4726915633128,3.672881628336756
6037123510,11.428901575633128,3.677867323066393
6037123520,11.504591967145791,3.691581812457221
6037123601,11.639558565366188,3.714120912388775
6037123602,11.582182806297057,3.708762925393566
6037123700,11.594541119096509,3.696747196440794
6037123800,11.650792151266256,3.701706418206708
6037123901,11.622100801505818,3.685625521560575
6037123902,11.708316582477755,3.710312377138946
6037124000,11.773020369609856,3.748222904175222
6037124102,11.725206545516769,3.702680696783025
6037124103,11.609389083504449,3.672738869267625
6037124104,11.642182843258042,3.681217566735113
6037124105,11.670498536618754,3.685179166324435
6037124201,11.652533954825462,3.672752984257358
6037124203,11.726721381245722,3.69040919301848
6037124204,11.753120297741273,3.694535209445585
6037124300,11.755051594113621,3.684721629021218
6037124400,11.687132999315537,3.721416773442847
6037124500,11.649876986995209,3.737109428473648
6037124600,11.727466531143053,3.753207000684463
6037124700,11.766361716632444,3.756383541409993
6037124902,11.731737990417522,3.725233145790554
6037124903,11.752040248459959,3.736828883641342
6037125100,11.790940805612594,3.729022839151266
6037125200,11.814605510609172,3.725642280629706
6037125310,11.806875882272416,3.701213225188227
6037125320,11.828573123887748,3.718982179329227
6037125401,11.851599329226557,3.732038787132101
6037125402,11.909393444900753,3.742752765229295
6037125501,11.875898049281314,3.724152080082136
6037125502,11.963824658453114,3.739686074606434
6037125600,11.975183191649555,3.731371722792608
6037127102,11.265397045174538,3.641340934291581
6037127103,11.335431661190965,3.649360900068446
6037127104,11.299498986995209,3.649972464750171
6037127210,11.198454932922656,3.635416212867899
6037127220,11.248849230663929,3.643298674195756
6037127300,11.160271872005476,3.62371088843258
6037127400,11.100275926078029,3.614005856262834
6037127520,11.088067803559206,3.611116195071869
6037127603,11.216611342231348,3.646135830253251
6037127604,11.190788242299795,3.634753774811773
6037127605,11.23969888843258,3.649628299110198
6037127606,11.269197434633812,3.65446019301848
6037127711,11.3304844366872,3.669843151266256
6037127712,11.247650081451061,3.648984368925394
6037127803,11.323785134154689,3.663863026694045
6037127804,11.274182532511978,3.65587166255989
6037127805,11.344783789185489,3.674633206023272
6037127806,11.366614026009582,3.676607999315537
6037127910,11.353226396988364,3.665876783709788
6037127920,11.387565297741273,3.66995276659822
6037128101,11.45535476386037,3.68766143394935
6037128102,11.416328153319644,3.685308259411362
6037128210,11.464595145790554,3.702847588637919
6037128220,11.515160151266256,3.703279045859001
6037128302,11.407184565366188,3.689500978781656
6037128303,11.431636279945243,3.692507744010951
6037128400,11.459445714579055,3.710017819301848
6037128500,11.587321444900753,3.732099321013005
6037128601,11.524831570157426,3.714978269678302
6037128602,11.6252756954141,3.736220152635181
6037128702,11.696129739219712,3.754226299794661
6037128801,11.481763859685147,3.719097732375086
6037128802,11.532811622861054,3.725847857631759
6037128910,11.57154433744011,3.736671310061602
6037131010,10.810560733744011,3.547141095140315
6037131020,10.901577702258727,3.569376995893224
6037131100,10.968954110882957,3.582201477754962
6037131200,10.934895925393566,3.574963371663244
6037131300,10.893477819986311,3.563120828884326
6037131400,10.852612115674196,3.556918772073922
6037131600,10.734807873374401,3.533877891170431
6037131701,10.757329327857632,3.544769293634497
6037131702,10.816929937029432,3.553752997262149
6037131800,10.922618380561259,3.57107947980835
6037131900,11.006927718001369,3.594013506502396
6037132001,11.053570538672142,3.611247707734428
6037132002,11.07714095687885,3.611472688569473
6037132101,11.178863417522245,3.634538375085558
6037132102,11.084933854209446,3.612853630390144
6037132300,10.959942064339494,3.582729857631759
6037132501,10.860276921971253,3.565757780971937
6037132502,10.888836703627652,3.578405321013005
6037132700,11.015201925393566,3.6042162183436
6037132900,11.036770080766598,3.613648373716632
6037133000,10.799079795345654,3.557356255304586
6037133100,10.939096528405202,3.595930993155373
6037134001,10.605633854209446,3.523552245037645
6037134002,10.63199935797399,3.528495719370294
6037134101,10.676261676933607,3.526692725530459
6037134103,10.60760727926078,3.511653350444901
6037134104,10.645597110198494,3.518915559890486
6037134201,10.563369927446954,3.504738029431896
6037134302,10.400111585900068,3.472119353867214
6037134303,10.468949036276523,3.496483986995209
6037134304,10.450118464065708,3.480131916495551
6037134305,10.493948522245038,3.492171049965777
6037134306,10.520896770020534,3.499872733059548
6037134421,10.295263314168378,3.46460019028063
6037134422,10.379367697467488,3.476791248459959
6037134423,10.336927347022587,3.456554120465435
6037134424,10.180875639972622,3.424710509924709
6037134520,10.582169551676934,3.529492249144422
6037134521,10.573782230663929,3.516652737166324
6037134522,10.545291876796715,3.512055936344969
6037134710,10.654166754962355,3.529358962354552
6037134720,10.703722686516085,3.53231645927447
6037134800,10.72852911430527,3.552629412046544
6037134901,10.81588920807666,3.573376939767283
6037134903,10.635471175906913,3.539684175906913
6037134904,10.702320142368241,3.553420404517454
6037134905,10.707446262149213,3.557161334017796
6037135102,10.481485770020534,3.514899980150582
6037135111,10.538373856947296,3.520729133470226
6037135113,10.592153244353183,3.539679889801506
6037135114,10.587101704312115,3.537108882956879
6037135201,10.43448319028063,3.506834240930869
6037135202,10.381720967830253,3.490988286105407
6037135203,10.273273772758385,3.468805106091718
6037137103,10.633455604380561,3.555759189596167
6037137104,10.73462668788501,3.574395668720055
6037137201,10.546731020533881,3.542211891170431
6037137301,10.428394023271732,3.51626953045859
6037137302,10.316709999315537,3.493674097193703
6037137401,10.608607479123888,3.572782597535934
6037137402,10.528312516084873,3.561120633812457
6037137501,10.799351596167009,3.598864975359343
6037137502,10.688716010951403,3.583809907597536
6037137504,10.898909598220397,3.641565976728268
6037138000,10.745937686516085,3.609289409993155
6037139001,11.188385101300479,3.651268481177276
6037139200,11.098613379876797,3.631786803559206
6037139301,10.884772741957563,3.592430557152635
6037139302,10.99815380971937,3.620676150581793
6037139303,11.037094511293634,3.62209665982204
6037139401,11.039803518822724,3.62847134017796
6037139402,10.960453194387406,3.621617622861054
6037139502,11.153009071868583,3.655955953456537
6037139503,11.152025420944558,3.656092082135524
6037139504,11.171490520876112,3.659211926078029
6037139600,11.24172292881588,3.676109422997947
6037139701,11.353308348391513,3.701263339493498
6037139702,11.346810142368241,3.723610770704997
6037139703,11.161155222450376,3.690757918548939
6037139801,11.063301511978097,3.660162362080767
6037139802,11.020346542094456,3.669826087611225
6037141101,11.799103069815195,3.779367219712526
6037141102,11.787177397672827,3.779732091033539
6037141201,11.713575661875428,3.771136631759069
6037141202,11.737030132785763,3.776551289527721
6037141302,11.580724361396304,3.750754829568788
6037141303,11.619318901437372,3.752621741957563
6037141304,11.659612262833676,3.760457885010267
6037141400,11.472386661875428,3.724499991101985
6037141500,11.553495299110198,3.755073883641342
6037141600,11.656644830253251,3.777298485968515
6037141700,11.822841106091718,3.798134952087611
6037143100,12.045698560574949,3.761394309377139
6037143200,11.994804300479124,3.764049801505818
6037143300,11.90924790349076,3.758781290212183
6037143400,11.835649544147844,3.767247407255305
6037143500,11.879887368925394,3.783523755646817
6037143602,11.977181023956194,3.786602680355921
6037143603,12.027866765229295,3.778351217659138
6037143604,12.066585876796715,3.787631091718001
6037143700,12.190892722792608,3.820186669404518
6037143800,12.073780442847365,3.811455610540726
6037143901,11.998248264887064,3.816379384668036
6037143902,11.914164765913758,3.806320481177276
6037181000,11.904556368240931,3.7391965633128
6037181300,12.067637937029432,3.768784338124572
6037181400,12.017872460643395,3.758939729637235
6037181500,12.007885184804928,3.770386651608487
6037181600,12.120781209445585,3.778041417522245
6037183101,12.152844046543463,3.810737460643395
6037183103,12.222775321697468,3.825370199863108
6037183104,12.152175216974675,3.81129066255989
6037183220,12.197088571526352,3.814713108829569
6037183221,12.133320221765914,3.795803652977413
6037183222,12.100631622861054,3.781101284736482
6037183300,12.246082987679672,3.81226755578371
6037183401,12.257912376454483,3.80798794661191
6037183402,12.225524293634497,3.800075369609856
6037183510,12.317128623545517,3.82207732991102
6037183520,12.365744203969884,3.838120105407255
6037183610,12.317501266940452,3.834472754962355
6037183620,12.281011234086242,3.829582893223819
6037183701,12.3446996954141,3.847077554414784
6037183702,12.377961952772074,3.855985531143053
6037183810,12.394363119096509,3.844140396988364
6037183820,12.429298811772758,3.858360319644079
6037185100,12.44633534770705,3.85180703559206
6037185202,12.551168063655031,3.868216194387406
6037185203,12.543627378507871,3.867068813826146
6037185204,12.496341078028747,3.854624437371663
6037185310,12.595143880219028,3.876819904175222
6037185320,12.631813479123888,3.882403144421629
6037186100,12.212661317590691,3.788857578370979
6037186201,12.283181127994524,3.809638495550992
6037186202,12.312399720054757,3.810847764544832
6037186203,12.352199213552361,3.82861234770705
6037186301,12.322742283367556,3.812340783025325
6037186302,12.408331496235455,3.835609332648871
6037186401,12.391574648186174,3.830590800136892
6037186403,12.44354262696783,3.836731615331964
6037186404,12.488784409308693,3.853246225188227
6037187101,12.436584583162218,3.845202636550308
6037187102,12.539632582477755,3.864559405886379
6037187200,12.541945882956879,3.867632498973306
6037187300,12.576969359342916,3.879038743326489
6037188100,12.187930787132101,3.772842804928131
6037188201,12.486462522245038,3.861104757015743
6037188202,12.440028607118412,3.848377362080767
6037188300,12.380356733059548,3.830915158795346
6037189101,12.546988453114305,3.892093
6037189102,12.476067930869268,3.864091815879535
6037189201,12.537713562628337,3.892229590691307
6037189202,12.467412134154689,3.868842265571526
6037189300,12.46423389596167,3.868799420944558
6037189400,12.352830013004791,3.84273225119781
6037189500,12.453458501026694,3.879491623545517
6037189600,12.411490542778918,3.871672364134155
6037189701,12.23282723613963,3.802949373716632
6037189702,12.365240167008898,3.872138900068446
6037189800,12.425777028747433,3.917307191649555
6037189902,12.475929387405886,3.920505116358658
6037189903,12.442269184120465,3.906060353867214
6037189904,12.463346466119096,3.912315836413416
6037189905,12.441699092402464,3.908305717316906
6037190100,12.482136748117728,3.910998010951403
6037190201,12.471710586584531,3.898535869952088
6037190202,12.453096687200548,3.899464019849418
6037190301,12.510314918548939,3.897231650239562
6037190401,12.545158914442163,3.899117351813826
6037190402,12.537090815879535,3.8923844366872
6037190510,12.549937689938398,3.910274740588638
6037190520,12.574015500342231,3.914032918548939
6037190700,12.514960631074606,3.911315424366872
6037190801,12.57243337303217,3.923669509924709
6037190802,12.554225791238878,3.92619390622861
6037190901,12.58544412183436,3.926197507186858
6037190902,12.585556427789186,3.923667500342231
6037191000,12.510328926762491,3.903364383983573
6037191110,12.597454014373717,3.920606707049966
6037191120,12.622137495550992,3.930517804928131
6037191201,12.584629815195072,3.910426137577002
6037191203,12.658685221765914,3.92807126899384
6037191204,12.645740255304586,3.933110904175222
6037191301,12.678218939767283,3.936564865160849
6037191302,12.629554032169747,3.919098871321013
6037191410,12.716817522245038,3.941944535249829
6037191420,12.756297927446954,3.94926137577002
6037191500,12.71941553045859,3.951018618754278
6037191610,12.67818565229295,3.941577258726899
6037191620,12.68472484257358,3.946736905544148
6037191710,12.640857028747433,3.947575024640657
6037191720,12.638576442847365,3.940614117727584
6037191810,12.587056717316906,3.939343285420945
6037191820,12.608145689938398,3.948289539356605
6037191901,12.539826113620808,3.937659542094456
6037191902,12.573964324435318,3.952537691307324
6037192001,12.538281156057495,3.952000777549624
6037192002,12.515066004106776,3.955234649555099
6037192300,12.629982863107461,3.960055422313484
6037192410,12.67156834770705,3.968563214236824
6037192420,12.685726979466119,3.961672011635866
6037192510,12.707300995208761,3.963145824093087
6037192520,12.723124381245722,3.961293196440794
6037192610,12.739791796714579,3.95927590349076
6037192620,12.760763969883641,3.970261783025325
6037192700,12.779324989048597,3.962838848733744
6037194101,12.323579343600274,3.875317080082136
6037194102,12.24483347980835,3.859241873374401
6037194200,12.321984263518138,3.902073917864476
6037194300,12.266108321013005,3.907477876796715
6037194401,12.471759939767283,3.950987615331964
6037194402,12.441176475701574,3.942920085557837
6037194500,12.482946858316222,3.968382616016427
6037195100,12.612996570841889,3.895377088295688
6037195201,12.525097021902806,3.876948718001369
6037195202,12.586865149212868,3.89810321560575
6037195300,12.613189535249829,3.911813226557153
6037195400,12.690376630390144,3.930288032854209
6037195500,12.714417917864476,3.924124377138946
6037195600,12.771573040383299,3.938158492813142
6037195710,12.799232114989733,3.958819969199179
6037195720,12.802447594113621,3.944959169062286
6037195802,12.812569975359343,3.964762371663244
6037195803,12.767862116358658,3.950073258042437
6037195804,12.783683021218344,3.948376446269678
6037195901,12.709392262149213,3.936092618069815
6037195902,12.719841579055442,3.943043832991102
6037195903,12.795867440793977,3.963949810403833
6037197200,12.635461204654346,3.884910958932238
6037197300,12.732882564681725,3.916332241615332
6037197410,12.645980295687885,3.894037993155373
6037197420,12.733238101300479,3.920692514715948
6037197500,12.801983089664613,3.941512480492813
6037197600,12.821050536618754,3.940482422313484
6037197700,12.828642454483231,3.932294614647502
6037199000,12.690022544147844,3.896072195756331
6037199110,12.708480397672827,3.913838694045174
6037199120,12.786839021902806,3.936226453114305
6037199201,12.755156693360712,3.903421051334702
6037199202,12.671166896646133,3.901429628336756
6037199300,12.538327388774812,3.875239968514716
6037199400,12.591912726899384,3.883966106091718
6037199700,12.830166425051335,3.915225004791239
6037199800,12.792713406570842,3.917286249144422
6037199900,12.840216581793292,3.936053162902122
6037201110,12.485216981519507,3.886978613963039
6037201120,12.461527880219028,3.889873202600958
6037201200,12.547189436002738,3.904588177960301
6037201301,12.582477227241615,3.900963216290212
6037201302,12.455990546201232,3.877134305954826
6037201401,12.677236497604381,3.924330889801506
6037201402,12.773527476386037,3.945015582477755
6037201501,12.542159406570842,3.914309209445585
6037201503,12.571610223819302,3.915101385352498
6037201504,12.63784368788501,3.925294326488706
6037201601,12.728319700205339,3.950616772073922
6037201602,12.657097211498973,3.933623370294319
6037201700,12.739998073237509,3.959529378507871
6037203100,12.8536343045859,3.968504305270363
6037203200,12.898042861738535,3.982192319644079
6037203300,12.861599672826831,3.951229021902806
6037203500,12.90638131485284,3.956653176591376
6037203600,12.92140574606434,3.977051904859685
6037203710,12.925570277891855,3.987791950034223
6037203720,12.94057836550308,3.995396941136208
6037203800,12.945539343600274,4.008273466119096
6037203900,13.013010971252567,4.044854332648871
6037204110,12.987112045859001,4.025392411362081
6037204120,13.014413459958932,4.041741672142368
6037204200,12.96195437303217,4.001884578370979
6037204300,12.990666824093087,4.016490832991102
6037204410,12.957415145790554,3.98907715742642
6037204420,12.96658753045859,4.001649310746064
6037204600,13.037330952087611,4.025076028747433
6037204700,13.06816158110883,4.043385620807666
6037204810,13.071614493497604,4.05827411156742
6037204820,13.093469737850787,4.065215925393566
6037204910,13.090104737166324,4.072941618069815
6037204920,13.116563547570157,4.085375366872006
6037205110,13.095760750855578,4.064604364818617
6037205120,13.118406954140999,4.077785809034908
6037206010,12.837479210130048,3.910755813826146
6037206020,12.906803699520876,3.944740069815195
6037206031,13.053675453114305,4.042135501026694
6037206032,12.962438258726899,3.984038697467488
6037206050,13.067382498973306,4.042983503080082
6037206200,12.965329252566735,3.994051405886379
6037206300,12.995265478439425,4.014146804243669
6037207101,12.88654462696783,3.948864323750856
6037207102,12.888777268309377,3.947253524982888
6037207103,12.865201739904175,3.93638353045859
6037207301,12.969775440109514,4.00650996440794
6037207302,12.963774551676934,3.999811816563997
6037207400,12.898413676933607,3.965619309377139
6037207501,12.923943475017112,3.974213550992471
6037207502,12.94065640862423,3.986097275154004
6037207710,12.950758911019849,4.002077470910335
6037207900,12.984943728268309,4.024212229295003
6037208000,12.868198149897331,3.96130690622861
6037208301,12.880207132785763,3.983489211498973
6037208302,12.873466986310746,3.975527255989049
6037208401,12.870295446269678,3.972567220396988
6037208402,12.856025042436687,3.967538982888433
6037208501,12.848067753593429,3.972654409993155
6037208502,12.858005199178645,3.979596062970568
6037208610,12.820510410677618,3.971610021218344
6037208620,12.8403028275154,3.971470134154689
6037208710,12.837526089664613,3.989137249828884
6037208720,12.858878891854894,3.986520691307324
6037208801,12.870101112936345,3.989509958247776
6037208802,12.865786316221766,3.986217532511978
6037208902,12.910670832991102,3.992594830937714
6037208903,12.898098017111567,3.992183814510609
6037208904,12.903753101300479,3.989953269678302
6037209102,12.922656051334702,3.996883433264887
6037209103,12.916296938398357,3.984746275154004
6037209104,12.908329364818617,3.977873607802875
6037209200,12.928600969199179,3.992739021218344
6037209300,12.940489313483915,4.004928080082136
6037209401,12.89633742642026,4.003163929500342
6037209402,12.910134423682409,4.008711396303901
6037209403,12.921976489390828,4.007035318959617
6037209510,12.908396223819302,4.009937905544148
6037209520,12.92361584531143,4.016619310746064
6037209810,12.918323030800821,4.01891157357974
6037209820,12.933340303901437,4.026876435318275
6037210010,12.945971317590691,4.021525021902806
6037211000,12.662489504449008,3.987874541409993
6037211120,12.826175948665298,3.987877779603012
6037211121,12.812065765229295,3.976808457221082
6037211122,12.800937055441478,3.975317361396304
6037211201,12.75989820054757,3.970087277207392
6037211202,12.782267592060233,3.975171088980151
6037211310,12.784827844626968,3.988757476386037
6037211320,12.792148349760438,3.978236210814511
6037211410,12.73958264476386,3.978321960985626
6037211420,12.748287101984942,3.976199663244353
6037211500,12.716916779603012,3.983066808350445
6037211701,12.727940258726899,3.99794897467488
6037211703,12.740249904859685,3.990170970568104
6037211704,12.771182886379192,3.999127749486653
6037211802,12.784038533880904,3.99435570568104
6037211803,12.779399674880219,3.992551130732375
6037211804,12.760951665297741,3.983709778918549
6037211910,12.788923853524983,3.9892099137577
6037211921,12.808150587268994,3.987528930869268
6037211922,12.798363162902122,3.985185277891855
6037212101,12.817216669404518,3.992573866529774
6037212102,12.801405085557837,3.992799600273785
6037212202,12.874227904859685,4.005996559206023
6037212203,12.839927716632444,4.000629905544148
6037212204,12.848523550308008,3.997642889801506
6037212303,12.832226055441478,4.001889331964408
6037212304,12.815208492813142,4.003671997946612
6037212305,12.846505460643395,4.019216205338809
6037212306,12.858958263518138,4.009695941136208
6037212410,12.801798332648871,4.000365301848049
6037212420,12.814108902121834,4.013078627652293
6037212501,12.801067719370294,4.0112242183436
6037212502,12.790494086926762,4.010751887063655
6037212610,12.77327010403833,4.009199302532512
6037212620,12.782592739219712,4.013275332648871
6037212701,12.778692459958932,4.018030208761122
6037212702,12.717048975359343,4.006818489390828
6037212800,12.743701028062971,4.020406863791923
6037212900,12.785404605065024,4.029456618069815
6037213100,12.815593203969884,4.024931919917864
6037213201,12.837792689253936,4.025476724161533
6037213202,12.84619215468857,4.023692981519507
6037213310,12.859926839835729,4.027188338809035
6037213320,12.871748893223819,4.01759505338809
6037213401,12.878926455852156,4.012408760438056
6037213402,12.902135803559206,4.020505273785079
6037214000,12.570649277207392,3.973826481177276
6037214100,12.608798932922656,3.971378867214237
6037214400,12.527372676933607,3.967745161533196
6037214501,12.549698203285421,3.982596216290212
6037214502,12.589549792607803,3.98565690349076
6037214503,12.580828404517454,3.995632072553046
6037214600,12.519535305270363,3.986737416837782
6037214700,12.533408263518138,3.995086625598905
6037214800,12.471789058863792,3.976999643394935
6037214901,12.407449340862423,3.979854632443532
6037214902,12.439412375085558,3.976026496919918
6037215101,12.591697181382615,4.00396792128679
6037215102,12.618610911019849,3.993664623545517
6037216100,12.664556986995209,4.013932603696099
6037216200,12.627559358658453,4.015586836413416
6037216300,12.547213668035592,4.00738348733744
6037216401,12.461420074606434,4.007967707734428
6037216402,12.453567121149897,3.998063707049966
6037216700,12.515945162902122,4.021753122518823
6037216800,12.501138305270363,4.009534898015058
6037216900,12.575249811772758,4.023882381930185
6037217001,12.428564328542094,4.012682995208761
6037217002,12.477388295003422,4.018413048596852
6037217100,12.612365005475702,4.02312855578371
6037217200,12.677255227241615,4.023912282683094
6037218110,12.749804619438741,4.035510101300479
6037218120,12.779086658453114,4.037451728268309
6037218210,12.68868507871321,4.037455489390828
6037218220,12.72483578439425,4.03677448733744
6037218300,12.628868193702943,4.037683629021218
6037218400,12.613573563997262,4.04238424366872
6037218500,12.652715599589322,4.044883731690623
6037218600,12.692517984941821,4.044968280629706
6037218701,12.733654266940452,4.048615211498973
6037218702,12.739092590006845,4.052826332648871
6037218800,12.780449609856263,4.046868861054073
6037218900,12.786143983572895,4.058512413415469
6037219010,12.794319052703628,4.062570834360027
6037219020,12.79748463449692,4.075746767282683
6037219300,12.75338896440794,4.064913048596852
6037219500,12.717819017111567,4.070722511978097
6037219700,12.671326657768652,4.062040816563997
6037219800,12.638256579055442,4.055850386036961
6037219901,12.607664334702259,4.054841793976728
6037219902,12.521926932922656,4.043266325119781
6037220000,12.709407353867214,4.057702127310062
6037220100,12.549334008213552,4.056442755646817
6037221110,12.910514908966461,4.028621575633128
6037221120,12.918663414784394,4.036263468172485
6037221210,12.869554140999316,4.036085620123203
6037221220,12.884776639288159,4.034998660506502
6037221302,12.844191202600958,4.044889561259411
6037221303,12.846787262149213,4.042608841889117
6037221304,12.823611184120465,4.040298197809719
6037221401,12.828281190965092,4.056239999315537
6037221402,12.835495158110883,4.043733132785763
6037221500,12.856567057494866,4.051072614647502
6037221601,12.919832272416153,4.055318852156058
6037221602,12.92097929431896,4.046070386036961
6037221710,12.944565407255305,4.058734981519507
6037221810,12.938244537303217,4.06432936550308
6037221820,12.959209765913758,4.06316538329911
6037221900,12.937205590006845,4.072101865845311
6037222001,12.837392716632444,4.068192013004791
6037222002,12.842209958247776,4.074311956194387
6037222100,12.878469538672142,4.070044058179329
6037222200,12.874763101300479,4.058095034223135
6037222500,12.893399099931554,4.075285311430527
6037222600,12.927494567419576,4.082328180013689
6037222700,12.959810589322382,4.081766183436003
6037224010,12.990015618754278,4.040944074606434
6037224020,12.998743788501027,4.055055659137577
6037224200,12.955126828884326,4.034311464065708
6037224310,12.928902578370979,4.034289699520876
6037224320,12.93757603559206,4.032323880903491
6037224410,12.961320528405202,4.049756379192334
6037224420,12.980716783709788,4.056044704312115
6037224600,13.018219947296372,4.07741885284052
6037224700,12.984190183436003,4.072231741273101
6037226001,13.058107849418207,4.066538631759069
6037226002,13.026759002737851,4.038542668035592
6037226410,13.040432117043121,4.07506196440794
6037226420,13.05749513963039,4.079329898015058
6037226700,13.062649908966461,4.095179418206708
6037227010,13.088572295003422,4.08645419028063
6037227020,13.087062334702259,4.092312345653662
6037228100,13.118350947296372,4.107579984257358
6037228210,13.105209911019849,4.105867969883641
6037228220,13.126186364134155,4.119567026694045
6037228310,13.083101724161533,4.107290837097878
6037228320,13.069583987679672,4.108263138261465
6037228410,13.052067945242984,4.099430450376454
6037228420,13.036965106776181,4.104782176591376
6037228500,13.056572073237509,4.120989975359343
6037228600,13.08705415468857,4.119047123887748
6037228710,13.124477678302532,4.137280694729637
6037228720,13.151558277207392,4.134984327173169
6037228800,13.154950455852156,4.133514331279945
6037228900,13.176646607118412,4.149673794661191
6037229100,13.140719972621492,4.154409557837098
6037229200,13.107263796030116,4.135639154004107
6037229300,13.067666072553046,4.130442197125257
6037229410,13.07095359890486,4.139138732375086
6037229420,13.105758876112252,4.142263761806982
6037231100,13.006702087611225,4.091356138261465
6037231210,12.922981034223135,4.086100835728953
6037231220,12.964636511978097,4.093008511978097
6037231300,12.897243003422314,4.086952739904175
6037231400,12.850289232032854,4.089707511293634
6037231500,12.876385546885695,4.097434867214237
6037231600,12.932185127994524,4.102808509924709
6037231710,12.980696513347023,4.107598405201916
6037231720,12.999854478439425,4.110476240246407
6037231800,13.017816289527721,4.106935355920602
6037231900,13.039037029431896,4.129943676249144
6037232110,12.982661717316906,4.120865062970568
6037232120,13.006146381930185,4.113784076659822
6037232200,12.940586368240931,4.112441511293634
6037232300,12.926717533196441,4.113649516769336
6037232400,12.863352709103354,4.109049066392882
6037232500,12.879675848733744,4.121966423682409
6037232600,12.94120434770705,4.122172627652293
6037232700,12.991645181382615,4.126772980150582
6037232800,13.031479392881588,4.133744446269678
6037234000,12.808543602327173,4.089353026694045
6037234200,12.765131088295688,4.085196236824093
6037234300,12.771671239561944,4.09275589596167
6037234501,12.815263142368241,4.110052528405202
6037234502,12.81185778439425,4.104746239561944
6037234600,12.795154082135524,4.114130392881588
6037234700,12.787992417522245,4.11998276386037
6037234800,12.800022952772074,4.124961536618754
6037234901,12.768067679671458,4.118526542094456
6037234902,12.742257436002738,4.118898080766598
6037235100,12.652304141683778,4.108218472279261
6037235201,12.780128056810404,4.12164290349076
6037235202,12.742574367556468,4.123396438740589
6037236000,12.54808145927447,4.071394678302532
6037236100,12.71751765982204,4.081253915811088
6037236202,12.666613005475702,4.072518869267625
6037236203,12.682524661190965,4.070831627652293
6037236204,12.692097906913073,4.075234449007529
6037236400,12.674479987679672,4.088736400410678
6037237101,12.964871474332649,4.129385149897331
6037237102,13.010365667351129,4.133890736481862
6037237201,12.926168392197125,4.125481439425051
6037237202,12.875876793292266,4.125745197809719
6037237300,12.850116975359343,4.128057794661191
6037237401,12.932473433264887,4.13250364202601
6037237402,12.906902128678987,4.132872579739904
6037237500,12.965960321697468,4.144554656399726
6037237600,12.995731052703628,4.141733000684463
6037237710,12.963025626283368,4.140660863107461
6037237720,12.955028134154689,4.140766295003422
6037237800,12.894009455852156,4.131100757700205
6037237900,12.829596932922656,4.126061880903491
6037238000,12.72672357357974,4.121261177275838
6037238100,12.803083185489391,4.129718383983573
6037238200,12.869307436002738,4.132878021902806
6037238310,12.939594511293634,4.139960420260096
6037238320,12.923734187542779,4.135645259411362
6037238400,12.78224332238193,4.127674064339494
6037239201,13.049031026694045,4.149054698836413
6037239202,13.097046741273101,4.150511926762491
6037239310,13.035815424366872,4.144867122518823
6037239320,13.060026311430527,4.15433819028063
6037239330,13.102497443531828,4.1545383908282
6037239501,13.082372079397673,4.155190874058864
6037239502,13.068172566735113,4.148397742642026
6037239601,13.015732639972622,4.141604070499658
6037239602,13.007094466119096,4.146397752224504
6037239701,12.99474609650924,4.143558392197125
6037239702,12.976196497604381,4.134181559206023
6037239801,13.05748424366872,4.154011537303217
6037239802,13.032794682409309,4.149821752908966
6037240010,13.012125506502396,4.139939831622177
6037240020,12.989827899383984,4.139271210814511
6037240200,12.947427245722108,4.13747205338809
6037240300,12.898380452429843,4.131973169746749
6037240401,12.868483795345654,4.126756930184805
6037240402,12.852490278576318,4.130721582477755
6037240500,12.911738742642026,4.136940765913758
6037240600,12.947985460643395,4.139247924024641
6037240700,12.977353379192334,4.137143761806982
6037240800,12.949707535249829,4.131642651608487
6037240900,12.913360144421629,4.124036893223819
6037241001,12.866076107460643,4.112557267624914
6037241002,12.868020367556468,4.110786400410678
6037241110,12.873053134839151,4.128142393566051
6037241120,12.850018488706366,4.120502926078029
6037241201,12.83171929431896,4.124058034223135
6037241202,12.766955826830938,4.110393829568788
6037241300,12.715372953456537,4.101334364818617
6037241400,12.767134232717317,4.105418826146475
6037242000,12.978096574264203,4.126654173169062
6037242100,13.054342067761807,4.1352481724846
6037242200,13.056171097878166,4.14194173100616
6037242300,13.035472086926762,4.1388609137577
6037242600,12.945341758384668,4.118248153319644
6037242700,12.986314353182752,4.125208750171116
6037243000,13.029698664613279,4.134480515400411
6037243100,12.991722615331964,4.124814917180014
6037261101,12.122299720054757,3.868820470225873
6037261102,11.995546409308693,3.860006874743326
6037261200,11.886821421629021,3.844219384668036
6037262100,11.88505465982204,3.874020338124572
6037262200,11.714810730321698,3.833750926762491
6037262301,11.552336943189596,3.806882412046544
6037262302,11.721922251882272,3.871616666666667
6037262303,11.647757067077344,3.867005926762491
6037262400,11.457681455167693,3.800886174537988
6037262501,11.35529537303217,3.842168496919918
6037262601,11.070452289527721,3.757090592744695
6037262604,11.103032428473648,3.795218228610541
6037262704,11.163177119780972,3.81248080698152
6037262706,11.274465752224504,3.83944758110883
6037262802,11.44359268788501,3.861508080082136
6037264000,11.681925422997947,3.887993548939083
6037264102,11.780336968514716,3.89974512183436
6037264103,11.80455805338809,3.91409629705681
6037264301,11.81719459137577,3.921398063655031
6037264302,11.710561960301164,3.903778472279261
6037265100,12.108600275838467,3.947042693360712
6037265201,12.056023161533196,3.945934891854894
6037265202,12.027875684462697,3.944962305954826
6037265301,11.9724794366872,3.925040960985626
6037265303,11.920274457905544,3.919679113620808
6037265304,11.93948774606434,3.920365783025325
6037265305,11.954121509924709,3.935070885010267
6037265410,11.825822309377139,3.903310457905544
6037265420,11.867153360711841,3.909223913073238
6037265510,12.010663255304586,3.946988204654346
6037265520,12.00504094934976,3.947914065708419
6037265601,12.105497785078713,3.966507778234086
6037265602,12.08659470294319,3.956814528405202
6037265700,12.187099937029432,3.972179371663244
6037267100,12.168497015742642,3.976358197809719
6037267200,12.060153468856947,3.973742201916496
6037267300,11.936171005475702,3.950755292950034
6037267402,11.796402731690623,3.923416078028747
6037267403,11.881717264202601,3.938603618754278
6037267404,11.838330321013005,3.925059772758385
6037267501,11.874245193702943,3.938630021218344
6037267502,11.815400429842574,3.934481945242984
6037267600,11.901599438740589,3.954515585900068
6037267700,11.983017692676249,3.962749682409309
6037267800,12.10720258384668,3.984030455852156
6037267901,12.271264763175907,3.989412685831622
6037267902,12.20847938329911,3.990647970568104
6037269000,12.33420404312115,4.012807716632444
6037269100,12.391040249828884,4.010149593429158
6037269300,12.251280570841889,4.002629899383984
6037269500,12.402560689253936,4.02077072347707
6037269601,12.464035229295003,4.030773351813826
6037269602,12.43698047980835,4.023639947296372
6037269700,12.439862916495551,4.030972961670089
6037269800,12.378546984257358,4.035614296372348
6037269903,12.286191227926078,4.030252768651608
6037269904,12.260322724845996,4.018950101984942
6037269905,12.324887590691307,4.031341252566735
6037269906,12.319313777549624,4.029420207392197
6037269907,12.303479468856947,4.026907106091718
6037270100,12.373667257357974,4.039013206023272
6037270200,12.47284890622861,4.036715244353183
6037270300,12.541114819986311,4.037512503080082
6037271100,12.127750387405886,3.991973190965092
6037271200,11.991753544147844,3.96729062422998
6037271300,11.988991977412731,3.975022258042437
6037271400,11.874204910335387,3.970000486652977
6037271500,11.994077904859685,3.985581778234086
6037271600,12.066038299794661,3.991009744695414
6037271701,12.186632979466119,4.00851762422998
6037271702,12.119477757015743,3.997350371663244
6037271801,12.191254728952772,4.021642851471595
6037271802,12.240556047227926,4.02411301026694
6037271901,12.105495153319644,4.005138744010951
6037271902,12.008893281998631,3.992643277207392
6037272100,11.903182491444216,3.981187138945927
6037272201,11.961537205338809,3.995074277891855
6037272202,11.911015568104038,3.990840031485284
6037272301,12.104022280629706,4.013279001368925
6037272302,12.041243987679672,4.003972032169747
6037273100,11.744701485968515,3.950946039698836
6037273200,11.663385095140315,3.941951464750171
6037273300,11.610519630390144,3.935754147843942
6037273402,11.544506036960986,3.925618292950034
6037273502,11.588403127310062,3.937416986995209
6037273600,11.70600017522245,3.953422370978782
6037273700,11.794250002053388,3.964375986995209
6037273800,11.782821196440794,3.965006429158111
6037273902,11.625192017111567,3.941160524298426
6037274100,11.785080281998631,3.976397769336071
6037274202,11.602798156741958,3.950340142368241
6037275101,12.267567725530459,4.049873219028063
6037275102,12.187527402464066,4.036069917864476
6037275200,12.089405203285421,4.02434262696783
6037275302,11.93364380698152,4.007676753593429
6037275311,12.038709793976728,4.01810239835729
6037275400,11.88282575633128,3.992141605065024
6037275500,12.135984597535934,4.027995770704997
6037275602,12.058606690622861,4.034673064339494
6037275603,12.190012839835729,4.04812626899384
6037276000,12.288294587953456,4.079799457221082
6037276100,12.466494844626968,4.099280890485968
6037276400,12.075407171800137,4.04058773100616
6037276500,11.985720967830253,4.03002859137577
6037276601,11.819213106091718,3.99264519301848
6037276603,11.745128310061602,3.98311726146475
6037276604,11.869417790554415,4.004419183436003
6037277000,12.179010001368925,4.055959013689254
6037277100,12.387498997262149,4.103572227241615
6037277200,12.284427005475702,4.086715206707734
6037277400,12.322000969883641,4.092682257357974
6037278001,12.108421737850787,4.052832871321013
6037278102,11.687669841204654,3.975512552361396
6037291110,12.67834027926078,4.092236659137577
6037291120,12.633359710472279,4.086612439425051
6037291130,12.562248713894593,4.070394511293634
6037291210,12.424440945242984,4.042807272416153
6037291220,12.325876219028063,4.016134570841889
6037291300,12.178796301848049,3.983490201916496
6037292000,11.973032739219712,3.949538991101985
6037293201,11.714290196440794,3.894274499657769
6037293202,11.591450820670773,3.867156856947296
6037293301,11.451880260780288,3.84280703559206
6037293302,11.341509856262834,3.817326108145106
6037293304,11.236276609856263,3.800852353867214
6037293306,11.102120787132101,3.775087552361396
6037293307,11.177589024640657,3.787403224503764
6037294110,11.54679933744011,3.79143853798768
6037294120,11.588442698151951,3.783740684462697
6037294200,11.459817752908966,3.797052640657084
6037294301,11.411277675564682,3.798865411362081
6037294302,11.284565718001369,3.782399367556468
6037294410,11.350812506502396,3.80010592881588
6037294421,11.255203028747433,3.79777046954141
6037294510,11.334072704312115,3.77914842642026
6037294520,11.343273268309377,3.769328009582478
6037294610,11.386448405201916,3.768161090349076
6037294620,11.443002593429158,3.763808187542779
6037294701,11.286163356605065,3.749328661190965
6037294810,11.238165427789186,3.76662073100616
6037294820,11.261262030800821,3.760137316906229
6037294830,11.175751229979466,3.747785736481862
6037294900,11.150111715947981,3.749068293634497
6037295103,10.911760833675565,3.736883518138262
6037296210,10.762077457221082,3.700146468856947
6037296220,10.67405181724846,3.684622553045859
6037296300,10.778721863791923,3.711243939767283
6037296401,10.536608571526352,3.696932305270363
6037296402,10.665037248459959,3.706923713894593
6037296500,10.736768764544832,3.703500798083504
6037296600,10.613542441478439,3.684070726214921
6037296901,10.464969560574949,3.664197427104723
6037296902,10.519518084873374,3.673639099931554
6037297000,10.440066491444216,3.66885498220397
6037297110,10.578802056810404,3.672420047912389
6037297120,10.488113040383299,3.657577502395619
6037297201,10.409048150581793,3.651607320328542
6037297202,10.360848802874743,3.64444159890486
6037297300,10.262579761806982,3.642948045174538
6037297400,10.272036693360712,3.650044156741958
6037297500,10.2275102183436,3.627428236824093
6037297601,10.243046323066393,3.622915298425736
6037297602,10.264872130732375,3.629020557837098
6037300100,10.589441817932923,3.46802317522245
6037300200,10.826264140314853,3.501880127994524
6037300301,10.527617445585216,3.452724632443532
6037300400,10.893456975359343,3.512660429842574
6037300501,10.934242476386037,3.521403440109514
6037300502,11.000867289527721,3.541374887748118
6037300600,11.086974546885695,3.548472809034908
6037300701,11.222690320328542,3.568537123887748
6037300702,11.499235717316906,3.615835028747433
6037300800,11.37883955578371,3.608416553730322
6037300901,11.555506544147844,3.663089229295003
6037300902,11.75368319028063,3.70272663449692
6037301000,11.81569198220397,3.700465965092402
6037301100,11.799307848733744,3.68473922587269
6037301203,11.780457056810404,3.675185724161533
6037301204,11.836814542094456,3.688128327857632
6037301205,11.79157864476386,3.668115472279261
6037301206,11.853798262149213,3.687825919233402
6037301300,11.688831622861054,3.648231894592745
6037301400,11.650838587953456,3.629950236824093
6037301501,11.733419829568788,3.646187936344969
6037301502,11.771585871321013,3.649360202600958
6037301601,11.906922891854894,3.68280225119781
6037301602,11.956278773442847,3.690818403148528
6037301701,11.905742300479124,3.698824411362081
6037301702,12.009928023956194,3.722342258726899
6037301801,11.914586664613279,3.707753422997947
6037301802,12.026220569472964,3.73197873100616
6037301900,11.887950263518138,3.712268101984942
6037302002,11.975709350444901,3.731774032169747
6037302003,11.956240254620123,3.723939608487337
6037302004,11.943306663928816,3.725944093086927
6037302102,12.147670696098563,3.77326090349076
6037302103,12.02328568788501,3.747236031485284
6037302104,11.967833919233402,3.735467952772074
6037302201,12.028058848733744,3.743145138945927
6037302202,12.108253651608487,3.762573459958932
6037302301,12.090120452429843,3.748613574948665
6037302302,12.138289472279261,3.765463175906913
6037302401,12.23248701779603,3.785305422313484
6037302503,12.140605407939767,3.768359034907598
6037302504,12.173058952087611,3.776907585215606
6037302505,12.286927786447639,3.804597048596852
6037302506,12.240162567419576,3.792905898699521
6037310100,11.35488711156742,3.580717174537988
6037310201,11.580144197809719,3.610312073921971
6037310202,11.629585419575633,3.619426346338125
6037310300,11.502466319644079,3.59798092128679
6037310400,11.462147727583847,3.602333995208761
6037310501,11.573897026694045,3.619696108829569
6037310601,11.591195219028063,3.612200828884326
6037310602,11.60904676659822,3.61077759137577
6037310701,11.706608920602327,3.61716465982204
6037310702,11.748181124572211,3.623947260780288
6037310703,11.794929015742642,3.644916008898015
6037310800,11.833922472963724,3.644652169746749
6037310900,11.741726785763176,3.635018891170431
6037311000,11.673563238877481,3.642839792607803
6037311100,11.668789123203285,3.651585729637235
6037311200,11.809742270362765,3.683741338124572
6037311300,11.797309345653662,3.664105059548255
6037311400,11.929419436002738,3.712358091033539
6037311500,11.906052832306639,3.691477802190281
6037311600,12.048241979466119,3.730234576317591
6037311700,11.961543481861738,3.688411937029432
6037311801,11.90549132238193,3.669347565366188
6037311802,11.856416259411362,3.648074140999316
6037320000,12.128688288843258,3.787377065708419
6037320100,10.483687659137577,3.490331899383984
6037320201,10.566767652977413,3.509027492813142
6037320202,10.527503479123888,3.498118576317591
6037320300,10.600778152635181,3.512282953456537
6037400204,11.186302255989049,3.761290062286105
6037400205,10.921985292265572,3.692294343600274
6037400206,11.30211323340178,3.780560446954141
6037400207,11.010499495550992,3.716493281314168
6037400302,11.478562916495551,3.834192947980835
6037400304,11.593457047912389,3.862509884325804
6037400402,11.126495067761807,3.735882247775496
6037400403,10.970930060232717,3.698075763175907
6037400404,10.662341833675565,3.630394669404518
6037400501,10.761561386721424,3.637361526351814
6037400602,11.179334067077344,3.71724602532512
6037400603,10.975424715263518,3.662575268309377
6037400604,10.961843706365503,3.666543156741958
6037400800,11.169709938398357,3.722866117727584
6037400900,11.205967415468857,3.737295183436003
6037401001,11.045752847364819,3.71215980698152
6037401002,11.046866551676934,3.707135892539357
6037401101,11.28956244421629,3.777825745379877
6037401102,11.240794370978782,3.755899409993155
6037401201,11.310704822039699,3.787250088980151
6037401202,11.467761727583847,3.829617891170431
6037401203,11.552339306639288,3.839830532511978
6037401303,12.067570046543463,3.991466594798084
6037401304,11.913391316906229,3.946524941136208
6037401311,11.497607169746749,3.835040019849418
6037401312,11.699228707049966,3.889325747433265
6037401500,11.727952819301848,3.900756108145106
6037401601,11.424892489390828,3.818906707734428
6037401602,11.616952936344969,3.870087518822724
6037401603,11.539420009582478,3.8452698275154
6037401701,11.499657271731691,3.835526330595482
6037401703,11.704656934291581,3.89123180698152
6037401704,11.748342447638604,3.900485319644079
6037401800,11.535636928131417,3.835735649555099
6037401901,11.782822378507871,3.891367427789186
6037401902,11.746795316906229,3.893256767282683
6037402001,11.972762707049966,3.941853385352498
6037402002,11.96560674606434,3.937542915126626
6037402101,11.975368869952088,3.949934125941136
6037402102,11.983416940451745,3.957245309377139
6037402200,12.013402125256674,3.968640527036276
6037402301,12.147322145106092,4.001286983572895
6037402303,12.212344977412731,4.012292943189596
6037402304,12.245901699520876,4.019682159479808
6037402402,12.272021069815195,4.04540700752909
6037402403,12.299537898699521,4.05421877412731
6037402404,12.246652655030801,4.040932191649555
6037402405,12.132832386721424,4.00302506844627
6037402406,12.141626880219028,4.00397960164271
6037402501,12.319057745379877,4.042659868583162
6037402502,12.410757810403833,4.060550877481177
6037402600,12.21257909377139,4.002612242984257
6037402702,12.276828333333333,4.01546733744011
6037402703,12.098681566735113,3.968976798767967
6037402705,12.184450685831622,3.995196546885695
6037402706,12.195845015058179,3.986343789869952
6037402801,12.372248782340862,4.041214275838467
6037402803,12.443584202600958,4.057641561259411
6037402804,12.469210979466119,4.060762769336071
6037402902,12.559888810403833,4.091310592060233
6037402903,12.54280494934976,4.086010452429843
6037402904,12.641460568788501,4.113792592060233
6037403000,12.507933900068446,4.090775507186858
6037403200,12.449060019164956,4.093948042436687
6037403303,12.710964783709788,4.165549919233402
6037403304,12.777963214921287,4.192122894592745
6037403305,12.816003835728953,4.20020590349076
6037403312,12.642029857631759,4.144981305270363
6037403316,12.508753904859685,4.109169598220397
6037403317,12.463653708418891,4.082937483230664
6037403318,12.551405484599589,4.109273227241615
6037403319,12.637847506502396,4.15148566255989
6037403320,12.678641845995893,4.16467262696783
6037403321,12.619086325804244,4.132552622861054
6037403322,12.77638932238193,4.185001519507187
6037403323,12.734521052019165,4.173554174537988
6037403324,12.807550876112252,4.200770790554415
6037403325,12.845701630390144,4.224297560574949
6037403401,12.65827673100616,4.146027902806297
6037403402,12.631657544832307,4.143947360711841
6037403403,12.513254552361396,4.114360533196441
6037403404,12.574978481177276,4.126472455167693
6037403405,12.319310493497604,4.061705652977413
6037403406,12.411631979466119,4.0886348275154
6037403407,12.484327783025325,4.09663919028063
6037403408,12.594437346338125,4.124870872005476
6037403500,12.220224596167009,4.034885845995893
6037403600,12.054961044490075,3.984581024640657
6037403702,11.856247592744695,3.928253717316906
6037403703,11.815969407255305,3.921996613278576
6037403721,11.778510793976728,3.905784355920602
6037403722,11.89491832238193,3.94236153045859
6037403801,11.673716160848734,3.872832334017796
6037403802,11.667453837097878,3.876213229979466
6037403901,11.415106410677618,3.799962442162902
6037403902,11.545184611225188,3.832674442162902
6037404000,11.528863969199179,3.819062477754962
6037404100,11.526785762491444,3.815946822039699
6037404201,11.358625977412731,3.768629386036961
6037404202,11.373308411362081,3.782640037645448
6037404301,11.35405627926078,3.75920345174538
6037404302,11.491626660506502,3.799945351813826
6037404401,11.334372062286105,3.74645234017796
6037404402,11.492079342231348,3.788393442162902
6037404501,11.616155714579055,3.829088715947981
6037404503,11.60015364202601,3.832822238193018
6037404504,11.593372965776865,3.833021131416838
6037404600,11.676878596167009,3.835534863107461
6037404701,12.283222397672827,3.992359004106776
6037404702,12.289847607118412,3.996348223819302
6037404703,12.373922513347023,4.025343914442163
6037404801,12.168296054072553,3.969871553045859
6037404802,12.21552463449692,3.991979415468857
6037404803,12.264094004106776,3.998440483230664
6037404901,11.916049138945927,3.903485550992471
6037404902,12.06670118275154,3.939204590006845
6037404903,12.032943081451061,3.930300919917864
6037405001,11.800969967830253,3.871052456536619
6037405002,11.767959711841205,3.867040625598905
6037405101,11.887711421629021,3.894673444900753
6037405102,11.970952151950719,3.923678856947296
6037405201,12.002940418206708,3.936103960301164
6037405202,12.102173826146475,3.960797932238193
6037405203,12.144077551676934,3.968202058863792
6037405301,11.954139424366872,3.928988262149213
6037405302,12.123678957563313,3.976548991101985
6037405400,11.897760377138946,3.910230480492813
6037405500,12.054225286105407,3.962992134839151
6037405600,12.042000423682409,3.958334143052704
6037405701,11.863130263518138,3.89756107871321
6037405702,11.87913700752909,3.912246235455168
6037405800,11.732062741273101,3.863378731690623
6037405900,11.683338092402464,3.866727689938398
6037406000,11.853240668035592,3.91497612936345
6037406101,11.857363170431212,3.921423302532512
6037406102,11.987867767282683,3.95818858110883
6037406200,12.076767464065708,3.97993163449692
6037406300,12.260317847364819,4.039831985626283
6037406402,12.300982915126626,4.038624805612594
6037406411,12.160278021218344,4.009291683778234
6037406412,12.21534595687885,4.017336570841889
6037406500,12.228661001368925,4.00848989596167
6037406601,12.327718021902806,4.040767844626968
6037406602,12.356083039698836,4.044198815879535
6037406701,12.372843897330596,4.045830739904175
6037406702,12.247861404517454,4.01034714715948
6037406800,12.275782134839151,4.008418082135524
6037406901,12.374325613963039,4.032700080082136
6037406902,12.393338542778918,4.044795392197125
6037407001,12.377532911019849,4.030852072553046
6037407002,12.48410158110883,4.055574245722108
6037407101,12.497081710472279,4.071381684462697
6037407102,12.545407673511294,4.083219542778918
6037407200,12.593859489390828,4.10740771321013
6037407301,12.480701328542094,4.077813814510609
6037407302,12.549723149212868,4.088423960985626
6037407400,12.41895158110883,4.054653659137577
6037407501,12.447409208761122,4.073303688569473
6037407502,12.455629680355921,4.07766501779603
6037407601,12.515538943189596,4.08874514715948
6037407602,12.564252029431896,4.10954540109514
6037407701,12.685793630390144,4.136617926762491
6037407702,12.6634912183436,4.13364744421629
6037407801,12.535758858316222,4.105595429842574
6037407802,12.574553339493498,4.115326423682409
6037407900,12.461706054757016,4.081315165639973
6037408003,12.416859817932923,4.069803065708419
6037408004,12.475640701574264,4.086761127310062
6037408005,12.380852927446954,4.065297631074606
6037408006,12.483685657084189,4.093881327173169
6037408133,12.581476605749487,4.118295194387406
6037408134,12.614020531827515,4.129498295003422
6037408135,12.650794524298426,4.145988627652293
6037408136,12.676096872005476,4.147332302532512
6037408137,12.684833749486653,4.153833674195756
6037408138,12.642078554414784,4.131893730321698
6037408139,12.678661269678302,4.148064377138946
6037408140,12.687030889801506,4.14820353798768
6037408141,12.681565830937714,4.152269826146475
6037408202,12.702991435318275,4.131301852156058
6037408211,12.7388341724846,4.159425000684463
6037408212,12.745954396988364,4.175984496919918
6037408301,12.591564795345654,4.079966256673511
6037408302,12.68696256605065,4.093787874743326
6037408303,12.715847320328542,4.106509388774812
6037408401,12.765730003422314,4.137889114989733
6037408402,12.8384155229295,4.140530145790554
6037408501,12.761291260780288,4.149309407255305
6037408503,12.909187714579055,4.17207523613963
6037408504,12.86143776386037,4.168436820670773
6037408505,12.860667415468857,4.15976494661191
6037408623,12.773256606433949,4.16351970568104
6037408624,12.797347283367556,4.157806770704997
6037408625,12.875802275838467,4.171080219712526
6037408626,12.787440227241615,4.175821943189596
6037408627,12.838876555099247,4.185299938398357
6037408628,12.838356034907598,4.181233744010951
6037408629,12.899069575633128,4.182975900068446
6037408630,12.779017455167693,4.151196415468857
6037408631,12.808524344284736,4.163421123887748
6037408703,12.838315728268309,4.194861798767967
6037408704,12.783756370294319,4.183764868583162
6037408705,12.791301718001369,4.192528492128679
6037408706,12.807698321697468,4.196086906913073
6037408722,12.807276030800821,4.186294603696099
6037408723,12.798152995893224,4.188782431211499
6037408724,12.784485511293634,4.181756110198494
6037408800,12.322280914442163,4.036339955509925
6037430002,11.211228954140999,3.717553047227926
6037430003,10.707580405886379,3.600367518822724
6037430101,11.284139915126626,3.733788898699521
6037430102,11.46089127652293,3.776797605065024
6037430200,11.046607444900753,3.671840780287474
6037430301,10.726453358658453,3.594972110882957
6037430302,11.113696220396988,3.687652429158111
6037430400,11.041161491444216,3.658585133470226
6037430501,10.900663993839836,3.61387953045859
6037430502,11.120283347022587,3.664698238877481
6037430600,11.223224281314168,3.69691323613963
6037430701,11.495107004791239,3.743928476386037
6037430721,11.52097834770705,3.757355481861738
6037430723,11.643329351129363,3.785096446269678
6037430724,11.681984917864476,3.788036859685147
6037430801,11.456353797399042,3.756499005475702
6037430802,11.649013290896646,3.802518231348392
6037430803,11.782206684462697,3.839953258726899
6037430901,11.357387646817248,3.739136288843258
6037430902,11.478630116358658,3.772730179329227
6037431001,11.229323262149213,3.712561247091034
6037431002,11.199750327173169,3.716662948665298
6037431100,11.389287595482546,3.751409127310062
6037431200,11.57720584257358,3.799390399726215
6037431300,11.602086959616701,3.797804271047228
6037431400,11.839725221765914,3.852208645448323
6037431501,12.028421133470226,3.897979043805613
6037431502,11.968088969883641,3.887144981519507
6037431600,11.888718622176591,3.857246221765914
6037431700,11.753224275838467,3.818022858316222
6037431800,11.809503995893224,3.822566169746749
6037431900,11.944026006844627,3.853349249828884
6037432000,12.058880099247091,3.88840931211499
6037432101,12.084160005475702,3.904324311430527
6037432102,12.179534160848734,3.918844355920602
6037432201,12.304796342915811,3.931682610540726
6037432202,12.298189878850103,3.936112620123203
6037432300,12.200132348391513,3.93871653045859
6037432401,12.109507976728268,3.928156271731691
6037432402,12.190302012320328,3.94594924366872
6037432500,12.033180170431212,3.913734600273785
6037432601,12.202788110198494,3.961796329226557
6037432602,12.190013709103354,3.960302429158111
6037432700,12.310766069815195,3.972537541409993
6037432801,12.344873375085558,3.973477418206708
6037432802,12.336129431211499,3.968788933607118
6037432901,12.394639163586584,3.958499406570842
6037432902,12.348552453114305,3.96455403559206
6037433101,12.452180626283368,3.994891244353183
6037433102,12.487843143737166,4.000451830937714
6037433200,12.424570083504449,4.001078779603012
6037433302,12.42211463449692,4.020043156057495
6037433304,12.336554648186174,3.991081917864476
6037433305,12.329642687200548,3.992321819986311
6037433306,12.311356440793977,3.997418997946612
6037433307,12.342146329226557,4.001766219712526
6037433401,12.516858632443532,4.022497333333333
6037433402,12.509029368240931,4.026726942505134
6037433403,12.441902072553046,4.016072767282683
6037433501,12.579896923340178,4.024516518138262
6037433503,12.574790533196441,4.033164238877481
6037433504,12.547570982888433,4.018355339493498
6037433601,12.504612473648186,3.990285363449692
6037433602,12.583141536618754,4.012857312799452
6037433700,12.692425216290212,4.051836937029432
6037433801,12.606316775496236,4.048472523613963
6037433802,12.801194027378508,4.084448936344969
6037433901,12.481455713894593,4.035948410677618
6037433902,12.568855930869268,4.050873120465435
6037434001,12.538646245722108,4.054209485284052
6037434003,12.623120006844627,4.067219822724162
6037434004,12.67900196440794,4.07948389596167
6037460000,10.980750381245722,3.606707780287474
6037460100,10.828802665982204,3.55696057357974
6037460200,10.775735212183436,3.535598817932923
6037460301,10.716194270362765,3.511232449007529
6037460302,10.963024323750856,3.5621942183436
6037460401,10.68113831485284,3.495808439425051
6037460501,10.742166052703628,3.499319272416153
6037460502,10.93842319301848,3.539594920602327
6037460600,10.742124228610541,3.491511002053388
6037460700,11.123995203285421,3.570425063655031
6037460800,11.531867957563313,3.671809247775496
6037460900,11.263539693360712,3.623069173853525
6037461000,11.113291600273785,3.59041139835729
6037461100,11.024452998631075,3.5889816954141
6037461200,11.00340450513347,3.591585869952088
6037461300,11.100886295003422,3.614522182067077
6037461400,11.168017908281999,3.630140169062286
6037461501,11.199085214921287,3.6253954366872
6037461502,11.228754210130048,3.624469625598905
6037461600,11.458033496235455,3.666780892539357
6037461700,11.548165852156058,3.686664947296372
6037461901,11.556573014373717,3.697011747433265
6037461902,11.664462967145791,3.719639620123203
6037462001,11.406287156741958,3.662156451060917
6037462002,11.421928095140315,3.665900728268309
6037462100,11.385448444900753,3.670170031485284
6037462201,11.514460856947296,3.691962312799452
6037462202,11.615034960301164,3.715488734428474
6037462301,11.463390869267625,3.683453492128679
6037462302,11.575346414099932,3.707645516769336
6037462400,11.332570830253251,3.65876483504449
6037462500,11.197091094455852,3.64918965982204
6037462600,11.330446444900753,3.6672272183436
6037462700,11.483723406570842,3.698185658453114
6037462800,11.441165843942505,3.700364427789186
6037462900,11.37711755578371,3.694547147843942
6037463000,11.300133353867214,3.687923755646817
6037463101,11.544294968514716,3.748039574264203
6037463102,11.614314628336756,3.758473896646133
6037463200,11.594654168377823,3.743175443531828
6037463300,11.644657468172485,3.739700813826146
6037463400,11.661227503080082,3.738446772758385
6037463500,11.742252543463381,3.749565523613963
6037463601,11.737224804243669,3.7427155633128
6037463602,11.774252531143053,3.74657835523614
6037463700,11.817613372347707,3.75327453045859
6037463800,11.95675499247091,3.777615826146475
6037463900,11.976380635865845,3.786464145106092
6037464000,11.950426205338809,3.789805374401095
6037464100,11.974705502395619,3.811078122518823
6037464200,11.825595581793292,3.796339369609856
6037480002,11.854066355920602,3.812976249828884
6037480011,11.744637562628337,3.793068645448323
6037480012,11.844219876112252,3.820417419575633
6037480101,11.967509800136892,3.851658839151266
6037480102,12.000494795345654,3.858103757015743
6037480201,12.093772722792608,3.852925691991786
6037480202,12.028759682409309,3.849595579739904
6037480302,12.247827769336071,3.878997973305955
6037480303,12.371395902806297,3.900303694045174
6037480304,12.338804822039699,3.896867199863108
6037480400,12.260143891170431,3.87316326146475
6037480500,12.266266490075291,3.866088205338809
6037480600,12.14002685284052,3.825476597535934
6037480702,12.364869371663244,3.870308883641342
6037480703,12.308864646817248,3.86066759890486
6037480704,12.34143747980835,3.870296278576318
6037480802,12.581285726899384,3.934475259411362
6037480803,12.478526091718001,3.908871757700205
6037480804,12.41616577412731,3.896400171115674
6037480901,12.483006436002738,3.92664376386037
6037480902,12.568168928131417,3.944719752908966
6037480903,12.63653361670089,3.969800452429843
6037481001,12.44598390349076,3.925977729637235
6037481002,12.30214534770705,3.895208069815195
6037481101,12.216496746748802,3.886488893908282
6037481102,12.167715189596167,3.883549648870637
6037481103,12.279249082135524,3.910286213552361
6037481201,12.153313925393566,3.898841422313484
6037481202,12.182588449691992,3.891427793976728
6037481300,12.426747459958932,3.963071333333333
6037481401,12.40408711430527,3.936604965776865
6037481402,12.376660052019165,3.939056069815195
6037481500,12.442897090349076,3.939486077344285
6037481603,12.451737969883641,3.933032170431212
6037481604,12.503498995208761,3.940385533196441
6037481605,12.612666503764545,3.972488363449692
6037481606,12.568777119096509,3.959376461327858
6037481711,12.65137386036961,3.992713228610541
6037481712,12.632946963723477,3.995129149897331
6037481713,12.657445481177276,3.984075729637235
6037481714,12.689868457905544,3.996862863107461
6037481800,12.706750150581793,3.986014701574264
6037481901,12.682040667351129,3.963880101984942
6037481902,12.717474498288843,3.97728922587269
6037482001,12.819167765913758,4.000192333333333
6037482002,12.852664020533881,4.024878067761807
6037482101,12.752209359342916,4.003197371663244
6037482102,12.818050334017796,4.031910759753593
6037482201,12.722368780971937,4.012855643394935
6037482202,12.700449149897331,4.01610374606434
6037482301,12.49707920807666,3.974339335386721
6037482303,12.541733767967146,3.986493941820671
6037482304,12.614381832991102,3.996292319644079
6037482401,12.523038942505134,3.991827126625599
6037482402,12.713753841204654,4.04143751266256
6037482502,12.680164994524298,4.014091908281999
6037482503,12.660355341546886,4.017419663928816
6037482521,12.741869170431212,4.036625491444216
6037482522,12.808566613963039,4.06404167008898
6037482600,12.804369225188227,4.046136597535934
6037482701,12.928175308008214,4.06548368788501
6037482702,12.888435559890486,4.048452757700205
6037482800,12.899548409993155,4.073087481177276
6037500100,12.879434793976728,4.186475399726215
6037500201,12.937581967830253,4.188482647501711
6037500202,12.955979535249829,4.183670187542779
6037500300,12.867651277207392,4.117247539356605
6037500402,12.987112914442163,4.126668865160849
6037500403,12.92103773853525,4.110116262149213
6037500404,12.936102757015743,4.110147552361396
6037500500,12.958520620123203,4.107882092402464
6037500600,13.006996193702943,4.127339444900753
6037500700,13.08557194661191,4.146887666666667
6037500800,13.095650923340178,4.154811245037645
6037500900,13.051788073921971,4.142450563997262
6037501001,13.056780753593429,4.150376617385352
6037501002,13.046627047227926,4.155024075290897
6037501200,12.964932533196441,4.129227414099932
6037501300,13.013373226557153,4.148749474332649
6037501400,13.016078768651608,4.16125542642026
6037501501,12.944921848049281,4.146834411362081
6037501503,12.991958435318275,4.156085945242984
6037501504,13.001684247775496,4.162176577686516
6037501600,12.953527986310746,4.172850418206708
6037501700,12.983806862422998,4.174032326488706
6037501802,13.001290075975359,4.174139801505818
6037501803,13.016511334702259,4.172265560574949
6037501804,13.005591202600958,4.169800631759069
6037501900,12.993000506502396,4.176071536618754
6037502003,13.019705227926078,4.171154696783025
6037502004,13.028797227241615,4.165870151266256
6037502005,13.009743379192334,4.171230917864476
6037502100,13.036113659137577,4.166148633812457
6037502200,13.073796594798084,4.160980970568104
6037502301,13.089761134154689,4.166384437371663
6037502302,13.064386602327173,4.165755026009582
6037502401,13.1336430862423,4.163316330595482
6037502402,13.122559709787817,4.157352029431896
6037502500,13.155412882272416,4.167595726214921
6037502601,13.122830012320328,4.166097081451061
6037502602,13.135994855578371,4.167179147843942
6037502700,13.090401288843258,4.175673685831622
6037502801,13.103434149212868,4.170361651608487
6037502802,13.036816359342916,4.16937788843258
6037502901,13.033314239561944,4.17626670568104
6037502902,13.033325620123203,4.168528761806982
6037503000,12.985066222450376,4.158975312799452
6037503103,12.973303529089665,4.15972227926078
6037503104,12.959446125941136,4.157525759753593
6037503105,12.949548168377823,4.156819528405202
6037503106,12.934409326488706,4.160383075975359
6037503201,12.965632429158111,4.162874138945927
6037503202,12.988386740588638,4.16737680971937
6037503301,12.969226655715264,4.173451069815195
6037503302,12.960521594113621,4.170714542094456
6037503401,12.931790669404518,4.180187381245722
6037503402,12.943570819301848,4.176128877481177
6037503501,12.950897850787132,4.16438835523614
6037503502,12.94436209650924,4.17622029705681
6037503601,12.923982932238193,4.15806701026694
6037503602,12.87954358384668,4.150256383983573
6037503701,12.934422284052019,4.166672044490075
6037503702,12.906540919917864,4.16730546954141
6037503703,12.857463538672142,4.146964039014374
6037503801,12.793198040383299,4.118845432580424
6037503802,12.813193077344285,4.123781915811088
6037503901,12.781529453114305,4.10952654825462
6037503902,12.752586272416153,4.096837855578371
6037504001,12.870332297741273,4.140652934291581
6037504002,12.887974318959617,4.143327951403148
6037504101,12.903462242299795,4.140750000684463
6037504102,12.877493182067077,4.12724912936345
6037530003,12.893272169746749,4.085247592060233
6037530004,12.955550652977413,4.105705303216975
6037530005,12.951988856947296,4.095195413415469
6037530006,13.010273769336071,4.109654600958248
6037530101,13.023244539356605,4.126040813141684
6037530102,13.052343186858316,4.12130100752909
6037530202,12.999764881587954,4.100764019849418
6037530203,12.99781486036961,4.0998416954141
6037530204,13.051253219028063,4.115999496919918
6037530301,13.010263637234771,4.075240527036276
6037530302,13.010909136892539,4.081443993155373
6037530400,12.929674830253251,4.050461509240246
6037530500,12.95683022587269,4.045492693360712
6037530601,12.868347061601643,3.996735002053388
6037530602,12.872975281314168,4.001249404517454
6037530700,12.838467347022587,3.976662759753593
6037530801,12.903480859000684,3.995602678302532
6037530802,12.883334475701574,3.993055064339494
6037530901,12.94814744421629,4.012064937713895
6037530902,12.937032383983573,4.019360316221766
6037531000,12.957564116358658,4.040588423682409
6037531101,12.992143030800821,4.038245143052704
6037531102,12.989547648186174,4.041646864476386
6037531201,13.02931267008898,4.059788285420945
6037531202,13.044922871321013,4.065124777549624
6037531301,13.069288897330596,4.084951602327173
6037531302,13.116224708418891,4.094217707734428
6037531502,13.063817006844627,4.092481812457221
6037531503,13.019592722792608,4.062187041067762
6037531504,13.026278480492813,4.0736979137577
6037531602,13.071006655030801,4.098997318275154
6037531603,13.00389544421629,4.071960405886379
6037531604,13.037190825462012,4.087922438740589
6037531701,13.05059473100616,4.094080219028063
6037531702,13.073583083504449,4.103204603011636
6037531800,13.054879501711157,4.109215752224504
6037531901,13.096806237508556,4.123269535249829
6037531902,13.085192232717317,4.129957281998631
6037532001,13.10645773853525,4.146035668720055
6037532002,13.12751185284052,4.147954991101985
6037532101,13.065450661875428,4.135691558521561
6037532102,13.122954969883641,4.156129854209446
6037532200,13.151206848733744,4.155266618069815
6037532302,13.1387951321013,4.114071268309377
6037532303,13.152059300479124,4.13637875633128
6037532304,13.169846813141684,4.149524794661191
6037532400,13.172592693360712,4.119265678986995
6037532500,13.180942116358658,4.137616071868583
6037532603,13.174793786447639,4.154245815879535
6037532604,13.169171392197125,4.14843075633128
6037532605,13.170614540041068,4.148381286105407
6037532606,13.167351958247776,4.141627156057495
6037532700,13.156955386721424,4.153896672142368
6037532800,13.150251353182752,4.159183871321013
6037532900,13.137589058179329,4.165467689253936
6037533001,13.13944163449692,4.160826076659822
6037533002,13.163060667351129,4.15757105338809
6037533103,13.160844685831622,4.152943292950034
6037533104,13.160377615331964,4.149061086926762
6037533105,13.17023326146475,4.141794722792608
6037533106,13.158708980835044,4.142568119780972
6037533107,13.177812726214921,4.149893822039699
6037533201,13.173256382614648,4.141829895277207
6037533202,13.156260889117043,4.145413600273785
6037533203,13.172611527720739,4.148242835728953
6037533300,13.178298977412731,4.131636769336071
6037533401,13.171502259411362,4.132440006160164
6037533402,13.179665853524983,4.136452421629021
6037533403,13.17577753045859,4.14007359890486
6037533501,13.185507199863108,4.14232111156742
6037533502,13.182215631759069,4.147367762491444
6037533503,13.177609097878166,4.14081098973306
6037533601,13.180350772758385,4.145113148528405
6037533602,13.165869956194387,4.143417821355236
6037533603,13.182719109514032,4.145416576317591
6037533701,13.171138776865161,4.132861002737851
6037533702,13.17602354825462,4.137078045174538
6037533703,13.171109461327858,4.138980975359343
6037533803,13.176376920602327,4.150191182067077
6037533804,13.176242390143737,4.147812727583847
6037533805,13.180380970568104,4.147687220396988
6037533806,13.194548397672827,4.149144193702943
6037533901,13.195039305270363,4.159318081451061
6037533902,13.192527130732375,4.163311934291581
6037534001,13.176555731690623,4.157284301163587
6037534002,13.174515919233402,4.158558344969199
6037534101,13.194264867214237,4.148371451060917
6037534102,13.193423586584531,4.154691796714579
6037534201,13.166488429158111,4.154748838466804
6037534202,13.165065449691992,4.158623440109514
6037534203,13.156372893223819,4.154451022587269
6037534301,13.167852740588638,4.150780443531828
6037534302,13.164966913073238,4.151799422313484
6037534403,13.176326188227242,4.150688249144422
6037534404,13.184130790554415,4.148897540041068
6037534405,13.181294681040383,4.156393991786448
6037534406,13.176793425051335,4.150595118412046
6037534501,13.156820236824093,4.144448661875428
6037534502,13.185233945927447,4.154212409993155
6037534700,13.163011849418207,4.153825623545517
6037534802,13.166028971252567,4.149329506502396
6037534803,13.143733242984257,4.150716633127994
6037534804,13.115527571526352,4.138319825462012
6037534900,13.140773672142368,4.155571442162902
6037535001,13.115936986310746,4.161790806297057
6037535002,13.142254704312115,4.153948104722793
6037535101,13.102638249828884,4.158034244353183
6037535102,13.07299301779603,4.145305284736482
6037535200,13.038114837097878,4.138074168377823
6037535300,13.112925606433949,4.14823027652293
6037535400,13.086503402464066,4.150681428473648
6037535501,13.116505639288159,4.146601583162218
6037535502,13.152901986310746,4.147040414099932
6037535503,13.109375877481177,4.138741924024641
6037535603,13.108198223819302,4.148233716632444
6037535604,13.09853762696783,4.148454680355921
6037535605,13.09460384531143,4.139284466119096
6037535606,13.079267986310746,4.141159212183436
6037535607,13.063405834360027,4.133970293634497
6037535701,13.168835618754278,4.145662633812457
6037535702,13.150232453798768,4.141447679671458
6037535802,13.074920247091034,4.128517361396304
6037535803,13.085081839151266,4.132764325119781
6037535804,13.129841131416838,4.141654727583847
6037535901,13.127350013689254,4.141265544832307
6037535902,13.104849429842574,4.133075629705681
6037536000,13.150936075975359,4.14044506091718
6037536102,13.12260173100616,4.136617841889117
6037536103,13.11750099247091,4.138665069130732
6037536104,13.127249395619439,4.143975257357974
6037536200,13.053408212183436,4.114275798083504
6037540000,13.055008367556468,4.11678575633128
6037540101,13.086028614647502,4.122609553730322
6037540102,13.056279085557837,4.1135773045859
6037540201,13.069517769336071,4.133533105407255
6037540202,13.048520523613963,4.126068715947981
6037540203,13.036782856262834,4.11206666255989
6037540300,13.025530684462697,4.120853321013005
6037540400,13.006153688569473,4.119576941820671
6037540501,12.992430448323066,4.112401258726899
6037540502,12.962790144421629,4.094791565366188
6037540600,12.956515204654346,4.1122866954141
6037540700,12.923055864476386,4.110961880219028
6037540800,12.82033719028063,4.096934043805613
6037540901,12.743005848049281,4.103644208761122
6037540902,12.680323941136208,4.079126067761807
6037541001,12.521750309377139,4.049589524298426
6037541002,12.378251643394935,4.013014665982204
6037541100,12.653646153319644,4.064324085557837
6037541200,12.766074497604381,4.084338043805613
6037541300,12.864673312799452,4.093503727583847
6037541400,12.90576601779603,4.096915184120465
6037541500,12.932158051334702,4.098393830253251
6037541603,12.918297388090349,4.096036778918549
6037541604,12.90757689596167,4.077713039014374
6037541605,12.865912854209446,4.061607336755647
6037541606,12.854747122518823,4.069031644079398
6037541700,12.9997608678987,4.101342922655715
6037541801,12.956396357289528,4.084774618069815
6037541802,12.971216913073238,4.089315664613279
6037542000,12.925574696098563,4.075228971252567
6037542103,12.891133229979466,4.063946848049281
6037542104,12.89403160164271,4.065604257357974
6037542105,12.846929743326489,4.051684713894593
6037542106,12.84196953798768,4.052182379192334
6037542200,12.788133543463381,4.030878840520192
6037542401,12.820573629705681,4.050123939767283
6037542402,12.711014026009582,4.033497245722108
6037542501,12.731803201916496,4.06031857357974
6037542502,12.777090144421629,4.05885034770705
6037542601,12.861900121149897,4.085304779603012
6037542602,12.835676895277207,4.069899751540041
6037542700,12.781732069130732,4.070350399041752
6037542800,12.726717975359343,4.067010403832991
6037542900,12.659022272416153,4.046654370294319
6037543000,12.590341317590691,4.049026399726215
6037543100,12.527335153319644,4.019708137577002
6037543201,12.661063162217659,4.040652945927447
6037543202,12.625795836413416,4.024203321697468
6037543304,12.280796843942505,3.934789803559206
6037543305,12.453644835728953,3.954852807665982
6037543306,12.057487410677618,3.880408876796715
6037543321,12.389935907597536,3.983151809034908
6037543322,12.219647328542094,3.939018937713895
6037543400,12.18975537303217,3.962627798767967
6037543501,11.928515088295688,3.91568093155373
6037543502,11.907471273785079,3.919680613278576
6037543503,11.794369134154689,3.901768160848734
6037543601,11.725328736481862,3.862940599589322
6037543602,11.625816629705681,3.858312887748118
6037543603,11.461095775496236,3.832639425051335
6037543604,11.568568733059548,3.830040918548939
6037543701,11.781570182067077,3.86088946954141
6037543702,11.686874305954826,3.838919892539357
6037543703,11.56825949486653,3.81161923613963
6037543801,12.00089453798768,3.912910511293634
6037543802,11.868558008213552,3.879083409993155
6037543903,11.914890173169062,3.870560305954826
6037543905,11.773720072553046,3.834462113620808
6037544001,12.213439453798768,3.86690499247091
6037544002,12.095681852156058,3.840079733744011
6037550000,13.016414269678302,4.16494565982204
6037550100,13.030891611909651,4.164466047227926
6037550201,13.058999761806982,4.162752714579055
6037550202,13.050356440793977,4.159047527720739
6037550300,13.06715984257358,4.155484550992471
6037550400,13.089794227241615,4.162978029431896
6037550500,13.124317583162218,4.166906637919233
6037550601,13.150189858316222,4.162811169746749
6037550602,13.145768323750856,4.162961128678987
6037550700,13.165297216290212,4.159908438740589
6037550800,13.146266013689254,4.157289996577686
6037550901,13.113510102669404,4.158828724161533
6037550902,13.136650069130732,4.163845637919233
6037551000,13.115712346338125,4.163829188911704
6037551101,13.050509463381246,4.137649699520876
6037551102,13.061472229295003,4.1421814770705
6037551201,13.074407119096509,4.13049077412731
6037551202,13.052869681040383,4.128037680355921
6037551300,13.10133727652293,4.151760074606434
6037551401,13.126957429842574,4.14530741889117
6037551402,13.120491935660506,4.147364008213552
6037551501,13.100100987679672,4.13977994661191
6037551502,13.077578195756331,4.139844022587269
6037551600,13.06680516495551,4.126776425051335
6037551700,12.998540757700205,4.11268324366872
6037551800,12.99154401026694,4.122553787816564
6037551900,12.998662757015743,4.137239255989049
6037552001,13.001023869267625,4.148119135523614
6037552002,13.023044108829569,4.154699703627652
6037552100,12.972665725530459,4.145593882272416
6037552200,12.977217541409993,4.150708498973306
6037552301,12.970709724161533,4.151696981519507
6037552302,12.925569143737166,4.141433596167009
6037552400,12.861196397672827,4.125209108829569
6037552601,12.859238915811088,4.113568694729637
6037552602,12.847892216974675,4.113197440793977
6037552700,12.901462266940452,4.128027889117043
6037552800,12.930521893223819,4.128841457221082
6037552900,12.878226495550992,4.114642759069131
6037553000,12.904129865845311,4.112595216974675
6037553100,12.867929045174538,4.087834710472279
6037553200,12.971240449691992,4.115720945927447
6037553300,12.947100861054073,4.097673162902122
6037553400,12.96617573853525,4.102785716632444
6037553502,12.917557391512663,4.083689886379192
6037553503,12.985293755646817,4.103104551676934
6037553504,12.954604285420945,4.092516031485284
6037553601,12.936875221081451,4.077126295687885
6037553602,12.9645915633128,4.092998920602327
6037553701,12.932376169062286,4.077033184120465
6037553702,12.892937605065024,4.06719262696783
6037553801,12.86197125119781,4.057272885010267
6037553802,12.815428741957563,4.038667734428474
6037553901,12.870099119096509,4.067755444900753
6037553902,12.810869238193018,4.044526535934292
6037554001,12.921342818617385,4.097454906913073
6037554002,12.873036363449692,4.082790997946612
6037554101,12.886939350444901,4.092340630390144
6037554103,12.936246195756331,4.108071788501027
6037554104,12.891713126625599,4.093990492128679
6037554105,12.835269378507871,4.074014422313484
6037554201,12.802249318275154,4.04809811430527
6037554203,12.785300932238193,4.054297153319644
6037554204,12.819614370978782,4.065979216290212
6037554301,12.792300028747433,4.040922176591376
6037554302,12.714113541409993,4.013217509240246
6037554403,12.723009306639288,4.022342381930185
6037554404,12.727022667351129,4.035405679671458
6037554405,12.731425447638604,4.038398422997947
6037554406,12.726505554414784,4.044664783025325
6037554511,12.735266646817248,4.085680767282683
6037554512,12.742535966461328,4.086324538672142
6037554513,12.791385296372348,4.094049360027378
6037554514,12.72984068514716,4.077563123203285
6037554515,12.557464091033539,4.019637813826146
6037554516,12.57549090622861,4.027074722792608
6037554517,12.627985757700205,4.048752889801506
6037554518,12.651010073921971,4.062973483230664
6037554519,12.557431137577002,4.03263026899384
6037554521,12.724028744695414,4.057099138945927
6037554522,12.557582968514716,4.008313988364134
6037554600,12.815727006160164,4.091213255304586
6037554700,12.803251150581793,4.09615192128679
6037554801,12.753878220396988,4.073599584531143
6037554802,12.697300861738535,4.05901806844627
6037554900,12.627788691991786,4.038922737166324
6037555001,12.473836394250513,3.979935568788501
6037555002,12.414388104722793,3.97308527652293
6037555102,12.450005017111567,3.991171839835729
6037555103,12.47809427652293,4.003643472963724
6037555104,12.419728898015058,3.985447136208077
6037555202,12.282447406570842,3.957854495550992
6037555211,12.334092869267625,3.967543947296372
6037555212,12.339821425735797,3.972786401779603
6037570001,12.644274263518138,4.010626570841889
6037570002,12.650913441478439,4.008067159479808
6037570003,12.645388893223819,3.996841303216975
6037570100,12.611687893908282,3.982524629705681
6037570202,12.759032092402464,4.019811385352498
6037570203,12.75791879192334,4.019059232717317
6037570204,12.701498102669404,4.010869047227926
6037570301,12.627881279945243,3.987869273100616
6037570303,12.50453485284052,3.945260728268309
6037570304,12.464135795345654,3.92921072347707
6037570402,12.593522463381246,3.984435032854209
6037570403,12.70546031485284,4.018704259411362
6037570404,12.69630328678987,4.010300049281314
6037570501,12.620585183436003,3.97692320054757
6037570502,12.635605082819986,3.982898217659138
6037570601,12.500507427789186,3.93106012183436
6037570602,12.508748984941821,3.93081811156742
6037570603,12.528172214921287,3.943002950034223
6037570701,12.510899090349076,3.952365822039699
6037570702,12.467900037645448,3.9298513045859
6037570800,12.521924252566735,3.964565672142368
6037570901,12.54971801779603,3.987577691991786
6037570902,12.553208127994524,3.984738270362765
6037571000,12.410633636550308,3.963507618754278
6037571101,12.436525328542094,3.954742546885695
6037571102,12.369927206707734,3.933290324435318
6037571200,12.382533173853525,3.920266145106092
6037571300,12.364544037645448,3.901687675564682
6037571400,12.30545755578371,3.869464440109514
6037571502,12.307459483915127,3.866228552361396
6037571503,12.437819622176591,3.91235798220397
6037571504,12.327529531827515,3.867895054757016
6037571600,12.422782859000684,3.906076937713895
6037571701,12.349750513347023,3.894143825462012
6037571703,12.379474572895277,3.900295283367556
6037571704,12.393723179329227,3.904697366872006
6037571800,12.189238686516085,3.834610801505818
6037571900,12.207535998631075,3.830610460643395
6037572001,12.110362731690623,3.796674241615332
6037572002,12.080069023271732,3.782931006160164
6037572100,12.071980453798768,3.796220151266256
6037572201,12.001752418206708,3.772709216974675
6037572202,11.904967493497604,3.757011222450376
6037572301,12.011423531143053,3.81411015742642
6037572302,11.966100459958932,3.792220323066393
6037572400,12.06210782477755,3.808024162217659
6037572500,11.956632281998631,3.800457884325804
6037572600,11.887448162902122,3.781594202600958
6037572700,11.765580496235455,3.761760231348392
6037572800,11.67318327926078,3.758621061601643
6037572900,11.70194498973306,3.753168849418207
6037573002,11.786793122518823,3.739174542778918
6037573003,11.73182365229295,3.742862186858316
6037573004,11.773601241615332,3.750781052703628
6037573100,11.835395488706366,3.753792546885695
6037573201,11.859786859000684,3.744468208761122
6037573202,11.798725271047228,3.734642330595482
6037573300,11.799218336755647,3.721170681724846
6037573401,12.011311682409309,3.765672890485968
6037573402,11.913106850787132,3.756021418206708
6037573403,11.881039770704997,3.765548932238193
6037573601,12.264582446954141,3.890885685831622
6037573700,12.291877324435318,3.915504828199863
6037573800,12.259413746748802,3.932383541409993
6037573902,12.197801064339494,3.93838362422998
6037574000,12.165843356605065,3.901515278576318
6037574100,12.13824861670089,3.870551841204654
6037574201,11.986728851471595,3.83053388569473
6037574202,11.944585508555784,3.800572600958248
6037574300,11.965061672826831,3.844789999315537
6037574400,12.028118864476386,3.875141995893224
6037574500,11.85964720054757,3.848691277207392
6037574601,11.796267741957563,3.82045492881588
6037574602,11.737462143737166,3.817167600958248
6037574700,11.734158431211499,3.799299522245038
6037574800,11.77025193155373,3.794785210814511
6037574901,11.868970513347023,3.808434052703628
6037574902,11.844007409308693,3.790745303901437
6037575001,11.866987319644079,3.779467354551677
6037575002,11.776536457221082,3.773958255989049
6037575101,11.762269169746749,3.742154191649555
6037575102,11.724159865160849,3.738324712525667
6037575103,11.752870811772758,3.757110330595482
6037575201,11.745784327857632,3.730551151950719
6037575202,11.737584060232717,3.729759570157426
6037575300,11.718874364818617,3.725427037645448
6037575401,11.672749522245038,3.737522287474333
6037575402,11.698206797399042,3.729909504449008
6037575500,11.586377254620123,3.749900248459959
6037575801,11.567679505817933,3.736011058863792
6037575802,11.582179062970568,3.729903141683778
6037575803,11.599228557152635,3.735961917864476
6037575901,11.479197680355921,3.731691577686516
6037575902,11.512453526351814,3.732562754962355
6037576001,11.395661787816564,3.716721229979466
6037576200,11.536685719370294,3.727468442162902
6037576301,11.611403485968515,3.731388489390828
6037576302,11.617062497604381,3.727204288158795
6037576401,11.64720298220397,3.728229168377823
6037576402,11.64059193908282,3.730225021902806
6037576403,11.662270800821355,3.72927392128679
6037576501,11.541410620807666,3.725384653661875
6037576502,11.559531446954141,3.728165041752224
6037576503,11.55910923613963,3.732146464065708
6037576601,11.450598009582478,3.722599080082136
6037576602,11.446499745379877,3.717931368240931
6037576700,11.466911653661875,3.731748135523614
6037576801,11.560167320328542,3.733784995893224
6037576802,11.567144524298426,3.738622117043121
6037576901,11.670218387405886,3.738174241615332
6037576903,11.690520972621492,3.745345468172485
6037576904,11.651201557152635,3.745374353182752
6037577000,11.702640439425051,3.771144524982888
6037577100,11.578938703627652,3.746368063655031
6037577200,11.45429870294319,3.737673163586584
6037577300,11.414240749486653,3.740462744010951
6037577400,11.486302201232033,3.750223245722108
6037577501,11.391527039698836,3.754275198494182
6037577504,11.313284350444901,3.743229399041752
6037577602,11.64381829431896,3.792264046543463
6037577603,11.59900775633128,3.771082603696099
6037577604,11.424919754277892,3.771521281314168
6037599000,7.686335791238878,3.297052465434634
6037599100,7.228364604380561,3.287024605065024
6037600100,12.84591797467488,4.131146110198494
6037600201,12.817624066392882,4.1309823908282
6037600202,12.751401228610541,4.117679935660506
6037600302,12.682944780971937,4.109304849418207
6037600303,12.716177879534565,4.112033052019165
6037600304,12.732779140314853,4.113282787816564
6037600400,12.639812437371663,4.108761230663929
6037600501,12.582671578370979,4.097013077344285
6037600502,12.491711894592745,4.092020123203285
6037600601,12.630844143052704,4.110255760438056
6037600602,12.575909420260096,4.103807176591376
6037600702,12.609451336071184,4.110474715263518
6037600703,12.629376664613279,4.118881938398357
6037600704,12.708231229979466,4.124762203285421
6037600801,12.752459602327173,4.121584761806982
6037600802,12.686793127994524,4.118953274469541
6037600902,12.593515704312115,4.114273941820671
6037600911,12.611443399041752,4.111704315537303
6037600912,12.689526884325804,4.115312794661191
6037601001,12.600245412731006,4.123936303216975
6037601002,12.547141919233402,4.113984419575633
6037601100,12.509118336071184,4.107354716632444
6037601202,12.44046637303217,4.103061219712526
6037601211,12.528021417522245,4.113912836413416
6037601212,12.497497754962355,4.105174136892539
6037601301,12.540572861054073,4.103717816563997
6037601302,12.525889817932923,4.108546178644764
6037601303,12.552955850787132,4.109799124572211
6037601401,12.408735085557837,4.10236712936345
6037601402,12.407007187542779,4.101496340862423
6037601501,12.366538103353867,4.091844347022587
6037601502,12.34301407118412,4.088351397672827
6037601600,12.29525426899384,4.081670529089665
6037601700,12.390810042436687,4.094544630390144
6037601801,12.464898234086242,4.105651764544832
6037601802,12.41583277412731,4.0905693908282
6037601900,12.50781294661191,4.096613509924709
6037602002,12.389765497604381,4.084061410677618
6037602003,12.468793401779603,4.097524366187543
6037602004,12.536733309377139,4.098214597535934
6037602103,12.296272290896646,4.074269722108145
6037602104,12.34107736550308,4.075104553730322
6037602105,12.290285944558522,4.068902409308693
6037602106,12.225636561259411,4.061869928131417
6037602200,12.163856490759754,4.057673610540726
6037602301,12.062099806297057,4.038095629705681
6037602302,11.98872420807666,4.025873411362081
6037602402,12.149767582477755,4.04504207118412
6037602403,12.232913263518138,4.055929952772074
6037602404,12.186294789869952,4.049431485284052
6037602504,12.252384773442847,4.053989301848049
6037602505,12.224366186173854,4.056610301848049
6037602506,12.332487134839151,4.063150828884326
6037602507,12.298902335386721,4.058481368240931
6037602508,12.292553275154004,4.058134926762491
6037602509,12.36606431211499,4.075250724845996
6037602600,12.439136825462012,4.07245705065024
6037602700,12.539584160848734,4.087905699520876
6037602801,12.654277901437372,4.099468180013689
6037602802,12.607898521560575,4.087700457905544
6037602900,12.511198312799452,4.073927296372348
6037603001,12.502505678302532,4.063676663244353
6037603004,12.419711807665982,4.048605857631759
6037603005,12.433244553045859,4.059283198494182
6037603006,12.358029439425051,4.040556340862423
6037603101,12.363174352498289,4.033130736481862
6037603102,12.283390967830253,4.014960661190965
6037603200,12.184963986995209,3.999001084873374
6037603301,12.274756349075975,4.029942866529774
6037603302,12.221758427104723,4.016027003422314
6037603400,12.347143566735113,4.04565506091718
6037603500,12.347003877481177,4.051631192334018
6037603600,12.22115198220397,4.02911353798768
6037603702,12.113558693360712,4.027827193702943
6037603703,12.182821506502396,4.036890679671458
6037603704,12.261579047912389,4.049872871321013
6037603801,12.130148170431212,4.037926565366188
6037603802,12.07487909650924,4.030481462696783
6037603900,12.034505995208761,4.026309492128679
6037604001,11.938346101984942,4.007358171115674
6037604002,11.886631065023956,3.996361526351814
6037604100,11.980699054757016,4.006428605749487
6037609900,10.570167678986995,3.685557732375086
6037620001,11.892149598220397,4.017626468856947
6037620002,11.819543277891855,4.004811409308693
6037620101,11.742482201232033,3.994332523613963
6037620102,11.69330104312115,3.984412585900068
6037620201,11.524098890485968,3.955480394250513
6037620301,11.617185569472964,3.966470648186174
6037620303,11.605815080766598,3.969387401779603
6037620305,11.498679639972622,3.951676893223819
6037620400,11.775114722108145,3.989207858316222
6037620501,11.887519024640657,4.002814213552361
6037620521,11.797342464065708,3.98460463449692
6037620522,11.708281648870637,3.968165230663929
6037620601,11.776081179329227,3.982933461327858
6037620602,11.661089948665298,3.960981764544832
6037620701,11.603155090349076,3.956863355920602
6037620702,11.533311905544148,3.946222354551677
6037620800,11.647756542094456,3.973518495550992
6037620901,11.545571127310062,3.951177105407255
6037620904,11.464705899383984,3.935594260095825
6037621001,11.475312500342231,3.93688695687885
6037621002,11.373889034907598,3.923677604380561
6037621004,11.409959269678302,3.924859038329911
6037621102,11.400210672142368,3.919077722792608
6037621104,11.321296262149213,3.907380427789186
6037621201,11.370434344969199,3.908468303216975
6037621204,11.249553181382615,3.89308779945243
6037621301,11.223431744010951,3.883045854893908
6037621324,11.160200868583162,3.874142629021218
6037621326,11.0109845229295,3.834787887063655
6037621400,11.091248299794661,3.854013330595482
6037650001,12.143894785763176,4.016667044490075
6037650003,12.008094262833676,4.00671380698152
6037650004,12.083276792607803,4.015656542094456
6037650101,12.062001750855578,3.987915274469541
6037650102,12.002925977412731,3.996380689938398
6037650200,11.947453751540041,3.98749227652293
6037650300,11.852255254620123,3.987963937713895
6037650401,11.650039688569473,3.930821434633812
6037650501,11.630517214921287,3.954431019164956
6037650502,11.516763506502396,3.93510668514716
6037650602,11.482016569472964,3.923822859000684
6037650603,11.41884079945243,3.918267743326489
6037650604,11.540092807665982,3.918123380561259
6037650605,11.608744093086927,3.938143956194387
6037650701,11.410823095824778,3.893258127994524
6037650702,11.304976167693361,3.887452839835729
6037650800,11.477326316906229,3.885222136892539
6037650901,11.731694193702943,3.921401427104723
6037650902,11.549289138945927,3.881914052019165
6037651001,11.410744124572211,3.848140835728953
6037651002,11.381292637919233,3.855554219712526
6037651101,11.235565657084189,3.84213711156742
6037651102,11.333818823408624,3.86772014715948
6037651201,11.177214263518138,3.86203580698152
6037651221,11.269428668035592,3.866047889117043
6037651222,11.147304814510609,3.847700666666667
6037651302,10.960862990417522,3.816043534565366
6037651304,10.930351364818617,3.821923019849418
6037651401,11.008046092402464,3.791262485284052
6037651402,11.050727206023272,3.811961030800821
6037670001,11.299992456536619,3.823331168377823
6037670002,11.210246201916496,3.806629153319644
6037670003,11.181122470910335,3.812065056810404
6037670100,11.084379516769336,3.78170358384668
6037670201,10.848436717316906,3.761336307323751
6037670202,10.850192062970568,3.78039698973306
6037670324,10.786253089664613,3.788027813141684
6037670326,10.507703733744011,3.73854353045859
6037670328,10.249201093086927,3.701829199863108
6037670403,10.622861636550308,3.746333288158795
6037670405,10.476529656399726,3.719902982888433
6037670406,10.327243403148528,3.702051600273785
6037670407,10.469473311430527,3.725318518822724
6037670411,10.658990174537988,3.754752214236824
6037670413,10.390600421629021,3.716364268309377
6037670416,10.128426412731006,3.676739368925394
6037670500,10.572687665982204,3.723672794661191
6037670602,10.239769939767283,3.676172628336756
6037670701,10.822260097193703,3.737974813141684
6037670702,10.61124213963039,3.714673210814511
6037700101,12.481512839151266,3.935904141683778
6037700102,12.492614554414784,3.938325742642026
6037700200,12.434689500342231,3.930894493497604
6037700300,12.403001640657084,3.936941440109514
6037700400,12.400529348391513,3.961408467488022
6037700501,12.334295097878166,3.941375553730322
6037700502,12.361876335386721,3.934064330595482
6037700600,12.248727687200548,3.924840739904175
6037700700,12.184317759069131,3.94420800752909
6037700801,12.378208187542779,3.978278613963039
6037700802,12.45185568514716,3.990477674880219
6037700901,12.446625389459274,4.000821943874059
6037700902,12.376875003422314,4.000436301848049
6037701000,12.31002752019165,3.988586273785079
6037701100,11.887257201232033,3.923139273100616
6037701201,11.557564470910335,3.878453422997947
6037701202,11.564968447638604,3.890752868583162
6037701302,11.474266273785079,3.887187760438056
6037701304,11.411862059548255,3.864068780287474
6037701402,11.412280802190281,3.879621173169062
6037701501,11.549397316221766,3.89445176659822
6037701502,11.570090540041068,3.904872394934976
6037701601,11.674455538672142,3.906366978097194
6037701602,11.696115826146475,3.915417067761807
6037701701,11.720462039014374,3.927999862422998
6037701702,11.583834882272416,3.906586495550992
6037701801,11.756073418206708,3.93305034770705
6037701802,11.619904570157426,3.919817731690623
6037701902,11.466788027378508,3.894247989048597
6037702002,11.525579299110198,3.912399558521561
6037702102,11.562454919917864,3.920123981519507
6037702201,11.665559433264887,3.929525083504449
6037702202,11.701583837782341,3.941711622176591
6037702300,11.824139021218344,3.9482195229295
6037702400,12.441189997946612,4.041215240246407
6037702501,12.346235201232033,4.039236486652977
6037702502,12.432876033538672,4.051583607118412
6037702600,12.3265236954141,4.057889056125941
6037702700,12.292497865845311,4.048068942505134
6037702801,12.239129473648186,4.027255584531143
6037702802,12.174020664613279,4.023418501711157
6037702803,11.967265765229295,3.999869451060917
6037702901,11.764665049965777,3.980002339493498
6037703001,12.409429282683094,4.074646687200548
6037703002,12.47894431485284,4.085390231348392
6037703100,12.612554542778918,4.094714005475702
6037703200,12.724133144421629,4.097742550308008
6037800101,10.53482198973306,3.587200672142368
6037800102,10.549343232032854,3.623910389459274
6037800202,10.196744621492129,3.544329029431896
6037800203,10.248465676933607,3.505156275154004
6037800204,10.348550210814511,3.53277884257358
6037800324,9.771331201916496,3.432011579055442
6037800325,9.645855490075291,3.427310711156742
6037800326,9.607924584531143,3.448903774811773
6037800327,9.89158212183436,3.451364968514716
6037800328,10.032770158795346,3.471478336071184
6037800329,9.906950489390828,3.484347496919918
6037800330,9.805069884325804,3.502713027378508
6037800331,9.705638630390144,3.414844826830938
6037800332,9.795688562628337,3.425150997946612
6037800406,9.357731998631075,3.457266675564682
6037800408,9.422159599589322,3.499056746748802
6037800410,9.800735475701574,3.531115264887064
6037800504,10.173753716632444,3.611204565366188
6037800506,10.611618361396304,3.68328454825462
6037900102,7.924111613278576,3.202727837782341
6037900103,8.026196089664613,3.180208872689938
6037900104,7.970768405201916,3.139527495550992
6037900201,8.26353140109514,3.261485603011636
6037900300,8.323292499657769,3.246157896646133
6037900501,8.453498174537988,3.250529721423682
6037900504,8.4780421724846,3.256485254620123
6037900505,8.451316724845996,3.257141618754278
6037900506,8.450377462696783,3.26401602532512
6037900507,8.450117830253251,3.260413953456537
6037900508,8.436256065023956,3.261947787132101
6037900602,8.391974247091034,3.248847290896646
6037900605,8.398889704996578,3.257743140314853
6037900606,8.420663082819986,3.255483505817933
6037900607,8.43188817522245,3.249478704996578
6037900608,8.42104954072553,3.256923759069131
6037900609,8.403466049965777,3.252652543463381
6037900701,8.461799524982888,3.252981628336756
6037900703,8.468241178644764,3.257976760438056
6037900704,8.49821146201232,3.25351129431896
6037900705,8.508101336071184,3.25702549486653
6037900803,8.400956390143737,3.24635167008898
6037900804,8.395882351813826,3.242947948665298
6037900805,8.433151427104723,3.251568728952772
6037900806,8.433561207392197,3.254251021902806
6037900900,8.211082274469541,3.204072287474333
6037901003,8.421164986310746,3.239528099247091
6037901004,8.455024006844627,3.251084149897331
6037901007,8.539413405201916,3.262482917864476
6037901008,8.432210985626283,3.247759909650924
6037901009,8.475188718685832,3.262303160848734
6037901010,8.515326535249829,3.265571379192334
6037901011,8.509884214236824,3.264269625598905
6037901101,8.512100229979466,3.257365085557837
6037901102,8.517765708418891,3.260108936344969
6037901205,8.446767389459274,3.238253648870637
6037901209,8.242807314168378,3.20611606844627
6037901210,8.398388763175907,3.21800558110883
6037901213,8.569052460643395,3.254000101984942
6037910001,8.191451837097878,3.188707379876797
6037910002,8.02041468514716,3.111355353867214
6037910101,8.432158425051335,3.246643140999316
6037910201,8.556453327857632,3.254361519507187
6037910202,8.566832754962355,3.262242834360027
6037910205,8.550112944558522,3.215619589322382
6037910206,8.643245149897331,3.256783420260096
6037910207,8.593374434633812,3.255576180013689
6037910208,8.58556929705681,3.253062454483231
6037910209,8.604657442162902,3.25783453798768
6037910210,8.581809671457906,3.258395700889802
6037910301,8.545929606433949,3.259589453798768
6037910302,8.580235456536619,3.25880453045859
6037910401,8.587372370978782,3.242891716632444
6037910402,8.547232669404518,3.245223754962355
6037910403,8.545750259411362,3.240640112936345
6037910404,8.549970956194387,3.23958051266256
6037910501,8.532350724845996,3.240099572210814
6037910502,8.515725470910335,3.237584689253936
6037910504,8.516175034907598,3.230958273100616
6037910505,8.511694519507187,3.22631874880219
6037910601,8.486790583162218,3.236086891170431
6037910602,8.492491663244353,3.236897952772074
6037910603,8.485790546201232,3.227382112251882
6037910605,8.463991453114305,3.222611321697468
6037910606,8.456914968514716,3.215809191649555
6037910705,8.38427234770705,3.215954258042437
6037910706,8.315349590006845,3.184752062970568
6037910707,8.486665696783025,3.211964704312115
6037910709,8.347574546885695,3.173894381245722
6037910711,8.45174192881588,3.22285010403833
6037910712,8.408316125941136,3.198419619438741
6037910713,8.428989305954826,3.223562231348392
6037910714,8.406974278576318,3.211443470910335
6037910715,8.455093299794661,3.212282395619439
6037910716,8.442813847364819,3.205712872689938
6037910804,8.652496655030801,3.226753689938398
6037910805,8.799171336755647,3.217593741957563
6037910807,9.29046531211499,3.317116635865845
6037910808,9.158122258726899,3.301374241615332
6037910809,9.477474158795346,3.338302228610541
6037910810,9.137810495550992,3.289941758384668
6037910811,8.667950191649555,3.167915184120465
6037910812,8.395674466803559,3.162992792607803
6037910813,8.847731513347023,3.26393905065024
6037911001,7.803950676249144,3.042351379876797
6037920011,8.867747097878166,3.273891067077344
6037920012,8.647280607802875,3.251726930869268
6037920013,9.373277882956879,3.322697660506502
6037920015,9.125295433264887,3.289512499657769
6037920016,9.183607563997262,3.299115841204654
6037920017,9.295774587268994,3.311574342231348
6037920018,9.216555630390144,3.298577529774127
6037920020,9.166373754962355,3.301758887748118
6037920023,9.425639349760438,3.337900577686516
6037920026,9.112695122518823,3.295490535934292
6037920028,9.337233715263518,3.320744643394935
6037920029,9.390702934976044,3.327479622176591
6037920030,9.490432820670773,3.346538464750171
6037920031,9.58801374606434,3.362385186173854
6037920032,9.235790188911704,3.31440657357974
6037920033,9.219522353867214,3.306125541409993
6037920034,9.332877741273101,3.324169578370979
6037920035,9.453511724161533,3.340546767282683
6037920036,9.44201395687885,3.338323229295003
6037920037,9.527180486652977,3.34787380971937
6037920038,9.421844298425736,3.33378122587269
6037920039,9.425921415468857,3.3359575229295
6037920040,9.343914495550992,3.32454443394935
6037920041,9.480332622861054,3.345286965092402
6037920042,9.626101796030116,3.364483032854209
6037920043,9.652713155373032,3.368692902806297
6037920044,9.295388366187543,3.312983531827515
6037920045,9.246078900752909,3.304575219712526
6037920102,8.36630381724846,3.183772052019165
6037920104,8.26524158110883,3.109122679671458
6037920106,8.937592648870637,3.205763583162218
6037920107,9.171866383983573,3.277562306639288
6037920108,9.199256696783025,3.287169912388775
6037920109,9.179181391512663,3.288627807665982
6037920110,9.242739239561944,3.300396750171116
6037920111,9.216792403832991,3.295354338124572
6037920112,9.316712445585216,3.310480044490075
6037920114,9.294512720054757,3.300972580424367
6037920115,9.349275037645448,3.308891885010267
6037920116,8.86678893155373,3.219265735797399
6037920118,9.011620212867899,3.243288736481862
6037920119,8.927560712525667,3.220867768651608
6037920200,9.030381819986311,3.251487192334018
6037920303,9.898958590691307,3.354878657768652
6037920312,9.837489997946612,3.382838650239562
6037920313,9.70222067008898,3.353602286105407
6037920314,9.541246640657084,3.345108414784394
6037920322,9.643258824093087,3.350063522245038
6037920326,9.597850575633128,3.312882246406571
6037920328,9.355538899383984,3.305705491444216
6037920329,9.44629032991102,3.322420171800137
6037920330,9.465521356605065,3.321796716632444
6037920331,9.549267066392882,3.339329884325804
6037920332,9.696455855578371,3.368923221081451
6037920334,9.587254501711157,3.334342742642026
6037920336,9.641974481177276,3.352770993155373
6037920337,9.774029001368925,3.382006606433949
6037920338,9.479139104722793,3.303167486652977
6037920339,9.275195446954141,3.270643648186174
6037930101,10.159936299794661,3.414643633127994
6037930200,9.645861711156742,3.325683667351129
6037930301,8.73725794661191,3.175281676933607
6037930401,10.483457069130732,3.537107236824093
6037980001,11.520465164271047,3.627387362080767
6037980002,11.788681221765914,3.805568874058864
6037980003,8.107050696098563,3.244789967145791
6037980004,8.495063905544148,3.2546603908282
6037980005,11.862332969883641,3.9616823908282
6037980006,12.188558189596167,3.923124526351814
6037980007,11.549884412731006,3.794689477754962
6037980008,11.075125064339494,3.606117579739904
6037980009,12.205193387405886,3.777757362765229
6037980010,12.722002554414784,3.90660994934976
6037980013,11.959922236824093,4.022037293634497
6037980014,11.4696045229295,3.757743467488022
6037980015,11.099747600958248,3.765420713894593
6037980018,12.112942206707734,3.815202472963724
6037980019,11.129427301848049,3.748889675564682
6037980020,11.076721324435318,3.539654749486653
6037980021,10.704983278576318,3.502876637234771
6037980022,10.38726463449692,3.481661336071184
6037980023,10.268445983572895,3.432333262833676
6037980024,11.305171852156058,3.67224114715948
6037980025,12.160752481177276,3.898359838466804
6037980026,10.330600592744695,3.416728922655715
6037980028,11.935989822724162,4.027328093086927
6037980030,11.666122286105407,3.98273053798768
6037980031,10.791840095140315,3.685031316906229
6037980033,11.223604083504449,3.711584012320328
6039000102,6.949973173853525,3.127625080766598
6039000103,6.700644281314168,3.061965760438056
6039000104,7.795158144421629,3.311714386721424
6039000106,9.005017627652293,3.578678142368241
6039000108,8.387211901437372,3.433532729637235
6039000109,9.344244843942505,3.689766145790554
6039000201,11.051878583162218,4.274318240930869
6039000202,11.497015678302532,4.499910197809719
6039000300,11.224727676933607,4.39180726146475
6039000400,11.674438349075975,4.616137609856263
6039000502,12.572866488021903,4.567983107460643
6039000503,12.1985225633128,4.624037520876112
6039000506,11.591007427104723,4.373424676249144
6039000507,11.271287342915811,4.202345749486653
6039000508,12.158358657768652,4.378729681040383
6039000509,11.782043453114305,4.206571290896646
6039000602,12.237926907597536,4.486650396303901
6039000603,12.143500610540726,4.448731560574949
6039000604,12.158653422313484,4.475593166324435
6039000700,12.405225091033539,4.571509022587269
6039000800,12.35179570568104,4.518858942505134
6039000900,12.351737174537988,4.482416110198494
6039001000,13.09681692128679,4.659590039698836
6041101100,7.91888507871321,3.312899488706366
6041101200,7.984269047227926,3.333963770020534
6041102100,7.707979042436687,3.267428318959617
6041102202,7.738799179329227,3.277985529089665
6041102203,7.836093292950034,3.29568919301848
6041103100,7.49277270568104,3.22413089596167
6041103200,7.782462830253251,3.284694084188912
6041104101,7.931418242299795,3.318696909650924
6041104102,7.919937617385352,3.315012125256674
6041104200,7.940813184120465,3.321160858316222
6041104300,8.253285688569473,3.394768535934292
6041105000,8.269261823408624,3.394393390143737
6041106001,8.349230106091718,3.414808984257358
6041106002,8.499100438056126,3.451204040383299
6041107000,7.897997049965777,3.304097626283368
6041108100,8.083797652977413,3.35013410403833
6041108200,8.222371608487337,3.383477826146475
6041109001,8.375025356605065,3.410435271731691
6041109002,8.229141277891855,3.38247029705681
6041110100,8.549775593429158,3.457703579739904
6041110200,8.787024722792608,3.525595427104723
6041111000,8.355764503764545,3.408182755646817
6041112100,8.494372027378508,3.442362277207392
6041112201,8.608677361396304,3.48030639835729
6041112202,8.665326466803559,3.501299841889117
6041113000,7.465193750171116,3.224160813141684
6041114100,7.92965114715948,3.324159737166324
6041114200,7.835102181382615,3.300197548939083
6041115000,7.959264323750856,3.326222603011636
6041116000,8.047056075290897,3.34336144421629
6041117000,8.136323332648871,3.363071769336071
6041118100,8.170219034907598,3.371045908966461
6041119100,8.250498883641342,3.403908921971253
6041119201,8.454078495550992,3.450643948665298
6041119202,8.479770073921971,3.449554321697468
6041120000,8.400284405201916,3.442208162902122
6041121100,8.518369117043121,3.475255720054757
6041121200,8.676065802874743,3.511957171800137
6041122000,8.764931386036961,3.532932477754962
6041123000,9.055798136208077,3.626533197809719
6041124100,8.804528930869268,3.561480982888433
6041124200,9.145499302532512,3.659025831622177
6041125000,8.684646815879535,3.533546280629706
6041126100,8.378031991786448,3.449422863791923
6041126200,8.565924532511978,3.496967106776181
6041127000,8.242888998631075,3.4153883045859
6041128100,8.486061032854209,3.490471654346338
6041128200,8.357410388090349,3.453307863107461
6041129000,8.653189550308008,3.533519265571526
6041130201,8.901017023271732,3.600931351813826
6041130202,8.796297887063655,3.566829108829569
6041131100,7.94177932238193,3.345230918548939
6041132100,7.467595464750171,3.243328915126626
6041132200,6.887180698151951,3.12056159890486
6041133000,7.101443730321698,3.14572029431896
6043000101,8.081142026009582,3.466551080082136
6043000102,8.681583432580424,3.589724929500342
6043000200,7.796554911019849,3.421622168377823
6043000301,7.848595789185489,3.355734709787817
6043000302,7.297829177275838,3.233599002737851
6043000400,6.511128470225873,3.037121596851472
6045010100,5.380291392197125,2.608329919233402
6045010200,5.710644404517454,2.842687138261465
6045010300,5.996094042436687,2.894798905544148
6045010400,6.131682185489391,3.029613290212183
6045010500,6.148295635865845,3.029385795345654
6045010600,5.780318258042437,2.671064282683094
6045010700,5.839238151950719,2.672180454483231
6045010801,5.693957110198494,2.601260297741273
6045010802,5.505187354551677,2.53189229431896
6045010900,5.844306194387406,2.685739498973306
6045011001,6.042356287474333,2.938499389459274
6045011002,6.112198988364134,2.965765925393566
6045011102,5.844374202600958,2.816451546885695
6045011200,5.871974475017112,2.776937594113621
6045011300,5.806426721423682,2.650264178644764
6045011400,5.792356814510609,2.602065696098563
6045011500,5.776406661190965,2.581131123887748
6045011600,5.787012247775496,2.591607645448323
6045011700,5.750481764544832,2.578156617385352
6045011800,5.840239184804928,2.670592065023956
6047000201,10.887002502395619,4.375865691307324
6047000202,11.057912427104723,4.445775084873374
6047000203,11.041597468856947,4.429256691307324
6047000301,11.070665771389459,4.451556462696783
6047000303,11.041374121149897,4.470705056810404
6047000304,11.106285420944558,4.472417568104038
6047000401,10.48176665229295,4.276794845995893
6047000402,10.70607036550308,4.337344584531143
6047000503,10.586057529089665,4.241209299794661
6047000504,10.864600539356605,4.341753283367556
6047000505,11.083909312799452,4.436796655715264
6047000601,11.022464936344969,4.403776489390828
6047000602,10.997137400410678,4.372040978781656
6047000603,10.944662770020534,4.351522590006845
6047000701,11.029356039698836,4.385818731690623
6047000702,11.122937521560575,4.426227471594798
6047000801,10.950077694729637,4.340414916495551
6047000802,11.003935544147844,4.360624237508556
6047000901,11.203453393566051,4.476284555099247
6047000902,11.032335839151266,4.333443394934976
6047001002,10.737210034907598,4.187393391512663
6047001003,10.866474829568788,4.211468600958248
6047001004,10.783423688569473,4.164059524298426
6047001005,10.962285963039014,4.26645780698152
6047001101,10.644449024640657,4.122015855578371
6047001200,10.652754725530459,4.118483671457906
6047001301,10.907624811772758,4.217455321697468
6047001302,10.863231604380561,4.186435210130048
6047001401,10.825374143737166,4.173176979466119
6047001402,10.699177198494182,4.129411004791239
6047001501,11.041171372347707,4.289188751540041
6047001502,10.957514486652977,4.24222735797399
6047001503,11.002011812457221,4.257770293634497
6047001601,10.912775775496236,4.213136257357974
6047001602,10.955921144421629,4.233920607118412
6047001700,10.781594496919918,4.147300900068446
6047001801,10.40825437577002,4.074411972621492
6047001901,9.759066412046544,3.898130685831622
6047001902,10.205192331964408,4.041130217659138
6047002000,9.414241265571526,3.928002409993155
6047002100,8.346854121149897,3.537624628336756
6047002201,9.441013303216975,3.947501204654346
6047002202,9.540576195071869,3.982466238193018
6047002301,9.340592325119781,3.913007958247776
6047002302,9.804898340862423,4.086186843942505
6047002401,10.488994475017112,4.31222770294319
6047002402,10.331803167008898,4.254022921971253
6047002500,9.498202221765914,3.89501488569473
6047002600,10.586762848049281,4.103220782340862
6049000100,6.060738575633128,3.025060689253936
6049000200,6.151198449691992,3.047820273785079
6049000300,6.11707066255989,3.035072598220397
6049000400,5.862450589322382,2.960308211498973
6051000101,5.574835452429843,2.81105823613963
6051000102,5.442780330595482,2.724609711841205
6051000200,5.94002766255989,2.898172472963724
6053000101,7.460220362765229,3.092574164271047
6053000102,7.378197249144422,3.060052203285421
6053000103,7.414293874743326,3.071249396303901
6053000104,7.382695614647502,3.059039757700205
6053000200,7.346822418206708,3.047624166324435
6053000300,7.371842861054073,3.063189702258727
6053000400,7.328760969199179,3.045154169746749
6053000501,7.268010764544832,3.028321318275154
6053000502,7.291258944558522,3.026561555099247
6053000600,7.272562761806982,3.030167030116359
6053000701,7.289932725530459,3.029891183436003
6053000702,7.282916108145106,3.030335550308008
6053000800,7.258225616016427,3.026388830253251
6053000900,7.247369353182752,3.026166220396988
6053001200,7.255117674880219,3.038095637919233
6053001300,7.284695938398357,3.038413546201232
6053001400,7.282176399041752,3.04185155578371
6053001500,7.254520593429158,3.041935829568788
6053001600,7.292787925393566,3.051622238877481
6053001700,7.308669442162902,3.049777194387406
6053001801,7.344813413415469,3.062742015058179
6053001802,7.312265001368925,3.042699775496236
6053010101,7.872066894592745,3.261683453798768
6053010102,7.957003958247776,3.268278415468857
6053010202,7.853721209445585,3.249618991786448
6053010305,7.755142497604381,3.206308802874743
6053010306,7.560098960985626,3.155784589322382
6053010400,7.595382865160849,3.171577288158795
6053010501,7.660457876796715,3.170268184804928
6053010504,7.477751247775496,3.113609167693361
6053010505,7.471716320328542,3.096000577686516
6053010506,7.455663273785079,3.088937717316906
6053010603,7.352055054757016,3.048613719370294
6053010604,7.313497952772074,3.037786427789186
6053010605,7.290516112251882,3.038855379876797
6053010606,7.266191761122519,3.036341863791923
6053010607,7.307742114989733,3.036806124572211
6053010608,7.312799266255989,3.035404440109514
6053010701,6.96392137577002,2.969718074606434
6053010702,6.748791095824778,2.903598144421629
6053010804,6.516584366187543,2.860624594113621
6053010900,6.53109814715948,2.880516796030116
6053011000,6.168559144421629,2.768470812457221
6053011101,6.086290446269678,2.753533865845311
6053011102,6.557964097878166,2.896407238193018
6053011202,6.378593590691307,2.845410710472279
6053011203,6.356781019164956,2.8452545229295
6053011204,6.392813062970568,2.85355219028063
6053011302,6.415001788501027,2.85349962422998
6053011303,6.126438752908966,2.796779590691307
6053011304,6.534614651608487,2.910370645448323
6053011400,6.950134894592745,3.153922030116359
6053011502,5.922997622861054,2.75678951266256
6053011602,6.83937287063655,2.97916601779603
6053011604,6.638605924709103,2.941599359342916
6053011700,6.848328052019165,3.024758109514032
6053011801,6.878830216290212,3.03733783504449
6053011802,6.849295442847365,3.030185624914442
6053011900,6.914146116358658,3.053587645448323
6053012000,6.972433515400411,3.063460539356605
6053012100,6.995917422313484,3.0698366091718
6053012200,7.012739241615332,3.071619190965092
6053012302,7.022625760438056,3.068044019164956
6053012401,7.028384373716632,3.072152122518823
6053012402,7.014146725530459,3.067950130047912
6053012502,7.021006251882272,3.067983646817248
6053012600,6.995549104722793,3.06104864476386
6053012700,7.007456284052019,3.058220600273785
6053012800,6.956541513347023,3.050104262833676
6053013000,6.992703201916496,3.050398045859001
6053013100,6.967462936344969,3.04353070294319
6053013200,6.965625066392882,3.019204859000684
6053013300,7.033835153319644,3.05510054072553
6053013400,7.046208618754278,3.048305503080082
6053013500,7.089779355920602,3.059251878850103
6053013600,7.071507833675565,3.06179872347707
6053013700,7.093537712525667,3.06268856605065
6053013800,7.116169130047912,3.065990661190965
6053013900,7.136029940451745,3.06475181724846
6053014000,7.103346249144422,3.069142928131417
6053014102,7.310261430527036,3.102758308008214
6053014104,7.251295877481177,3.089063075975359
6053014105,7.281275266940452,3.084422097878166
6053014107,7.141116488021903,3.045616363449692
6053014201,7.31276846954141,3.10451436550308
6053014202,7.328649344284736,3.110478028062971
6053014301,7.409818670773443,3.13507740862423
6053014302,7.419142639972622,3.130449527036276
6053014500,7.184400286105407,3.017374165639973
6053014601,7.792030792607803,3.238776186173854
6053014700,7.717933396303901,3.212363344969199
6053014800,6.78335599247091,2.934448230663929
6053980000,7.218092424366872,3.020362983572895
6055200201,7.918092522245038,3.179918898015058
6055200202,7.891558258726899,3.172313668035592
6055200203,7.964792119096509,3.195837679671458
6055200301,7.962680395619439,3.192772954825462
6055200302,7.973442151266256,3.194466441478439
6055200400,7.817929574948665,3.145687828884326
6055200501,7.791435604380561,3.133759850102669
6055200503,7.836083794661191,3.149090075975359
6055200504,7.759698696098563,3.125786976043806
6055200505,7.768451298425736,3.122855696783025
6055200601,7.619685655715264,3.100570624914442
6055200602,7.607829863107461,3.088347334702259
6055200703,7.729424607802875,3.134803223819302
6055200704,7.724291230663929,3.123871227926078
6055200705,7.812294474332649,3.143485856947296
6055200706,7.603605238877481,3.10112298973306
6055200707,7.66088880698152,3.106735936344969
6055200802,8.071587010951403,3.238434620807666
6055200803,7.841948739904175,3.169632973990418
6055200804,7.887774380561259,3.174008619438741
6055200900,8.07477535797399,3.231688210130048
6055201003,8.349124570157426,3.317335953456537
6055201004,8.817281128678987,3.445883857631759
6055201005,8.452012787816564,3.364363373716632
6055201006,8.701348046543463,3.427217492128679
6055201007,8.769029374401095,3.439780718001369
6055201101,7.716022837097878,3.14291825393566
6055201102,7.831447632443532,3.192178156057495
6055201200,7.268611093086927,3.015447543463381
6055201300,7.197881665982204,2.999372242984257
6055201401,7.242615649555099,2.988097749486653
6055201402,7.738040943874059,3.120080866529774
6055201403,7.156272683093771,2.950366876796715
6055201500,6.867246397672827,2.929377405201916
6055201601,6.745477951403148,2.889286552361396
6055201602,6.74466006091718,2.885290600273785
6055201700,6.543322828884326,2.811114240930869
6055201800,6.331493249828884,2.702478819986311
6055201900,6.358711000684463,2.774318876796715
6055202000,6.532478104722793,2.838595110882957
6057000102,7.037383080082136,2.797399986995209
6057000103,7.121498318275154,2.814746061601643
6057000104,7.005287496919918,2.786319247775496
6057000105,7.251181055441478,2.825904581793292
6057000200,7.414349696783025,2.845321480492813
6057000300,7.045530627652293,2.785815245037645
6057000401,7.057104594113621,2.787306036276523
6057000402,7.196328366872006,2.802686835728953
6057000501,6.887494675564682,2.755378535249829
6057000502,6.94203955578371,2.766119384668036
6057000600,6.867998485968515,2.760024934976044
6057000701,6.558165991786448,2.737444733744011
6057000702,6.888356629705681,2.779653357289528
6057000801,6.575367216290212,2.730496377823409
6057000802,6.806165034907598,2.756791148528405
6057000900,6.273050012320328,2.709762980150582
6057001203,6.448685008213552,2.720457225188227
6057001204,6.402882348391513,2.724225793292266
6057001205,6.469351240930869,2.716223584531143
6057001206,6.455603579739904,2.70312488843258
6059001101,12.922738698836413,4.193071709103354
6059001102,12.915084932922656,4.186968303901437
6059001103,12.903420410677618,4.185775295687885
6059001201,12.871448861738535,4.177235032169747
6059001202,12.867093449007529,4.173629072553046
6059001301,12.890122785078713,4.16360951266256
6059001303,12.854140988364134,4.161181029431896
6059001304,12.839153862422998,4.168263819986311
6059001401,12.872373247091034,4.176732424366872
6059001402,12.851243798767967,4.183587783025325
6059001403,12.841334475017112,4.182523454483231
6059001404,12.822683442847365,4.167752576317591
6059001501,12.827351532511978,4.179532676249144
6059001503,12.787434531143053,4.163166436002738
6059001504,12.786821728268309,4.168270876796715
6059001505,12.739461535934292,4.148419470910335
6059001506,12.83374597467488,4.191368472963724
6059001507,12.810554217659138,4.178580990417522
6059001601,12.750277732375086,4.135613028062971
6059001602,12.677187075290897,4.125535188911704
6059001704,12.709834321697468,4.102511248459959
6059001705,12.806838696098563,4.154882173169062
6059001706,12.731344262833676,4.114425321013005
6059001707,12.812237775496236,4.140332894592745
6059001708,12.794143137577002,4.14545731485284
6059001801,12.578978965092402,4.051619646132786
6059001802,12.557596407939767,4.042658099931554
6059001901,12.570007455852156,4.040445341546886
6059001902,12.566888342231348,4.038788845995893
6059001903,12.521461114989733,4.021047106091718
6059011000,12.625090488021903,4.068622787816564
6059011101,12.546981639288159,4.034752041752224
6059011102,12.540694484599589,4.027547297741273
6059011200,12.618736859000684,4.066489759753593
6059011300,12.632282092402464,4.081815228610541
6059011401,12.630385394934976,4.086023638603696
6059011402,12.628936283367556,4.102410661875428
6059011403,12.586346000684463,4.079343867214237
6059011502,12.579993637234771,4.097289937029432
6059011503,12.623290392197125,4.10612109377139
6059011504,12.635853506502396,4.119731849418207
6059011601,12.532782916495551,4.041414146475017
6059011602,12.512298260095825,4.057836529089665
6059011707,12.738578862422998,4.1565254770705
6059011708,12.691063001368925,4.143342101300479
6059011709,12.744191596167009,4.170642320328542
6059011710,12.689463389459274,4.153777712525667
6059011711,12.661518381245722,4.140778604380561
6059011712,12.608313272416153,4.119503515400411
6059011714,12.511389438056126,4.1099118275154
6059011715,12.640951403148528,4.150119462696783
6059011716,12.58971262696783,4.133764015742642
6059011717,12.744988968514716,4.173615607802875
6059011718,12.709085760438056,4.162148463381246
6059011720,12.502790445585216,4.088297440109514
6059011721,12.578711802190281,4.11086937303217
6059011722,12.547960896646133,4.099058939767283
6059021802,12.703588836413416,4.188357110198494
6059021807,12.538330376454483,4.163822362080767
6059021809,12.719062696098563,4.17766970294319
6059021810,12.672019774811773,4.167369460643395
6059021812,12.612098622861054,4.168520386036961
6059021813,12.564013045859001,4.1494795229295
6059021814,12.801985728952772,4.186171377138946
6059021815,12.820056159479808,4.218533857631759
6059021816,12.620594173853525,4.173148457221082
6059021817,12.571228229979466,4.167019976728268
6059021820,12.639031574948665,4.163624046543463
6059021821,12.597240499657769,4.149673255989049
6059021822,12.73804264476386,4.197503925393566
6059021823,12.696859325804244,4.191917752908966
6059021824,12.696558578370979,4.189126969199179
6059021825,12.697330804928131,4.196133935660506
6059021826,12.519706889801506,4.153160920602327
6059021827,12.643604206023272,4.18128012936345
6059021828,12.564111038329911,4.162508086926762
6059021829,12.639377940451745,4.180404815195072
6059021830,12.596221019164956,4.176471008213552
6059021903,12.512058483915127,4.148014098562628
6059021905,12.491869457905544,4.151068427104723
6059021912,12.136182675564682,4.080150728268309
6059021913,12.108729346338125,4.060650169746749
6059021914,11.987705544147844,4.035140090349076
6059021915,12.458733647501711,4.132834899383984
6059021916,12.400382264202601,4.129548997946612
6059021917,12.125745195756331,4.076596443531828
6059021918,12.094359354551677,4.066729836413416
6059021919,12.43098341615332,4.140437389459274
6059021920,12.345303417522245,4.124987552361396
6059021921,12.442851386036961,4.143925221081451
6059021922,12.457921581793292,4.144772330595482
6059021923,12.278461775496236,4.117576017111567
6059021924,12.037888431895962,4.061293820670773
6059032002,10.507116991101985,3.731662028747433
6059032003,10.460317999315537,3.73054737577002
6059032011,11.299865517453799,3.909130433264887
6059032012,10.387826961670089,3.726690327857632
6059032013,10.254314563997262,3.713478165639973
6059032014,10.579167326488706,3.761486574264203
6059032015,10.503582943189596,3.74132099247091
6059032020,10.448644843258042,3.731697905544148
6059032022,10.123659145790554,3.696663317590691
6059032023,9.890679149212868,3.643551420260096
6059032027,10.650567452429843,3.75666635797399
6059032028,10.560203373716632,3.739243802190281
6059032029,10.724015114989733,3.772623878850103
6059032030,10.693813620807666,3.7711853045859
6059032031,10.691257250513347,3.772006044490075
6059032032,10.621351894592745,3.754031307323751
6059032033,10.681594431895962,3.772661567419576
6059032034,10.622821924709103,3.764158074606434
6059032035,10.605055514715948,3.755161411362081
6059032036,10.535077863791923,3.743704772073922
6059032037,10.515013704996578,3.737078744010951
6059032038,10.373402266255989,3.723825986995209
6059032039,10.273239987679672,3.714055027378508
6059032040,10.313456321013005,3.717781724161533
6059032041,10.43275120807666,3.728477561259411
6059032042,10.586849198494182,3.758895614647502
6059032043,10.282451108829569,3.707635379192334
6059032044,10.41056406091718,3.729470077344285
6059032045,10.268969278576318,3.704014321013005
6059032046,10.233151694729637,3.700581158795346
6059032047,10.768672633812457,3.789604822039699
6059032048,10.699190341546886,3.780229414099932
6059032049,10.746820704996578,3.793326186173854
6059032050,10.621998164271047,3.763579613278576
6059032051,10.611829678302532,3.764974654346338
6059032053,10.473938559890486,3.740271819986311
6059032054,10.555397667351129,3.752693090349076
6059032055,10.564334765229295,3.756789479123888
6059032056,10.112276892539357,3.68783796440794
6059032057,10.224779308692676,3.70092366255989
6059032058,10.073014374401095,3.684461496919918
6059032059,10.135804509240246,3.693169459958932
6059032061,9.967795275838467,3.664297019164956
6059042103,9.292303724845996,3.537066256673511
6059042106,9.443622576317591,3.571946902121834
6059042107,9.409780925393566,3.56175798220397
6059042108,9.37564723613963,3.550606237508556
6059042109,9.528464894592745,3.579899920602327
6059042111,9.596822684462697,3.602283557152635
6059042112,9.557865504449008,3.594595731690623
6059042113,9.427123667351129,3.567720327173169
6059042114,9.37792983504449,3.553067828199863
6059042201,9.544065986995209,3.591627663244353
6059042203,9.712476872689938,3.622398520876112
6059042205,9.644111364134155,3.609578062970568
6059042206,9.476118859685147,3.576182055441478
6059042305,9.659756260780288,3.614863406570842
6059042307,10.453255344284736,3.73574793908282
6059042310,9.671746409993155,3.618641208761122
6059042311,9.724773262149213,3.627272301163587
6059042312,9.830481889117043,3.643356588637919
6059042313,9.505932934291581,3.588522216290212
6059042315,10.064026876112252,3.686859201232033
6059042317,9.8281346091718,3.65183057357974
6059042319,10.093109186858316,3.702234785078713
6059042320,10.276294594798084,3.720515017111567
6059042323,9.538809644079398,3.591027639288159
6059042324,9.699924811772758,3.625805587953456
6059042325,9.933555373716632,3.668178600958248
6059042326,10.040667377823409,3.698716347022587
6059042327,10.386009833675565,3.731833112936345
6059042328,10.356748379192334,3.72486990622861
6059042329,10.008294743326489,3.683339431211499
6059042330,9.968790971937029,3.677268321013005
6059042331,9.900382683093771,3.669628420944558
6059042332,9.748688544832307,3.636332798767967
6059042333,10.262493036960986,3.713430764544832
6059042334,10.20773015468857,3.71268884257358
6059042335,10.19097503559206,3.706630496235455
6059042336,10.124592984257358,3.700939152635181
6059042337,9.783617572210814,3.643222761122519
6059042338,9.613649892539357,3.610448290212183
6059042339,9.610039800821355,3.606205579055442
6059052404,11.037950336071184,3.856500832306639
6059052408,10.828929428473648,3.812895893908282
6059052410,10.770002565366188,3.810565349075975
6059052411,10.641075311430527,3.769023854893908
6059052415,10.743064237508556,3.78211177412731
6059052416,10.700854433264887,3.771070759069131
6059052417,11.332733327857632,3.927927742642026
6059052418,11.229364364818617,3.907615367556468
6059052419,11.816299528405202,4.023487199863108
6059052420,11.64921913963039,3.993459238877481
6059052421,11.410435517453799,3.945673741273101
6059052422,10.907411427104723,3.823292222450376
6059052423,10.798749558521561,3.79123213963039
6059052424,10.739341397672827,3.7789264366872
6059052425,10.833729446954141,3.802843532511978
6059052426,11.268172963723477,3.906977075975359
6059052427,10.963761012320328,3.835657459958932
6059052428,10.899502439425051,3.819860253251198
6059052502,11.500620030116359,3.956747330595482
6059052505,11.248038932922656,3.91468896440794
6059052506,11.199954554414784,3.901686726899384
6059052511,11.194518810403833,3.897696370294319
6059052513,11.128332532511978,3.889510165639973
6059052514,11.073628554414784,3.878446656399726
6059052515,11.254818116358658,3.909765119096509
6059052517,11.102424509240246,3.886999255989049
6059052518,11.003876911019849,3.860644905544148
6059052519,11.08948954072553,3.876601581793292
6059052520,11.119060578370979,3.893217227241615
6059052521,11.19151754072553,3.897467912388775
6059052522,11.154514334702259,3.894055314168378
6059052523,11.106369722792608,3.877581815879535
6059052524,11.585963948665298,3.974158235455168
6059052525,11.448743299110198,3.953617454483231
6059052526,11.314849986995209,3.928857090349076
6059052527,11.389200041752224,3.947461815879535
6059052528,11.254941546201232,3.916280518822724
6059062604,10.444576926078029,3.758204859685147
6059062605,9.926387856947296,3.662095969883641
6059062610,11.002064305954826,3.851847452429843
6059062611,11.013962841204654,3.860082147843942
6059062612,11.005145798767967,3.867914467488022
6059062614,10.784793225188227,3.823841155373032
6059062619,9.970906918548939,3.672118535934292
6059062620,9.907928069130732,3.664417604380561
6059062621,10.750909581793292,3.821576997946612
6059062622,10.628713020533881,3.778317703627652
6059062625,10.432221541409993,3.748047869267625
6059062626,10.885159958932238,3.83749934770705
6059062627,10.922493428473648,3.846752792607803
6059062628,10.896244476386037,3.851024557152635
6059062629,10.763097637234771,3.824087854209446
6059062630,10.901212085557837,3.846171260780288
6059062631,10.793583594798084,3.826631156057495
6059062632,10.064449563997262,3.694888401779603
6059062633,10.204479168377823,3.716118498973306
6059062634,10.415679776180698,3.744252979466119
6059062635,10.489000686516085,3.761808015742642
6059062636,10.363205642710472,3.736218528405202
6059062637,10.318246041752224,3.734643095140315
6059062638,10.32887522587269,3.734132622861054
6059062639,10.196561492813142,3.715795470910335
6059062640,10.232351882956879,3.718585540041068
6059062641,10.48974873100616,3.761520344284736
6059062642,10.347477600958248,3.743187334017796
6059062643,10.288215082135524,3.73208236550308
6059062644,10.56909251266256,3.783318001368925
6059062645,10.539782979466119,3.782017668035592
6059062646,10.514054910335387,3.755718937713895
6059062647,10.505033876796715,3.751267082135524
6059062648,10.572458706365503,3.775401437371663
6059062649,10.482994450376454,3.774326453798768
6059062701,10.304753519507187,3.733044926762491
6059062702,10.234798069130732,3.722233550308008
6059062800,10.223240299794661,3.708444049965777
6059062900,10.261926696783025,3.711733968514716
6059063004,10.612440203969884,3.779714676933607
6059063005,10.336554490759754,3.729568704312115
6059063006,10.288712177275838,3.727277676249144
6059063007,10.652652911704312,3.796503741957563
6059063008,10.452394876112252,3.764682333333333
6059063009,10.777508976043806,3.817819301163587
6059063010,10.516437979466119,3.764067965092402
6059063101,10.899445391512663,3.834032506502396
6059063102,10.840355844626968,3.82163593908282
6059063103,10.675450130732375,3.795725377138946
6059063201,10.740697568104038,3.797146759753593
6059063202,10.625794822039699,3.775308336071184
6059063301,10.529923327173169,3.750667026009582
6059063302,10.492159804243669,3.754283300479124
6059063400,10.360278726214921,3.729998460643395
6059063500,10.242723750855578,3.696249377823409
6059063601,10.581878073921971,3.746550687200548
6059063603,10.403045882272416,3.721523330595482
6059063604,10.487354312799452,3.73914278439425
6059063605,10.519336886379192,3.749204303216975
6059063701,10.632191197125257,3.771477359342916
6059063702,10.642233741273101,3.778359997946612
6059063802,10.949894830937714,3.829288186858316
6059063803,10.726875307323751,3.783742620807666
6059063805,11.084748674195756,3.845354064339494
6059063806,10.986164854209446,3.824510401779603
6059063807,10.837411670773443,3.80529512936345
6059063808,10.705441976728268,3.785619832991102
6059063902,10.984087488706366,3.834217273785079
6059063903,11.065277001368925,3.862073242299795
6059063904,10.953283324435318,3.837679873374401
6059063905,10.821198126625599,3.809334850102669
6059063906,10.795127177275838,3.804266600273785
6059063907,11.171172194387406,3.875671049965777
6059063908,11.090850021218344,3.861611751540041
6059074003,11.394890305270363,3.927555453114305
6059074004,11.304633142368241,3.902154085557837
6059074005,11.369457608487337,3.913499915811088
6059074006,11.252094199863108,3.895458437371663
6059074102,11.481083214236824,3.92536423340178
6059074103,11.506682356605065,3.937465554414784
6059074106,11.292546232717317,3.891836013004791
6059074107,11.256267416837782,3.894501340862423
6059074108,11.469510960985626,3.923334616016427
6059074109,11.474276123887748,3.927097301163587
6059074110,11.344821670773443,3.900595118412046
6059074111,11.358637711841205,3.913523950034223
6059074200,11.508848362080767,3.938210422997947
6059074300,11.504400272416153,3.942114383983573
6059074403,11.57813195687885,3.960157796714579
6059074405,11.758708416837782,3.976158143052704
6059074406,11.720411995893224,3.976308221081451
6059074407,11.650032546201232,3.971199188227242
6059074408,11.657545140999316,3.973711349075975
6059074501,11.649046284736482,3.964427533196441
6059074502,11.575418067077344,3.952514578370979
6059074601,11.613225740588638,3.94899493155373
6059074602,11.634083866529774,3.95841978439425
6059074701,11.585069461327858,3.943660911019849
6059074702,11.586593197809719,3.946956743326489
6059074801,11.681180559890486,3.955871141683778
6059074802,11.682100036960986,3.940335795345654
6059074803,11.617546518822724,3.928249850787132
6059074805,11.635793216290212,3.938890541409993
6059074806,11.631339386721424,3.949031318959617
6059074901,11.671740823408624,3.946666154004107
6059074902,11.633077275154004,3.955528455167693
6059075002,11.723174094455852,3.968566611909651
6059075003,11.793821770020534,3.972554149897331
6059075004,11.823381321013005,3.979797882272416
6059075100,11.771873991786448,3.969311121149897
6059075201,11.744484488706366,3.950217069130732
6059075202,11.752571022587269,3.949312447638604
6059075301,11.931254496919918,3.985720132785763
6059075302,11.836918284736482,3.962454650239562
6059075303,11.872882527720739,3.979706654346338
6059075401,11.896525568104038,3.993238557152635
6059075403,11.764818145106092,3.989911934976044
6059075404,11.907675151266256,4.005126097193703
6059075405,11.866111655030801,4.002302730321698
6059075504,11.775341440793977,3.998165924709103
6059075505,11.703873134839151,3.989699186858316
6059075506,11.683232753593429,3.995329686516085
6059075507,11.642667184120465,3.983904114989733
6059075512,11.62189550513347,3.973153399041752
6059075513,11.579648360711841,3.975417318275154
6059075514,11.650166531143053,3.980469851471595
6059075515,11.320039557837098,3.918751260780288
6059075603,11.743067420944558,4.00027409650924
6059075604,11.964929021902806,4.040219880219028
6059075605,11.920125956194387,4.047342460643395
6059075606,11.780096829568788,4.014284127310062
6059075607,11.664985049965777,3.997900618069815
6059075701,11.889066366187543,4.013784241615332
6059075702,11.825321366872006,4.011794040383299
6059075703,11.87922331485284,4.020778919233402
6059075805,12.083746171115674,4.037062683778234
6059075806,11.995975793292266,4.025663938398357
6059075807,11.996720904859685,4.036211315537303
6059075808,11.95387257357974,4.030985648186174
6059075809,12.276978464065708,4.097644592744695
6059075810,12.195975346338125,4.076732828199863
6059075811,12.268398422313484,4.072120858316222
6059075812,12.203562587953456,4.067672043805613
6059075813,12.363582595482546,4.100062127310062
6059075814,12.341334191649555,4.113091132785763
6059075815,12.112895349075975,4.052263189596167
6059075816,12.068620420944558,4.052140010951403
6059075901,12.064878361396304,4.025414622176591
6059075902,11.98975170294319,4.009264036276523
6059076000,11.987360100616016,4.001983403148528
6059076101,12.078148882956879,4.000683026694045
6059076102,12.009301353867214,3.982093396988364
6059076103,11.975790708418891,3.972006506502396
6059076201,12.399071258726899,4.085811615331964
6059076202,12.416642971252567,4.098306403148528
6059076204,12.222909338124572,4.037399290896646
6059076205,12.178434306639288,4.044971238193018
6059076206,12.185331721423682,4.04990404312115
6059076208,12.295895062970568,4.06971620054757
6059086301,12.343075760438056,4.01846855578371
6059086303,12.202077999315537,4.004016219712526
6059086304,12.36722745927447,4.046790241615332
6059086305,12.329956549623546,4.034124252566735
6059086306,12.296380749486653,4.033096397672827
6059086402,12.432746963039014,4.059805874743326
6059086404,12.455269278576318,4.043016210814511
6059086405,12.407344557152635,4.033451184120465
6059086406,12.420502934291581,4.065046805612594
6059086407,12.43778941889117,4.087414099931554
6059086501,12.432777657768652,4.011434878850103
6059086502,12.438370647501711,4.025189501711157
6059086601,12.463111463381246,4.013685242299795
6059086602,12.423761326488706,3.989660216974675
6059086701,12.462917285420945,4.005995569472964
6059086702,12.408453927446954,3.977077993839836
6059086801,12.458492260095825,4.012517138945927
6059086802,12.423997067761807,3.993198301163587
6059086803,12.356508056125941,3.987313308692676
6059086901,12.283080004106776,3.978081958247776
6059086902,12.281498742642026,3.970672000684463
6059086903,12.27408823340178,3.964310396303901
6059087001,12.277963423682409,3.961656031485284
6059087002,12.270851652977413,3.962902000684463
6059087101,12.319386850102669,3.963437438056126
6059087102,12.374608177960301,3.96743067008898
6059087103,12.27958250513347,3.945265819301848
6059087105,12.287244151950719,3.947161247775496
6059087106,12.227670952087611,3.956053052019165
6059087200,12.365203409993155,3.97144778439425
6059087300,12.359011100616016,3.997905047912389
6059087401,12.316255693360712,3.988087722108145
6059087403,12.212997123203285,3.977316379192334
6059087404,12.279644303901437,3.98706715468857
6059087405,12.256613585900068,3.979263468172485
6059087503,12.086269075290897,3.953904153319644
6059087504,12.094426661190965,3.977767019164956
6059087505,12.162511353867214,3.95028461670089
6059087601,12.183989587268994,3.94207549486653
6059087602,12.119141919917864,3.947534041752224
6059087701,12.245808697467488,3.946234208761122
6059087703,12.168083740588638,3.944663433264887
6059087704,12.170891899383984,3.943094752224504
6059087801,12.167558622176591,3.953218761806982
6059087802,12.168748073921971,3.949093438740589
6059087803,12.166657151266256,3.946024900752909
6059087805,12.170119284052019,3.951563062286105
6059087806,12.16838160164271,3.956830969883641
6059087901,12.082843583162218,3.937986219028063
6059087902,12.016543566735113,3.928207062970568
6059088001,12.049459595482546,3.930649348391513
6059088002,12.049371130047912,3.931601212867899
6059088101,11.961346645448323,3.925726425051335
6059088104,11.917497969883641,3.91740441889117
6059088105,11.954058287474333,3.922711686516085
6059088106,11.852817352498289,3.908310464750171
6059088107,11.865293824093087,3.913954412731006
6059088201,12.048372872689938,3.935534465434634
6059088202,12.048719693360712,3.933489375085558
6059088203,11.963493883641342,3.932723971937029
6059088301,12.05056441615332,3.937938151266256
6059088302,11.971732407939767,3.9248872183436
6059088401,11.996895088980151,3.947550249144422
6059088402,12.002172323750856,3.948956698836413
6059088403,12.01050954072553,3.960120226557153
6059088501,11.892873830253251,3.935280862422998
6059088502,11.928248482546201,3.954565377138946
6059088601,11.869161640657084,3.926019214921287
6059088602,11.881615270362765,3.936223466803559
6059088701,11.91167350513347,3.92598680698152
6059088702,11.850217306639288,3.918299488021903
6059088801,11.813916075975359,3.910988914442163
6059088802,11.758880063655031,3.905327704312115
6059088901,11.739045900752909,3.906031468856947
6059088902,11.784687272416153,3.921156396303901
6059088903,11.693475676249144,3.913711165639973
6059088904,11.644637890485968,3.89885093908282
6059088905,11.65721444421629,3.89589862422998
6059089001,11.70246331485284,3.918704882272416
6059089003,11.806624466803559,3.932255000684463
6059089004,11.734007687200548,3.93160094934976
6059089102,11.831257605749487,3.946883822724162
6059089104,11.789745344969199,3.945921812457221
6059089105,11.718690095824778,3.9378964770705
6059089106,11.88034439835729,3.945940753593429
6059089107,11.889676290896646,3.962775049281314
6059099202,11.564017207392197,3.913856661875428
6059099203,11.550671593429158,3.899714267624914
6059099204,11.537318134839151,3.88780903559206
6059099212,11.146411482546201,3.816133499657769
6059099214,10.92924446201232,3.796067642710472
6059099215,10.819204420944558,3.7808147816564
6059099216,10.929073861738535,3.810780351129363
6059099217,10.725101761122519,3.772294801505818
6059099220,10.473356004106776,3.71504988569473
6059099222,11.495873663244353,3.876649043805613
6059099223,11.5102218275154,3.877335900752909
6059099224,11.334184780287474,3.853314360027378
6059099225,11.379409036960986,3.869628419575633
6059099226,11.435203105407255,3.897915995893224
6059099227,11.471464640657084,3.91078326146475
6059099229,11.23266057357974,3.86522223340178
6059099230,11.095347832991102,3.837895726214921
6059099231,11.02184326146475,3.80144234017796
6059099232,11.068670681040383,3.825651212867899
6059099233,11.168794668035592,3.826083421629021
6059099234,11.192060930869268,3.837499476386037
6059099235,10.99543347980835,3.797243183436003
6059099237,10.691335602327173,3.760380091033539
6059099238,10.717336640657084,3.772491458590007
6059099239,10.483904423682409,3.721295176591376
6059099240,10.491195142368241,3.727550257357974
6059099241,11.33806124366872,3.849281990417522
6059099242,11.26745915742642,3.838985370294319
6059099243,10.637555804928131,3.74509637577002
6059099244,10.661665287474333,3.750040751540041
6059099245,10.811595665297741,3.772876142368241
6059099246,10.836252188227242,3.782972481861738
6059099247,11.594029414784394,3.908872046543463
6059099248,11.61534716495551,3.923105176591376
6059099249,11.652988696098563,3.928513524982888
6059099250,11.21868127926078,3.8453003045859
6059099251,11.242030174537988,3.854659317590691
6059099305,10.772881943189596,3.757704453798768
6059099306,10.606732008213552,3.730564275154004
6059099307,10.470824135523614,3.707787889117043
6059099308,10.686927313483915,3.731919958932238
6059099309,10.707630017111567,3.74552755578371
6059099310,10.559339899383984,3.71750245927447
6059099311,10.499927770704997,3.717189290896646
6059099402,11.097612054072553,3.803855484599589
6059099404,11.056024380561259,3.786995637919233
6059099405,11.197499260780288,3.815285774811773
6059099406,11.277068937713895,3.827191036960986
6059099407,11.204530916495551,3.797545393566051
6059099408,11.179780125256674,3.790378250513347
6059099410,11.325883475701574,3.832676566735113
6059099411,11.23693127652293,3.823535264202601
6059099412,11.062330665982204,3.794424683093771
6059099413,10.915524823408624,3.771414871321013
6059099415,10.878116051334702,3.754235216974675
6059099416,11.121206592060233,3.778169203969884
6059099417,11.004805908966461,3.76266359137577
6059099502,11.459410156057495,3.815771138261465
6059099504,11.413725934976044,3.779826063655031
6059099506,11.059733388774812,3.749258299110198
6059099508,11.184738012320328,3.784518906913073
6059099509,11.677210299794661,3.834317307323751
6059099510,11.611375437371663,3.816090165639973
6059099511,11.236732712525667,3.748120550308008
6059099512,11.290250245037645,3.756316868583162
6059099513,11.050151700889802,3.753318532511978
6059099514,11.102336934976044,3.766993950718686
6059099601,11.562841420944558,3.856800163586584
6059099602,11.542286993839836,3.851418187542779
6059099603,11.45108101779603,3.831430783709788
6059099604,11.400606136892539,3.846162783709788
6059099605,11.406038460643395,3.83764981724846
6059099701,11.592618572895277,3.877953967830253
6059099702,11.526459143737166,3.870994775496236
6059099703,11.451541745379877,3.861713136208077
6059099801,11.74988812183436,3.900343972621492
6059099802,11.666458552361396,3.882500498288843
6059099803,11.666637329226557,3.886522495550992
6059099902,11.71636586036961,3.879780170431212
6059099903,11.737470699520876,3.8861345229295
6059099904,11.73528432991102,3.884927786447639
6059099905,11.737886798767967,3.885064379876797
6059099906,11.662629592060233,3.865182666666667
6059110001,11.952888750171116,3.913699080082136
6059110003,11.915022195071869,3.909548216974675
6059110004,11.828093650239562,3.893416103353867
6059110005,11.843651274469541,3.894595528405202
6059110006,12.025039055441478,3.905832480492813
6059110007,11.871192754962355,3.865730576317591
6059110008,11.799506141683778,3.856552099247091
6059110010,11.988938225188227,3.922359514031485
6059110011,12.082942188227242,3.941411256673511
6059110012,11.800938262833676,3.87455093908282
6059110014,12.081634821355236,3.926465016427105
6059110015,11.977990736481862,3.916411095824778
6059110102,12.460195318959617,4.007822452429843
6059110104,12.315401622176591,3.976899954825462
6059110106,12.236044892539357,3.958134080766598
6059110108,12.14586481724846,3.934961973990418
6059110109,12.269854798083504,3.968537334017796
6059110110,12.361606231348392,3.993646803559206
6059110111,12.381958361396304,3.987246368240931
6059110113,12.136991749486653,3.937896271047228
6059110114,12.209122151950719,3.95516999247091
6059110115,12.588614833675565,4.043054229295003
6059110116,12.520494339493498,4.027596263518138
6059110117,12.310692863107461,3.971516811772758
6059110118,12.274963234086242,3.962732021218344
6059110201,12.378153206707734,3.996422607802875
6059110202,12.284796412046544,3.977340589322382
6059110203,12.195643324435318,3.955933543463381
6059110301,12.54082342642026,4.03418111156742
6059110302,12.527269001368925,4.029991462696783
6059110303,12.4540682183436,4.008206907597536
6059110304,12.468243734428474,4.01641543394935
6059110401,12.508637626283368,4.028898646817248
6059110402,12.414885606433949,3.999600973990418
6059110500,12.615206728952772,4.063006623545517
6059110603,12.617089106091718,4.057170239561944
6059110604,12.742875305270363,4.096490117043121
6059110605,12.703474501026694,4.090010382614648
6059110606,12.679314607802875,4.082356665982204
6059110607,12.71062763449692,4.082963063655031
6059980000,12.163859199863108,3.968567809034908
6061020104,6.380012982888433,2.751430865845311
6061020105,6.407011932238193,2.738808259411362
6061020106,6.444298865845311,2.743041987679672
6061020107,6.44802746201232,2.751725313483915
6061020200,6.42664002532512,2.809807932238193
6061020300,7.624246430527036,2.916691485284052
6061020401,7.685020922655715,2.93268425119781
6061020402,7.665652112251882,2.936094609856263
6061020501,7.957948997262149,2.9901974366872
6061020502,7.881181693360712,2.991360519507187
6061020601,8.372130812457221,3.114946227926078
6061020602,8.392055587268994,3.111950123203285
6061020604,8.76816098220397,3.195567445585216
6061020605,8.861085650924025,3.216632596851472
6061020606,8.984682150581793,3.242713896646133
6061020710,9.114609026009582,3.276622073237509
6061020711,9.072250550308008,3.259275819986311
6061020712,9.193293293634497,3.2886620862423
6061020713,9.269075197125257,3.306835600958248
6061020714,9.341784169062286,3.327796132785763
6061020715,9.221584159479808,3.29316924366872
6061020717,9.037171831622177,3.251445460643395
6061020805,9.393785627652293,3.347233353867214
6061020806,9.229135497604381,3.303173741957563
6061020901,9.365015368925394,3.336242524982888
6061020908,9.412044820670773,3.347780406570842
6061021003,9.115591368925394,3.272252356605065
6061021034,9.103106112251882,3.278418082819986
6061021035,9.376168301163587,3.346956846680356
6061021037,9.247988613963039,3.318488460643395
6061021038,9.329300062970568,3.329514368240931
6061021039,9.24033587063655,3.31821546201232
6061021040,9.287733535249829,3.328696460643395
6061021043,9.166799676933607,3.295529862422998
6061021044,9.198685117043121,3.307156527720739
6061021045,9.256246205338809,3.3124620862423
6061021046,9.218577782340862,3.303667120465435
6061021103,8.743965001368925,3.18568987816564
6061021106,8.837581312799452,3.211404078028747
6061021108,8.853623793292266,3.212689406570842
6061021109,8.77030076386037,3.191828830253251
6061021122,8.624555728268309,3.160322991786448
6061021123,8.604831893908282,3.157344635865845
6061021128,8.939745189596167,3.234302963039014
6061021129,8.950588479123888,3.237106146475017
6061021130,8.853905672826831,3.216916605749487
6061021131,8.854380895277207,3.213008480492813
6061021203,8.463280577002053,3.122917735112936
6061021204,8.247538913073238,3.068136559890486
6061021304,8.118996566735113,3.014759637919233
6061021309,8.797410101984942,3.206148651608487
6061021322,8.987305316221766,3.267084986995209
6061021401,8.446342308008214,3.116866942505134
6061021403,8.53864251266256,3.141571722792608
6061021501,7.731066833675565,2.923978275838467
6061021502,7.510347951403148,2.889065428473648
6061021603,7.583180241615332,2.885887450376454
6061021604,7.663188231348392,2.903006590691307
6061021801,7.388831350444901,2.856311620807666
6061021802,7.446092874743326,2.874675372347707
6061021901,7.107038667351129,2.826788036960986
6061021902,7.187946264202601,2.827396812457221
6061022002,6.927899030116359,2.806185073237509
6061022011,6.436471788501027,2.729628422313484
6061022013,6.408612737166324,2.737671381930185
6061022014,6.331478553730322,2.738276067077344
6061022100,6.275864229979466,2.747494041067762
6061022200,6.335247407939767,2.745205514031485
6061022300,6.240015572895277,2.744821801505818
6061022400,8.945062665982204,3.233332108145106
6061022500,9.528431529089665,3.379107691307324
6061022600,9.081408861054073,3.270187485284052
6061022800,9.002103313483915,3.24831194934976
6061022900,8.929929017111567,3.233332038329911
6061023000,8.983420727583847,3.250169578370979
6061023100,9.099636087611225,3.285212474332649
6061023200,8.807797917864476,3.21606534770705
6061023300,8.662085087611225,3.173025763175907
6061023400,8.574749101300479,3.146120607802875
6061023500,8.633250777549624,3.167148162217659
6061023600,8.57914294934976,3.151232558521561
6061023700,8.576314809034908,3.149066796030116
6061023800,8.438418422313484,3.115640529089665
6061023900,8.628596259411362,3.16407144421629
6061990000,6.349410836413416,2.75161305065024
6063000100,6.974646335386721,2.845236924024641
6063000201,6.872984727583847,2.87149464476386
6063000202,6.821740333333333,2.839611950718686
6063000300,6.828293303901437,2.94025962422998
6063000400,6.845522412731006,2.959388962354552
6063000501,6.263478036276523,2.918685532511978
6063000502,6.589960373716632,2.969203671457906
6065030101,12.60873327652293,3.954222119096509
6065030103,12.666482470225873,3.941916673511294
6065030104,12.693271995208761,3.941322002053388
6065030200,12.785179271047228,3.928664413415469
6065030300,12.702541236824093,3.942968934291581
6065030400,12.635565497604381,3.950288481861738
6065030501,12.559295299110198,3.952028586584531
6065030502,12.604968372347707,3.947418839151266
6065030503,12.575261334017796,3.950157502395619
6065030601,12.370408762491444,3.974087030800821
6065030602,12.517198318275154,3.965567961670089
6065030603,12.541892300479124,3.959478330595482
6065030700,12.738690117727584,3.943665156057495
6065030800,12.833769804928131,3.946703891854894
6065030900,12.95265120054757,3.985432212867899
6065031001,12.753104377823409,3.953978307323751
6065031002,12.824475165639973,3.964394560574949
6065031100,12.682033212867899,3.946182032169747
6065031200,12.582024369609856,3.955578022587269
6065031300,12.615398801505818,3.975074647501711
6065031401,12.672825028747433,3.967607724161533
6065031402,12.755271246406571,3.973986209445585
6065031501,12.708142768651608,3.994251968514716
6065031502,12.83193139835729,3.991834987679672
6065031601,12.646198509240246,4.007119898015058
6065031602,12.74153149486653,4.00700062696783
6065031701,12.405708137577002,3.981680802190281
6065031702,12.452502483230664,3.998149704312115
6065031703,12.564638731690623,4.005546934976044
6065031704,12.583153527036276,3.993185388774812
6065040101,12.810581625598905,3.933289089664613
6065040102,13.018155808350445,3.958546291581109
6065040201,12.951612219028063,3.934087850787132
6065040202,13.023556009582478,3.947710942505134
6065040203,12.907247618069815,3.912769710472279
6065040204,12.871500539356605,3.911441670773443
6065040301,13.011558000684463,3.920828773442847
6065040302,13.093642928131417,3.950103336755647
6065040303,13.116506425735797,3.965504476386037
6065040402,13.19067496440794,4.008358700205339
6065040403,13.286708674880219,4.001753459958932
6065040404,13.088228932238193,3.984649415468857
6065040405,13.187917982888433,3.980605930869268
6065040501,13.208666266255989,3.98863081724846
6065040502,13.130266744695414,3.994200052019165
6065040503,13.109988444900753,4.015273325804244
6065040603,13.165241594798084,4.069659307323751
6065040604,13.202894231348392,4.069872619438741
6065040605,13.217063034907598,4.030482310061602
6065040606,13.228430051334702,4.038650510609172
6065040607,13.162824010951403,4.076630034223135
6065040609,12.830694117043121,4.161862865845311
6065040611,13.088070750171116,4.145616418206708
6065040613,13.121744497604381,4.139736850102669
6065040615,13.168742145106092,4.114524045174538
6065040616,13.058347160848734,4.12578513963039
6065040701,12.956045054757016,4.128639138945927
6065040702,12.999233524982888,4.109259594113621
6065040703,13.021823823408624,4.084899343600274
6065040806,12.738899203969884,4.135331269678302
6065040807,12.698306240246407,4.130768655715264
6065040808,12.653712655715264,4.110322214921287
6065040809,12.60389244421629,4.091706485968515
6065040812,12.866812625598905,4.101542310061602
6065040813,12.788368544832307,4.092049841204654
6065040814,12.60374920807666,4.057968650924025
6065040815,12.539825307323751,4.049277924024641
6065040816,12.661034815195072,4.071497811088296
6065040821,12.545887402464066,4.06264424366872
6065040901,12.709045854209446,4.045127602327173
6065040902,12.839063161533196,4.057647970568104
6065040903,12.766878524298426,4.045638468856947
6065040904,12.859289251882272,4.043148782340862
6065041001,12.965669019164956,4.007504607802875
6065041002,13.001470336071184,4.01314192881588
6065041003,13.016852281998631,4.036260917864476
6065041004,13.101581446269678,4.035007753593429
6065041101,12.912075872689938,4.012507079397673
6065041102,12.943475978781656,4.033614074606434
6065041201,12.742823028747433,4.01671898973306
6065041202,12.843343570841889,4.015801257357974
6065041203,12.813725772758385,4.008119039014374
6065041301,12.832525961670089,4.038723696098563
6065041302,12.747008054757016,4.025590415468857
6065041403,12.511484264887064,4.017797778234086
6065041404,12.479716812457221,4.023225056125941
6065041405,12.515241107460643,4.03567704312115
6065041406,12.613757022587269,4.03358581724846
6065041407,12.661835095824778,4.024914840520192
6065041408,12.593894126625599,4.022576422997947
6065041409,12.182016026694045,4.001141351813826
6065041410,12.450198560574949,4.055733967145791
6065041411,12.416020110198494,4.043136937029432
6065041412,12.46604070294319,4.044502914442163
6065041500,12.57307912183436,4.115436084873374
6065041600,12.411475032169747,4.074109306639288
6065041702,12.358270777549624,4.081220271047228
6065041703,12.46499129431896,4.096945162217659
6065041704,12.447539347022587,4.083860181382615
6065041803,12.061344459958932,4.034963051334702
6065041804,12.198740339493498,4.061324072553046
6065041805,12.331771967830253,4.075607437371663
6065041806,12.198939853524983,4.053368954140999
6065041807,12.281758110882957,4.061878290896646
6065041808,12.146312266940452,4.041536099247091
6065041809,12.195673495550992,4.030358773442847
6065041810,12.084704100616016,4.020147253251198
6065041812,12.28908477412731,4.060937876112252
6065041813,12.320112826830938,4.051203074606434
6065041904,12.478341325804244,4.117659049281314
6065041905,12.397609927446954,4.096763245722108
6065041906,12.383360109514032,4.08704748733744
6065041909,12.008115325804244,3.997870524982888
6065041910,11.414640986310746,3.897624318959617
6065041911,11.041074958247776,3.841212342231348
6065041912,12.435464260095825,4.121122816563997
6065041913,12.354075850787132,4.094385258042437
6065042003,12.008141295003422,3.962600195756331
6065042004,12.18460629705681,3.979376916495551
6065042005,12.14577532238193,3.972463843258042
6065042007,11.296545971937029,3.889456997946612
6065042008,11.905736926762491,3.953803058863792
6065042009,11.792028514715948,3.967058336755647
6065042010,11.603435640657084,3.954015277207392
6065042012,12.126695689938398,3.972938310746064
6065042013,11.933204675564682,3.968138392197125
6065042014,12.037436206023272,3.967936772758385
6065042206,12.390883741957563,3.964411091718001
6065042207,12.373681814510609,3.973385280629706
6065042208,12.411785197125257,3.966925900068446
6065042209,12.509851581793292,3.954728424366872
6065042210,12.470620305270363,3.953548911019849
6065042212,12.06076284531143,3.960259519507187
6065042213,12.3408973045859,3.9566595633128
6065042214,12.163807440793977,3.952348460643395
6065042217,12.231928566735113,3.976584401779603
6065042300,12.385476032854209,3.943719256673511
6065042401,10.866435024640657,3.767761240930869
6065042402,11.400435638603696,3.865582617385352
6065042403,11.56801767008898,3.894723379876797
6065042404,11.669755346338125,3.914456204654346
6065042405,11.804504898015058,3.927945497604381
6065042406,11.816201828884326,3.929984874743326
6065042407,11.717586184120465,3.911200848733744
6065042408,11.645810282683094,3.900285932922656
6065042409,11.825729475701574,3.927981107460643
6065042410,11.833036017111567,3.925729485968515
6065042411,11.70365665982204,3.902725973990418
6065042412,11.54874267008898,3.871593773442847
6065042505,11.97791070568104,3.962312678986995
6065042506,11.913394621492129,3.950595955509925
6065042507,11.518303122518823,3.920189843258042
6065042508,11.577311644079398,3.922477225188227
6065042509,11.563719686516085,3.914777847364819
6065042510,11.621311904859685,3.917872765229295
6065042511,11.710623490759754,3.932058902806297
6065042512,11.771643606433949,3.937668709103354
6065042513,11.818549639972622,3.935036772758385
6065042514,11.752234897330596,3.932053638603696
6065042515,11.694406058179329,3.915547107460643
6065042516,11.659035078028747,3.920385107460643
6065042517,11.446725065708419,3.894754022587269
6065042518,11.501288335386721,3.899122970568104
6065042519,11.603799650239562,3.904075845995893
6065042520,11.570868570841889,3.903646265571526
6065042521,11.561070278576318,3.903508780971937
6065042617,11.104564088295688,3.882799095140315
6065042618,11.178667331964408,3.890541289527721
6065042619,11.150939167008898,3.875075173169062
6065042620,11.182151985626283,3.888331472963724
6065042621,11.366736396303901,3.868138406570842
6065042622,11.254573019164956,3.8539336091718
6065042623,10.978565303216975,3.823387428473648
6065042624,10.645221709103354,3.742208429842574
6065042706,11.023701638603696,3.86790080698152
6065042708,10.503167535934292,3.763560163586584
6065042709,10.724401864476386,3.821746177275838
6065042711,10.579101309377139,3.786271955509925
6065042714,10.623534576317591,3.796670206707734
6065042715,10.69006164476386,3.814523597535934
6065042716,10.66649247980835,3.812524391512663
6065042717,10.740325582477755,3.826039800821355
6065042719,10.821902616016427,3.825054191649555
6065042720,10.468022701574264,3.746740892539357
6065042723,10.046248030116359,3.637353553045859
6065042724,10.352231042436687,3.727759370978782
6065042726,10.275405029431896,3.707091993155373
6065042728,10.627682232032854,3.793605455852156
6065042729,10.465151689938398,3.755264434633812
6065042730,10.70919593908282,3.806760355920602
6065042731,10.856555221765914,3.850486399726215
6065042732,10.668546967830253,3.807337785078713
6065042733,10.526634482546201,3.775336210130048
6065042737,9.804015416837782,3.574171260095825
6065042738,10.298168527036276,3.708040730321698
6065042739,10.209749077344285,3.686800643394935
6065042740,10.718310735797399,3.82083709377139
6065042741,10.672568657768652,3.804246759069131
6065042742,10.455543579055442,3.753766750171116
6065042743,10.372219732375086,3.72832906844627
6065042744,10.389807531827515,3.706084375085558
6065042745,10.122639011635866,3.653657785763176
6065042800,11.073862978097194,3.879465768651608
6065042901,11.013816055441478,3.881059002053388
6065042902,11.061606973305955,3.880157099931554
6065042903,11.39313862422998,3.922045377823409
6065042904,11.371006948665298,3.925377737166324
6065043001,10.526157767967146,3.764478658453114
6065043003,10.587898173169062,3.774113638603696
6065043005,10.797368366187543,3.811359072553046
6065043006,10.662126720054757,3.801087030116359
6065043007,10.829351755646817,3.809124575633128
6065043008,10.523678413415469,3.757006308692676
6065043009,10.762032927446954,3.807794572210814
6065043010,10.657942234770705,3.79288820054757
6065043206,10.025538059548255,3.62253765229295
6065043211,9.954979396988364,3.605642229979466
6065043216,9.696275004791239,3.504684985626283
6065043217,9.676772876112252,3.503198648186174
6065043218,9.578344394934976,3.471020709787817
6065043220,9.574520783709788,3.458564794661191
6065043222,9.476443967830253,3.420546768651608
6065043227,10.188810796714579,3.688440904175222
6065043228,10.111836957563313,3.656351386036961
6065043229,10.130263126625599,3.662658566735113
6065043235,9.870576950034223,3.590544909650924
6065043239,8.86269345927447,3.291885744695414
6065043240,9.692349199863108,3.536312353182752
6065043242,9.680427985626283,3.523451394250513
6065043244,9.644321998631075,3.497525657084189
6065043246,9.204489429158111,3.351872963039014
6065043247,9.458474788501027,3.44502926146475
6065043248,9.211176143737166,3.324794222450376
6065043250,9.335101384668036,3.360224207392197
6065043252,9.19844678439425,3.30865876659822
6065043254,9.565279320328542,3.445436482546201
6065043256,9.231112663928816,3.338594349760438
6065043257,8.59653559890486,3.177958147843942
6065043262,9.410805713894593,3.410316587953456
6065043264,9.364870440109514,3.388714960985626
6065043265,9.244560278576318,3.349925699520876
6065043266,9.590252779603012,3.468648342231348
6065043267,9.453242788501027,3.427104941136208
6065043270,10.282590022587269,3.707738982888433
6065043271,10.285140251882272,3.71392164202601
6065043272,10.074183629705681,3.65402355578371
6065043274,10.462181633127994,3.756123993155373
6065043276,10.285587087611225,3.71496988843258
6065043278,10.180871338124572,3.676368539356605
6065043279,10.358494872689938,3.735363442162902
6065043291,9.8845137816564,3.581088854893908
6065043304,8.686331124572211,3.27866526146475
6065043306,9.507185099931554,3.496317303901437
6065043307,9.32897258384668,3.446887481861738
6065043308,9.206037462696783,3.411548609856263
6065043309,9.206170496919918,3.410510136892539
6065043310,9.06838279945243,3.372182759069131
6065043311,8.985161950034223,3.354313724845996
6065043312,9.229180752908966,3.416699437371663
6065043313,9.167286234086242,3.403670777549624
6065043314,9.056277454483231,3.374735232032854
6065043315,8.95940347980835,3.344688488021903
6065043316,9.380072904175222,3.461443761806982
6065043317,9.527954088980151,3.49802450513347
6065043401,9.348756023271732,3.449186730321698
6065043403,9.307839295687885,3.44449993908282
6065043404,9.404694727583847,3.46629006844627
6065043405,9.483641813826146,3.492136862422998
6065043503,9.569165360027378,3.511478663928816
6065043504,9.744489815879535,3.557239167008898
6065043505,9.575219321697468,3.51221301026694
6065043506,9.629580321697468,3.527762575633128
6065043507,9.446517088980151,3.478179307323751
6065043508,9.172720770704997,3.40115873100616
6065043509,9.345669674195756,3.444170606433949
6065043512,9.20956759137577,3.41029642642026
6065043513,9.09731595687885,3.380405759753593
6065043517,9.915878631759069,3.588207181382615
6065043601,9.313185336755647,3.436613427789186
6065043602,9.431627841204654,3.471045018480493
6065043701,8.502894615331964,3.221138181382615
6065043702,8.906137597535934,3.331141691307324
6065043703,8.839111922655715,3.31294607871321
6065043802,9.785182321013005,3.501759589322382
6065043807,9.254477273785079,3.367344174537988
6065043809,8.947823535934292,3.28254223340178
6065043810,9.503445076659822,3.437001292950034
6065043811,9.397411562628337,3.409812916495551
6065043812,9.362624272416153,3.414321711156742
6065043813,8.251177950718686,3.078257255989049
6065043814,9.77189296440794,3.507911998631075
6065043818,9.151746238193018,3.344961841204654
6065043820,9.294972011635866,3.388315006844627
6065043821,9.233719062970568,3.364443767967146
6065043822,10.15134634770705,3.61139944421629
6065043823,10.231313448323066,3.613535160164271
6065043900,9.338900312799452,3.393534676249144
6065044000,9.418072759069131,3.416199475701574
6065044101,8.759424590006845,3.230897691307324
6065044102,8.741684522245038,3.223985869952088
6065044103,8.973737560574949,3.289043867214237
6065044104,8.564942207392197,3.174726066392882
6065044200,8.537752679671458,3.161448366872006
6065044300,8.667951407939767,3.210850381245722
6065044402,7.598778404517454,3.000225914442163
6065044403,6.898299448323066,2.857918637919233
6065044404,8.136898326488706,3.116977689253936
6065044405,7.677442479123888,2.990090306639288
6065044505,7.213127299110198,2.958708728268309
6065044507,7.154398555099247,2.894453937029432
6065044509,7.093506618069815,2.899560069815195
6065044510,7.10042048733744,2.903110772073922
6065044515,7.158002213552361,2.898836514031485
6065044516,7.115861429158111,2.907435465434634
6065044517,7.069841245037645,2.881451269678302
6065044518,7.050883185489391,2.897957379876797
6065044520,7.160719755646817,2.95034059890486
6065044521,7.313694635181383,2.894323058179329
6065044522,7.113710689938398,2.89590051266256
6065044602,7.294670855578371,2.900070513347023
6065044604,7.268657457905544,2.901889167008898
6065044605,7.283869346338125,2.893710336755647
6065044606,7.443627872005476,2.929577377823409
6065044701,7.284118715947981,2.911741674880219
6065044702,7.26546897467488,2.92697892881588
6065044804,7.274786546885695,2.922883462696783
6065044805,7.296291661875428,2.914514232717317
6065044806,7.297080837097878,2.909844259411362
6065044807,7.181684524982888,2.917590098562628
6065044904,7.270943596167009,2.897124257357974
6065044907,7.259373045174538,2.931840796030116
6065044911,7.267087568788501,2.987403047912389
6065044915,7.26140219301848,2.936787446269678
6065044916,7.262165803559206,2.943129957563313
6065044917,7.251869792607803,2.954496352498289
6065044918,7.246341889117043,2.956426750171116
6065044919,7.256313124572211,2.973505595482546
6065044921,7.239143787132101,2.958423397672827
6065044922,7.245779525667351,2.977275998631075
6065044923,7.248332924709103,2.928290906913073
6065044924,7.249115075975359,2.932371327857632
6065044925,7.255849141683778,2.930421368240931
6065044926,7.258555885010267,2.933844281314168
6065044927,7.251158257357974,2.980368383983573
6065044928,7.254205916495551,2.977154623545517
6065044929,7.251410698836413,2.971964597535934
6065044930,7.25786273853525,2.973596425051335
6065044931,7.247954906913073,2.937048696098563
6065044932,7.244071757015743,2.937264672826831
6065045000,7.265790244353183,2.939421345653662
6065045103,7.240274494182067,2.947274755646817
6065045108,7.239560525667351,2.96451476386037
6065045109,7.18317199247091,2.963597918548939
6065045110,7.213390246406571,2.968489627652293
6065045114,7.193296607802875,2.947556323066393
6065045115,7.2136776954141,2.959093865845311
6065045116,7.220899134839151,2.949437516769336
6065045117,7.233503464065708,2.964135348391513
6065045118,7.239004086926762,2.961151023271732
6065045119,7.248975631759069,2.973030446269678
6065045120,7.265791257357974,2.986931650924025
6065045121,7.269671528405202,2.993637427104723
6065045122,7.268749717316906,2.983348789869952
6065045123,7.256243995208761,2.974669238193018
6065045124,7.138389235455168,2.922206201232033
6065045125,7.196304367556468,2.963090798083504
6065045207,7.248136255304586,2.97563229705681
6065045209,7.233951727583847,2.975947483230664
6065045212,7.251956994524298,2.985401735797399
6065045213,7.255567631759069,2.979304244353183
6065045214,7.251963399041752,2.984700545516769
6065045215,7.266939232717317,2.985915744010951
6065045216,7.201144850787132,2.973816392881588
6065045217,7.240401611909651,2.97598158110883
6065045222,7.168697091033539,2.979698290896646
6065045224,7.255979501711157,2.981524080082136
6065045226,7.226278622176591,2.978762631759069
6065045228,7.096839553045859,2.962678844626968
6065045233,7.241718102669404,2.982669245722108
6065045302,7.210284980150582,2.974965655715264
6065045303,7.206542726214921,2.97293556605065
6065045304,7.174190223134839,2.970352863791923
6065045501,7.240121217659138,2.970915450376454
6065045502,7.228006353867214,2.971521934291581
6065045604,7.067365457221082,3.065158727583847
6065045605,7.052964657768652,2.985914518138262
6065045606,7.218205385352498,2.978033689938398
6065045608,7.171811674880219,2.970310169062286
6065045609,7.151505511293634,3.004630492128679
6065045703,7.172823661875428,2.991742937029432
6065045704,7.190237940451745,2.986571798767967
6065045705,7.200280142368241,2.98604731211499
6065045706,7.174413735112936,2.990157413415469
6065045707,7.198939431211499,2.985659292950034
6065045900,6.00762363449692,2.89661836550308
6065046101,5.955917737850787,2.888933548939083
6065046102,5.966985558521561,2.892619962354552
6065046103,5.960130069130732,2.886794515400411
6065046200,5.968574208761122,2.888622925393566
6065046401,10.083228633127994,3.670008082819986
6065046402,10.476251141683778,3.758802552361396
6065046403,10.376408708418891,3.738839104722793
6065046404,10.515863574264203,3.774216859000684
6065046405,10.374586744695414,3.740430039698836
6065046500,12.410938488706366,3.960943326488706
6065046601,12.858852231348392,4.126958412731006
6065046602,12.782975719370294,4.118507185489391
6065046700,11.794482694045174,3.95836106091718
6065046800,11.479132226557153,3.892283173169062
6065046900,6.129675815879535,2.902832134839151
6065047000,5.946266819986311,2.883897932238193
6065047201,7.101569973990418,2.923070316221766
6065047202,7.025741737850787,2.929070004106776
6065047900,11.918438369609856,3.997752696783025
6065048100,11.852448589322382,3.996114976728268
6065048200,12.547811017111567,4.08025128678987
6065048300,11.355126698836413,3.893745871321013
6065048700,11.255786958932238,3.85796227926078
6065048800,11.405975167693361,3.90784302532512
6065048901,11.422889709103354,3.893537745379877
6065048902,11.477706631759069,3.907865027378508
6065049000,11.223413518822724,3.873505816563997
6065049100,7.239368737850787,2.977528715947981
6065049400,7.210577151950719,2.979978003422314
6065049500,7.225415872689938,2.971850540041068
6065049600,9.804297549623546,3.546061978781656
6065049700,9.963444293634497,3.617773683778234
6065049800,9.994478800821355,3.616596798083504
6065050300,9.922484675564682,3.593712728952772
6065050400,10.082410958247776,3.646425258726899
6065050500,9.85873920807666,3.566047513347023
6065050600,10.124804377138946,3.661095754962355
6065050700,10.058321427104723,3.634011667351129
6065050900,12.157269188911704,3.976727388090349
6065051100,11.341284768651608,3.881188656399726
6065051200,9.787202504449008,3.537099626283368
6065051300,9.43650684257358,3.462123941136208
6065051400,7.208747871321013,2.980705495550992
6065940100,5.73091563449692,2.814858116358658
6065940400,7.203468017111567,2.984521082819986
6065940500,7.310901103353867,2.919759785763176
6065940600,7.236787347022587,2.944987887748118
6065940700,7.284866744695414,2.915815492813142
6065940800,7.2907374770705,2.913152067761807
6065940900,7.265936542094456,2.946623121149897
6065941000,7.269660371663244,2.930265081451061
6065941100,7.262965101984942,2.941095399041752
6065941200,7.270540961670089,2.915364087611225
6065941300,7.273677994524298,2.890375418206708
6065941400,7.297027210130048,2.906606083504449
6065941500,8.705831481861738,3.273364271047228
6065980004,12.245700531143053,3.980636869267625
6065981000,5.995341032169747,2.874836427789186
6067000100,10.166112084188912,3.521192598220397
6067000200,10.151546308692676,3.521158021902806
6067000300,10.120765289527721,3.512076565366188
6067000400,10.096908652977413,3.513074618754278
6067000500,10.057984067077344,3.511416568788501
6067000600,10.02159193155373,3.51167474606434
6067000700,10.00890472073922,3.517222585215606
6067000800,10.017556184120465,3.520418396303901
6067001101,10.05144323613963,3.515778348391513
6067001200,10.066795137577002,3.512519894592745
6067001300,10.096493676249144,3.516037555099247
6067001400,10.094082012320328,3.510720829568788
6067001500,10.120599468856947,3.51645249486653
6067001600,10.1551320862423,3.531744090349076
6067001700,10.152689440793977,3.54557854825462
6067001800,10.120254754962355,3.528069059548255
6067001900,10.081512273100616,3.518514326488706
6067002000,10.062585615331964,3.516955179329227
6067002100,10.039151461327858,3.530799638603696
6067002200,10.022206036960986,3.535765116358658
6067002300,10.060247620807666,3.52041303559206
6067002400,10.036471890485968,3.538757425735797
6067002500,10.086411536618754,3.543545499657769
6067002600,10.079023924709103,3.522936939767283
6067002700,10.116823490075291,3.536021954825462
6067002800,10.138839124572211,3.548221024640657
6067002900,10.161289710472279,3.560448416837782
6067003000,10.166702832306639,3.578328561259411
6067003101,10.175364338124572,3.598580594113621
6067003102,10.156182022587269,3.583156619438741
6067003202,10.162692388090349,3.607210311430527
6067003203,10.186702824093087,3.629323206707734
6067003204,10.173800686516085,3.612230857631759
6067003300,10.010954913073238,3.564206661875428
6067003400,9.992501125941136,3.590882032854209
6067003501,10.057757525667351,3.558753490759754
6067003502,10.052958491444216,3.575513919233402
6067003600,10.078481269678302,3.561922298425736
6067003700,10.117790665982204,3.564960231348392
6067003800,10.040639592060233,3.603956002737851
6067003900,9.965712700205339,3.558331345653662
6067004001,9.969214407939767,3.607325722108145
6067004004,9.795211386721424,3.570325970568104
6067004005,9.878582846680356,3.579617899383984
6067004006,9.925835051334702,3.588693069130732
6067004008,9.8176808678987,3.593444822039699
6067004009,9.869326722792608,3.600522446954141
6067004010,9.931982939767283,3.623036472279261
6067004011,9.891888651608487,3.624439939767283
6067004012,9.917991094455852,3.638705350444901
6067004100,10.08107935523614,3.612648018480493
6067004201,10.021258481861738,3.63743973853525
6067004202,10.066619703627652,3.653577772073922
6067004203,10.08908676386037,3.653536655030801
6067004300,10.061221414784394,3.672041407255305
6067004401,10.142776757700205,3.576505239561944
6067004402,10.133259542778918,3.572864751540041
6067004501,10.096432242299795,3.596496988364134
6067004502,10.11803334770705,3.630134603696099
6067004601,10.147462160848734,3.608214395619439
6067004602,10.124312890485968,3.597980088295688
6067004701,10.153310854209446,3.645871204654346
6067004702,10.150739536618754,3.62737915742642
6067004801,10.177190351129363,3.640403757700205
6067004802,10.171092706365503,3.655062798767967
6067004903,10.114388407255305,3.657507319644079
6067004904,10.146110242299795,3.663591453114305
6067004905,10.157368959616701,3.686243589322382
6067004906,10.123454004791239,3.685278318275154
6067005001,10.170709952772074,3.67053232991102
6067005002,10.162344735112936,3.672153850787132
6067005101,10.178662861738535,3.681902295687885
6067005102,10.162186882272416,3.682924507871321
6067005201,10.189322643394935,3.547312001368925
6067005202,10.172816722108145,3.552511544147844
6067005204,10.167635132785763,3.564832455852156
6067005205,10.1714675229295,3.58666886036961
6067005301,10.035510366872006,3.501076407255305
6067005402,10.149876567419576,3.512084521560575
6067005403,10.184906698836413,3.5421252183436
6067005404,10.173870302532512,3.532616621492129
6067005502,10.119513624914442,3.499111843942505
6067005505,10.152180701574264,3.495205263518138
6067005506,10.177085810403833,3.514134939767283
6067005508,10.176242684462697,3.525010913073238
6067005509,10.180243914442163,3.519328014373717
6067005510,10.181581672142368,3.520762016427105
6067005601,10.171943353182752,3.495516062286105
6067005605,10.182868898699521,3.510681009582478
6067005606,10.181435399041752,3.52100632991102
6067005701,10.146822130732375,3.476217543463381
6067005702,10.16451337303217,3.507931764544832
6067005801,10.096506733744011,3.471805753593429
6067005803,10.125862222450376,3.509513362080767
6067005804,10.0627986091718,3.49856879192334
6067005901,9.987962472963724,3.438355362765229
6067005903,10.048755650239562,3.449165750171116
6067005904,10.038555557152635,3.446045149897331
6067006002,10.101037325804244,3.450735009582478
6067006003,10.018871425051335,3.444063097878166
6067006004,10.05599911430527,3.442279981519507
6067006101,10.085701749486653,3.463101099247091
6067006102,10.14073097467488,3.484400713894593
6067006201,10.09469790622861,3.482163338124572
6067006202,10.095686432580424,3.488389149212868
6067006300,10.064458728268309,3.485357688569473
6067006400,10.00475267008898,3.469199912388775
6067006500,9.986362919233402,3.478368373716632
6067006600,10.043146338124572,3.48032678439425
6067006701,9.914721998631075,3.471285724845996
6067006702,9.968352816563997,3.481209012320328
6067006800,10.035897950718686,3.488379965092402
6067006900,10.081978382614648,3.503812130732375
6067007001,9.972081786447639,3.486338394250513
6067007004,9.895252496235455,3.47763119028063
6067007007,9.98321250513347,3.493954540041068
6067007010,9.873792344284736,3.48982301026694
6067007011,9.876965621492129,3.482577448323066
6067007012,9.898178318959617,3.483957457221082
6067007013,9.924167023956194,3.487663046543463
6067007014,9.954743539356605,3.491298754277892
6067007015,9.607486884325804,3.442490752908966
6067007016,9.697217084188912,3.460276886379192
6067007017,9.726407392881588,3.470482001368925
6067007018,9.765467783025325,3.463914647501711
6067007019,9.846724026694045,3.472885468172485
6067007020,9.808218722108145,3.485554697467488
6067007101,9.386281516084873,3.392122717316906
6067007102,9.627963273785079,3.444186249828884
6067007103,9.700467776865161,3.451878214236824
6067007104,9.665027131416838,3.448012819301848
6067007105,9.710313709103354,3.451617135523614
6067007106,9.781628154004107,3.467042711841205
6067007107,9.428874882272416,3.412488733744011
6067007202,9.836315485968515,3.451024670773443
6067007204,9.905382112251882,3.465247979466119
6067007206,9.638533701574264,3.431158712525667
6067007207,9.743837982888433,3.449524158795346
6067007208,9.779054003422314,3.456365529089665
6067007209,9.780530704996578,3.44821447980835
6067007301,9.926872524298426,3.445489896646133
6067007402,9.798552098562628,3.428346401779603
6067007403,9.837325290896646,3.433269653661875
6067007406,9.752523657768652,3.429475151950719
6067007413,10.006483807665982,3.455545517453799
6067007414,9.764948774811773,3.4207221321013
6067007415,9.775121407939767,3.415726901437372
6067007416,9.791590433264887,3.423208393566051
6067007417,9.696079127994524,3.426764583162218
6067007421,9.589542653661875,3.388061339493498
6067007422,9.706583685831622,3.410454819986311
6067007423,9.85272461670089,3.430341395619439
6067007424,9.887736211498973,3.432863071868583
6067007426,9.69842205338809,3.421307004791239
6067007427,9.681494284052019,3.414032822039699
6067007428,9.681705020533881,3.404981789185489
6067007429,9.712956354551677,3.416432396303901
6067007430,9.628006148528405,3.404466895277207
6067007431,9.631489730321698,3.407121718685832
6067007432,9.597656971937029,3.393422926762491
6067007433,9.64904687816564,3.40415776386037
6067007501,9.80357532991102,3.417054466803559
6067007503,9.86766590349076,3.424626812457221
6067007504,9.94644807871321,3.43984119301848
6067007601,9.86535301026694,3.426327498288843
6067007602,9.947774594113621,3.43928693908282
6067007701,9.993165079397673,3.448775235455168
6067007702,10.027294106091718,3.472954826830938
6067007801,9.853088299794661,3.43472580698152
6067007802,9.91919068514716,3.452111462696783
6067007903,9.780551683093771,3.410934741273101
6067007904,9.72562423613963,3.411726525667351
6067007905,9.769650863791923,3.417006927446954
6067007906,9.84683235523614,3.428168470910335
6067008005,9.26180154825462,3.333196407255305
6067008006,9.415237457221082,3.364573968514716
6067008007,9.618742707049966,3.39523745927447
6067008008,9.515649164271047,3.377374967830253
6067008009,9.561452386721424,3.394027403148528
6067008010,9.69954934017796,3.416036811088296
6067008111,9.540591115674196,3.372063691307324
6067008113,9.477103510609172,3.361843540041068
6067008117,9.744644240246407,3.406206094455852
6067008119,9.666149548939083,3.393236346338125
6067008120,9.439939544147844,3.351909090349076
6067008122,9.443439492128679,3.36223219301848
6067008124,9.319299789869952,3.320666348391513
6067008125,9.313129175906913,3.314008394250513
6067008127,9.541065558521561,3.375101394934976
6067008128,9.484452694045174,3.361784681040383
6067008129,9.601191663928816,3.385983123203285
6067008130,9.659815125256674,3.396990206707734
6067008131,9.704911603011636,3.407161377823409
6067008132,9.613068138261465,3.386078021218344
6067008133,9.789882849418207,3.421321568788501
6067008134,9.720703689253936,3.405307952772074
6067008135,9.645789362765229,3.389799327173169
6067008136,9.568628826146475,3.378324772758385
6067008137,9.597274674880219,3.3843083908282
6067008138,9.555358865160849,3.379420496919918
6067008139,9.50374578439425,3.368726390143737
6067008140,9.477806984257358,3.358613451060917
6067008141,9.522130429842574,3.364925819986311
6067008142,9.461593167693361,3.357334024640657
6067008143,9.417843852156058,3.339785028062971
6067008144,9.410088317590691,3.340898383983573
6067008145,9.345845685831622,3.330865550992471
6067008203,9.215062344969199,3.297281734428474
6067008204,9.331135329226557,3.329194689253936
6067008206,9.208484546885695,3.306866895277207
6067008207,9.137209625598905,3.300191597535934
6067008208,9.137784234770705,3.285960028747433
6067008209,8.977071592744695,3.247616217659138
6067008210,8.86370158110883,3.220078960301164
6067008211,9.050125386036961,3.258207165639973
6067008402,8.80163627926078,3.21213990622861
6067008403,8.929676047912389,3.251640411362081
6067008404,8.961853648186174,3.247425410677618
6067008501,8.637165359342916,3.18651573853525
6067008504,9.07082620054757,3.296186396303901
6067008505,8.830386083504449,3.239227628336756
6067008506,8.790102277207392,3.227322214236824
6067008507,8.787982537303217,3.249830462696783
6067008508,8.78182673853525,3.261244830253251
6067008509,8.656895943874059,3.20018909377139
6067008510,8.684744162217659,3.220851338809035
6067008512,8.554899338124572,3.19972859137577
6067008513,8.619143991786448,3.222965844626968
6067008600,8.955608413415469,3.416330535249829
6067008702,9.54789776659822,3.412403280629706
6067008703,9.529551353867214,3.411429058179329
6067008704,9.563059140314853,3.484513312799452
6067008705,9.412857878850103,3.420649507871321
6067008801,9.815057086926762,3.52498945174538
6067008905,9.86859643394935,3.471819249828884
6067008907,9.769595667351129,3.449814420944558
6067008908,9.750381977412731,3.454282861054073
6067008909,9.996870919233402,3.491370069130732
6067008910,9.93664672347707,3.483005425051335
6067008911,9.972825832306639,3.492314717316906
6067008912,9.728501928131417,3.432748755646817
6067008913,9.847601289527721,3.450514470910335
6067009004,10.029342973990418,3.527914106091718
6067009005,9.946589313483915,3.572752712525667
6067009006,9.996591137577002,3.516015440109514
6067009007,9.915968366187543,3.504715997946612
6067009008,9.8846064770705,3.48248476386037
6067009010,9.804052461327858,3.480457151950719
6067009011,9.769493505817933,3.491616574264203
6067009103,10.082368132785763,3.557488143737166
6067009105,10.1538101724846,3.546665442162902
6067009106,10.145322045859001,3.542527093086927
6067009107,10.096987545516769,3.5349814366872
6067009108,10.119050201232033,3.562829488021903
6067009109,10.134204316221766,3.557254453798768
6067009110,10.153360407255305,3.558118658453114
6067009111,10.138203708418891,3.578373154004107
6067009112,10.098628722108145,3.582717653661875
6067009201,10.085861775496236,3.650708247091034
6067009307,10.102281632443532,3.786610153319644
6067009308,10.107970589322382,3.782990960985626
6067009309,10.106500981519507,3.810236864476386
6067009310,10.08995637303217,3.819787770704997
6067009311,10.11032306844627,3.700326739219712
6067009312,10.118209028062971,3.724246259411362
6067009314,10.116455316906229,3.755937865845311
6067009316,10.157242432580424,3.698237463381246
6067009317,10.151038371663244,3.721801395619439
6067009318,10.177787203285421,3.703093659137577
6067009319,10.164769579055442,3.709183713894593
6067009320,10.164514843258042,3.728240043805613
6067009321,10.150859324435318,3.723917772073922
6067009322,10.137837343600274,3.74795117522245
6067009323,10.119309976043806,3.765379696783025
6067009324,9.986173470225873,3.736237395619439
6067009325,9.914584535934292,3.741998498973306
6067009326,9.909731352498289,3.677100488021903
6067009328,10.070587453114305,3.808346293634497
6067009329,10.072039446954141,3.720917374401095
6067009330,10.007410425735797,3.684841689938398
6067009331,10.054569986310746,3.780903980150582
6067009332,10.053875353867214,3.744866287474333
6067009403,9.932380422313484,3.847639675564682
6067009404,9.392997307323751,3.660334957563313
6067009406,9.36200499247091,3.716784847364819
6067009407,10.024658552361396,3.932147151950719
6067009408,9.970668122518823,3.932479600958248
6067009501,10.089972665982204,3.951459872689938
6067009502,10.078990579055442,3.955404688569473
6067009503,10.055642720054757,3.950767917180014
6067009504,10.039760470225873,3.964553202600958
6067009601,10.087855700889802,3.706725577002053
6067009606,10.166089945242984,3.716093169062286
6067009608,10.139658960985626,3.7353393908282
6067009609,10.13296834770705,3.743210681724846
6067009610,10.13690715742642,3.729810518822724
6067009611,10.10966965229295,3.788384501711157
6067009612,10.111772049281314,3.784573744695414
6067009614,10.127621360027378,3.752865043805613
6067009615,10.108037526351814,3.764888166324435
6067009616,10.102514716632444,3.779732125941136
6067009617,10.073731550992471,3.766438258042437
6067009618,10.073318203969884,3.737632089664613
6067009619,10.02723270294319,3.752646419575633
6067009622,10.023847171800137,3.761889247091034
6067009630,10.055128547570157,3.813977523613963
6067009632,10.082053839151266,3.799299574264203
6067009633,10.149378453798768,3.715743841204654
6067009634,10.153099344284736,3.70577324366872
6067009635,10.01142935797399,3.791168451060917
6067009636,10.062038567419576,3.787927201916496
6067009637,10.079212000684463,3.820704941136208
6067009638,10.042580683778234,3.883970470910335
6067009639,10.122943438740589,3.765138690622861
6067009800,9.56124292881588,3.794137039698836
6067009900,9.74617619301848,3.829539559890486
6067988300,8.767893665982204,3.201325466803559
6069000100,7.675489953456537,3.177500576317591
6069000200,7.674830040383299,3.169254588637919
6069000300,7.619324357289528,3.145820557152635
6069000400,7.561351873374401,3.132859455167693
6069000501,7.515026501026694,3.112894963039014
6069000502,7.553147051334702,3.12736979945243
6069000600,7.466696256673511,3.097482608487337
6069000701,7.577245431895962,3.135258090349076
6069000702,7.533639395619439,3.12200172347707
6069000801,7.386033162902122,3.088234282683094
6069000802,6.816614263518138,2.995835447638604
6071000103,12.694987924709103,4.136973383983573
6071000104,12.751352666666667,4.158850245037645
6071000105,12.836767475017112,4.184729237508556
6071000107,12.903068173169062,4.203519515400411
6071000108,12.905511492128679,4.216052874058864
6071000109,12.932717724845996,4.209820733744011
6071000111,12.852748271047228,4.218784973305955
6071000113,12.95869511156742,4.209438715263518
6071000115,12.956043983572895,4.194061031485284
6071000116,12.8127115633128,4.199522028062971
6071000117,12.847813433264887,4.197292348391513
6071000118,12.811840945927447,4.194841816563997
6071000201,11.947169590691307,3.926274612594114
6071000203,12.099775711156742,3.95984744421629
6071000205,12.076641094455852,3.95205884257358
6071000207,12.221554335386721,3.989988643394935
6071000208,12.232811440109514,3.978796472279261
6071000301,12.308192960301164,4.005862264202601
6071000303,12.459611142368241,4.044741230663929
6071000304,12.440518495550992,4.032784154004107
6071000401,12.752958373716632,4.137124334702259
6071000403,12.580348532511978,4.072840704312115
6071000404,12.571180544832307,4.057854238193018
6071000501,12.700430126625599,4.10646385284052
6071000503,12.782535850787132,4.13636951266256
6071000504,12.873135708418891,4.165016368925394
6071000603,12.702376791238878,4.081314146475017
6071000604,12.760700186858316,4.110038195071869
6071000605,12.791102419575633,4.124475886379192
6071000606,12.81762694661191,4.124252126625599
6071000804,10.913909887748118,3.675556518822724
6071000808,11.710327247091034,3.852609947980835
6071000812,11.724766676933607,3.847356344284736
6071000813,11.090211223819302,3.718777421629021
6071000814,11.134999432580424,3.729345488021903
6071000815,11.349713237508556,3.782249665297741
6071000816,11.37969704312115,3.782455336071184
6071000817,11.592576455852156,3.836307518138262
6071000818,11.641036352498289,3.841762542778918
6071000819,11.495213366187543,3.803127019849418
6071000820,11.284304292950034,3.759457503080082
6071000821,11.787422733059548,3.887487557152635
6071000823,11.82003537577002,3.883513981519507
6071000824,11.829827865160849,3.885651428473648
6071000825,11.943594343600274,3.917841158795346
6071000826,11.972405331964408,3.911223321013005
6071000901,11.877298498973306,3.890585266940452
6071000903,11.977433299110198,3.904553790554415
6071000904,12.04639318275154,3.925473075290897
6071001001,12.092905606433949,3.947485965092402
6071001002,12.3042704366872,3.989158312799452
6071001101,12.36107623340178,3.997645679671458
6071001103,12.180831594798084,3.954717073921971
6071001104,12.145172770020534,3.955259864476386
6071001200,12.202671496235455,3.960674650924025
6071001305,12.195684791238878,3.946176790554415
6071001307,12.16370093908282,3.934661708418891
6071001308,12.309240013004791,3.963692339493498
6071001309,12.357621947980835,3.97290603559206
6071001310,12.242494156057495,3.961452934291581
6071001311,12.260185392197125,3.943830074606434
6071001312,12.38554825119781,3.970054091718001
6071001400,12.37932046954141,3.997846533880904
6071001501,12.396388306639288,3.997323561943874
6071001503,12.419542167693361,3.991978816563997
6071001504,12.47081531485284,3.998200380561259
6071001600,12.588347450376454,4.027618001368925
6071001702,12.553314587953456,4.046389087611225
6071001703,12.773592586584531,4.101587628336756
6071001704,12.678165817932923,4.072409524982888
6071001706,12.514044852156058,4.036292474332649
6071001707,12.588353277207392,4.049179699520876
6071001803,12.763878658453114,4.064357531827515
6071001804,12.824188698151951,4.107818622176591
6071001806,12.848088049281314,4.107088545516769
6071001808,12.884711318275154,4.097600468172485
6071001809,12.949587433264887,4.098804561943874
6071001810,12.743097249144422,4.080048629705681
6071001812,12.64801926899384,4.061023807665982
6071001813,12.606270501026694,4.051774904859685
6071001901,12.876228891170431,4.139060653661875
6071001903,13.048365203285421,4.171927945927447
6071001905,12.960520518822724,4.131990353182752
6071001906,13.123799195756331,4.121171147843942
6071002010,11.295036606433949,3.736717219028063
6071002011,11.004594586584531,3.689222681040383
6071002013,11.351442588637919,3.763774757700205
6071002014,11.124457047912389,3.718365430527036
6071002015,11.555401787132101,3.803882405886379
6071002016,11.769850645448323,3.855559941136208
6071002017,11.073015368240931,3.698509952772074
6071002018,11.299674184120465,3.745083774811773
6071002019,11.346519579055442,3.750260184120465
6071002021,11.193441556468172,3.719100356605065
6071002022,11.356665776865161,3.743281023271732
6071002023,11.54227012936345,3.796103125941136
6071002025,11.578581330595482,3.794372508555784
6071002027,11.822115046543463,3.857058908966461
6071002028,11.833657493497604,3.848620073921971
6071002029,11.580946184120465,3.798014809034908
6071002031,11.64354935523614,3.797754871321013
6071002033,11.690303049965777,3.799048244353183
6071002034,11.859403167008898,3.824776707734428
6071002035,11.763822881587954,3.830492720054757
6071002036,11.899706445585216,3.852595647501711
6071002037,11.866040575633128,3.820867034907598
6071002038,12.022334503764545,3.838112768651608
6071002101,12.001832069130732,3.905931544832307
6071002103,11.978254527036276,3.897390453798768
6071002105,12.076243514031485,3.912808686516085
6071002107,12.028718943189596,3.890856097878166
6071002109,12.495996447638604,3.969423396988364
6071002110,12.223652102669404,3.915568116358658
6071002204,12.58184246201232,3.930578623545517
6071002206,13.011610544147844,4.098189490759754
6071002207,12.28919337303217,3.894808414099932
6071002301,11.862498832306639,3.830249306639288
6071002304,11.723734,3.811455056810404
6071002305,12.051665449691992,3.850388943189596
6071002306,11.809635950718686,3.832723351129363
6071002307,11.988773555099247,3.855255182067077
6071002401,12.330736478439425,3.883441453114305
6071002402,12.328000003422314,3.8856267816564
6071002501,12.603310524298426,3.92188079945243
6071002502,12.558594371663244,3.91515107118412
6071002601,12.798783881587954,3.951168429158111
6071002602,12.953571646132786,3.985415135523614
6071002604,13.007383002737851,3.982478750855578
6071002606,12.964054611225188,3.979388559206023
6071002607,12.941550869267625,3.965220699520876
6071002703,11.312339051334702,3.753684841204654
6071002704,11.484008681724846,3.783278552361396
6071002705,11.590966444900753,3.813013272416153
6071002706,11.097227514031485,3.734702761806982
6071002801,12.108870721423682,3.860180937029432
6071002803,12.203003751540041,3.874164797399042
6071002804,12.293903655030801,3.883865134154689
6071002901,12.16399682477755,3.874222544147844
6071002902,12.172145183436003,3.877445621492129
6071003000,12.2386436954141,3.885063716632444
6071003101,12.453546644079398,3.906076622176591
6071003102,12.425380271731691,3.905999788501027
6071003200,12.39397211156742,3.905290100616016
6071003301,12.591001012320328,3.925599240930869
6071003302,12.530222623545517,3.918583052019165
6071003401,12.199740217659138,3.882852917864476
6071003403,12.367586080766598,3.900934071868583
6071003404,12.085541507871321,3.874297313483915
6071003405,12.208881075290897,3.888746618069815
6071003503,11.858396912388775,3.851375869267625
6071003505,11.881151848049281,3.853458395619439
6071003506,11.763525929500342,3.840023545516769
6071003507,12.034625367556468,3.872128252566735
6071003509,12.06587134017796,3.883156242299795
6071003510,12.161162067077344,3.88411904312115
6071003603,12.274424574948665,3.899493070499658
6071003605,12.349920385352498,3.908328119096509
6071003606,12.473362509924709,3.921829658453114
6071003607,12.226668342231348,3.901183321697468
6071003609,12.375950326488706,3.918339737850787
6071003611,12.247240326488706,3.909045685831622
6071003612,12.287336003422314,3.915146395619439
6071003700,12.092742231348392,3.889332036960986
6071003801,11.732763178644764,3.842873804928131
6071003803,11.929150006844627,3.864957924709103
6071003804,11.773037145106092,3.845763436002738
6071003900,12.050296910335387,3.878875144421629
6071004001,12.642249513347023,3.930694002737851
6071004003,12.659622547570157,3.935757572210814
6071004004,12.517875081451061,3.94410763449692
6071004101,11.233664960985626,3.769980134839151
6071004103,11.463382292265572,3.800726585215606
6071004104,11.438530442847365,3.803200846680356
6071004201,11.624289227241615,3.820171346338125
6071004202,11.561499017111567,3.816941301163587
6071004301,11.87833277412731,3.860934374401095
6071004302,11.783142783025325,3.843312080082136
6071004401,12.084954475017112,3.890900051334702
6071004403,12.044474392197125,3.884484366872006
6071004404,11.964152468172485,3.869735584531143
6071004503,10.546201257357974,3.645413288158795
6071004504,10.852537299794661,3.711395704312115
6071004505,10.880619235455168,3.712449210814511
6071004507,10.998530021902806,3.730328167693361
6071004509,10.918204301848049,3.718995578370979
6071004510,10.879168507186858,3.71525440109514
6071004601,11.158831323750856,3.758955491444216
6071004603,11.162018834360027,3.757163219028063
6071004604,11.327265183436003,3.780933201916496
6071004700,11.518032713894593,3.808250205338809
6071004800,11.629814987679672,3.822619835728953
6071004900,11.832888707049966,3.857482895277207
6071005100,10.994845055441478,3.723283258042437
6071005200,11.140598770020534,3.743199850102669
6071005300,11.255906957563313,3.764307470910335
6071005400,11.324185724161533,3.77275872347707
6071005500,11.390906549623546,3.779298196440794
6071005600,11.479127637234771,3.793356186173854
6071005701,11.654987869267625,3.828159509240246
6071005800,11.51275683504449,3.799500427789186
6071006100,10.811951613278576,3.699289865160849
6071006201,11.063374587268994,3.728074493497604
6071006203,10.911375528405202,3.711924783709788
6071006204,10.982048444900753,3.718365507871321
6071006301,11.193206282683094,3.748728430527036
6071006302,11.119936854209446,3.739899334017796
6071006401,11.345068431211499,3.773174553045859
6071006402,11.233023726214921,3.758312805612594
6071006500,11.446332848733744,3.788685023956194
6071006601,12.228758902806297,3.919680088980151
6071006603,12.133548983572895,3.903879466803559
6071006604,12.043614099931554,3.88657659890486
6071006700,12.026315331964408,3.892452494182067
6071007000,12.04620999247091,3.896344236824093
6071007104,12.180690767282683,3.929081023956194
6071007105,12.049483091033539,3.91886788569473
6071007106,12.381429707049966,3.948958000684463
6071007107,12.358296534565366,3.943971755646817
6071007108,12.152157605749487,3.921712377138946
6071007109,12.205955916495551,3.92800728678987
6071007110,11.961534885010267,3.893529978097194
6071007200,11.622978409308693,3.830041876796715
6071007302,11.607233915126626,3.85649890349076
6071007303,11.792879938398357,3.87159870294319
6071007305,11.650814072553046,3.848814947980835
6071007306,11.533175171115674,3.837708878850103
6071007403,10.76965865229295,3.686251043805613
6071007404,10.566012697467488,3.64977917522245
6071007407,10.89482034770705,3.703740632443532
6071007408,10.95805646954141,3.717389056810404
6071007409,10.756726442847365,3.684227456536619
6071007410,10.699120062970568,3.674972127310062
6071007601,11.058162018480493,3.736946589322382
6071007603,10.922643201916496,3.717376481861738
6071007604,10.794346915811088,3.698398966461328
6071007800,11.277008123887748,3.794034134154689
6071007901,10.261740958247776,3.594716885010267
6071007903,10.535957697467488,3.646783908966461
6071007904,10.309250492813142,3.606320242984257
6071008001,10.88021260164271,3.718791744695414
6071008002,10.953211099247091,3.746643732375086
6071008100,11.033719026694045,3.759917965092402
6071008200,10.947035473648186,3.74090525393566
6071008301,11.225048009582478,3.795376222450376
6071008302,11.141583471594798,3.783936241615332
6071008401,10.52573663449692,3.652392531827515
6071008402,10.51900737577002,3.654842401779603
6071008403,10.649965719370294,3.683494802190281
6071008404,10.750381405886379,3.703455350444901
6071008500,10.611879414784394,3.680322148528405
6071008601,10.319830741957563,3.610061872005476
6071008602,9.799365009582478,3.493125517453799
6071008703,8.945725622861054,3.290003873374401
6071008704,9.890801527720739,3.524432558521561
6071008705,10.115465899383984,3.571685661875428
6071008706,9.866405464065708,3.514996480492813
6071008708,9.519520808350445,3.437961205338809
6071008709,9.708396863791923,3.486498325804244
6071008710,9.662217460643395,3.465855415468857
6071008800,9.492576836413416,3.427576449007529
6071008901,6.375664497604381,2.966692115674196
6071009107,7.902028700205339,3.077442736481862
6071009108,8.093963557837098,3.15903648733744
6071009109,8.253437878850103,3.167000691307324
6071009110,8.597910151266256,3.386567385352498
6071009112,8.477852220396988,3.325860124572211
6071009114,8.40961509377139,3.316744722792608
6071009116,8.350630052019165,3.338450427104723
6071009117,7.937164308008214,3.217837574948665
6071009118,8.490894240930869,3.301372384668036
6071009119,8.587645919233402,3.286385127994524
6071009201,8.315570569472964,3.12808565229295
6071009202,9.440518859685147,3.369770794661191
6071009300,7.448724239561944,3.306284260095825
6071009400,7.5000905229295,3.315390585900068
6071009500,7.511294552361396,3.321228919917864
6071009707,8.831574982888433,3.428785669404518
6071009708,8.477255130047912,3.322541768651608
6071009709,8.692397002053388,3.416457803559206
6071009710,8.659816238193018,3.420594415468857
6071009711,8.759905485968515,3.445112381245722
6071009712,8.542706160164271,3.390844570157426
6071009713,8.508679846680356,3.414686123203285
6071009714,8.595623399726215,3.438780004106776
6071009715,8.696910543463381,3.444980902806297
6071009716,8.618122845995893,3.44540509650924
6071009717,8.750678672826831,3.449676567419576
6071009800,8.716435871321013,3.440324091033539
6071009904,8.75930734770705,3.424462225188227
6071009905,8.669446905544148,3.428119930869268
6071009906,8.755453944558522,3.390367342231348
6071009908,8.802631709787817,3.400905541409993
6071009910,8.828757620807666,3.424913579739904
6071009911,8.761178324435318,3.401849406570842
6071009912,8.830077745379877,3.449665620807666
6071009913,8.786528196440794,3.449487373716632
6071010004,8.839112780287474,3.451977633812457
6071010009,8.798695183436003,3.376868788501027
6071010010,8.908009369609856,3.429696759069131
6071010011,8.933116808350445,3.453825188227242
6071010012,8.922486703627652,3.44991751266256
6071010013,8.988306574948665,3.453541471594798
6071010014,8.989708126625599,3.449567133470226
6071010015,8.976516353867214,3.438903401779603
6071010016,8.925134795345654,3.413389049281314
6071010017,9.023207407255305,3.389175234086242
6071010018,9.030375990417522,3.434064864476386
6071010019,9.108988484599589,3.466322637234771
6071010020,9.11603290622861,3.469273494182067
6071010021,9.091880109514032,3.469224156057495
6071010022,9.046444247775496,3.45530833744011
6071010023,9.197362718001369,3.456279379192334
6071010024,9.373984759069131,3.491527313483915
6071010025,8.879701258042437,3.441935188911704
6071010026,8.888255156057495,3.453878929500342
6071010300,5.831131434633812,2.807639620807666
6071010402,6.378883323066393,2.95964982477755
6071010409,6.307224355920602,3.007168309377139
6071010410,6.587463710472279,2.876749219028063
6071010411,6.650865631074606,2.861663638603696
6071010412,6.748924395619439,2.891852745379877
6071010413,6.785283006844627,2.857088222450376
6071010415,6.545997853524983,2.960266409993155
6071010416,6.615340517453799,2.933639284736482
6071010417,6.866261788501027,2.833668232032854
6071010419,6.70164145174538,2.91102572073922
6071010420,6.624396936344969,2.915980965776865
6071010421,6.523099587953456,2.958013411362081
6071010422,6.544627308008214,2.982210031485284
6071010423,6.49910415468857,2.858746186858316
6071010424,6.684000108145106,2.889883604380561
6071010700,5.531275490759754,2.744181249828884
6071010802,9.999082449691992,3.564565669404518
6071010803,10.129772127310062,3.597838975359343
6071010804,10.020311371663244,3.580876262149213
6071010901,9.640159063655031,3.509114547570157
6071010902,9.208214117727584,3.43150634770705
6071011001,9.783832854893908,3.526574145106092
6071011002,10.128262425051335,3.583748543463381
6071011101,9.605554447638604,3.460975848733744
6071011102,8.69703782477755,3.282907010951403
6071011203,7.425347636550308,2.94644405065024
6071011204,7.325547032854209,2.915450455852156
6071011205,7.561079676933607,2.978059112936345
6071011206,7.70853804312115,3.022647406570842
6071011300,7.714893458590007,3.057121623545517
6071011401,7.26145332991102,2.899999083504449
6071011403,7.150779147843942,2.880029214921287
6071011404,6.887960095140315,2.847613306639288
6071011500,7.508237839835729,2.934978134154689
6071011600,7.097112824093087,3.166908568788501
6071011700,8.112923344284736,3.403904427789186
6071011800,7.731503198494182,3.358201316906229
6071011900,7.346956665297741,3.266009975359343
6071012001,7.553055121149897,3.326864552361396
6071012002,7.440386954140999,3.300957975359343
6071012101,8.50154535523614,3.444807242299795
6071012103,7.649470700889802,3.117231698151951
6071012104,7.680804650924025,3.275406477754962
6071012200,12.938402981519507,4.181422561259411
6071012300,10.715222663244353,3.673799657084189
6071012400,11.848757598220397,3.865942292950034
6071012500,12.249886834360027,3.934224798083504
6071012700,12.817325174537988,4.015998018480493
6071025000,5.944949485284052,2.864951380561259
6071025100,5.458648976043806,2.716343793292266
6071940100,5.578531754277892,2.744675325119781
6071980100,11.252995342231348,3.770377266940452
6071980200,8.455608672142368,3.38347332238193
6073000100,10.005278956194387,3.302904360711841
6073000201,10.075906754962355,3.306890702258727
6073000202,10.056462084188912,3.289092003422314
6073000300,10.127492698151951,3.29496002532512
6073000400,10.131982059548255,3.311617977412731
6073000500,10.191395431211499,3.329997505817933
6073000600,10.18917853798768,3.319214098562628
6073000700,10.186005282683094,3.303703207392197
6073000800,10.227471716632444,3.313295280629706
6073000900,10.234359160848734,3.321090839835729
6073001000,10.242365039014374,3.340752734428474
6073001100,10.275462075975359,3.353086631074606
6073001200,10.287237526351814,3.348489777549624
6073001300,10.278963070499658,3.335157440793977
6073001400,10.268033327857632,3.322441078028747
6073001500,10.29354206091718,3.330106733059548
6073001600,10.309463037645448,3.345780021218344
6073001700,10.324993699520876,3.362158771389459
6073001800,10.331321925393566,3.367252540041068
6073001900,10.319368205338809,3.372434624914442
6073002001,10.368636271047228,3.384996506502396
6073002002,10.358679524982888,3.377325377823409
6073002100,10.340286848049281,3.366924082819986
6073002201,10.328696796030116,3.358730195071869
6073002202,10.349504680355921,3.365844580424367
6073002301,10.365127075290897,3.36977692881588
6073002302,10.344721288158795,3.367773082819986
6073002401,10.32299347980835,3.348819193702943
6073002402,10.336146432580424,3.353945672826831
6073002501,10.325294954140999,3.337547255989049
6073002502,10.303637926762491,3.321018405886379
6073002601,10.337368132785763,3.360083255989049
6073002602,10.326256465434634,3.342567926762491
6073002702,10.349705132785763,3.376787013004791
6073002703,10.334223194387406,3.371895904859685
6073002705,10.318315764544832,3.35273953798768
6073002707,10.357016617385352,3.368777859685147
6073002708,10.349740803559206,3.372500522245038
6073002709,10.332999780971937,3.362260056125941
6073002710,10.342072197809719,3.359800256673511
6073002711,10.342934665297741,3.366037320328542
6073002712,10.321254582477755,3.358029260780288
6073002801,10.346964331964408,3.390146034907598
6073002803,10.347572136892539,3.382114330595482
6073002804,10.361099494182067,3.387349381245722
6073002902,10.341590349075975,3.388178587268994
6073002903,10.325400706365503,3.379984076659822
6073002904,10.337315748117728,3.389775195756331
6073002905,10.322706553045859,3.396463772758385
6073003001,10.302054954825462,3.348163232717317
6073003003,10.309198742642026,3.374221904859685
6073003004,10.306858872689938,3.36136409377139
6073003101,10.279790936344969,3.340938557837098
6073003103,10.267138034223135,3.374375345653662
6073003105,10.239825204654346,3.379329428473648
6073003107,10.219944746748802,3.37995720807666
6073003108,10.20436102532512,3.386644494182067
6073003109,10.277479084873374,3.370100176591376
6073003111,10.274223831622177,3.344716683778234
6073003112,10.30447967761807,3.361900921971253
6073003113,10.278382700889802,3.359062076659822
6073003114,10.269131652977413,3.374125095140315
6073003115,10.246998376454483,3.376130422313484
6073003201,10.258725242984257,3.363609468856947
6073003202,10.241733216974675,3.36465145927447
6073003204,10.190840831622177,3.365570286105407
6073003207,10.207677938398357,3.38461551266256
6073003208,10.24432370568104,3.377623120465435
6073003209,10.236081122518823,3.380651481861738
6073003211,10.238810777549624,3.367971201232033
6073003212,10.230080480492813,3.371783511293634
6073003213,10.230842236824093,3.379693095140315
6073003214,10.204241296372348,3.385984875427789
6073003301,10.26655039835729,3.30771874606434
6073003303,10.25391903559206,3.311742722108145
6073003304,10.282687117043121,3.328911249828884
6073003305,10.269936456536619,3.323804297741273
6073003401,10.310237279945243,3.334492147843942
6073003403,10.276718676933607,3.301486038329911
6073003404,10.293464932922656,3.328361839835729
6073003501,10.253321264887064,3.288359778918549
6073003502,10.239990584531143,3.288899303901437
6073003601,10.194978353867214,3.279098149897331
6073003602,10.236437889117043,3.298402144421629
6073003603,10.208639067761807,3.295010496919918
6073003800,10.163317069130732,3.265675696098563
6073003901,10.214992881587954,3.26173884531143
6073003902,10.184108022587269,3.253023872005476
6073004000,10.22674284257358,3.265390541409993
6073004100,10.221267169062286,3.264488291581109
6073004200,10.290512490075291,3.309382456536619
6073004300,10.258113839151266,3.304314180013689
6073004400,10.237020484599589,3.279137490075291
6073004501,10.210327290896646,3.260533989048597
6073004600,10.177980937713895,3.241110094455852
6073004700,10.152773844626968,3.22745220054757
6073004800,10.1783624366872,3.239779578370979
6073004900,10.157035712525667,3.229048839835729
6073005000,10.126860617385352,3.228926923340178
6073005100,10.102567727583847,3.207579226557153
6073005200,10.129161248459959,3.235779362080767
6073005300,10.081924343600274,3.237699483230664
6073005400,10.043267456536619,3.228951507186858
6073005500,10.183114263518138,3.262290138945927
6073005600,10.191078904859685,3.278865423682409
6073005700,10.10434684257358,3.255032873374401
6073005800,10.048097138261465,3.254856126625599
6073005900,10.102390841204654,3.267012144421629
6073006000,10.10692494934976,3.279030017111567
6073006100,10.058126356605065,3.27634494661191
6073006200,9.939302456536619,3.268964258042437
6073006300,9.913543088295688,3.282399609856263
6073006500,9.926301232032854,3.299022332648871
6073006600,9.876291947296372,3.294647588637919
6073006801,9.736958353182752,3.304494145790554
6073006802,9.801591242984257,3.298278026694045
6073006900,9.770380080766598,3.291059739904175
6073007002,9.645279425735797,3.280933846680356
6073007100,9.577478246406571,3.265329075975359
6073007200,9.497993502395619,3.267927471594798
6073007301,9.551778565366188,3.292312995208761
6073007302,9.59272792128679,3.286314356605065
6073007400,9.673655700205339,3.29380003559206
6073007501,9.633109428473648,3.299986617385352
6073007502,9.576654405886379,3.292285281314168
6073007600,9.744692765229295,3.320164578370979
6073007701,9.687118290896646,3.332028758384668
6073007702,9.722867765229295,3.338352049965777
6073007800,9.797091716632444,3.351428128678987
6073007903,9.701005633812457,3.347410785078713
6073007905,9.624249242984257,3.340002425735797
6073007907,9.683065556468172,3.340400689938398
6073007908,9.72655680698152,3.345490377138946
6073007910,9.625423563997262,3.336810681724846
6073008002,9.690630493497604,3.352924232032854
6073008003,9.616823091033539,3.350499744695414
6073008006,9.587093156057495,3.345830393566051
6073008101,9.510093287474333,3.366645624914442
6073008102,9.522877418206708,3.35476667008898
6073008200,9.546670649555099,3.383794726899384
6073008301,9.76373973100616,3.362073116358658
6073008303,9.650275323750856,3.384388552361396
6073008305,9.776193902806297,3.42115710403833
6073008306,9.823969564681725,3.402251058179329
6073008307,9.885437229295003,3.400276960985626
6073008310,9.688605308008214,3.373952969199179
6073008311,9.593336108145106,3.37096059137577
6073008312,9.684191145106092,3.430230155373032
6073008313,9.751917290212183,3.404854767967146
6073008324,9.7198088275154,3.470661414099932
6073008327,9.780358612594114,3.489132436002738
6073008328,9.882968911019849,3.496648464065708
6073008329,9.779646097193703,3.475901088295688
6073008330,9.832064664613279,3.478348621492129
6073008331,9.820658173169062,3.479154227241615
6073008333,9.864306298425736,3.463557527720739
6073008335,10.000077481861738,3.491116247775496
6073008336,10.001001095824778,3.48856577412731
6073008337,10.009809232717317,3.486999646817248
6073008339,9.791079405886379,3.443064707049966
6073008340,9.912674075290897,3.418669412731006
6073008341,9.850685857631759,3.420628045859001
6073008343,9.862112397672827,3.416879549623546
6073008344,9.951086742642026,3.412178722108145
6073008345,9.966977859685147,3.402786180698152
6073008346,9.949086152635181,3.462332907597536
6073008347,10.009531335386721,3.465873648186174
6073008348,10.00852866255989,3.462524489390828
6073008349,10.026455047227926,3.457485764544832
6073008350,10.017989899383984,3.447095262149213
6073008351,10.041242583162218,3.453199641341547
6073008352,10.024074060232717,3.464379214236824
6073008353,10.022138424366872,3.468658856947296
6073008354,10.034724407255305,3.461446629705681
6073008355,10.034871617385352,3.457620238193018
6073008356,10.034313592060233,3.460137516084873
6073008357,10.038772155373032,3.45742692128679
6073008358,10.045928383983573,3.453540778234086
6073008359,10.062018253251198,3.446449960985626
6073008360,10.073058376454483,3.447442844626968
6073008361,9.775425,3.411458619438741
6073008362,9.782729275154004,3.408261610540726
6073008363,9.83765931211499,3.412490880219028
6073008364,9.819059106091718,3.410789228610541
6073008365,10.010650110198494,3.475994422313484
6073008366,9.993952366187543,3.488650072553046
6073008501,9.819661819301848,3.380656834360027
6073008502,9.908685948665298,3.388444691991786
6073008503,9.865915373716632,3.368912536618754
6073008504,9.952735692676249,3.375004212183436
6073008505,10.000601019164956,3.39280439835729
6073008506,9.998249438740589,3.381960006160164
6073008507,10.052216490075291,3.384000734428474
6073008509,10.052556607802875,3.369781635181383
6073008510,10.105244062286105,3.370421527720739
6073008511,10.140044123203285,3.379922595482546
6073008512,9.989787771389459,3.366893944558522
6073008513,10.021551821355236,3.356897489390828
6073008600,10.042767645448323,3.346322791238878
6073008701,10.111324262833676,3.35996636550308
6073008702,10.160621257357974,3.358340221765914
6073008800,10.128721820670773,3.348855519507187
6073008901,10.086740517453799,3.334100087611225
6073008902,10.052214881587954,3.31616298973306
6073009000,10.054608859685147,3.339042841889117
6073009101,9.914645288843258,3.349212056810404
6073009102,9.959081366872006,3.358298724161533
6073009103,9.954851857631759,3.341827777549624
6073009104,9.955845014373717,3.333907056125941
6073009106,9.939334404517454,3.324465904859685
6073009107,10.002373856947296,3.324428546201232
6073009201,10.161137001368925,3.368719441478439
6073009202,10.207964349075975,3.364080993839836
6073009301,10.211362227926078,3.380166441478439
6073009304,10.247949125941136,3.357384355920602
6073009305,10.25912284531143,3.373447696098563
6073009306,10.248103456536619,3.384403201916496
6073009400,10.137623672142368,3.412267065023956
6073009502,10.16303962422998,3.378408078028747
6073009504,9.946125131416838,3.400778950034223
6073009505,10.164638833675565,3.396363699520876
6073009506,10.216228829568788,3.390236553045859
6073009507,10.224921873374401,3.390899967830253
6073009509,10.257688143737166,3.382409940451745
6073009510,10.209673529089665,3.382201489390828
6073009511,10.246935158110883,3.384350777549624
6073009602,10.300757052019165,3.39632699247091
6073009603,10.311334912388775,3.387673448323066
6073009604,10.317645455167693,3.386972314168378
6073009703,10.297428083504449,3.390753933607118
6073009704,10.24327134770705,3.38857658384668
6073009705,10.332891898015058,3.397960873374401
6073009706,10.291309844626968,3.396455291581109
6073009801,10.227094813141684,3.397282712525667
6073009802,10.202765979466119,3.391241394250513
6073009804,10.147512114989733,3.392170945242984
6073009805,10.194372379876797,3.392028266940452
6073009901,9.433342690622861,3.242792436002738
6073009902,9.907714852156058,3.228976219028063
6073010001,9.957939475701574,3.434313098562628
6073010003,9.9796994366872,3.463845138945927
6073010004,9.937770395619439,3.469621177960301
6073010005,9.928959700889802,3.485578183436003
6073010009,9.8511027816564,3.505174624914442
6073010010,9.927642943874059,3.447186388774812
6073010011,9.950794850787132,3.452243073921971
6073010012,9.889292584531143,3.48139920054757
6073010013,9.91650789596167,3.500290420944558
6073010014,9.955600880903491,3.50070061670089
6073010015,9.878226414099932,3.531219822724162
6073010103,9.836942971252567,3.387403104722793
6073010104,9.756284702258727,3.416870639288159
6073010106,9.874409491444216,3.44734575633128
6073010107,9.898795342915811,3.421274882956879
6073010109,9.691439418206708,3.44114242642026
6073010110,9.805825972621492,3.42916241889117
6073010111,9.8755358275154,3.466600586584531
6073010112,9.833255490075291,3.44300090349076
6073010200,9.592968140314853,3.385833405201916
6073010300,9.705712669404518,3.386779963039014
6073010401,9.755934819986311,3.387755497604381
6073010402,9.738847847364819,3.400653292265572
6073010501,9.679307912388775,3.358494410677618
6073010502,9.758848967145791,3.377694159479808
6073010601,9.762353137577002,3.332622037645448
6073010800,9.87128271321013,3.226593808350445
6073010900,9.925395175906913,3.220599722792608
6073011000,9.965185701574264,3.218264143737166
6073011100,9.921398303901437,3.226544075290897
6073011300,9.721003258042437,3.237151806297057
6073011601,10.18160787816564,3.330202039014374
6073011602,10.16900635797399,3.341812919917864
6073011700,10.209566112251882,3.322350490759754
6073011801,10.201176259411362,3.306825985626283
6073011802,10.239951910335387,3.314997277207392
6073011902,10.257790230663929,3.338406109514032
6073012002,10.250336249144422,3.34571415468857
6073012003,10.247941819301848,3.35271665982204
6073012101,10.203280635865845,3.348081342231348
6073012102,10.236183170431212,3.346812868583162
6073012200,10.2261152183436,3.358788274469541
6073012302,10.126091440793977,3.361702665982204
6073012303,10.17046890622861,3.35819209650924
6073012304,10.143856106091718,3.362771897330596
6073012401,10.153716893908282,3.348298386036961
6073012402,10.109379102669404,3.347673240246407
6073012501,10.04936868788501,3.348714741273101
6073012502,10.058680430527036,3.331614975359343
6073012600,9.991203650239562,3.349969778234086
6073012700,10.084275212867899,3.355492028747433
6073012800,10.105523342231348,3.360707058179329
6073012900,10.070815902806297,3.369194252566735
6073013000,10.043597290212183,3.365410618754278
6073013102,10.030184425735797,3.383481590006845
6073013103,9.960373360711841,3.374635
6073013104,10.001151464065708,3.380387640657084
6073013203,9.998830562628337,3.398205147843942
6073013204,9.976928966461328,3.411685199178645
6073013205,9.923998710472279,3.39556656605065
6073013206,9.960059926078029,3.397051950034223
6073013301,10.062472740588638,3.384546646817248
6073013302,10.039903461327858,3.398004629021218
6073013303,10.014267553730322,3.405534788501027
6073013306,10.031793475701574,3.425952280629706
6073013307,9.994785792607803,3.424256668720055
6073013308,9.983015299794661,3.432917232717317
6073013309,10.074471605065024,3.410286297741273
6073013310,10.045532750171116,3.43289395687885
6073013311,9.937456091033539,3.422764234770705
6073013312,10.04157398220397,3.440056005475702
6073013313,10.008599246406571,3.459704386036961
6073013314,9.876242471594798,3.446558976728268
6073013401,10.103824783709788,3.368157876112252
6073013409,10.110607414784394,3.39301882477755
6073013410,10.080115537303217,3.401419786447639
6073013411,10.143073151266256,3.398719828884326
6073013412,10.164067238877481,3.384413114989733
6073013414,10.083173657084189,3.420117151266256
6073013415,10.072469273100616,3.415981409993155
6073013416,10.079624796030116,3.416008749486653
6073013417,10.05191393155373,3.411400687200548
6073013418,10.020270998631075,3.418931508555784
6073013419,9.912881688569473,3.410518070499658
6073013420,10.110734226557153,3.406360678302532
6073013421,10.124085725530459,3.402208538672142
6073013503,10.087003298425736,3.373367722792608
6073013504,10.068909339493498,3.376104219712526
6073013505,9.997794010951403,3.364789420260096
6073013506,9.970221446269678,3.368039958247776
6073013601,10.073131517453799,3.374359633127994
6073013604,9.673500761122519,3.300487203285421
6073013605,9.903316481861738,3.336338556468172
6073013606,9.874068431895962,3.339997344284736
6073013701,10.144892661190965,3.376243571526352
6073013702,10.153842926762491,3.377362600273785
6073013801,10.211027094455852,3.388967977412731
6073013802,10.220638047912389,3.38420836550308
6073013903,10.126044171115674,3.38858546201232
6073013905,10.115975941820671,3.379100136892539
6073013906,10.195814439425051,3.382678258726899
6073013907,10.16004159137577,3.382953219028063
6073013908,10.162878916495551,3.384453353867214
6073013909,10.099319319644079,3.38354090349076
6073014001,10.248260541409993,3.383295360027378
6073014002,10.226725800136892,3.385296240246407
6073014101,10.255225371663244,3.380442018480493
6073014102,10.263582178644764,3.375996078028747
6073014200,10.284855919233402,3.378237685831622
6073014300,10.288643840520192,3.376312295003422
6073014400,10.277958226557153,3.38495041615332
6073014500,10.315275680355921,3.388471169746749
6073014601,10.282397585215606,3.394959900752909
6073014602,10.27283119301848,3.39192875633128
6073014700,10.311903427789186,3.39022236550308
6073014803,10.254090423682409,3.394923390143737
6073014804,10.27060059137577,3.397395130047912
6073014805,10.297553503080082,3.395362773442847
6073014806,10.291509967830253,3.396673440109514
6073014901,10.224646251882272,3.389092859000684
6073014902,10.226226362080767,3.389704112936345
6073015000,10.225585678986995,3.396304718001369
6073015100,10.156370658453114,3.392232638603696
6073015200,10.151513698151951,3.384106837097878
6073015301,9.962924867214237,3.340717984257358
6073015302,10.042079570841889,3.36189226899384
6073015403,9.920504388090349,3.334122266940452
6073015404,9.826936481861738,3.311257855578371
6073015405,9.655182437371663,3.288905917180014
6073015406,9.505236761122519,3.261152442847365
6073015501,9.144492219712526,3.19974102532512
6073015502,8.858195503080082,3.143167192334018
6073015601,9.717697556468172,3.292197518822724
6073015602,9.557699087611225,3.26637278439425
6073015701,9.82716756605065,3.30856884531143
6073015703,9.888370605065024,3.319592617385352
6073015704,9.81180080971937,3.303093136208077
6073015801,9.94393816495551,3.336608691991786
6073015802,9.957542212867899,3.342230505817933
6073015901,10.029116362765229,3.358616558521561
6073015902,10.03609020054757,3.360426771389459
6073016000,10.092366128678987,3.375229619438741
6073016100,10.113676708418891,3.3851793045859
6073016201,10.0715091724846,3.374309751540041
6073016202,9.956414287474333,3.351502543463381
6073016301,9.904368177960301,3.331240169746749
6073016302,9.818168048596852,3.311435391512663
6073016401,9.665404519507187,3.289139989048597
6073016402,9.556580822039699,3.264733997946612
6073016502,9.783005400410678,3.310088507186858
6073016503,9.839547124572211,3.327368856262834
6073016504,9.869766617385352,3.327243731690623
6073016605,10.091517604380561,3.381756112936345
6073016606,10.037109335386721,3.383557879534565
6073016607,9.743118943189596,3.328919348391513
6073016608,9.709867226557153,3.330656672826831
6073016609,9.78625519301848,3.3522785229295
6073016610,9.8374683908282,3.348816392881588
6073016612,9.892715803559206,3.365485405201916
6073016613,9.987544475017112,3.370768598220397
6073016614,9.935880744010951,3.359713524982888
6073016615,9.872531760438056,3.342315535934292
6073016616,10.002825333333333,3.368762014373717
6073016617,9.880752583162218,3.345178841204654
6073016701,9.736020897330596,3.313573381245722
6073016702,9.61092088843258,3.292307605749487
6073016802,8.836609156057495,3.142242003422314
6073016804,9.368573026009582,3.255241733059548
6073016806,9.623826697467488,3.283496221765914
6073016807,9.536180097878166,3.269929869267625
6073016809,9.358678432580424,3.234605574948665
6073016810,9.43716873853525,3.258961787132101
6073016811,9.320847004106776,3.23885190622861
6073016901,9.557706058863792,3.315596710472279
6073016902,8.748116967145791,3.144020885010267
6073017006,9.790116866529774,3.432565545516769
6073017009,9.790602872689938,3.417005163586584
6073017010,9.611971861054073,3.360292722792608
6073017014,9.843719709103354,3.44765077412731
6073017015,9.803963032854209,3.43741743394935
6073017018,9.999422773442847,3.470022410677618
6073017019,9.736113303901437,3.421485514031485
6073017020,9.540558288158795,3.367194715263518
6073017021,9.519564108145106,3.356348281314168
6073017022,10.085815274469541,3.446535031485284
6073017029,9.958849952087611,3.508882795345654
6073017030,9.932319051334702,3.483971344284736
6073017031,9.862825619438741,3.44929209650924
6073017032,9.935306582477755,3.473383284736482
6073017033,9.991636735112936,3.483644715947981
6073017034,9.954175924024641,3.467046495550992
6073017035,9.979460249828884,3.473781008213552
6073017036,10.014657165639973,3.482070432580424
6073017037,10.020460273785079,3.475580706365503
6073017039,9.975870391512663,3.454883865845311
6073017040,9.88128157357974,3.436501095824778
6073017041,9.849857285420945,3.427118219028063
6073017042,9.991566034907598,3.451069259411362
6073017043,10.033883169062286,3.45557727652293
6073017044,10.006373981519507,3.443934253251198
6073017045,9.982379066392882,3.432444558521561
6073017046,10.04242425119781,3.447548655030801
6073017047,10.024892342231348,3.432220237508556
6073017048,9.900024375085558,3.428927670773443
6073017049,9.831148258726899,3.40635011430527
6073017050,9.926270724161533,3.449188275154004
6073017051,9.883290449691992,3.45411695687885
6073017052,9.895869794661191,3.459077020533881
6073017053,9.75300541889117,3.415537956194387
6073017054,9.828623260780288,3.434604511293634
6073017055,9.918769302532512,3.452276580424367
6073017056,9.952227234086242,3.461776561259411
6073017104,9.822023928131417,3.527583302532512
6073017106,9.877880857631759,3.51656737303217
6073017107,9.797571524298426,3.532088736481862
6073017108,9.783786348391513,3.526953379876797
6073017109,9.853576174537988,3.539685948665298
6073017110,9.929666576317591,3.527758526351814
6073017200,9.668325969199179,3.470443828199863
6073017303,9.663201834360027,3.493175524298426
6073017304,9.67253807118412,3.487107832306639
6073017305,9.754732170431212,3.508529852156058
6073017306,9.787753643394935,3.506097765229295
6073017401,9.653185969199179,3.507783710472279
6073017403,9.758744002737851,3.522039203285421
6073017404,9.70632817522245,3.508982823408624
6073017501,9.61769590349076,3.505539941820671
6073017502,9.684721470225873,3.519088765913758
6073017601,9.715596106776181,3.533461490759754
6073017603,9.658549123887748,3.517403490075291
6073017604,9.727798778234086,3.529882379876797
6073017701,9.622124961670089,3.524135635181383
6073017702,9.618656029431896,3.515711034223135
6073017801,9.647629491444216,3.543173481861738
6073017808,9.7066978275154,3.536972880219028
6073017809,9.657285277207392,3.543340369609856
6073017810,9.665779665297741,3.546604998631075
6073017811,9.669951722792608,3.538187638603696
6073017813,9.595369165639973,3.528410288158795
6073017900,9.601283918548939,3.541998357289528
6073018000,9.576557934291581,3.537434345653662
6073018100,9.533884661875428,3.521009197125257
6073018200,9.49462832991102,3.507713422313484
6073018300,9.423091457221082,3.491487619438741
6073018400,9.453145551676934,3.498378668035592
6073018504,9.598332116358658,3.5334907816564
6073018507,9.674120637919233,3.53640812183436
6073018509,9.525321431895962,3.515301533880904
6073018510,9.57949899247091,3.520127791238878
6073018511,9.590726698151951,3.525432989048597
6073018512,9.651053510609172,3.535791567419576
6073018513,9.694382742642026,3.538954887063655
6073018514,9.710049741273101,3.543515267624914
6073018515,9.683684123203285,3.542265227926078
6073018516,9.733186371663244,3.547483879534565
6073018517,9.727394353182752,3.545736550308008
6073018518,9.752707981519507,3.552240699520876
6073018519,9.767765683093771,3.553271744010951
6073018601,9.519433757015743,3.509836395619439
6073018603,9.51740637303217,3.509354603011636
6073018608,9.629058462696783,3.529638572895277
6073018609,9.64974427926078,3.531418642710472
6073018610,9.678438980150582,3.536038140314853
6073018611,9.699580457221082,3.524910507186858
6073018612,9.71137044421629,3.53350594934976
6073018613,9.613542114989733,3.527923022587269
6073018614,9.62035415468857,3.529558336755647
6073018700,9.470389410677618,3.530720596851472
6073018801,9.619794841889117,3.482214631074606
6073018802,9.554374399726215,3.447728708418891
6073018803,9.595590331964408,3.453518570841889
6073018903,9.671421637919233,3.50923757357974
6073018904,9.651937550308008,3.500710280629706
6073018905,9.645123952087611,3.501713603011636
6073018906,9.637145945242984,3.499478087611225
6073019001,9.7616893908282,3.570807546201232
6073019002,9.357475984941821,3.359402293634497
6073019101,8.694491227926078,3.177425032854209
6073019103,9.176091424366872,3.302293363449692
6073019105,9.391040041752224,3.358477150581793
6073019106,8.760365417522245,3.199053776180698
6073019107,8.45536426146475,3.131021158795346
6073019203,9.738259472963724,3.519619692676249
6073019205,9.771344606433949,3.525716342231348
6073019206,9.793409075975359,3.536810959616701
6073019207,9.726792067761807,3.494371618754278
6073019208,9.701332260095825,3.465699393566051
6073019301,9.741280923340178,3.537413429158111
6073019302,9.756081845995893,3.543748585900068
6073019303,9.741247519507187,3.532650648870637
6073019403,9.774889447638604,3.545358349075975
6073019404,9.784166457905544,3.541839284052019
6073019405,9.779447093086927,3.547284876796715
6073019406,9.795553947980835,3.550662830937714
6073019501,9.794006765913758,3.543178872005476
6073019502,9.802662772073922,3.544228353867214
6073019503,9.814022789185489,3.5467741321013
6073019601,9.806937319644079,3.533876460643395
6073019602,9.83638727926078,3.535486454483231
6073019701,9.809090952772074,3.554239822724162
6073019702,9.846199171115674,3.555553117043121
6073019803,9.718172659137577,3.55029984531143
6073019804,9.708053937713895,3.543688570841889
6073019805,9.764650546201232,3.550680318275154
6073019806,9.815218733744011,3.559142333333333
6073019808,9.824927120465435,3.554520175906913
6073019809,9.810849689938398,3.555461646817248
6073019902,9.862216138261465,3.542034514715948
6073019903,9.838958110198494,3.518843544147844
6073019904,9.86255281724846,3.553921475701574
6073019905,9.861647366872006,3.549300978097194
6073020013,9.831750544832307,3.549030222450376
6073020014,9.836867900068446,3.54845741615332
6073020015,9.843038222450376,3.541453839835729
6073020016,9.806352206023272,3.533672726899384
6073020017,9.869250100616016,3.540902199178645
6073020018,9.868785517453799,3.533478391512663
6073020019,9.87019466255989,3.539243100616016
6073020020,9.824682049281314,3.49347853798768
6073020021,9.85747462422998,3.506178235455168
6073020022,9.789450971937029,3.470565169062286
6073020023,9.810593075290897,3.465621930869268
6073020024,9.767139205338809,3.43704768788501
6073020025,9.79993364202601,3.447232255989049
6073020026,9.874240195071869,3.5139219137577
6073020027,9.895885151266256,3.523607778918549
6073020028,9.852426235455168,3.493502865160849
6073020029,9.870251726899384,3.519226349760438
6073020103,9.353837088980151,3.319987067077344
6073020105,9.636025177960301,3.392215775496236
6073020106,9.640857955509925,3.382066628336756
6073020107,9.584084748117728,3.360600762491444
6073020108,9.691183319644079,3.382019474332649
6073020109,9.590143531143053,3.357873906913073
6073020202,9.658520320328542,3.366395184804928
6073020206,9.548050924024641,3.348723668035592
6073020207,9.55225858110883,3.344817145790554
6073020208,9.49704422587269,3.338365282683094
6073020209,9.498835971937029,3.339404229295003
6073020210,9.43099098220397,3.324296898015058
6073020211,9.613059792607803,3.359024553045859
6073020213,9.688987800136892,3.37543793155373
6073020214,9.72617172073922,3.387648185489391
6073020304,9.708167541409993,3.435109146475017
6073020305,9.704390865845311,3.411460672826831
6073020306,9.903141622861054,3.48870714715948
6073020307,9.895640485968515,3.471801158795346
6073020308,9.720387902806297,3.400298721423682
6073020309,9.747950320328542,3.419063627652293
6073020401,9.853144242984257,3.446575027378508
6073020403,9.794993364818617,3.421417117043121
6073020404,9.8476565229295,3.445989242984257
6073020405,9.814991578370979,3.431344359342916
6073020500,9.785104370294319,3.416095659137577
6073020601,9.736124131416838,3.393666331279945
6073020602,9.687206843258042,3.377347775496236
6073020705,9.616662456536619,3.360387773442847
6073020706,9.569678719370294,3.362188833675565
6073020707,9.731994835728953,3.398412100616016
6073020708,9.728826481177276,3.411233229979466
6073020709,8.998931381245722,3.23809616495551
6073020710,9.477039746748802,3.347469954825462
6073020801,9.075601503764545,3.250974030800821
6073020805,8.825941568788501,3.203674211498973
6073020806,8.701994018480493,3.178150460643395
6073020807,8.201905463381246,3.075123612594114
6073020809,8.554708001368925,3.142948527720739
6073020810,8.15722990622861,3.052408409993155
6073020811,8.124801087611225,3.038005065023956
6073020902,7.243925036276523,2.823085528405202
6073020903,7.482777483230664,2.949044792607803
6073020904,7.347782411362081,2.885517528405202
6073021000,6.637871388774812,2.799611563997262
6073021100,6.718063817932923,2.701449661190965
6073021202,7.4330073908282,2.844636184804928
6073021204,8.3009291321013,3.025526855578371
6073021205,8.366379032169747,3.028005273785079
6073021206,8.123075789185489,2.983380531827515
6073021302,8.659309941820671,3.1778463908282
6073021303,9.564365013689254,3.304920813141684
6073021304,9.325728099247091,3.291963359342916
6073021400,9.752189438056126,3.277706194387406
6073021500,9.936178223134839,3.489003305270363
6073021600,9.903285639288159,3.256454382614648
6073021800,9.840318700889802,3.227778118412046
6073021900,10.126226546201232,3.309514110882957
6073022000,10.240515105407255,3.333445976043806
6073022100,9.72412326146475,3.545293019164956
6075010100,9.490375893908282,3.746608990417522
6075010200,9.398639826146475,3.724550177960301
6075010300,9.442640520876112,3.739021612594114
6075010400,9.506867229295003,3.75189513963039
6075010500,9.566619140314853,3.766101453114305
6075010600,9.503987263518138,3.752195574264203
6075010700,9.471670162902122,3.739076641341547
6075010800,9.433466814510609,3.728437075975359
6075010900,9.389275546885695,3.721498003422314
6075011000,9.387984158795346,3.717657733059548
6075011100,9.373913073237509,3.711170387405886
6075011200,9.430329963723477,3.731076403148528
6075011300,9.459286188911704,3.731539887748118
6075011700,9.489844127310062,3.741771270362765
6075011800,9.493004148528405,3.741749676249144
6075011901,9.430985210130048,3.725084639972622
6075011902,9.463631341546886,3.736800189596167
6075012000,9.383105428473648,3.707971206707734
6075012100,9.434069618754278,3.725922120465435
6075012201,9.386727089664613,3.706951305954826
6075012202,9.364466437371663,3.711080975359343
6075012301,9.425122927446954,3.718792871321013
6075012302,9.421670219712526,3.717360605749487
6075012401,9.38061042642026,3.713968505817933
6075012402,9.355873866529774,3.702559628336756
6075012501,9.410617940451745,3.715466197125257
6075012502,9.405131957563313,3.715943250513347
6075012601,9.252010767282683,3.687454175906913
6075012602,9.307883916495551,3.70405136550308
6075012700,9.202090975359343,3.674535534565366
6075012800,9.218784004791239,3.679288098562628
6075012901,9.346187281998631,3.708247093086927
6075012902,9.306302734428474,3.70451761670089
6075013000,9.304208441478439,3.699721279945243
6075013101,9.344541156057495,3.708304687200548
6075013102,9.314656231348392,3.6991653908282
6075013200,9.23424617522245,3.680983889801506
6075013300,9.118063518138262,3.654724600958248
6075013400,9.204568954140999,3.674825661875428
6075013500,9.272008976728268,3.690092684462697
6075015100,9.331103607118412,3.69941568514716
6075015200,9.282387154004107,3.690411948665298
6075015300,9.204079438740589,3.672273924709103
6075015400,9.113034851471595,3.655080500342231
6075015500,9.24563206091718,3.683942331279945
6075015600,9.057983884325804,3.642373186173854
6075015700,9.119212161533196,3.657770887748118
6075015801,9.211517374401095,3.681292585900068
6075015802,9.205368210130048,3.671878425735797
6075015900,9.272935872005476,3.689496655715264
6075016000,9.336836212183436,3.70068428678987
6075016100,9.284895953456537,3.690553874058864
6075016200,9.31551667008898,3.69649053798768
6075016300,9.264079297741273,3.68495053045859
6075016400,9.206302413415469,3.668219920602327
6075016500,9.108728197809719,3.648129265571526
6075016600,9.124062549623546,3.65406549486653
6075016700,9.190231094455852,3.670346048596852
6075016801,9.249666610540726,3.677349173853525
6075016802,9.287506002737851,3.686968586584531
6075016900,9.214608399041752,3.672947646817248
6075017000,9.155333644079398,3.652540698836413
6075017101,9.096312914442163,3.647977912388775
6075017102,9.066962950034223,3.642774580424367
6075017601,9.397524900752909,3.708629649555099
6075017700,9.338660706365503,3.690141557152635
6075017801,9.459242876112252,3.723368651608487
6075017802,9.398540565366188,3.708769131416838
6075017902,9.755805440109514,3.801604282683094
6075018000,9.42334463449692,3.723500283367556
6075020100,9.297103507186858,3.680791925393566
6075020200,9.269511559206023,3.684686622861054
6075020300,9.227254837097878,3.673147620123203
6075020401,9.096586274469541,3.650937176591376
6075020402,9.061846800821355,3.638102713894593
6075020500,9.134085012320328,3.64836609650924
6075020600,9.182854875427789,3.668567405201916
6075020700,9.235092651608487,3.666830464065708
6075020800,9.268110263518138,3.674555314168378
6075020900,9.222832148528405,3.672234603696099
6075021000,9.197633706365503,3.663532060232717
6075021100,9.165742519507187,3.662385682409309
6075021200,9.105399704996578,3.644298203969884
6075021300,9.092730483230664,3.649597282683094
6075021400,9.147215019849418,3.64899409650924
6075021500,9.150695006160164,3.653901998631075
6075021600,9.07801390349076,3.639456498288843
6075021700,9.056428403148528,3.639656989048597
6075021800,9.112853603011636,3.65269401026694
6075022600,9.456642480492813,3.714066840520192
6075022702,9.426505409993155,3.706793610540726
6075022704,9.381808702258727,3.697885798083504
6075022801,9.312419592744695,3.68536735523614
6075022802,9.365454557152635,3.696391028747433
6075022803,9.295945126625599,3.678428906913073
6075022901,9.249610667351129,3.676508433264887
6075022902,9.314653660506502,3.68851092128679
6075022903,9.338762901437372,3.689948850787132
6075023001,9.283055971937029,3.686963224503764
6075023003,9.312546724845996,3.693371504449008
6075023102,9.377197567419576,3.705594575633128
6075023103,9.44535909650924,3.730487893223819
6075023200,9.3452256954141,3.70375448733744
6075023300,9.26323407871321,3.685318663928816
6075023400,9.302099201232033,3.695893468172485
6075025100,9.279867750855578,3.682721501711157
6075025200,9.240199125256674,3.671764401779603
6075025300,9.18656916495551,3.664716390143737
6075025401,9.162470145790554,3.655009018480493
6075025402,9.229753181382615,3.673170925393566
6075025403,9.167721999315537,3.656703654346338
6075025500,9.027806617385352,3.6363104770705
6075025600,9.144262108145106,3.663922262149213
6075025701,9.216860620807666,3.67235899247091
6075025702,9.242801234770705,3.684079126625599
6075025800,9.230964935660506,3.676731154004107
6075025900,9.184755984257358,3.671745694729637
6075026001,9.041132386721424,3.638199446269678
6075026002,9.108284631759069,3.650736624914442
6075026003,9.068002610540726,3.643074583162218
6075026004,8.993277524298426,3.626163130047912
6075026100,8.951339321013005,3.615168626283368
6075026200,8.841250228610541,3.598141472279261
6075026301,8.940197852156058,3.62190541889117
6075026302,8.992231783025325,3.626391621492129
6075026303,8.891503999315537,3.606315125941136
6075026401,9.130453148528405,3.66756359137577
6075026402,9.19357064202601,3.67171668514716
6075026403,9.148561556468172,3.66411476386037
6075026404,9.085486201232033,3.652090043805613
6075030101,8.997965136208077,3.62725364476386
6075030102,9.003160342915811,3.630817514031485
6075030201,8.896713871321013,3.608219236824093
6075030202,8.937648316906229,3.610480542094456
6075030301,8.907306795345654,3.606323529774127
6075030302,8.873457310061602,3.600530823408624
6075030400,8.882046488706366,3.599025848049281
6075030500,9.005875358658453,3.623107887063655
6075030600,8.952611339493498,3.621078668720055
6075030700,8.972050505817933,3.621539021902806
6075030800,8.867763759753593,3.600528386036961
6075030900,8.820455349760438,3.588576268309377
6075031000,8.895491252566735,3.605887069130732
6075031100,8.974944249828884,3.620654043805613
6075031201,8.868501160164271,3.604373535249829
6075031202,8.890735757700205,3.605480188227242
6075031301,8.77719606091718,3.57696027652293
6075031302,8.763812746748802,3.578558014373717
6075031400,8.846394679671458,3.603456246406571
6075032601,8.820043145790554,3.595639051334702
6075032602,8.801842005475702,3.584777293634497
6075032700,8.741238807665982,3.575584130732375
6075032801,8.779763255304586,3.576425689253936
6075032802,8.787339794661191,3.582427744695414
6075032901,8.698428039014374,3.567200645448323
6075032902,8.718180674880219,3.57366845174538
6075033000,8.704551481177276,3.566134429842574
6075033100,8.667982780287474,3.555612046543463
6075033201,8.704220585900068,3.572378754962355
6075033203,8.6859449137577,3.563346056810404
6075033204,8.684309693360712,3.56761264476386
6075035100,8.667184620123203,3.55677822587269
6075035201,8.601433809034908,3.546236834360027
6075035202,8.630627994524298,3.55045477412731
6075035300,8.63763265229295,3.557303509924709
6075035400,8.588013281998631,3.543683279945243
6075040100,9.035325788501027,3.632821694729637
6075040200,8.98446165982204,3.624992263518138
6075042601,8.894490543463381,3.608001847364819
6075042602,8.937817921971253,3.614697572210814
6075042700,8.824106179329227,3.586349034907598
6075042800,8.84230946954141,3.599482052703628
6075045100,9.022362333333333,3.631628190965092
6075045200,8.975534386036961,3.627041636550308
6075047600,8.918778863791923,3.613861344284736
6075047701,8.830700847364819,3.593554969199179
6075047702,8.824990020533881,3.588506368925394
6075047801,8.771766486652977,3.579748856947296
6075047802,8.747005620123203,3.57475009650924
6075047901,8.674010557837098,3.561235260780288
6075047902,8.698356335386721,3.563384915811088
6075060100,9.030955034223135,3.640869556468172
6075060400,8.585119030800821,3.539880923340178
6075060502,9.06241784531143,3.644300843942505
6075060700,9.476692648870637,3.717646598220397
6075061000,9.261717933607118,3.689699565366188
6075061100,9.516482945242984,3.748349456536619
6075061200,9.35712831211499,3.705180067761807
6075061400,9.389338058863792,3.701574054757016
6075061500,9.524266728268309,3.747734545516769
6075980200,8.739246307323751,3.571504049965777
6075980300,8.82741926899384,3.594920468856947
6075980401,6.688900098562628,3.199003630390144
6075980501,9.115308597535934,3.649223680355921
6075980600,9.430944594113621,3.731201767967146
6075980900,9.403405480492813,3.711936953456537
6077000100,10.47037835523614,4.135041149212868
6077000300,10.460892216974675,4.132335876796715
6077000401,10.447557642710472,4.130237709103354
6077000402,10.448875013004791,4.123528925393566
6077000500,10.455299360711841,4.128147168377823
6077000600,10.468565184804928,4.12197705065024
6077000700,10.468644479123888,4.127392119096509
6077000801,10.427016138945927,4.124516346338125
6077000900,10.411040048596852,4.125789843942505
6077001000,10.366411288843258,4.116773990417522
6077001101,10.398826568788501,4.120569648186174
6077001102,10.401350749486653,4.121827611225188
6077001200,10.435629859685147,4.137250370294319
6077001300,10.433534783709788,4.125867771389459
6077001400,10.425197465434634,4.129293057494866
6077001500,10.42325026899384,4.124484006844627
6077001600,10.443943195756331,4.116345646132786
6077001700,10.414668987679672,4.112281769336071
6077001800,10.428322698151951,4.121451646817248
6077001900,10.452864409308693,4.124218928131417
6077002000,10.43345993155373,4.12365051266256
6077002100,10.443436715947981,4.129956465434634
6077002201,10.44948902532512,4.125342765913758
6077002202,10.441713437371663,4.124129008213552
6077002300,10.446721872689938,4.128480841204654
6077002401,10.448886654346338,4.134097178644764
6077002402,10.43008106844627,4.123348075290897
6077002503,10.408301894592745,4.11964983504449
6077002504,10.413708579739904,4.122903192334018
6077002701,10.413198943189596,4.124407227241615
6077002702,10.389014753593429,4.128944919233402
6077002800,10.428013105407255,4.125433783709788
6077003106,10.355896913073238,4.115971376454483
6077003108,10.351367947980835,4.118789413415469
6077003109,10.371803206707734,4.128922179329227
6077003110,10.388518672826831,4.127075100616016
6077003111,10.399450957563313,4.131658160164271
6077003112,10.375380696783025,4.124761151266256
6077003113,10.40252588843258,4.120357
6077003114,10.34729631211499,4.117873984257358
6077003203,10.375085489390828,4.13014476386037
6077003205,10.382941008898015,4.136529057494866
6077003208,10.372310039698836,4.128670316906229
6077003209,10.373939547570157,4.132098184804928
6077003210,10.376627694729637,4.137197199863108
6077003213,10.361906929500342,4.125564503080082
6077003214,10.356179822724162,4.12882472347707
6077003215,10.314603153319644,4.115418422313484
6077003216,10.365851151266256,4.128467110198494
6077003217,10.358035024640657,4.123267526351814
6077003305,10.406856540041068,4.136177465434634
6077003306,10.39493959137577,4.131822985626283
6077003307,10.390463079397673,4.132209737850787
6077003308,10.410143075290897,4.129630154004107
6077003310,10.387141107460643,4.142386351813826
6077003311,10.378528511978097,4.133716488706366
6077003312,10.412664480492813,4.1259314770705
6077003313,10.412637140314853,4.129747828884326
6077003403,10.376029611909651,4.135069856947296
6077003404,10.365116708418891,4.134577846680356
6077003405,10.370258370294319,4.131432268309377
6077003406,10.387732556468172,4.136571177275838
6077003407,10.398473739904175,4.12886240862423
6077003409,10.407824924024641,4.134043518822724
6077003410,10.38599767008898,4.126393979466119
6077003500,10.31009389596167,4.113093980150582
6077003601,10.33995727926078,4.121680914442163
6077003602,10.159395056810404,4.078734273100616
6077003700,10.34631938329911,4.130646748117728
6077003801,10.367241605749487,4.103281113620808
6077003802,10.381589341546886,4.115562485968515
6077003803,10.381852743326489,4.113463916495551
6077003900,9.961689843258042,3.979865396988364
6077004001,10.079539605065024,4.016207593429158
6077004002,10.297920362080767,4.110313407255305
6077004102,10.257571476386037,4.096157445585216
6077004104,10.222706420944558,4.079907190965092
6077004105,10.1888758678987,4.059667219712526
6077004106,10.231439587953456,4.08089543394935
6077004201,10.198391060232717,4.069331551676934
6077004202,10.17965946954141,4.059984221765914
6077004203,10.165732193702943,4.05831831211499
6077004204,10.175411713894593,4.071513862422998
6077004302,10.199979900068446,4.0822055229295
6077004303,10.215061674195756,4.083895780971937
6077004305,10.238707260780288,4.091300807665982
6077004307,10.222799937713895,4.086621718685832
6077004308,10.215985130047912,4.082273963723477
6077004402,10.190372279945243,4.075078961670089
6077004403,10.177520357289528,4.074012712525667
6077004404,10.136174447638604,4.053060171800137
6077004501,10.120006926762491,4.047491897330596
6077004502,10.139253455167693,4.050314036960986
6077004600,10.056135770704997,4.004560711841205
6077004701,9.707095987679672,3.911227927446954
6077004703,9.367045572895277,3.761254638603696
6077004704,9.45658280698152,3.840482958247776
6077004800,9.661612700889802,3.940657475017112
6077004901,10.198943718001369,4.134212780971937
6077004902,10.147946166324435,4.117559678302532
6077005001,10.376253054072553,4.157636914442163
6077005003,10.395449937029432,4.168624958247776
6077005004,10.273170854209446,4.113303040383299
6077005106,9.968521707049966,3.991837136892539
6077005108,10.251800521560575,4.069379326488706
6077005109,10.273724225188227,4.08167201026694
6077005110,10.289910201916496,4.093596047912389
6077005113,10.315350880219028,4.105456091718001
6077005114,10.189641905544148,4.047209767967146
6077005119,10.192149483230664,4.044163391512663
6077005122,10.059528894592745,3.988978524982888
6077005123,10.214958242984257,4.047481532511978
6077005124,10.242888719370294,4.060005189596167
6077005125,10.298727008898015,4.08190912936345
6077005126,10.30990196440794,4.093101392881588
6077005127,10.235144483915127,4.069046808350445
6077005129,10.14480095687885,4.023588513347023
6077005130,10.183865548939083,4.037126882956879
6077005131,10.383366672142368,4.14152584531143
6077005132,10.209685825462012,4.047239514715948
6077005133,10.202877003422314,4.051279024640657
6077005134,10.274639416837782,4.076782414784394
6077005135,10.365795804243669,4.116213830937714
6077005202,9.543644918548939,3.832933663928816
6077005206,9.120913977412731,3.665899813141684
6077005207,8.709135329226557,3.51874962422998
6077005208,8.934978115674196,3.611164366872006
6077005209,8.855316258726899,3.592231151266256
6077005210,8.792308165639973,3.566050596167009
6077005302,9.217084637919233,3.717531643394935
6077005303,9.134549188227242,3.685887744695414
6077005305,9.185729832306639,3.703298841204654
6077005307,9.111875752908966,3.676882167693361
6077005308,9.066720195071869,3.663093156057495
6077005403,8.987356595482546,3.6313276091718
6077005405,9.074578900752909,3.670122978781656
6077005406,9.040069904859685,3.649900509240246
6077005501,9.385242320328542,3.789136351129363
6077005502,8.039064995893224,3.295888933607118
6079010002,7.190415889801506,3.297656166324435
6079010016,7.691828639972622,3.44729107871321
6079010101,7.878236381930185,3.504340098562628
6079010102,7.958220889117043,3.52869648733744
6079010201,8.033696715947981,3.556577769336071
6079010202,8.123611350444901,3.576909292950034
6079010204,8.035772967145791,3.552593628336756
6079010205,8.028957003422314,3.551207429158111
6079010300,8.542386668035592,3.758740416837782
6079010403,7.159990210130048,3.328890013004791
6079010404,7.081236811772758,3.297912149212868
6079010503,7.681072872689938,3.446492864476386
6079010504,7.616170625598905,3.441240833675565
6079010602,7.734286673511294,3.45364994661191
6079010603,7.728159295687885,3.44895247980835
6079010701,7.732971574948665,3.451877724845996
6079010703,7.744217624914442,3.448492374401095
6079010707,7.696217924024641,3.449330919917864
6079010901,7.92597125119781,3.449274308692676
6079010902,7.938503561943874,3.454753810403833
6079011001,7.971048993839836,3.457522719370294
6079011002,7.956013229979466,3.448333631074606
6079011101,7.949174902121834,3.448847087611225
6079011102,7.954878746748802,3.445865308692676
6079011103,7.954106798767967,3.442250031485284
6079011200,7.917879987679672,3.450148313483915
6079011300,7.921344529089665,3.440649821355236
6079011400,7.884462167693361,3.451915323750856
6079011501,7.95277127926078,3.451362572210814
6079011503,8.001765528405202,3.462081097878166
6079011504,7.990648835728953,3.473051048596852
6079011600,7.899309273785079,3.47207592881588
6079011701,8.145251415468857,3.533049775496236
6079011704,8.107276249828884,3.529057603696099
6079011800,8.238583569472964,3.550722543463381
6079011901,8.282289091033539,3.562813250513347
6079011902,8.244798492128679,3.555456351129363
6079012000,8.231737683778234,3.54991333744011
6079012102,8.21581873853525,3.552900455852156
6079012200,8.25664937303217,3.564628610540726
6079012302,8.129936753593429,3.531586230663929
6079012304,8.411866531827515,3.569573986995209
6079012401,8.337505908281999,3.560512996577686
6079012402,8.366870707049966,3.564825522245038
6079012502,7.994779212867899,3.483016716632444
6079012503,7.996273683778234,3.479247455852156
6079012505,7.974689545516769,3.48339554825462
6079012600,7.95907270294319,3.464218260095825
6079012702,8.696420652977413,3.766835036960986
6079012704,7.841298742642026,3.465060848049281
6079012800,8.009527851471595,3.48757235523614
6079012900,8.119296381245722,3.541691120465435
6079013000,7.301332611225188,3.355512021218344
6081600100,9.012331040383299,3.641655567419576
6081600200,9.064948790554415,3.647422034223135
6081600300,8.952318148528405,3.625383958247776
6081600401,8.887121107460643,3.606202924024641
6081600402,8.814641627652293,3.587616815879535
6081600500,8.744190716632444,3.574434125256674
6081600600,8.690254021218344,3.564360049281314
6081600700,8.737192841889117,3.57161183504449
6081600800,8.606886034907598,3.547299458590007
6081600900,8.572467202600958,3.54444573853525
6081601000,8.443798538672142,3.512918871321013
6081601100,8.527805950034223,3.53195716495551
6081601200,8.596935283367556,3.543805288843258
6081601300,8.663800757700205,3.561423552361396
6081601400,8.555239658453114,3.540007737166324
6081601501,8.469701610540726,3.519227119780972
6081601502,8.498571863107461,3.525549191649555
6081601601,8.73010010403833,3.574705154004107
6081601603,8.529915112251882,3.532475107460643
6081601604,8.566300798083504,3.539344810403833
6081601605,8.482148374401095,3.514975290212183
6081601700,8.605410213552361,3.545005216974675
6081601800,8.632955375085558,3.547593846680356
6081601901,8.753915136892539,3.577902479123888
6081601902,8.71016847980835,3.564260472279261
6081602000,8.86965559890486,3.606465375085558
6081602100,8.914093672826831,3.612251145790554
6081602200,8.82204600752909,3.592690611909651
6081602300,8.888705385352498,3.603302958932238
6081602400,8.643915403148528,3.546123076659822
6081602500,8.504861739219712,3.517300887748118
6081602600,8.480280146475017,3.517911653661875
6081602700,8.407377568104038,3.499851621492129
6081602800,8.409767169062286,3.502306497604381
6081602900,8.339737535249829,3.491074326488706
6081603000,8.308140828884326,3.474467856947296
6081603100,8.220088497604381,3.449209201232033
6081603200,7.945057830253251,3.389302791238878
6081603300,8.006573378507871,3.396540332648871
6081603400,8.206801454483231,3.445382245722108
6081603700,8.477121997262149,3.504236029431896
6081603801,8.561043621492129,3.530520713894593
6081603802,8.50143811156742,3.50928756605065
6081603900,8.587742623545517,3.527328091718001
6081604000,8.621395605749487,3.541488529089665
6081604101,8.691917991786448,3.555778772073922
6081604102,8.651013744010951,3.543869709103354
6081604200,8.73379652019165,3.568855118412046
6081604400,8.676314846680356,3.5402325229295
6081604500,8.5704342183436,3.516533070499658
6081604600,8.496157039014374,3.5044258275154
6081604700,8.519209928131417,3.508723453798768
6081604800,8.607064353867214,3.527895899383984
6081604900,8.544917904859685,3.507718993155373
6081605000,8.542809513347023,3.508084996577686
6081605100,8.725105993839836,3.551834065708419
6081605200,8.627275355920602,3.524588839151266
6081605300,8.7031051321013,3.543903945242984
6081605400,8.823291541409993,3.572026397672827
6081605500,8.743893706365503,3.547966180013689
6081605600,8.556229371663244,3.498465611225188
6081605700,8.51252274606434,3.476624612594114
6081605800,8.695868759069131,3.526863481861738
6081605900,8.785333929500342,3.550287648186174
6081606000,8.853287312799452,3.575261473648186
6081606100,8.950483847364819,3.596649188911704
6081606200,8.848130434633812,3.564483353182752
6081606300,8.802516299110198,3.549432431895962
6081606400,8.737478078028747,3.534768785078713
6081606500,8.648353762491444,3.509590558521561
6081606600,8.726257572210814,3.523410323750856
6081606700,8.617500173853525,3.490196095824778
6081606800,8.458549718001369,3.452777310061602
6081606900,8.357847080082136,3.423742423682409
6081607000,8.498808641341547,3.456629722792608
6081607100,8.610071396303901,3.474475856947296
6081607200,8.675149631074606,3.491857631759069
6081607300,8.627439633127994,3.486201818617385
6081607400,8.691154968514716,3.50497368514716
6081607500,8.756322452429843,3.517716966461328
6081607600,8.805538581793292,3.543376249144422
6081607701,8.903375741273101,3.575847473648186
6081607702,8.864209230663929,3.557492637234771
6081607800,8.865734592744695,3.552419097193703
6081607900,8.899426091718001,3.559935315537303
6081608001,8.969046029431896,3.550060752908966
6081608002,8.904565956194387,3.544033412731006
6081608004,8.930713176591376,3.56134311430527
6081608013,8.880168579055442,3.531864158110883
6081608023,8.834593263518138,3.523695646817248
6081608100,9.016567622176591,3.573697528405202
6081608200,9.052998090349076,3.586348642710472
6081608300,9.021839254620123,3.572616742642026
6081608400,8.804254267624914,3.521147492128679
6081608501,8.734606055441478,3.503012334702259
6081608502,8.722386296372348,3.491462611909651
6081608600,8.722693245722108,3.493351785078713
6081608700,8.623309374401095,3.467258776865161
6081608800,8.48622173853525,3.440551568788501
6081608900,8.398504679671458,3.412242442162902
6081609000,8.612484972621492,3.460329045174538
6081609100,8.690364438056126,3.457873746748802
6081609201,8.608747904175222,3.441554631759069
6081609202,8.639857001368925,3.455610757700205
6081609300,8.573385841204654,3.413818149212868
6081609400,8.554698667351129,3.424732388774812
6081609500,8.570845846680356,3.439848418206708
6081609601,8.470163898699521,3.418348059548255
6081609602,8.444887115674196,3.401278917180014
6081609603,8.370435010951403,3.38154346954141
6081609700,8.287928438740589,3.356511379192334
6081609800,8.410823915126626,3.369554446954141
6081609900,8.501300603696099,3.392317876796715
6081610000,8.557323523613963,3.399593301163587
6081610100,8.632445168377823,3.423986012320328
6081610201,8.656124696783025,3.407675607118412
6081610202,8.657768040383299,3.425391268309377
6081610203,8.590696956194387,3.396998916495551
6081610302,8.881306416837782,3.491507764544832
6081610303,8.975610995208761,3.546175852156058
6081610304,8.808757980835044,3.503760063655031
6081610400,8.766192395619439,3.424925376454483
6081610500,8.673509956194387,3.397307809034908
6081610601,8.608943457221082,3.387994856262834
6081610602,8.674764849418207,3.405330694045174
6081610700,8.55140378439425,3.382942536618754
6081610800,8.520496971252567,3.376664262833676
6081610900,8.538651828199863,3.388091436002738
6081611000,8.458113374401095,3.367961746748802
6081611100,8.318218477754962,3.343857158795346
6081611200,8.373548817932923,3.348762474332649
6081611300,8.424174000684463,3.355206168377823
6081611400,8.4522675633128,3.360637516769336
6081611500,8.695623526351814,3.409836856262834
6081611600,8.81008254072553,3.439514031485284
6081611700,8.934733761806982,3.480662865160849
6081611800,8.975323389459274,3.492864143737166
6081611900,8.909130216974675,3.466715113620808
6081612000,8.871783770704997,3.456067752908966
6081612100,8.832288603011636,3.452043271047228
6081612500,8.660104821355236,3.404773041067762
6081612600,8.600347307323751,3.384802249144422
6081612700,8.540523388090349,3.367556016427105
6081612800,8.473541644079398,3.355571179329227
6081612900,8.37819382477755,3.336197190965092
6081613000,8.297020904859685,3.315626644079398
6081613200,7.954097646817248,3.231895569472964
6081613300,8.216763631759069,3.311299366187543
6081613400,7.956858093086927,3.260003603696099
6081613501,8.090135462696783,3.389432597535934
6081613502,7.77512144421629,3.325437721423682
6081613600,7.759256996577686,3.334097880903491
6081613700,7.784165288843258,3.273110217659138
6081613800,7.210817335386721,3.071610943189596
6081613900,8.770263741957563,3.428096328542094
6081614000,8.389901293634497,3.487410241615332
6081984300,8.842268647501711,3.583197806297057
6081990100,8.992633316221766,3.495805303901437
6083000101,7.904192668035592,3.283294474332649
6083000102,7.924653635181383,3.277536736481862
6083000103,7.81360832238193,3.254969543463381
6083000200,7.950353212867899,3.283707057494866
6083000301,7.971064985626283,3.280635452429843
6083000302,7.963419764544832,3.278724084188912
6083000400,7.951366067761807,3.271220103353867
6083000501,7.862911390143737,3.242770121149897
6083000502,7.934606039698836,3.275595536618754
6083000600,7.939602028747433,3.253462303901437
6083000700,7.853303092402464,3.228864351129363
6083000801,7.954947277207392,3.26015538329911
6083000804,7.968745639972622,3.272074882272416
6083000900,7.969620351129363,3.27193103559206
6083001000,7.978583933607118,3.275821476386037
6083001101,7.976222008898015,3.28293650513347
6083001102,7.986099440109514,3.28746359890486
6083001203,7.995570180013689,3.296879203285421
6083001206,7.993182632443532,3.287676189596167
6083001208,8.005614002053388,3.304312106091718
6083001304,7.982773323066393,3.29769166255989
6083001306,7.971818372347707,3.299961099247091
6083001402,7.933637235455168,3.252069119096509
6083001500,7.828839673511294,3.217657878850103
6083001601,7.919943836413416,3.234367711841205
6083001604,7.94762909377139,3.252357743326489
6083001704,7.953863306639288,3.23968323340178
6083001706,7.77598370568104,3.181068013004791
6083001800,7.613725854209446,3.281101722792608
6083001901,7.709563830253251,3.408663385352498
6083001903,7.632311995208761,3.393336094455852
6083001905,7.532707077344285,3.309645980835044
6083001906,7.588402778234086,3.323762568104038
6083002005,8.121608612594114,3.543009754962355
6083002006,8.055974771389459,3.507719513347023
6083002007,8.196048783025325,3.533426132785763
6083002008,8.182759114989733,3.543480856262834
6083002009,8.158385377138946,3.54243844421629
6083002010,8.1524621321013,3.542763125256674
6083002011,8.198782046543463,3.536618428473648
6083002012,8.149331451060917,3.542570006844627
6083002013,8.162407165639973,3.547235620807666
6083002101,8.233555669404518,3.522378570157426
6083002102,8.226779056125941,3.521029353867214
6083002103,8.216123262833676,3.522067546201232
6083002205,8.258117816563997,3.525994067761807
6083002206,8.245114442847365,3.521366255304586
6083002209,8.277458159479808,3.534705262149213
6083002210,8.257488150581793,3.527746641341547
6083002211,8.207890563997262,3.521094108829569
6083002303,8.280109587953456,3.532699229295003
6083002304,8.264678441478439,3.526832384668036
6083002305,8.292358895277207,3.545264986995209
6083002306,8.321780509240246,3.552300382614648
6083002402,8.244214641341547,3.534466625598905
6083002403,8.252073169062286,3.523893915811088
6083002404,8.239846876796715,3.521750689253936
6083002502,8.185205082135524,3.566038117727584
6083002604,7.825681853524983,3.550507819301848
6083002606,7.795684323066393,3.544643023956194
6083002702,7.809089128678987,3.562563638603696
6083002703,7.808754736481862,3.55163076659822
6083002705,7.811475694729637,3.553397228610541
6083002706,7.820246250513347,3.55562837577002
6083002707,7.797613995893224,3.556176728952772
6083002708,7.794353162902122,3.550191290896646
6083002802,7.82639537303217,3.55816956605065
6083002806,7.808979299794661,3.558771933607118
6083002808,7.879338273100616,3.535088805612594
6083002809,7.818665466119096,3.505190006160164
6083002906,7.871491291581109,3.301586137577002
6083002907,7.800797471594798,3.274016522245038
6083002909,7.849360493497604,3.332150160848734
6083002913,7.885764126625599,3.286452604380561
6083002914,7.876049083504449,3.280238629705681
6083002915,7.880403926762491,3.343474727583847
6083002922,7.894978232032854,3.319404305270363
6083002924,7.900665716632444,3.331286411362081
6083002926,7.897836045859001,3.332500228610541
6083002928,7.89107158110883,3.341765116358658
6083002930,7.861218462696783,3.338443234086242
6083002932,7.660351394250513,3.359341670773443
6083003001,7.902008178644764,3.298944059548255
6083003004,7.909444579739904,3.288546561259411
6083003005,7.916951610540726,3.288556374401095
6083003007,7.94753312183436,3.297963652977413
6083003102,7.680834716632444,3.51379334017796
6083980000,7.894630356605065,3.310786338809035
6083980100,7.499361204654346,3.494544926078029
6085500100,8.987497049965777,3.290634153319644
6085500200,9.030926061601643,3.302754744695414
6085500300,8.999082305954826,3.30771940862423
6085500400,9.030469599589322,3.346300690622861
6085500500,8.980301720054757,3.338545648870637
6085500600,8.991478991101985,3.32224978439425
6085500800,8.95909909377139,3.302232782340862
6085500901,8.93502274606434,3.283053205338809
6085500902,8.907201467488022,3.288065407255305
6085501000,8.959267014373717,3.285867714579055
6085501101,8.993735734428474,3.281371325804244
6085501102,8.94096585284052,3.280678482546201
6085501200,8.936139961670089,3.278708773442847
6085501300,8.917504159479808,3.28412760164271
6085501401,8.896798776180698,3.27533534770705
6085501402,8.884405845995893,3.276782874743326
6085501501,8.828333694045174,3.271776901437372
6085501502,8.858240730321698,3.280688754277892
6085501600,8.883238391512663,3.284168031485284
6085501700,8.907847283367556,3.297471287474333
6085501800,8.896791439425051,3.310001568104038
6085501900,8.907028793292266,3.314541296372348
6085502001,8.958214461327858,3.345020271731691
6085502002,8.936017517453799,3.333643097193703
6085502101,8.8605427816564,3.332290329226557
6085502102,8.888859900752909,3.328909737166324
6085502201,8.870700105407255,3.325888697467488
6085502202,8.841654257357974,3.332788152635181
6085502301,8.856414999315537,3.322081954140999
6085502302,8.88710842642026,3.325519924024641
6085502400,8.887545076659822,3.31675605338809
6085502500,8.825625216290212,3.314630088980151
6085502601,8.817950063655031,3.329088717316906
6085502603,8.788213891170431,3.326202881587954
6085502604,8.754122644079398,3.326259065708419
6085502701,8.688417779603012,3.32380063449692
6085502702,8.630547885010267,3.31698459137577
6085502800,8.671121041067762,3.328669980150582
6085502901,8.72843312936345,3.330704179329227
6085502902,8.748644289527721,3.324736059548255
6085502903,8.781415308692676,3.33068632238193
6085502906,8.682431384668036,3.336604342915811
6085502907,8.730044763175907,3.336582183436003
6085502908,8.711724568788501,3.332558468172485
6085502909,8.718815893908282,3.333858363449692
6085502910,8.701879107460643,3.340279724845996
6085503001,8.803705757700205,3.329131876796715
6085503002,8.77687564202601,3.330671191649555
6085503003,8.748412229295003,3.334493118412046
6085503105,8.809746847364819,3.280908963039014
6085503108,8.794176010951403,3.318916224503764
6085503110,8.794217668035592,3.269594238877481
6085503111,8.738480715947981,3.271202128678987
6085503112,8.848470457905544,3.28895655578371
6085503113,8.861268420260096,3.29871905065024
6085503115,8.77298792881588,3.305190320328542
6085503116,8.733538236824093,3.309537657768652
6085503117,8.782966336755647,3.270441533196441
6085503118,8.745259983572895,3.272566102669404
6085503121,8.819091164271047,3.298200544832307
6085503122,8.788520952087611,3.287431264887064
6085503123,8.833216565366188,3.314670628336756
6085503204,8.708288190965092,3.294188690622861
6085503207,8.622696258726899,3.276520006844627
6085503208,8.611912699520876,3.285763503764545
6085503210,8.661367054757016,3.288078505817933
6085503211,8.703622747433265,3.278302806297057
6085503212,8.689843824093087,3.285240915811088
6085503213,8.715297844626968,3.284706629705681
6085503214,8.744048296372348,3.29406512936345
6085503217,8.678243363449692,3.293984232717317
6085503218,8.683270288843258,3.300990278576318
6085503304,8.643507897330596,3.265821743326489
6085503305,8.607559917864476,3.256218581793292
6085503306,8.636721110198494,3.256818274469541
6085503312,8.278920663928816,3.189655473648186
6085503313,8.398700206707734,3.216745316906229
6085503315,8.548909673511294,3.251472258726899
6085503321,8.559560724161533,3.240330691307324
6085503322,8.504592321697468,3.229267501711157
6085503323,8.481167771389459,3.22857519301848
6085503324,8.475772594798084,3.231719126625599
6085503325,8.480517309377139,3.236384661190965
6085503326,8.337082355920602,3.206782720054757
6085503327,8.500795712525667,3.252447252566735
6085503329,8.447843663928816,3.235663275838467
6085503330,8.212788568788501,3.19030401779603
6085503331,8.35990328678987,3.236249336071184
6085503332,8.239293833675565,3.216228496919918
6085503333,8.507184353867214,3.250582668720055
6085503334,8.448425937029432,3.266300004106776
6085503336,8.570014325119781,3.261112140314853
6085503337,8.590727965092402,3.272407689938398
6085503401,8.751068210814511,3.262169303216975
6085503402,8.730428815195072,3.268024928131417
6085503504,8.708283091033539,3.258844480492813
6085503506,8.676189427789186,3.254217216974675
6085503507,8.696305409993155,3.253243580424367
6085503508,8.56689612936345,3.235763072553046
6085503509,8.514583360711841,3.224679663244353
6085503510,8.621596137577002,3.248615509240246
6085503511,8.591890433264887,3.242558386721424
6085503601,8.878506484599589,3.276395229979466
6085503602,8.801325922655715,3.268423409993155
6085503703,8.72532570568104,3.260415745379877
6085503707,8.825027849418207,3.272405513347023
6085503708,8.811152023956194,3.26750816495551
6085503709,8.858463251882272,3.277702123203285
6085503710,8.784982994524298,3.261617153319644
6085503711,8.765677401779603,3.264242197809719
6085503712,8.772141815195072,3.267453244353183
6085503713,8.741500472963724,3.258857188227242
6085503802,8.679318908281999,3.254314863791923
6085503803,8.741391491444216,3.268462886379192
6085503804,8.744708335386721,3.265737934976044
6085503902,8.668422229979466,3.251234619438741
6085503903,8.711976719370294,3.256359062286105
6085504001,8.661252778234086,3.253470580424367
6085504002,8.696528366187543,3.253826614647502
6085504101,8.62113762696783,3.245684199178645
6085504102,8.58678600752909,3.244075485968515
6085504201,8.601783449691992,3.244747199863108
6085504202,8.414425345653662,3.209075180698152
6085504307,8.742660459958932,3.272388971937029
6085504308,8.511268051334702,3.230389832991102
6085504311,8.927964389459274,3.302406098562628
6085504314,8.724961077344285,3.278562497604381
6085504315,8.750572807665982,3.288873896646133
6085504316,8.849476802874743,3.294405859685147
6085504317,8.886290073237509,3.295549197809719
6085504318,8.973599507186858,3.320629639288159
6085504319,8.862522887063655,3.285202797399042
6085504320,8.811372102669404,3.298532898015058
6085504321,8.81118927926078,3.289768156741958
6085504322,8.929757657768652,3.323721108145106
6085504323,8.868944032169747,3.307534339493498
6085504410,8.841682278576318,3.311333628336756
6085504411,8.750068036960986,3.29194698973306
6085504412,8.792920355920602,3.321434457905544
6085504413,8.890934196440794,3.358016430527036
6085504414,8.86610846954141,3.353633633812457
6085504415,8.772686846680356,3.304097288843258
6085504416,8.802048253251198,3.310471910335387
6085504417,8.587063900068446,3.259458805612594
6085504418,8.804738754962355,3.316129107460643
6085504420,8.671270155373032,3.301892048596852
6085504421,8.885562590691307,3.359428409308693
6085504422,8.901789855578371,3.372953917864476
6085504423,8.757905815195072,3.308387321013005
6085504504,8.886332245037645,3.337571145790554
6085504505,8.93493877412731,3.342812852156058
6085504506,8.95286260164271,3.382097851471595
6085504507,8.945368588637919,3.373266589322382
6085504601,8.930654321697468,3.456418941136208
6085504602,9.095535613278576,3.462191399041752
6085504700,8.962098557837098,3.442481965092402
6085504802,9.021335807665982,3.420962942505134
6085504803,8.972469835728953,3.430745570157426
6085504805,9.037274166324435,3.431654700205339
6085504806,9.022793456536619,3.422351484599589
6085504901,9.055240315537303,3.3961261321013
6085505001,9.050719318275154,3.408211655030801
6085505006,9.032629236824093,3.356249033538672
6085505007,9.063977117043121,3.383436458590007
6085505008,9.041103106776181,3.392763184120465
6085505009,9.043424678986995,3.405736034907598
6085505100,9.067726841204654,3.353187570157426
6085505202,9.046092247775496,3.389231994524298
6085505203,9.053381205338809,3.361033231348392
6085505301,8.985571339493498,3.395830600273785
6085505302,9.020500863791923,3.389799404517454
6085505303,9.050232349075975,3.392985206707734
6085505304,8.982518653661875,3.394704155373032
6085505305,8.963572429842574,3.394442660506502
6085505401,8.941919443531828,3.385673833675565
6085505402,8.971196149212868,3.378186597535934
6085505403,8.917182026009582,3.378305809034908
6085505500,9.024412952087611,3.385674270362765
6085505600,9.070380856947296,3.389084839835729
6085505700,9.04682312183436,3.377834935660506
6085505800,8.991643672826831,3.365159145106092
6085505900,8.961570732375086,3.364881844626968
6085506000,8.990400595482546,3.378430083504449
6085506101,8.886780900068446,3.36476974606434
6085506102,8.919866922655715,3.365739865160849
6085506103,8.842624635181383,3.351589834360027
6085506202,8.65725261670089,3.322902504449008
6085506203,8.828564325804244,3.349193897330596
6085506204,8.766564937713895,3.340380369609856
6085506301,8.887701500342231,3.351949303216975
6085506302,8.833420384668036,3.340834796714579
6085506304,8.818220984257358,3.342961187542779
6085506305,8.772022849418207,3.338807569472964
6085506401,8.898192887748118,3.34409250513347
6085506402,8.817315265571526,3.333363059548255
6085506501,8.775455675564682,3.331933389459274
6085506502,8.707201649555099,3.323933997262149
6085506503,8.723014041067762,3.334246624914442
6085506601,8.652802533196441,3.324165005475702
6085506603,8.649710485284052,3.31281820807666
6085506604,8.564165700205339,3.309445803559206
6085506605,8.741639854893908,3.330460744695414
6085506606,8.694365224503764,3.323343807665982
6085506701,8.54437149486653,3.300028141683778
6085506702,8.646771998631075,3.319783086926762
6085506703,8.580346265571526,3.30965533744011
6085506801,8.511000581793292,3.302111763175907
6085506802,8.602607062970568,3.314354836413416
6085506803,8.665970876112252,3.336364388774812
6085506804,8.58261539835729,3.317577657084189
6085506900,8.522668192334018,3.313357898015058
6085507001,8.227019388774812,3.238133516769336
6085507002,8.365930978097194,3.274762718001369
6085507100,8.391658437371663,3.277570869952088
6085507203,8.520672374401095,3.302195209445585
6085507205,8.477577174537988,3.289913476386037
6085507206,8.382202436002738,3.275565942505134
6085507301,8.349263075975359,3.258678804243669
6085507302,8.119384057494866,3.221729024640657
6085507401,8.454373021902806,3.285230131416838
6085507402,8.510356503080082,3.290957743326489
6085507500,8.354771873374401,3.268318550992471
6085507600,8.18227297467488,3.239081926762491
6085507701,8.477662857631759,3.307021887748118
6085507702,8.302395318275154,3.265918150581793
6085507703,8.289210082819986,3.274424995208761
6085507805,8.542801414784394,3.325046318275154
6085507806,8.567504833675565,3.318034578370979
6085507807,8.480058077344285,3.300002776865161
6085507808,8.429405492813142,3.282769338809035
6085507903,8.568409120465435,3.309921359342916
6085507904,8.607307744695414,3.317673511978097
6085507905,8.489253144421629,3.297743179329227
6085507906,8.519350167008898,3.307145874743326
6085508001,8.612659072553046,3.322774717316906
6085508003,8.679582656399726,3.332229054757016
6085508004,8.715337843258042,3.333050751540041
6085508101,8.678114993155373,3.335923262833676
6085508102,8.770616513347023,3.350348491444216
6085508202,8.836277132785763,3.3669455633128
6085508203,8.728454718685832,3.353605837782341
6085508204,8.773296551676934,3.361751305954826
6085508301,8.573976977412731,3.33355006844627
6085508303,8.622417003422314,3.33807982477755
6085508304,8.676408607802875,3.34674973100616
6085508401,8.672518028747433,3.356185729637235
6085508403,8.71013761670089,3.357577
6085508404,8.758809914442163,3.368360549623546
6085508503,8.786701570841889,3.367624618754278
6085508504,8.844753470910335,3.381722740588638
6085508505,8.870889291581109,3.38209273853525
6085508507,8.904244240246407,3.378953681040383
6085508508,8.916595290212183,3.384797862422998
6085508601,8.809515100616016,3.387512160848734
6085508602,8.845752511978097,3.385415890485968
6085508703,8.91312866255989,3.394271779603012
6085508704,8.965624339493498,3.404869126625599
6085508800,8.904978700205339,3.404462269678302
6085508900,8.986658912388775,3.418659097878166
6085509000,8.9379471321013,3.418083996577686
6085509102,8.878545971937029,3.408291154004107
6085509105,8.729391886379192,3.377131401779603
6085509106,8.781084735797399,3.386796356605065
6085509107,8.765899561259411,3.390183447638604
6085509108,8.846704709787817,3.416245242984257
6085509109,8.800500550992471,3.40452512183436
6085509201,8.792223986310746,3.409775199178645
6085509202,8.779949132785763,3.412042514715948
6085509302,8.727845531827515,3.408052979466119
6085509303,8.739451896646133,3.408004470910335
6085509304,8.812013359342916,3.433891138261465
6085509401,8.656304590691307,3.393318845995893
6085509403,8.685014893223819,3.393554134154689
6085509404,8.673234619438741,3.397475963723477
6085509500,8.680552309377139,3.390561542094456
6085509600,8.697664232717317,3.388864446954141
6085509700,8.698218090349076,3.383419735797399
6085509801,8.608497197125257,3.36136098973306
6085509802,8.631872247091034,3.369084272416153
6085509901,8.562232866529774,3.347523446954141
6085509902,8.626423351813826,3.361145976728268
6085510001,8.53448363449692,3.337797938398357
6085510002,8.504998309377139,3.32671988569473
6085510100,8.431856260780288,3.304627527036276
6085510200,8.50572653798768,3.340498224503764
6085510300,8.4913587816564,3.340703765229295
6085510400,8.58641132991102,3.368289911019849
6085510500,8.547775242984257,3.360108434633812
6085510600,8.602847932922656,3.379626811088296
6085510700,8.66543226899384,3.401127945242984
6085510801,8.800828663244353,3.436492816563997
6085510802,8.717448776865161,3.409225777549624
6085510803,8.735418998631075,3.418001718685832
6085510900,8.708789945242984,3.416296648870637
6085511000,8.797057142368241,3.440845151266256
6085511100,8.791606355920602,3.436085774811773
6085511200,8.76548331211499,3.429500942505134
6085511301,8.689629985626283,3.412406819301848
6085511302,8.692726106091718,3.413832541409993
6085511400,8.69957841615332,3.41227876386037
6085511500,8.540383800136892,3.367595824093087
6085511608,8.48418141615332,3.358373805612594
6085511609,8.578857083504449,3.378245783025325
6085511701,8.393146850787132,3.323047568104038
6085511702,8.423446411362081,3.315292205338809
6085511704,8.243492263518138,3.284657321697468
6085511705,8.427167494182067,3.336985633127994
6085511707,7.97832988569473,3.207844093086927
6085511800,8.214002553045859,3.257253362765229
6085511905,8.534520755646817,3.31660468788501
6085511907,8.551624617385352,3.314260707734428
6085511909,8.430871343600274,3.300518447638604
6085511910,8.509786093086927,3.315524969199179
6085511911,8.427271149212868,3.297667159479808
6085511912,8.47654094934976,3.304187810403833
6085511913,8.591110283367556,3.325790155373032
6085511914,8.608996848733744,3.324246442847365
6085511915,8.67341411156742,3.330423063655031
6085511916,8.645722748117728,3.332419883641342
6085512001,8.428314997946612,3.268903435318275
6085512005,8.735158182067077,3.320206759753593
6085512017,8.644324119096509,3.301944659137577
6085512019,8.697920596167009,3.31408137303217
6085512020,8.684962539356605,3.310700650239562
6085512021,8.637899537303217,3.299597798083504
6085512022,8.595985184120465,3.301214145106092
6085512023,8.625378412046544,3.315546166324435
6085512024,8.715558930869268,3.324574733059548
6085512025,8.689772772758385,3.313728453114305
6085512026,8.657383115674196,3.312767507186858
6085512027,8.67828849486653,3.322072334017796
6085512029,8.589997214236824,3.311229414099932
6085512030,8.551782352498289,3.312258547570157
6085512031,8.522063253251198,3.298981841204654
6085512032,8.431164339493498,3.286066727583847
6085512033,8.490413291581109,3.289249369609856
6085512034,8.388569121149897,3.275917623545517
6085512035,8.344627508555784,3.264569973305955
6085512036,8.53895290622861,3.302804264887064
6085512037,8.590546777549624,3.309701631074606
6085512038,8.364455590691307,3.267698928131417
6085512039,8.471307950034223,3.285806840520192
6085512042,8.625740350444901,3.303530037645448
6085512043,8.576859420944558,3.291740747433265
6085512045,8.597599199863108,3.312706455852156
6085512047,8.62281939835729,3.319173021902806
6085512052,8.672838606433949,3.325803828199863
6085512053,8.642693581793292,3.322608278576318
6085512100,8.215295785763176,3.261024567419576
6085512200,8.140214970568104,3.284861302532512
6085512305,8.078806893223819,3.244970080766598
6085512307,8.025817219712526,3.237427158795346
6085512308,7.897268323750856,3.186746947296372
6085512309,7.886443789185489,3.193759519507187
6085512310,7.98088780698152,3.222923969199179
6085512311,8.008625996577686,3.215357338124572
6085512312,7.988752514715948,3.216424641341547
6085512313,8.031542887063655,3.234218678302532
6085512314,8.043107030800821,3.235757838466804
6085512401,8.02132632991102,3.245950789869952
6085512402,7.914473134839151,3.215153744695414
6085512503,8.071426813826146,3.260526728268309
6085512505,8.053823717316906,3.250855898015058
6085512506,8.045187178644764,3.251667606433949
6085512508,8.052427227241615,3.25485125393566
6085512509,8.062372635865845,3.264814280629706
6085512510,8.05731393155373,3.259893585215606
6085512602,7.982607570157426,3.249245789869952
6085512603,8.048690546885695,3.258917598220397
6085512604,8.032830557837098,3.251033689253936
6085513000,8.557486704996578,3.374049047912389
6085513500,7.344194265571526,3.033361655715264
6087100100,7.587983589322382,3.119078780287474
6087100200,7.529549864476386,3.103883719370294
6087100300,7.467634704996578,3.105028685831622
6087100400,7.423844360711841,3.092228787132101
6087100500,7.373963389459274,3.090979648186174
6087100600,7.430200791238878,3.101467342915811
6087100700,7.474534051334702,3.106108646132786
6087100800,7.503411920602327,3.113554144421629
6087100900,7.53322353045859,3.10816871321013
6087101000,7.450169902806297,3.099489593429158
6087101100,7.423126983572895,3.102525169746749
6087101200,7.348663485284052,3.088270281314168
6087110100,8.025473856947296,3.293421773442847
6087110200,8.03159089596167,3.291393229979466
6087110300,7.989537429842574,3.281509674880219
6087110400,7.958413175906913,3.282201110198494
6087110501,8.007853428473648,3.293641670773443
6087110502,8.024916592060233,3.293731877481177
6087110600,8.020249182067077,3.290254271047228
6087110700,8.023870789185489,3.294942917864476
6087120200,7.093202316221766,3.022281845995893
6087120301,7.433267321013005,3.075498785763176
6087120302,7.443435707049966,3.077971598220397
6087120400,7.316165812457221,3.055453251882272
6087120500,7.599121483915127,3.106997336071184
6087120600,7.580489823408624,3.110257864476386
6087120700,7.479300592744695,3.097687472279261
6087120800,7.565708794661191,3.113902026009582
6087120900,7.668873465434634,3.136714901437372
6087121000,8.005243212183436,3.22356701779603
6087121100,7.797537607118412,3.172847871321013
6087121200,7.687251715947981,3.142475765229295
6087121300,7.661863908281999,3.141710152635181
6087121401,7.592920438056126,3.122684118412046
6087121402,7.607877388090349,3.12905246954141
6087121403,7.564913150581793,3.114215778918549
6087121500,7.557192446954141,3.123095051334702
6087121600,7.610823216290212,3.139714527036276
6087121700,7.649226002737851,3.138725778918549
6087121800,7.707086023956194,3.165718069815195
6087122001,7.87518776386037,3.198277145106092
6087122002,7.978235993155373,3.242429689253936
6087122003,7.786936490759754,3.187103622861054
6087122100,7.782694721423682,3.188677819301848
6087122201,7.890946443531828,3.23176541889117
6087122202,7.866224336071184,3.228396423682409
6087122203,7.848732173169062,3.225310596167009
6087122300,7.89012515742642,3.261105592744695
6087122400,8.049618483230664,3.276628861054073
6087122500,8.068597195071869,3.295808801505818
6087123100,8.047295995893224,3.289079036276523
6087123300,8.05779684531143,3.292046397672827
6089010100,6.955878073921971,3.235074671457906
6089010200,6.969871836413416,3.237567586584531
6089010300,6.999841948665298,3.246410275838467
6089010400,7.049657241615332,3.258935829568788
6089010500,6.953877390143737,3.23223425393566
6089010601,6.952787130047912,3.228401343600274
6089010602,6.898848297741273,3.216854657084189
6089010603,6.813223752908966,3.194908528405202
6089010702,6.885950518822724,3.220475436002738
6089010703,6.9423901724846,3.232651472279261
6089010704,6.894247767282683,3.218541032169747
6089010803,6.954507702258727,3.239223532511978
6089010804,6.928022063655031,3.229358854209446
6089010805,6.988189311430527,3.249585492128679
6089010806,6.848985361396304,3.21008866255989
6089010807,6.864835262833676,3.212277144421629
6089010900,7.045935029431896,3.259783130047912
6089011001,6.908010496235455,3.220311807665982
6089011002,7.05621232991102,3.275564915811088
6089011100,7.133752213552361,3.295917755646817
6089011209,7.061441857631759,3.267951360711841
6089011300,7.025895411362081,3.252498565366188
6089011401,7.079991366187543,3.274290722108145
6089011402,7.076045531143053,3.26930602532512
6089011403,7.05071427652293,3.265852118412046
6089011500,7.12403846954141,3.28349035797399
6089011600,6.686571168377823,3.159098631759069
6089011701,6.793458808350445,3.191484462696783
6089011702,6.740479318959617,3.176412247091034
6089011703,6.680024991101985,3.159114405201916
6089011801,6.846373360027378,3.204311661190965
6089011802,6.775846703627652,3.194166401779603
6089011803,6.630852364818617,3.151959230663929
6089011900,6.99739015742642,3.24736486036961
6089012000,7.172866458590007,3.306564683093771
6089012101,7.14878684257358,3.297996962354552
6089012102,7.123024266255989,3.288472277207392
6089012200,7.077827671457906,3.268964047912389
6089012301,7.140483300479124,3.299974755646817
6089012302,6.970421176591376,3.24234604312115
6089012303,7.16295343394935,3.314861995208761
6089012400,6.244262119780972,3.010119036960986
6089012500,6.180210291581109,3.028956361396304
6089012601,6.22909259137577,3.038872355920602
6089012603,6.125142958247776,2.907603658453114
6089012604,6.166640982888433,2.956719239561944
6089012701,6.144170632443532,3.011632454483231
6089012702,6.144429234086242,3.027961592744695
6091010000,6.468002726899384,2.762873132785763
6093000100,6.38275493908282,3.069663809034908
6093000200,6.477734242299795,3.090436014373717
6093000300,6.313859708418891,3.034894188227242
6093000400,6.602799110198494,3.142926099247091
6093000500,6.333870191649555,3.155834911704312
6093000600,6.527405815195072,3.18848562696783
6093000701,6.582648577686516,3.15518918275154
6093000702,6.607126383983573,3.125804496919918
6093000703,6.621391947980835,3.150236999315537
6093000800,6.110351821355236,3.023531889117043
6093000900,6.251208496919918,3.050175751540041
6093001000,6.115585090349076,3.007800143737166
6093001100,6.113117637234771,3.015787510609172
6093001200,6.051821900752909,3.000404739904175
6095250103,9.110919042436687,3.521976195071869
6095250104,9.140448255304586,3.527107142368241
6095250105,9.039415342915811,3.499100650924025
6095250106,9.048576384668036,3.502058752224504
6095250200,9.204973453114305,3.551622577002053
6095250300,9.185485442847365,3.538686943874059
6095250400,9.250087370294319,3.559407813141684
6095250501,9.271907425735797,3.571796840520192
6095250502,9.293977054072553,3.5811561321013
6095250601,9.321538368240931,3.580760513347023
6095250604,9.401430925393566,3.616787612594114
6095250605,9.426400325119781,3.620480528405202
6095250701,9.237720486652977,3.560500570841889
6095250801,8.924655750855578,3.498358592060233
6095250900,9.145961085557837,3.530768672142368
6095251000,9.170071310746064,3.536173926078029
6095251100,9.220793626283368,3.552729108829569
6095251200,9.166734141683778,3.531976044490075
6095251300,9.101016719370294,3.513865517453799
6095251400,9.040417596167009,3.499950973305955
6095251500,9.106135455167693,3.516925691991786
6095251600,9.097770308692676,3.521078457905544
6095251701,9.034777865160849,3.507714114989733
6095251702,8.99199860164271,3.502250125256674
6095251802,8.9841488678987,3.493697594113621
6095251803,8.894290082819986,3.47718873853525
6095251804,8.796459683093771,3.452045045174538
6095251901,8.970636813141684,3.487577993155373
6095251902,8.893536388774812,3.46794084257358
6095251903,8.908801858316222,3.469638226557153
6095252000,9.468891274469541,3.632026134154689
6095252102,9.282822709787817,3.586643602327173
6095252103,9.213778640657084,3.558009030800821
6095252104,9.293812017111567,3.58106288843258
6095252105,9.36481122587269,3.599911116358658
6095252106,9.372567116358658,3.60390829431896
6095252107,9.402665502395619,3.611676658453114
6095252108,9.436762962354552,3.623439249828884
6095252201,8.2232423045859,3.281326911019849
6095252202,8.85289165982204,3.458307318275154
6095252305,8.504337338124572,3.368838821355236
6095252306,8.237363001368925,3.2920833908282
6095252310,7.99463414715948,3.209116431211499
6095252311,8.092852876796715,3.253694140999316
6095252312,8.191169757015743,3.272691640657084
6095252313,8.073961826146475,3.237517316906229
6095252314,8.228547420944558,3.291040537303217
6095252315,8.218757516084873,3.290690694729637
6095252316,8.271702257357974,3.302479492128679
6095252317,8.261376531827515,3.304191956194387
6095252401,8.328244919233402,3.320849620123203
6095252402,8.514254273100616,3.374319929500342
6095252501,8.359656429842574,3.331874858316222
6095252502,8.415755803559206,3.344665454483231
6095252604,8.263107363449692,3.299359134154689
6095252605,8.286930055441478,3.305812147843942
6095252606,8.303663479123888,3.311462059548255
6095252607,8.380004490075291,3.34066831485284
6095252608,8.314468728268309,3.317840190965092
6095252610,8.327480590006845,3.324183478439425
6095252611,8.359657839151266,3.332065826830938
6095252702,9.041429798767967,3.53774731211499
6095252703,8.437941438056126,3.352517245722108
6095252704,8.452340160164271,3.359159350444901
6095252705,8.479809110882957,3.36644535523614
6095252706,8.453714209445585,3.367418924709103
6095252707,8.407247707049966,3.347838284052019
6095252801,8.397928551676934,3.351195703627652
6095252802,8.433982411362081,3.363912813141684
6095252903,7.315137251882272,2.987394338809035
6095252904,7.83532770568104,3.1544641321013
6095252908,8.025470906913073,3.224211924024641
6095252909,8.133495488706366,3.255317345653662
6095252910,8.071281603011636,3.238925039014374
6095252911,7.934304614647502,3.18945650513347
6095252912,7.996952054757016,3.214707267624914
6095252913,8.110362049965777,3.250860961670089
6095252914,8.138448285420945,3.258959583162218
6095252915,8.242589446954141,3.293866432580424
6095253000,8.058937201916496,3.235151143737166
6095253101,7.848107588637919,3.164744501711157
6095253105,7.939078786447639,3.19701672347707
6095253106,8.009927472963724,3.216745220396988
6095253107,7.969887520876112,3.207539612594114
6095253108,7.986992907597536,3.211449275838467
6095253201,7.719894517453799,3.12611093155373
6095253203,7.810348583162218,3.151224569472964
6095253204,7.761826746748802,3.135644482546201
6095253205,7.837986473648186,3.161123754962355
6095253206,7.711964064339494,3.120079711156742
6095253300,8.410668405886379,3.306694327857632
6095253402,8.264917210814511,3.256564168377823
6095253403,8.134747427104723,3.227215440109514
6095253404,8.164584911704312,3.221908627652293
6095253500,9.126599846680356,3.618238907597536
6095980000,8.526089252566735,3.391606107460643
6097150100,8.002717561943874,3.284249546885695
6097150202,7.507340651608487,3.124647309377139
6097150203,7.665632312799452,3.187117707734428
6097150204,7.628140988364134,3.170336872005476
6097150303,7.491668013689254,3.158120366872006
6097150304,7.514541239561944,3.152421813826146
6097150305,7.435941411362081,3.120430432580424
6097150306,7.395516492813142,3.099760917864476
6097150500,7.221409248459959,3.060458841889117
6097150601,7.525372345653662,3.206558929500342
6097150602,7.51334160164271,3.203186898015058
6097150603,7.490834074606434,3.197567813826146
6097150607,7.439416688569473,3.186783299110198
6097150609,7.453375622861054,3.18969474606434
6097150610,7.451273367556468,3.192053474332649
6097150611,7.563691108145106,3.207898239561944
6097150612,7.698892979466119,3.238360093086927
6097150701,7.505746262833676,3.209041136208077
6097150702,7.539749847364819,3.224315855578371
6097150800,7.45394129431896,3.210769102669404
6097150901,7.469074282683094,3.19886442642026
6097150902,7.456666188911704,3.198284637234771
6097151000,7.404431199178645,3.187207309377139
6097151100,7.2825673045859,3.167766318959617
6097151201,7.374271002737851,3.165110181382615
6097151203,7.376575509240246,3.165880537303217
6097151204,7.373214778918549,3.165699336071184
6097151301,7.359385668035592,3.155459700889802
6097151305,7.345689555099247,3.148270311430527
6097151306,7.35679140862423,3.151936554414784
6097151307,7.323990386036961,3.129792074606434
6097151308,7.341176954140999,3.136718514715948
6097151309,7.349976077344285,3.134784085557837
6097151310,7.360763752908966,3.154014439425051
6097151311,7.382906861054073,3.162374793292266
6097151401,7.254315506502396,3.103711668035592
6097151402,7.278771517453799,3.11519055578371
6097151502,7.281313648870637,3.104674923340178
6097151503,7.209364952772074,3.075168514031485
6097151504,7.173891811088296,3.073385793976728
6097151601,6.984822193702943,2.989971829568788
6097151602,7.161587511978097,3.058453649555099
6097151700,7.110197793292266,3.050094032854209
6097151800,7.158834733059548,3.067373552361396
6097151900,7.194353826146475,3.080693435318275
6097152000,7.166199850787132,3.074431913073238
6097152100,7.104827161533196,3.051143819986311
6097152201,7.108044817932923,3.058073449691992
6097152202,7.059494061601643,3.030912346338125
6097152203,7.14284437303217,3.064080432580424
6097152300,7.08960131485284,3.043168578370979
6097152400,6.996057804243669,3.015297646132786
6097152501,7.051049574264203,3.029726507871321
6097152502,7.006480543463381,3.016357689253936
6097152600,6.806615100616016,2.939712869267625
6097152701,6.83427576386037,2.973321557837098
6097152702,6.921065856262834,3.008850352498289
6097152801,7.011798163586584,3.024895531827515
6097152802,7.084225405886379,3.051660340862423
6097152903,7.10549952019165,3.057061859000684
6097152904,7.087671205338809,3.057164141683778
6097152905,7.0527310862423,3.041310735112936
6097152906,7.002762533880904,3.030482565366188
6097153001,7.130626456536619,3.062792772073922
6097153002,7.16792405338809,3.072988612594114
6097153003,7.192415038329911,3.0815711321013
6097153005,7.098961326488706,3.051553559890486
6097153006,7.141960049965777,3.064715308008214
6097153102,7.240867761806982,3.095891383983573
6097153103,7.243951983572895,3.102360522245038
6097153104,7.208821216974675,3.089005441478439
6097153200,7.298756051334702,3.125149137577002
6097153300,7.265219675564682,3.110113362765229
6097153401,7.031497329226557,3.041839902806297
6097153403,7.191204216974675,3.092409210814511
6097153404,7.118658216290212,3.072118475017112
6097153501,7.21404735797399,3.117689258042437
6097153502,7.020875338809035,3.080056828199863
6097153600,6.892572636550308,3.027700730321698
6097153703,6.474304721423682,2.935035643394935
6097153704,6.356661529089665,2.89525638329911
6097153705,6.628333471594798,2.949204447638604
6097153706,6.745249524298426,2.981988498288843
6097153801,6.728406015742642,2.958226052019165
6097153804,6.66674712936345,2.933813013689254
6097153806,6.697306351129363,2.940647449007529
6097153807,6.609870995893224,2.89876579945243
6097153808,6.734323499657769,2.959605369609856
6097153809,6.806030186173854,2.970676923340178
6097153901,6.453254377823409,2.865576100616016
6097153902,6.400679588637919,2.857937222450376
6097153903,6.394869006160164,2.855629725530459
6097154000,6.238253208761122,2.827747325804244
6097154100,6.102317386036961,2.741647883641342
6097154201,5.922054574264203,2.709620299110198
6097154202,5.905075525667351,2.734669072553046
6097154302,6.724282470910335,3.030597062970568
6097154303,5.988547896646133,2.884499629021218
6097154304,5.965924829568788,2.813263142368241
6099000101,9.103990743326489,3.788722700205339
6099000102,9.305759921971253,3.88068046201232
6099000201,9.899457852156058,4.054157403832991
6099000202,9.934128613963039,4.060090854893908
6099000203,9.733861045174538,4.009365005475702
6099000301,10.304180326488706,4.166809649555099
6099000302,10.345437986995209,4.184853989048597
6099000303,10.385633787132101,4.186054617385352
6099000304,10.366602951403148,4.184332570157426
6099000402,10.421609490759754,4.201557924709103
6099000403,10.535588499657769,4.222187344969199
6099000404,10.543972361396304,4.213052622861054
6099000501,10.473574385352498,4.194522387405886
6099000503,10.505090383983573,4.203713559890486
6099000504,10.530959859000684,4.217841030800821
6099000505,10.554231521560575,4.206868699520876
6099000506,10.55003074880219,4.214422586584531
6099000510,10.451435575633128,4.186236046543463
6099000601,10.563090743326489,4.218300483230664
6099000602,10.592935880903491,4.213833047227926
6099000801,10.60997381724846,4.223007657768652
6099000803,10.567397008898015,4.21181723340178
6099000805,10.599118828884326,4.212161843942505
6099000806,10.582422716632444,4.217238969199179
6099000807,10.552190704312115,4.211436582477755
6099000905,10.652823566735113,4.239745828884326
6099000906,10.648643382614648,4.264847616016427
6099000907,10.606247156057495,4.221556704312115
6099000908,10.613485986995209,4.230549051334702
6099000909,10.634746703627652,4.228023757015743
6099000910,10.638425831622177,4.235862065708419
6099000911,10.629599895277207,4.244471101300479
6099000912,10.614317042436687,4.250510084873374
6099001001,10.671415897330596,4.234228031485284
6099001002,10.672605039698836,4.225433744010951
6099001100,10.654377997262149,4.226402160164271
6099001200,10.664865203969884,4.210431686516085
6099001300,10.638768120465435,4.208379490075291
6099001400,10.614213258042437,4.212459241615332
6099001500,10.544218711841205,4.189678334702259
6099001601,10.615799712525667,4.203650427789186
6099001603,10.553696030800821,4.195291976043806
6099001604,10.59034585284052,4.204098984941821
6099001700,10.648983839835729,4.207350890485968
6099001800,10.670522078028747,4.20840276386037
6099001900,10.693198289527721,4.23290340862423
6099002002,10.670542323066393,4.266680407255305
6099002004,10.687643516769336,4.25613104312115
6099002005,10.678257234086242,4.253501262833676
6099002006,10.667671473648186,4.260104485968515
6099002100,10.70437496440794,4.235352000684463
6099002200,10.649076428473648,4.215519150581793
6099002301,10.64459815742642,4.22519235523614
6099002302,10.684633203285421,4.225600210130048
6099002401,10.623276943189596,4.222508451060917
6099002402,10.606507400410678,4.222800221765914
6099002501,10.684491925393566,4.248561258726899
6099002503,10.745870835728953,4.287888671457906
6099002504,10.724976255989049,4.263096682409309
6099002602,10.765206143052704,4.289618386721424
6099002603,10.747874864476386,4.278893965776865
6099002604,10.724496417522245,4.260033490759754
6099002605,10.761324854209446,4.29103079192334
6099002701,10.730163069130732,4.263086448323066
6099002702,10.714465224503764,4.25068322587269
6099002801,9.239772470225873,3.854486757700205
6099002802,10.377213773442847,4.197525284736482
6099002803,10.59889898220397,4.246479037645448
6099002901,9.87568419301848,4.050271475017112
6099002902,10.745306533880904,4.312804891854894
6099003001,10.786471108145106,4.307274544832307
6099003002,10.762295668035592,4.299508197809719
6099003100,10.175188649555099,4.113391702258727
6099003201,9.353128264202601,3.841575849418207
6099003202,9.116927047227926,3.758108186858316
6099003300,8.278805166324435,3.425417979466119
6099003400,7.883829525667351,3.316473546885695
6099003500,9.38549321560575,3.882302862422998
6099003603,10.684595383983573,4.293987853524983
6099003604,10.730480189596167,4.313942075975359
6099003605,10.9268033908282,4.358255411362081
6099003606,10.916725117727584,4.357776834360027
6099003700,10.909148441478439,4.366213952087611
6099003802,10.998444033538672,4.377909102669404
6099003803,11.031590592060233,4.391227481861738
6099003804,10.970475618754278,4.369485102669404
6099003805,10.919956496235455,4.355112199178645
6099003904,11.017974165639973,4.377371436002738
6099003905,10.983569412046544,4.366130147843942
6099003906,10.970836236824093,4.367854399041752
6099003907,10.952475409993155,4.359406501711157
6099003908,10.965499373716632,4.368981803559206
6099003909,10.941621464750171,4.363873787132101
6099004000,10.132231606433949,4.069214301163587
6101050101,8.473409853524983,2.896454092402464
6101050102,8.489519831622177,2.879812087611225
6101050201,8.516486673511294,2.888494075290897
6101050202,8.513177967145791,2.87619880698152
6101050301,8.545283431895962,2.915656446269678
6101050302,8.552502173169062,2.908428107460643
6101050401,8.556455883641342,2.939622867214237
6101050402,8.567716303901437,2.978968169062286
6101050403,8.579948577686516,2.965787505817933
6101050501,8.491083570157426,2.936129169746749
6101050503,8.51245837577002,2.942180863791923
6101050504,8.540216258042437,2.980837305954826
6101050601,8.443801665297741,2.955553952087611
6101050603,8.447541039698836,2.925244358658453
6101050604,8.47029990349076,2.90400015468857
6101050701,8.299999735112936,3.054683900068446
6101050702,8.355269900752909,3.04375427926078
6101050800,8.181607039698836,3.044620886379192
6101050900,8.185206857631759,3.031700804928131
6101051000,8.49649346201232,3.046100932922656
6101051100,8.906227271047228,3.252058357289528
6103000100,6.435371499657769,2.923722491444216
6103000200,7.09207107118412,3.277773739904175
6103000300,5.901841382614648,2.807266005475702
6103000400,7.020851108145106,3.225434991786448
6103000500,7.132111511978097,3.2464008678987
6103000600,7.109684815195072,3.229745865845311
6103000700,7.115790655715264,3.226206977412731
6103000800,7.162089682409309,3.194220430527036
6103000900,7.282925679671458,3.118459080082136
6103001000,7.514115385352498,3.193074391512663
6103001100,7.237390369609856,3.14308974606434
6105000101,5.948402887063655,2.922576468172485
6105000102,5.787346761122519,2.866399833675565
6105000200,5.801132067761807,2.841484542778918
6105000300,5.703832679671458,2.824882310061602
6105000400,5.404999344969199,2.696567528405202
6107000100,8.216170839835729,3.55155862696783
6107000201,12.470103755646817,4.851062743326489
6107000202,11.447419499657769,4.52862745174538
6107000301,14.134477370294319,5.355748037645448
6107000302,14.7640876954141,5.598081425735797
6107000401,13.326466166324435,5.095550167008898
6107000402,13.422473349760438,5.130496397672827
6107000501,13.576377885010267,5.19123297467488
6107000502,13.729399496919918,5.239341668720055
6107000600,12.673145585900068,4.949509026694045
6107000701,11.712170774811773,4.718047346338125
6107000702,11.543328563997262,4.644448008898015
6107000800,12.923592518138262,5.059140639288159
6107000900,14.794349052703628,5.634841752224504
6107001003,14.928761017111567,5.679090100616016
6107001004,14.447885017111567,5.492112105407255
6107001005,15.069055869952088,5.750415496919918
6107001006,14.877439019849418,5.669666508555784
6107001100,14.579063563997262,5.518069028747433
6107001200,14.621654433264887,5.551176812457221
6107001301,13.982017975359343,5.37716435523614
6107001302,14.119600039014374,5.418151108829569
6107001400,12.508126752908966,4.98610480971937
6107001501,12.927143094455852,5.13221712183436
6107001502,13.055677811088296,5.185599148528405
6107001601,13.709300943874059,5.358317761806982
6107001602,13.952067741273101,5.453068250513347
6107001701,14.547104848733744,5.535704588637919
6107001703,14.179317910335387,5.448227930869268
6107001704,14.396975698151951,5.536744480492813
6107001800,14.695731802874743,5.578606877481177
6107001901,14.71584961670089,5.607580700889802
6107001902,14.693313411362081,5.611982110198494
6107002002,14.844889928131417,5.660717588637919
6107002003,14.873730222450376,5.670665676933607
6107002004,14.999286991101985,5.724704882956879
6107002006,15.211461924709103,5.818328199863108
6107002007,14.936577576317591,5.73697667008898
6107002008,14.971806872005476,5.702613805612594
6107002009,15.015841571526352,5.73009164476386
6107002100,15.214389531143053,5.887686395619439
6107002202,15.062724370294319,5.889388127310062
6107002203,15.104383065023956,5.878172956194387
6107002204,15.072397919233402,5.881067219028063
6107002302,14.948075412046544,5.861579640657084
6107002303,15.050137841889117,5.862273644079398
6107002304,15.005979832991102,5.872683137577002
6107002400,14.560207221765914,5.761973913073238
6107002500,13.080232706365503,5.268433156057495
6107002601,12.766083856262834,5.16179523613963
6107002602,12.483756685831622,5.063270225188227
6107002700,7.750136266255989,3.332986498288843
6107002800,12.673118815879535,5.12954829705681
6107002901,14.925665221081451,5.853559228610541
6107002903,14.900903957563313,5.850191856262834
6107002904,14.843325893223819,5.857421288843258
6107003001,15.011305918548939,5.88565765229295
6107003002,14.99949843394935,5.886093191649555
6107003100,14.810482947980835,5.854291694045174
6107003200,14.417815360027378,5.82740984531143
6107003300,13.019260149897331,5.291622453798768
6107003400,12.096924934976044,4.966894995208761
6107003501,12.76330717522245,5.221006907597536
6107003502,12.414861694729637,5.089024938398357
6107003601,12.499256306639288,5.12437593155373
6107003602,12.396189905544148,5.07512494934976
6107003700,12.081232950718686,4.970413925393566
6107003801,12.199055892539357,5.018291099931554
6107003802,12.04170662696783,4.961604572895277
6107003901,11.857737457221082,4.893732924024641
6107003902,11.194579703627652,4.642905015058179
6107004000,11.671343498288843,4.810836874743326
6107004101,12.130195744695414,4.992852170431212
6107004102,12.122940960985626,4.978806182067077
6107004200,14.031394130732375,5.721404893223819
6107004300,13.750485859000684,5.625642153319644
6107004400,13.688817368925394,5.59176779192334
6107004500,11.584285770704997,4.722769446954141
6109001100,7.75114964202601,3.38979646954141
6109001200,7.676718971937029,3.372932414099932
6109002100,6.605231236824093,3.019491798767967
6109002200,7.478279417522245,3.32161694934976
6109003100,6.233180836413416,2.946099459958932
6109003200,7.261492101300479,3.299888617385352
6109004100,7.787886558521561,3.43586125393566
6109004200,6.40155492881588,3.035729506502396
6109005100,7.9460106091718,3.457959346338125
6109005201,8.262646991101985,3.562889862422998
6109985202,8.217224354551677,3.535004269678302
6111000100,7.32142460164271,2.946421060232717
6111000200,8.793193435318275,3.139043854209446
6111000302,8.495192232032854,3.101824427789186
6111000303,8.633939965092402,3.169886452429843
6111000304,8.302832141683778,3.090278210130048
6111000400,8.248975753593429,3.103742199178645
6111000500,8.697289753593429,3.218072229979466
6111000600,8.527616800821355,3.175343746748802
6111000701,8.572924277207392,3.192259073921971
6111000702,8.5367613908282,3.18816919301848
6111000800,8.328690857631759,3.14171921560575
6111000901,7.68317800752909,3.007444698151951
6111000902,7.896477230663929,3.045461067077344
6111000903,7.672585882272416,2.977980325119781
6111001001,7.920893061601643,3.134771734428474
6111001002,7.759307715263518,3.046788201916496
6111001101,7.944910825462012,3.118659742642026
6111001102,7.894715819986311,3.089094820670773
6111001201,8.736355026009582,3.26369748733744
6111001202,8.74807555578371,3.289847525667351
6111001204,8.308303466119096,3.188694893908282
6111001206,8.144956651608487,3.245821451060917
6111001301,8.833663979466119,3.287406258042437
6111001302,8.809292566735113,3.272378698151951
6111001401,8.806434759753593,3.295384263518138
6111001402,8.857183167693361,3.314856073921971
6111001502,8.752526178644764,3.332639042436687
6111001503,8.774665421629021,3.316550078028747
6111001506,8.81885883504449,3.315512003422314
6111001507,8.822841978781656,3.333778920602327
6111001601,8.731286707049966,3.303091505817933
6111001602,8.715665292265572,3.320699929500342
6111001700,8.572082271731691,3.25415013963039
6111001800,8.622336535934292,3.290504995208761
6111001900,8.543654878850103,3.276963731690623
6111002000,8.547632922655715,3.310383314168378
6111002102,8.512305449691992,3.317896104722793
6111002200,8.463696683093771,3.296101095824778
6111002300,8.43878749486653,3.29146779192334
6111002400,8.524119391512663,3.324700158795346
6111002500,8.67541427926078,3.359805272416153
6111002600,8.589319733744011,3.327507516084873
6111002700,8.683094976043806,3.332146282683094
6111002800,8.763173614647502,3.357218812457221
6111002901,8.871121832991102,3.370952186858316
6111002905,8.832965412731006,3.394196986310746
6111003010,8.928848997262149,3.365156772073922
6111003011,8.908616941136208,3.367529436002738
6111003012,8.92332750513347,3.354376383983573
6111003013,8.907799507186858,3.353449171115674
6111003100,8.970607651608487,3.369011848733744
6111003201,8.966838864476386,3.386388390143737
6111003300,8.943262022587269,3.383634432580424
6111003605,8.867768692676249,3.41673744421629
6111003608,8.902077916495551,3.404820494182067
6111003609,8.8144605633128,3.414580148528405
6111003612,8.234271224503764,3.418217886379192
6111003700,8.915683761806982,3.412059292265572
6111003801,8.939063794661191,3.41125807118412
6111003802,8.934665378507871,3.415100011635866
6111003900,8.963946495550992,3.411253448323066
6111004000,8.949000249828884,3.422657059548255
6111004101,8.92594937303217,3.422888587953456
6111004200,8.90355276659822,3.434995735797399
6111004304,8.876612577686516,3.417576891854894
6111004305,8.852636229979466,3.428558306639288
6111004400,8.855560062286105,3.433434125256674
6111004503,8.918860178644764,3.430037197809719
6111004504,8.938431750855578,3.433644442847365
6111004505,8.907859950718686,3.431384520876112
6111004506,8.899444376454483,3.432780091033539
6111004600,8.972139138945927,3.451404021902806
6111004704,9.099641245037645,3.428992120465435
6111004710,8.984597459958932,3.43026473100616
6111004711,8.976342247091034,3.425699956194387
6111004715,8.963890103353867,3.442689737850787
6111004716,9.020285162217659,3.410383238193018
6111004717,9.02053888843258,3.423473898015058
6111004901,9.02100545174538,3.377770047227926
6111004902,9.070786869267625,3.38254095687885
6111005002,9.039172206023272,3.349092361396304
6111005003,8.97339284257358,3.339660561943874
6111005004,8.921954295003422,3.332103066392882
6111005100,8.978433525667351,3.291538255304586
6111005202,9.131188735112936,3.342174778918549
6111005203,9.156904186173854,3.35247804312115
6111005204,9.103767572210814,3.35093062696783
6111005205,9.103477811772758,3.355270439425051
6111005303,9.231852914442163,3.367905127310062
6111005304,9.27045018275154,3.37469756605065
6111005305,9.287543997262149,3.342218558521561
6111005306,9.249529169062286,3.35944098220397
6111005401,9.186574325119781,3.363879324435318
6111005403,9.196438477754962,3.374019462696783
6111005404,9.201253258042437,3.361459660506502
6111005502,9.176929661875428,3.377116409993155
6111005503,9.155886245037645,3.366796075290897
6111005504,9.172090595482546,3.368554432580424
6111005600,9.209647527036276,3.424458078028747
6111005700,9.208112137577002,3.423318707734428
6111005801,9.33581223340178,3.421605475701574
6111005802,9.339812553045859,3.412720767967146
6111005901,9.36793005065024,3.407205440109514
6111005906,9.567531631074606,3.404701444900753
6111005907,9.602024650924025,3.423809587268994
6111005908,9.411174821355236,3.387774277207392
6111005909,9.437927237508556,3.37211850513347
6111005910,9.391865056125941,3.399327324435318
6111005911,9.466585173853525,3.38390170568104
6111006000,9.375868161533196,3.388139188911704
6111006100,9.390030511293634,3.369737640657084
6111006200,9.422525418206708,3.352951435318275
6111006301,9.393754644079398,3.329945251882272
6111006302,9.451626301163587,3.32449588569473
6111006400,9.47258652019165,3.318792451060917
6111006500,9.51530680698152,3.334978210130048
6111006600,9.467683225188227,3.325868331279945
6111006700,9.48014742642026,3.342811524982888
6111006800,9.524073638603696,3.351361862422998
6111006900,9.491480808350445,3.365236865160849
6111007000,9.527044319644079,3.372581971937029
6111007100,9.590879325119781,3.382503015058179
6111007201,9.579687679671458,3.365834704996578
6111007202,9.621184843942505,3.386511154004107
6111007300,9.251555514031485,3.435934485968515
6111007402,9.681493056810404,3.389291802874743
6111007403,9.782850001368925,3.412221613963039
6111007405,9.976167623545517,3.42057857357974
6111007406,9.739774,3.387242188227242
6111007505,9.553538119780972,3.300879056810404
6111007506,9.675010123203285,3.335814859685147
6111007507,9.550129687200548,3.324334216290212
6111007508,9.549996990417522,3.343773493497604
6111007509,9.642749378507871,3.357411965092402
6111007510,9.575645230663929,3.337582228610541
6111007511,10.004890336755647,3.385106439425051
6111007512,9.84900394934976,3.328461229979466
6111007513,9.544514147843942,3.308151063655031
6111007514,9.471646915811088,3.300896037645448
6111007606,9.132518439425051,3.268703727583847
6111007607,9.281428271731691,3.302525240930869
6111007609,9.282103181382615,3.294174917864476
6111007610,9.321740585900068,3.294838666666667
6111007611,9.233623533880904,3.282519902806297
6111007612,9.219173278576318,3.293480840520192
6111007613,9.3446195633128,3.293246543463381
6111007614,9.109662268309377,3.223988648186174
6111007700,9.411282823408624,3.280196045859001
6111007800,9.539344521560575,3.293919893908282
6111007901,9.5033348678987,3.284704468172485
6111007903,9.498057583162218,3.267346446954141
6111007904,9.572944700889802,3.287691021902806
6111008001,9.599608991101985,3.294607030800821
6111008002,9.674634367556468,3.292130819301848
6111008004,9.639596186173854,3.30845405065024
6111008005,9.601448095140315,3.307234431895962
6111008101,9.611239091718001,3.286126755646817
6111008201,9.724180492128679,3.283590872005476
6111008202,9.647024501711157,3.285410930869268
6111008302,9.838902895277207,3.296906785763176
6111008303,9.826183175906913,3.292367703627652
6111008304,9.956215046543463,3.329668284736482
6111008305,9.809603308692676,3.305035476386037
6111008306,9.770171550308008,3.277794376454483
6111008401,9.658416561259411,3.269298963723477
6111008402,9.500825396988364,3.256906277891855
6111008500,9.371681034907598,3.244110748117728
6111008600,8.934651613278576,3.400842792607803
6111008700,8.938804603696099,3.388484857631759
6111008800,8.892837967830253,3.407669580424367
6111008900,8.909032619438741,3.418689759069131
6111009100,8.979122859000684,3.397860699520876
6111980000,6.934037288843258,3.441573797399042
6113010101,9.92047661670089,3.499771078028747
6113010102,9.267957546201232,3.379900935660506
6113010201,9.951213247775496,3.526213262149213
6113010203,9.736978674195756,3.49739282477755
6113010204,9.894887883641342,3.51433131211499
6113010302,9.899859819986311,3.533896761122519
6113010310,9.689860474332649,3.508403954140999
6113010312,9.794100393566051,3.527288656399726
6113010401,9.385381904175222,3.559456361396304
6113010402,9.714151607802875,3.548071441478439
6113010501,8.326772826146475,3.225679005475702
6113010505,8.564154476386037,3.249866982888433
6113010508,8.2245822183436,3.193108822039699
6113010509,8.511212704312115,3.248229787132101
6113010510,8.444927471594798,3.22766311430527
6113010511,8.310071450376454,3.212433749486653
6113010512,8.375165217659138,3.232948191649555
6113010513,8.304173377138946,3.214467212867899
6113010602,8.624804145106092,3.287732685831622
6113010605,8.823540179329227,3.337220550308008
6113010606,8.71055593908282,3.302538442162902
6113010607,8.849786605749487,3.348781847364819
6113010608,8.734359033538672,3.316294509240246
6113010701,8.561706249144422,3.274545092402464
6113010703,8.442022824093087,3.244941457221082
6113010704,8.500320800821355,3.260107030116359
6113010800,8.243783744695414,3.132339922655715
6113010901,8.075664869267625,3.087792821355236
6113010902,8.08330206844627,3.092381728952772
6113011001,8.087270262149213,3.098875887063655
6113011002,8.104981485968515,3.100971744010951
6113011101,8.205128411362081,3.120823787816564
6113011102,8.260910980150582,3.140127470910335
6113011103,8.326471355920602,3.152326653661875
6113011203,8.080921092402464,3.100762321697468
6113011204,8.241927040383299,3.137954194387406
6113011205,8.41036778439425,3.171494767967146
6113011206,8.333785837782341,3.150593018480493
6113011300,7.000190203969884,2.868592222450376
6113011400,7.47498392881588,2.919218533880904
6113011500,6.386252899383984,2.652855097193703
6115040100,8.471822950034223,2.896215858316222
6115040200,8.433750813826146,2.918491282683094
6115040301,8.431036094455852,2.947297741957563
6115040302,8.538863527720739,2.950180553045859
6115040303,8.475788399041752,2.963679399726215
6115040400,8.56776674880219,2.967822850102669
6115040500,8.538832014373717,2.979887722108145
6115040600,8.533371700889802,2.99957444421629
6115040700,8.600133808350445,3.072928383983573
6115040800,8.302921815195072,3.018866547570157
6115040901,7.899992678302532,2.909270788501027
6115040902,7.927738118412046,2.921295882956879
6115041000,7.710253203969884,2.895964185489391
6115041100,6.771599492813142,2.775517207392197
8001007801,8.21463487816564,2.793883669404518
8001007802,8.18182036550308,2.823046761122519
8001007900,8.226798905544148,2.802161191649555
8001008000,8.210283717316906,2.831627272416153
8001008100,8.160310511978097,2.843089281314168
8001008200,8.218294439425051,2.86367540862423
8001008308,8.140713921971253,2.873488700205339
8001008309,8.055587832991102,2.888296902121834
8001008353,7.624908876796715,2.905552456536619
8001008401,7.032384504449008,2.885788865160849
8001008402,6.116228734428474,2.806884167008898
8001008505,8.27560494661191,2.8882457816564
8001008506,8.220034765229295,2.895440948665298
8001008507,8.268065420944558,2.914552871321013
8001008508,8.345117292265572,2.94023460164271
8001008523,8.053818822039699,3.072564561943874
8001008524,8.313900420944558,2.997506202600958
8001008526,8.185052152635181,2.947035180013689
8001008529,8.277414540041068,2.937174590691307
8001008533,8.352675229295003,2.91452692128679
8001008534,8.392567810403833,2.938519754962355
8001008535,8.432537505817933,2.997818328542094
8001008536,8.303828188911704,3.056432588637919
8001008537,8.416350999315537,3.037761674195756
8001008538,8.263069289527721,3.0269049137577
8001008539,8.36937564202601,3.017678188911704
8001008540,8.365743835728953,3.033010421629021
8001008541,8.349376939767283,3.0813551724846
8001008542,8.147982739904175,3.117635446269678
8001008543,8.237063339493498,3.120306698151951
8001008544,8.267427290896646,2.986531906913073
8001008545,8.280784193702943,2.965568004791239
8001008546,8.351622623545517,2.977703066392882
8001008547,8.366508984941821,2.969633144421629
8001008548,8.382041790554415,2.99999687816564
8001008549,8.397178726214921,2.99457012183436
8001008550,8.391183871321013,2.967097203285421
8001008551,8.418018472279261,2.994086898699521
8001008603,8.314880306639288,3.120106550992471
8001008604,8.278394029431896,3.12424087816564
8001008605,8.295025224503764,3.112565210130048
8001008606,8.337507939767283,3.107533975359343
8001008705,8.399453368240931,2.811474016427105
8001008706,8.428560719370294,2.844257882956879
8001008709,8.378630328542094,2.780362531143053
8001008801,8.420556922655715,2.880827952772074
8001008802,8.414661729637235,2.887220734428474
8001008901,8.365525708418891,2.762614242299795
8001009001,8.263915761122519,2.809504762491444
8001009002,8.268392637919233,2.792573751540041
8001009101,8.347402400410678,2.855486551676934
8001009103,8.407976866529774,2.913927393566051
8001009104,8.380070052703628,2.87681016495551
8001009202,8.282436631074606,2.836810468172485
8001009203,8.224954927446954,2.833874970568104
8001009204,8.293939158795346,2.868979383983573
8001009206,8.366118531827515,2.899992006160164
8001009207,8.359573970568104,2.881555782340862
8001009304,8.186852971252567,2.825902301163587
8001009306,8.156173414784394,2.761946106091718
8001009307,8.20150961670089,2.771947272416153
8001009308,8.175664342915811,2.744928596851472
8001009309,8.042669234086242,2.732583062286105
8001009310,8.09538107118412,2.7404555633128
8001009316,8.085292413415469,2.789065235455168
8001009318,8.146693918548939,2.779651760438056
8001009319,8.05362864202601,2.770117281314168
8001009320,8.068693211498973,2.760186942505134
8001009321,8.040322527036276,2.798067661190965
8001009322,8.098293618069815,2.814821141683778
8001009323,8.199641075975359,2.87812784531143
8001009325,8.074867452429843,2.854819062970568
8001009326,8.030118232032854,2.820381856947296
8001009327,8.127426689253936,2.84815920054757
8001009401,7.93169472347707,2.717298961670089
8001009406,7.914598197125257,2.74312705065024
8001009407,7.911814203969884,2.733638596167009
8001009408,7.888464160164271,2.802074869952088
8001009409,7.898679462696783,2.779315638603696
8001009410,7.859163978097194,2.751353270362765
8001009411,7.966690140314853,2.774856637234771
8001009501,8.06253790349076,2.715547416837782
8001009502,8.057046350444901,2.686090117727584
8001009553,8.18838937303217,2.705762234086242
8001009603,7.838605117727584,2.686788938398357
8001009604,7.914353683778234,2.687040064339494
8001009606,7.966254836413416,2.670608882956879
8001009607,7.886678761122519,2.659707941136208
8001009608,7.830145378507871,2.640430718001369
8001009751,7.88387494661191,2.627790768651608
8001009752,8.049518002737851,2.651949143052704
8001015000,8.310105856262834,2.759235740588638
8001060000,8.19764097467488,2.978820301163587
8001060100,8.068286027378508,2.905001305270363
8001060200,8.083883646817248,2.87419101026694
8001061200,8.226867594798084,3.023223324435318
8001988700,8.386818011635866,2.945665562628337
8003960000,4.597930958932238,2.436385858316222
8003960100,4.759046160848734,2.524002372347707
8003960200,4.749421934976044,2.514460761806982
8003960300,4.754242271731691,2.522041529089665
8005004951,7.992470189596167,2.690761338124572
8005004952,8.032374543463381,2.681424100616016
8005005551,7.470384166324435,2.551884399041752
8005005552,7.320109934976044,2.52123160164271
8005005553,7.186765869267625,2.503500577002053
8005005611,7.171358565366188,2.54424034770705
8005005612,7.282785162902122,2.563516188911704
8005005614,7.217592661190965,2.579204346338125
8005005619,6.960940488021903,2.455450994524298
8005005620,7.062799280629706,2.47990086036961
8005005621,6.762844848049281,2.420596166324435
8005005622,6.737147653661875,2.422397507871321
8005005623,6.857374905544148,2.4543145229295
8005005624,6.934759819986311,2.486139611909651
8005005625,7.008172421629021,2.516229281314168
8005005626,7.07420947980835,2.540288383983573
8005005627,7.098609262833676,2.560807049281314
8005005628,7.125095488021903,2.581653969883641
8005005629,7.01210335523614,2.564870136892539
8005005630,7.00070650513347,2.544926727583847
8005005631,6.943785013689254,2.528551217659138
8005005632,6.902039835728953,2.504980763175907
8005005633,6.828032093086927,2.471411097193703
8005005634,6.706369863107461,2.436716814510609
8005005635,7.261381076659822,2.600610693360712
8005005636,7.357804696783025,2.607172620807666
8005005700,7.57210225119781,2.585719493497604
8005005800,7.676119728268309,2.616186388090349
8005005951,7.614683970568104,2.611132741273101
8005005952,7.660683376454483,2.627354541409993
8005006000,7.436109874058864,2.563839273785079
8005006100,7.500306519507187,2.590303379876797
8005006200,7.335287971252567,2.544928170431212
8005006300,7.366882704312115,2.567463585900068
8005006400,7.26127922587269,2.529808008898015
8005006501,7.034513830937714,2.478974482546201
8005006502,7.059503650239562,2.488885588637919
8005006601,7.211712724161533,2.531662006160164
8005006603,7.028906364818617,2.502010481177276
8005006604,7.102608431895962,2.506686287474333
8005006704,7.544009568104038,2.634366472279261
8005006705,7.478318765229295,2.599992969199179
8005006706,7.150746382614648,2.60103825119781
8005006707,7.149880466803559,2.615642934291581
8005006708,7.035859687200548,2.577793342231348
8005006709,7.040276672826831,2.597960473648186
8005006711,7.287973110198494,2.619021503764545
8005006712,7.368725765913758,2.638802266940452
8005006713,7.271529363449692,2.62983820807666
8005006808,7.385510990417522,2.683121497604381
8005006815,7.204536011635866,2.639749052019165
8005006854,7.509746930869268,2.70525481724846
8005006855,7.261389631759069,2.67803586036961
8005006856,7.08275231211499,2.650779648870637
8005006857,7.377516238877481,2.662320214921287
8005006858,7.363135224503764,2.654061211498973
8005007101,5.719446165639973,2.657209528405202
8005007103,6.493917891854894,2.69093909377139
8005007104,7.376498961670089,2.794536224503764
8005007105,7.167681950034223,2.790252328542094
8005007106,6.285798329226557,2.599963973990418
8005007107,6.644386034223135,2.641424405886379
8005007201,8.115485746748802,2.788967887748118
8005007202,8.174177203969884,2.787038683778234
8005007301,8.125964750855578,2.837544735797399
8005007302,8.178508956194387,2.8079935633128
8005007400,8.137888027378508,2.812292553045859
8005007500,8.117626351129363,2.83187394661191
8005007600,8.088391568788501,2.835311899383984
8005007702,8.057679140999316,2.82407829705681
8005007703,8.100179046543463,2.804895407939767
8005007704,8.059912630390144,2.802604112936345
8005015100,7.830699826146475,2.689676811088296
8005080000,8.02227680971937,2.795081711156742
8005080100,8.007466496919918,2.790951579055442
8005080200,7.941549065023956,2.782917509924709
8005080300,7.84084557357974,2.768839495550992
8005080400,7.735706558521561,2.756320417522245
8005080500,7.775772640657084,2.77847167008898
8005080600,7.825033987679672,2.792029797399042
8005080700,7.894694235455168,2.801246043805613
8005080800,7.986448273785079,2.813549940451745
8005080900,8.003264811088296,2.815429021218344
8005081000,7.975535046543463,2.833714743326489
8005081100,7.931393859000684,2.824234891170431
8005081200,7.87872494661191,2.813003546201232
8005081300,7.834276871321013,2.810284270362765
8005081400,7.758465124572211,2.78990352019165
8005081500,7.68653477412731,2.772637179329227
8005081600,7.607452765913758,2.768229422313484
8005081700,7.335051527720739,2.719065514715948
8005081800,8.061487371663244,2.850582588637919
8005081900,7.994690516084873,2.854340523613963
8005082000,7.915779184120465,2.843209722108145
8005082100,7.840057250513347,2.825376019164956
8005082200,7.783216845995893,2.813911127310062
8005082300,7.741549424366872,2.802783769336071
8005082400,7.665967216974675,2.790958183436003
8005082500,7.575044069815195,2.77399943394935
8005082600,7.765347099247091,2.824775507871321
8005082700,7.724268403148528,2.813447731690623
8005082800,7.66671304312115,2.800873081451061
8005082900,7.617778420944558,2.810962142368241
8005083000,7.35983432238193,2.770673876796715
8005083100,7.54173286036961,2.792824312799452
8005083200,7.235446916495551,2.742876477754962
8005083300,7.52555076659822,2.776324496235455
8005083400,7.424543317590691,2.768594798767967
8005083500,7.609319334702259,2.794333013004791
8005083600,7.557925332648871,2.736767524982888
8005083700,7.360559874743326,2.706813729637235
8005083800,7.520542795345654,2.744700899383984
8005083900,7.548685699520876,2.746132735797399
8005084000,7.469494326488706,2.751654862422998
8005084100,7.435240627652293,2.751380947980835
8005084200,7.366624142368241,2.742809527036276
8005084300,7.364074822039699,2.751671292950034
8005084400,7.307763369609856,2.742536599589322
8005084500,7.499054490075291,2.766126274469541
8005084600,7.407253613278576,2.73130707871321
8005084700,7.482687125256674,2.747024754277892
8005084800,7.234876812457221,2.721644607118412
8005084900,7.269197639288159,2.704339995893224
8005085000,7.17403937577002,2.683992342915811
8005085100,7.107974264202601,2.68857968514716
8005085200,6.982060351129363,2.675276249144422
8005085300,6.880150607802875,2.667268553730322
8005085400,7.180316308008214,2.710709777549624
8005085500,7.223326485284052,2.70999427652293
8005085600,7.13242084531143,2.700190674195756
8005085700,7.309040986310746,2.724449718001369
8005085800,7.289509341546886,2.732510527720739
8005085900,7.154221644079398,2.721563991786448
8005086000,6.994322018480493,2.695671896646133
8005086100,6.984579613963039,2.687164379192334
8005086200,7.093636201232033,2.704056429842574
8005086300,7.019103161533196,2.666141020533881
8005086400,6.903469864476386,2.649401219712526
8005086500,6.834228181382615,2.644248024640657
8005086600,6.744320370978782,2.637166151266256
8005086700,6.644876529089665,2.629109045174538
8005086800,7.979246138261465,2.746113823408624
8005086900,7.936134501711157,2.747989559206023
8005087000,7.954595853524983,2.765012368240931
8005087100,7.890945694045174,2.755402062286105
8005087200,7.904882969199179,2.737551919917864
8005087300,7.84782773853525,2.727834990417522
8007940400,4.62232974606434,2.404226663244353
8007974200,4.528362350444901,2.37235234770705
8007974300,4.548740960301164,2.375309364134155
8007974400,4.343268858316222,2.312401126625599
8009964600,5.802976481177276,3.032162030116359
8009964700,5.777086015058179,3.013355446269678
8011966700,5.671910795345654,2.937286640657084
8013012101,5.833179911019849,2.290331407255305
8013012102,5.988700290212183,2.327569388774812
8013012103,6.008513883641342,2.342996780287474
8013012104,5.820295639972622,2.299128911704312
8013012105,5.9110306954141,2.321937702258727
8013012201,5.765458446269678,2.270772422313484
8013012202,6.03584243394935,2.330753894592745
8013012203,6.201769547570157,2.38547879192334
8013012204,5.926905234086242,2.30723911430527
8013012300,6.026747407939767,2.330578492128679
8013012401,5.96674697467488,2.314825394250513
8013012501,6.379972733744011,2.431738065708419
8013012505,5.890864731690623,2.298718255304586
8013012507,6.165240930869268,2.367018900068446
8013012508,6.287002128678987,2.403028722792608
8013012509,6.160269320328542,2.366702891854894
8013012510,5.894464605065024,2.295550240930869
8013012511,6.240834658453114,2.394503220396988
8013012603,6.298086444900753,2.409235917180014
8013012605,6.15466928678987,2.367346782340862
8013012607,6.131276976043806,2.358015403148528
8013012608,6.225952676933607,2.385970249144422
8013012701,6.157941953456537,2.412395800136892
8013012705,6.430266106776181,2.48243079192334
8013012707,6.699719067077344,2.548318521560575
8013012708,6.581843582477755,2.532954081451061
8013012709,6.874650101300479,2.621474185489391
8013012710,6.621300399041752,2.508326718001369
8013012800,7.347834446269678,2.76433534017796
8013012903,7.235266919917864,2.701157665297741
8013012904,7.276028483915127,2.702681621492129
8013012905,7.422008912388775,2.750665972621492
8013012907,7.519238484599589,2.791790293634497
8013013003,6.967073140999316,2.618696042436687
8013013004,6.948544624914442,2.602313648186174
8013013005,7.109254926078029,2.646328494182067
8013013006,7.036419098562628,2.622186959616701
8013013201,6.84715207871321,2.705293440109514
8013013202,6.162174388774812,2.448669447638604
8013013205,6.850892212867899,2.629076689938398
8013013207,6.635001869952088,2.613345303901437
8013013208,6.732568204654346,2.631510934976044
8013013210,6.989099637919233,2.687986382614648
8013013211,7.258581310746064,2.770037867214237
8013013212,6.775095971937029,2.631598551676934
8013013213,6.628188103353867,2.585016837782341
8013013302,6.972948183436003,2.691132362080767
8013013305,6.849658277891855,2.678122690622861
8013013306,6.939261113620808,2.707066696098563
8013013307,6.876692535934292,2.67304135523614
8013013308,6.967286863791923,2.698526455852156
8013013401,7.121178535249829,2.734561480492813
8013013402,7.26606693155373,2.795862500342231
8013013503,7.078654362765229,2.737739091718001
8013013505,7.015951262833676,2.731543151950719
8013013506,7.113302356605065,2.765614855578371
8013013507,7.162403607118412,2.766790958932238
8013013508,7.254488323750856,2.812121146475017
8013013601,5.813378416837782,2.379856659137577
8013013602,4.691868205338809,2.064224657768652
8013013701,4.92944559890486,2.089331876796715
8013013702,4.752790545516769,2.041815772073922
8013060600,6.562892386036961,2.467715787816564
8013060700,7.103453295003422,2.631727642710472
8013060800,7.538788984257358,2.764783712525667
8013060900,7.347807560574949,2.713788701574264
8013061300,6.929531525667351,2.567533021902806
8013061400,6.931964349075975,2.559452105407255
8014030000,7.547260777549624,2.7186396954141
8014030100,7.540023978097194,2.726284073237509
8014030200,7.622460392881588,2.725743326488706
8014030300,7.704161746748802,2.767931247091034
8014030400,7.674988246406571,2.774128637919233
8014030500,7.83320211430527,2.825587552361396
8014030600,7.955080252566735,2.85916605338809
8014030700,7.951481262149213,2.842031364818617
8014030800,7.834663424366872,2.803723557837098
8014030900,7.610407960301164,2.76668638329911
8014031000,7.96588113963039,2.875178958932238
8014031100,7.142733572895277,2.610382730321698
8014031200,7.332362585215606,2.673282066392882
8014031300,7.887483023956194,2.883669649555099
8014031400,8.044663302532512,2.970257776865161
8014980100,7.381893008898015,2.7075940862423
8014980200,7.597059941820671,2.779539101984942
8014980300,7.270632965776865,2.678940787132101
8015000100,4.354827244353183,2.253521524298426
8015000200,4.3355105229295,2.254177290212183
8015000300,4.247753639288159,2.219558091718001
8015000401,4.140070968514716,2.152223019849418
8015000402,4.21620487816564,2.163871758384668
8017960600,6.016913228610541,3.105933368925394
8019014700,4.503112400410678,1.984635338124572
8019014800,4.566760955509925,1.993198255989049
8019014900,4.265326318959617,1.986528499657769
8021974800,4.541398855578371,2.427010333333333
8021974900,4.295346347022587,2.304973018480493
8023972600,4.472710889117043,2.377131837782341
8023972700,4.443791719370294,2.373931671457906
8025969600,5.579832527036276,2.806006135523614
8027970100,4.523569158110883,2.320821678302532
8029964600,4.726879367556468,2.376462192334018
8029964700,5.045902210814511,2.456602702258727
8029964800,5.219147327173169,2.535791988364134
8029964900,5.144097665297741,2.556900999315537
8029965000,4.90394894661191,2.461818457905544
8029965100,5.225684026694045,2.581696805612594
8029965200,4.836045759753593,2.380796472279261
8031000102,7.853242143052704,2.596242455167693
8031000201,8.072111308692676,2.640845862422998
8031000202,8.055692387405886,2.622049644079398
8031000301,7.841784064339494,2.585862491444216
8031000302,7.764978534565366,2.563102484599589
8031000303,7.86520264202601,2.576346668720055
8031000401,7.985158508555784,2.600458384668036
8031000402,7.966278170431212,2.585305349075975
8031000501,7.734035427104723,2.552772978781656
8031000502,7.833951524982888,2.560447976728268
8031000600,7.913687689253936,2.569552283367556
8031000701,7.673830388090349,2.538452353182752
8031000702,7.796080959616701,2.550639577686516
8031000800,7.852974318275154,2.550694047227926
8031000902,7.587736038329911,2.526832192334018
8031000903,7.687487485968515,2.543052646817248
8031000904,7.639464832306639,2.536271594113621
8031000905,7.739522745379877,2.544109011635866
8031001000,7.804514179329227,2.558322453798768
8031001101,8.076522116358658,2.616770195071869
8031001102,8.030153961670089,2.59273771321013
8031001301,7.726849689938398,2.559793932922656
8031001302,7.793334359342916,2.57588741615332
8031001401,7.715012127994524,2.571679823408624
8031001402,7.644766798083504,2.568451176591376
8031001403,7.747338667351129,2.603633175906913
8031001500,8.200217549623546,2.656951464750171
8031001600,8.135887678302532,2.607730479123888
8031001701,8.014210382614648,2.574754450376454
8031001702,8.029980282683094,2.570042346338125
8031001800,7.970430445585216,2.57316488843258
8031001901,7.923308824093087,2.560168334017796
8031001902,7.948058863791923,2.55984372073922
8031002000,8.001225770704997,2.574527208761122
8031002100,7.907982643394935,2.583977741957563
8031002300,8.159414477754962,2.626955869952088
8031002402,8.111544785078713,2.599946694045174
8031002403,8.11183351266256,2.592886898699521
8031002601,8.061114030800821,2.584283047912389
8031002602,8.081664997262149,2.596295285420945
8031002701,8.033480667351129,2.586458569472964
8031002702,8.022488364818617,2.598562900068446
8031002703,8.058383856947296,2.599006950718686
8031002801,8.009118592744695,2.604800554414784
8031002802,7.965383811088296,2.598127082135524
8031002803,7.982301754277892,2.610520688569473
8031002901,7.905001759753593,2.607305325804244
8031002902,7.926077654346338,2.620893908281999
8031003001,7.84975711430527,2.626679416837782
8031003002,7.750877801505818,2.628243453798768
8031003003,7.867229309377139,2.64396429705681
8031003004,7.780459372347707,2.638730998631075
8031003101,8.130911883641342,2.621664938398357
8031003102,8.111023379876797,2.617970734428474
8031003201,8.072970997946612,2.613623918548939
8031003202,8.090003843258042,2.626539297741273
8031003203,8.037231965092402,2.627500788501027
8031003300,8.11731646954141,2.655660898699521
8031003401,8.004011813826146,2.633087466119096
8031003402,7.925829672142368,2.641016401779603
8031003500,8.290798221765914,2.687723613278576
8031003601,8.222067293634497,2.651459175906913
8031003602,8.244807394934976,2.676360144421629
8031003603,8.210145136208077,2.66340675633128
8031003701,8.171489858316222,2.653711377138946
8031003702,8.114659475701574,2.642539648870637
8031003703,8.168967999315537,2.66400170294319
8031003800,8.071288953456537,2.659818412046544
8031003901,7.998416501711157,2.659253114989733
8031003902,7.929976252566735,2.66722254825462
8031004002,7.730852758384668,2.6541773045859
8031004003,7.753737202600958,2.672999288843258
8031004004,7.651635262833676,2.664816555099247
8031004005,7.894527993839836,2.6644886091718
8031004006,7.826801811772758,2.660651456536619
8031004101,8.323404132785763,2.72666390622861
8031004102,8.33230070568104,2.764334937713895
8031004103,8.252758526351814,2.70386587063655
8031004104,8.249844674195756,2.735899691991786
8031004106,8.332414175906913,2.844019819986311
8031004107,8.351103811088296,2.804527219712526
8031004201,8.201882620123203,2.699188631759069
8031004202,8.211245368925394,2.72867231211499
8031004301,8.151446227241615,2.680684840520192
8031004302,8.160320026009582,2.701163095140315
8031004303,8.106894516769336,2.68950311156742
8031004304,8.165756772073922,2.71978622587269
8031004306,8.114111709103354,2.722765063655031
8031004403,8.214597600958248,2.766265284736482
8031004404,8.186351636550308,2.759041984941821
8031004405,8.131645466803559,2.761245112936345
8031004503,7.531896751540041,2.526919565366188
8031004504,7.542369926762491,2.52519926899384
8031004505,7.660118282683094,2.544889386036961
8031004506,7.614305981519507,2.540847713894593
8031004601,7.438669299794661,2.521612136208077
8031004602,7.533528326488706,2.537890431211499
8031004603,7.456215538672142,2.534458858316222
8031004700,7.345838925393566,2.508223762491444
8031004801,7.255994229295003,2.50201089596167
8031005001,8.023588115674196,2.707802550308008
8031005002,8.012213072553046,2.721545145106092
8031005102,7.950155224503764,2.690365117043121
8031005104,7.934331123203285,2.683159451060917
8031005200,7.937086687200548,2.705931607118412
8031005300,7.852677010951403,2.676619560574949
8031005502,7.18422037577002,2.492243587268994
8031005503,7.076146476386037,2.472941802874743
8031006701,7.504133108145106,2.657160835728953
8031006804,7.513064108829569,2.674445637919233
8031006809,7.618646472279261,2.677630802190281
8031006810,7.64805316495551,2.700823305270363
8031006811,7.774856617385352,2.710712237508556
8031006812,7.777675783025325,2.693086773442847
8031006813,7.799190559890486,2.742481536618754
8031006814,7.745278238877481,2.727159034223135
8031006901,7.867704550992471,2.702627199863108
8031007006,7.690897862422998,2.734109975359343
8031007013,7.935309117043121,2.729572683093771
8031007037,8.028222973990418,2.775926747433265
8031007088,8.022760561259411,2.742336619438741
8031007089,8.053660586584531,2.761204390143737
8031008304,8.341055024640657,2.908203054757016
8031008305,8.318091180698152,2.919469349760438
8031008306,8.313285342231348,2.899578837097878
8031008312,8.259399960301164,2.893754119780972
8031008386,8.257491622176591,2.924030636550308
8031008387,8.254638269678302,2.91343684257358
8031008388,8.152298803559206,2.921978704996578
8031008389,8.007595048596852,2.933467793292266
8031008390,7.988973611225188,2.912427998631075
8031008391,7.916210663928816,2.91936111156742
8031011902,7.159534579055442,2.480367468856947
8031011903,7.108067780287474,2.473331603011636
8031012001,7.02731020054757,2.462084608487337
8031012010,6.857164362765229,2.429206409308693
8031012014,6.689950347022587,2.396499440109514
8031015300,8.032818811088296,2.696202980835044
8031015400,7.831384358658453,2.604896316221766
8031015500,7.967755324435318,2.682479990417522
8031015600,7.557653785763176,2.563024503080082
8031015700,7.350390825462012,2.522602331279945
8031980000,7.834752318959617,2.988762358658453
8031980100,8.351056986310746,2.880268453114305
8033000100,4.584261561259411,2.391766430527036
8035013901,6.49286239835729,2.582418023956194
8035013904,6.530318336071184,2.567817880903491
8035013905,6.399129678302532,2.541485098562628
8035013907,6.242331084873374,2.506933122518823
8035013908,6.048757273785079,2.47565154825462
8035013909,5.775721567419576,2.422030704996578
8035013910,6.287241440793977,2.523200402464066
8035013911,6.115742439425051,2.505881986310746
8035014001,6.863749422313484,2.615167912388775
8035014005,6.68721246201232,2.58440166255989
8035014006,6.391746594798084,2.521729045174538
8035014007,6.75453026146475,2.581308535934292
8035014008,6.577200410677618,2.561716325119781
8035014009,6.416456095824778,2.537902942505134
8035014010,6.626840688569473,2.582703227241615
8035014011,6.423256216290212,2.505148332648871
8035014012,6.108462635865845,2.447755011635866
8035014013,5.882143368240931,2.413070636550308
8035014107,6.805889977412731,2.502856951403148
8035014108,6.696159558521561,2.478262890485968
8035014109,6.719043220396988,2.496705850787132
8035014110,6.831217511293634,2.523256661875428
8035014112,6.799568397672827,2.534200335386721
8035014113,6.797129055441478,2.544777817932923
8035014114,6.923656311430527,2.574830134154689
8035014115,6.751058712525667,2.544520085557837
8035014116,6.823902298425736,2.56648314715948
8035014122,6.050653532511978,2.401782981519507
8035014123,5.860097002737851,2.376579380561259
8035014124,6.33176317522245,2.375360136892539
8035014125,6.443831479123888,2.486195960301164
8035014126,6.576784587953456,2.438026107460643
8035014127,6.227538637919233,2.431145061601643
8035014128,6.477277004791239,2.409810572210814
8035014129,6.465750798083504,2.416947581793292
8035014130,6.464584941136208,2.393566062970568
8035014131,6.50881898220397,2.393065340862423
8035014132,6.567447242299795,2.463515265571526
8035014133,6.561551210130048,2.451251208761122
8035014134,6.444325805612594,2.448200326488706
8035014135,6.100947037645448,2.374833483230664
8035014136,6.632364653661875,2.493926407939767
8035014137,6.462829260095825,2.468100915811088
8035014138,6.93787632991102,2.564348879534565
8035014139,6.847217481177276,2.535757517453799
8035014140,6.629153056125941,2.515131553045859
8035014202,5.555365343600274,2.259424317590691
8035014203,5.574646527036276,2.223296016427105
8035014204,5.995032869952088,2.289940056125941
8035014300,4.798873008898015,2.11802870294319
8035014403,5.240835733059548,2.262019359342916
8035014404,5.048726811772758,2.202085416837782
8035014405,5.763665577686516,2.346376048596852
8035014406,5.653424598220397,2.322676651608487
8035014503,5.742203308692676,2.368344091033539
8035014504,5.637677676933607,2.35095054825462
8035014505,5.563125633127994,2.337870607802875
8035014506,5.325653452429843,2.313285393566051
8035014602,5.392869008213552,2.355618391512663
8035014603,5.710384750855578,2.379224988364134
8035014604,5.547463020533881,2.354867830253251
8037000100,4.43602580698152,2.249337528405202
8037000200,4.464153224503764,2.273354883641342
8037000301,4.568652499657769,2.317564584531143
8037000302,4.424121822724162,2.256349236824093
8037000401,4.371375262149213,2.20695734770705
8037000402,4.310608521560575,2.193553137577002
8037000403,4.407492391512663,2.245159961670089
8037000501,4.298732151266256,2.17902051266256
8037000502,4.285872238877481,2.168812515400411
8037000503,4.329836470910335,2.184967506502396
8037000600,4.202428510609172,2.131556830937714
8037000701,4.289160042436687,2.156348219028063
8037000702,4.279870576317591,2.142171917864476
8037000703,4.290986984257358,2.142717375085558
8039961100,5.331812253251198,2.579377021902806
8039961204,5.857716957563313,2.49466243394935
8039961205,5.333139034223135,2.439916765913758
8039961206,5.693400861054073,2.425766171800137
8039961207,5.551781138261465,2.424636748117728
8039961208,5.415503371663244,2.385531812457221
8039961209,5.340547516769336,2.400077147843942
8041000101,6.016031748117728,2.616357087611225
8041000102,6.060625707049966,2.6394140862423
8041000202,5.993279668035592,2.614410255304586
8041000203,5.913451595482546,2.571699672826831
8041000301,5.920080776180698,2.571638668720055
8041000302,5.838310984941821,2.539939435318275
8041000400,5.92855819028063,2.571577432580424
8041000500,5.90529731211499,2.561428161533196
8041000600,6.005633323750856,2.611084660506502
8041000700,6.020597940451745,2.616490577002053
8041000800,5.961674561943874,2.589832869952088
8041000900,5.90537238329911,2.560164968514716
8041001000,5.861406863107461,2.540631022587269
8041001101,5.839847173169062,2.53496194661191
8041001104,5.787406655030801,2.515908095824778
8041001301,5.705960757015743,2.494027153319644
8041001302,5.747135837782341,2.509824042436687
8041001400,5.776994405886379,2.517378353182752
8041001500,5.828377306639288,2.532046153319644
8041001600,5.878997821355236,2.543100028747433
8041001700,5.927324947296372,2.56736437303217
8041001800,5.970454074606434,2.592364214921287
8041001900,6.032822795345654,2.618852297741273
8041002000,6.076202629021218,2.64485260164271
8041002101,6.034118080082136,2.630270679671458
8041002102,6.101678772073922,2.665176635865845
8041002200,5.930927969883641,2.581356616016427
8041002300,5.876903205338809,2.561139490759754
8041002400,5.732654258042437,2.50698257357974
8041002501,5.640917013689254,2.492732762491444
8041002502,5.76878035797399,2.532151211498973
8041002700,5.977364273100616,2.601401531827515
8041002800,5.99173286036961,2.61775619028063
8041002900,5.919076566735113,2.593045820670773
8041003000,5.84133305338809,2.556924980150582
8041003100,5.746740273785079,2.546292099931554
8041003303,5.950504163586584,2.620788691307324
8041003305,5.736163051334702,2.551430836413416
8041003306,5.440906494182067,2.482214216974675
8041003307,5.909319579739904,2.607740936344969
8041003308,5.899805134839151,2.610465127994524
8041003400,5.204552405201916,2.346258757015743
8041003701,5.193831802190281,2.315313122518823
8041003702,5.644829795345654,2.479563690622861
8041003705,5.697843048596852,2.498480728952772
8041003706,5.729822137577002,2.504299811088296
8041003707,5.594323995893224,2.461487746748802
8041003708,5.655386211498973,2.480904528405202
8041003709,5.737201387405886,2.50588611156742
8041003801,5.52049093155373,2.434269950034223
8041003802,5.516136188227242,2.432585813141684
8041003902,5.570084438056126,2.511726817932923
8041003905,5.855461169746749,2.564042709103354
8041003906,5.840435996577686,2.556910452429843
8041003909,5.341307855578371,2.503329354551677
8041004008,6.180273223134839,2.732702802190281
8041004009,6.10880883504449,2.690148711841205
8041004100,6.082107088295688,2.69934073853525
8041004200,6.097014542094456,2.707269857631759
8041004300,6.111341846680356,2.723536563997262
8041004401,5.85051731211499,2.610167399726215
8041004402,5.978166774811773,2.6612715229295
8041004403,5.628034148528405,2.584732728952772
8041004501,6.050637298425736,2.677249850102669
8041004502,6.128433183436003,2.725334913073238
8041004503,6.118184136892539,2.743579732375086
8041004506,6.098646772758385,2.729995495550992
8041004507,6.105552160164271,2.735116509240246
8041004508,6.067237765229295,2.726944206023272
8041004510,6.084387819301848,2.743082847364819
8041004511,5.939046092402464,2.714752551676934
8041004601,5.66830683504449,2.599610497604381
8041004602,5.504299061601643,2.61720267761807
8041004603,5.894617683093771,2.693165030800821
8041004701,5.920267255304586,2.583676056810404
8041004702,5.963032953456537,2.606546249828884
8041004703,5.980113288158795,2.615934306639288
8041004705,6.007373986995209,2.629517295003422
8041004706,5.979923925393566,2.61962206844627
8041004800,5.971104242984257,2.60802723340178
8041004901,6.018618785078713,2.62704358110883
8041004902,6.025365801505818,2.6318730862423
8041005000,6.141817120465435,2.694404612594114
8041005104,5.94846810403833,2.655595414784394
8041005105,6.04612712183436,2.652315301163587
8041005106,5.999310360711841,2.637117873374401
8041005107,5.99254136550308,2.640052080766598
8041005108,6.089691697467488,2.673482872005476
8041005109,6.060905206707734,2.663248255304586
8041005110,6.127000699520876,2.691334962354552
8041005111,6.122487428473648,2.695723661190965
8041005201,6.089603414784394,2.663508234086242
8041005202,6.130194942505134,2.679887132785763
8041005300,6.063930876112252,2.658577263518138
8041005400,6.104548920602327,2.679189214236824
8041005501,6.039744377138946,2.647963240246407
8041005502,6.049736703627652,2.640508368240931
8041005601,6.056703631074606,2.649794632443532
8041005602,6.083387754277892,2.663518909650924
8041005700,6.074583345653662,2.653999653661875
8041005800,6.086889563997262,2.6642534770705
8041005900,6.123315507871321,2.679903847364819
8041006000,6.140760014373717,2.681854175906913
8041006100,6.150844045859001,2.688705255989049
8041006200,6.187833027378508,2.709705089664613
8041006301,6.198290158795346,2.722983757015743
8041006302,6.173733733059548,2.701625451060917
8041006400,6.141202154004107,2.701464423682409
8041006501,6.176434912388775,2.715977381245722
8041006502,6.149649742642026,2.716825175906913
8041006600,5.660450994524298,2.480867379876797
8041006700,5.502597852156058,2.435810242299795
8041006801,5.928184220396988,2.595696506502396
8041006802,5.908845644079398,2.585092959616701
8041006901,5.931171658453114,2.604229074606434
8041006902,5.937735769336071,2.604159213552361
8041007000,5.777099338124572,2.535349643394935
8041007101,5.860691264887064,2.579336615331964
8041007102,5.831868921971253,2.561031362080767
8041007201,5.630441559890486,2.480491266255989
8041007202,5.520600962354552,2.433436514031485
8041007300,5.460001762491444,2.408322852156058
8041007400,5.379954508555784,2.370415288843258
8041007500,5.551784861738535,2.462154540041068
8041007601,5.817166963723477,2.583293472279261
8041007602,5.634827273785079,2.511639492128679
8041007700,5.866998620807666,2.560046284052019
8041007800,5.924262003422314,2.58121354072553
8041007900,5.694022359342916,2.491478463381246
8041008000,5.774482937029432,2.519033315537303
8043978100,5.208423260095825,2.472697966461328
8043978200,5.1281290862423,2.477099011635866
8043978300,5.015804221765914,2.403078059548255
8043978400,5.019837028062971,2.437954169746749
8043978500,4.961699884325804,2.411440513347023
8043978600,4.965967017111567,2.423819844626968
8043978800,4.947135607118412,2.417678186173854
8043979000,4.491298539356605,2.272137901437372
8043979100,5.005173678302532,2.439941075290897
8043979200,4.821159735112936,2.382462396988364
8043979400,5.024952843942505,2.451561491444216
8043980100,4.946180352498289,2.417094075975359
8043980200,5.094818765913758,2.473492006844627
8043980300,5.069148511293634,2.457846216974675
8045951600,4.370912984257358,2.23379074606434
8045951701,4.697347134154689,2.350218762491444
8045951702,4.674991472279261,2.344455665982204
8045951802,4.673226032854209,2.346551740588638
8045951803,4.634480509240246,2.338190800136892
8045951804,4.61920538329911,2.331529798767967
8045951901,4.936685470225873,2.408370204654346
8045951902,4.732477295003422,2.348978333333333
8045952001,5.039321626283368,2.432667707049966
8045952002,5.030055436002738,2.420067848733744
8045952100,5.118016597535934,2.421160730321698
8047013800,4.631165055441478,2.008231256673511
8049000100,4.381137287474333,2.163706669404518
8049000201,4.376114316221766,2.057293106776181
8049000202,4.319603551676934,2.044234311430527
8051963600,4.253455255989049,2.237784323066393
8051963700,4.381199396988364,2.302207985626283
8051963800,4.255737811088296,2.225143474332649
8051963900,4.388291446269678,2.295863693360712
8053973100,4.22617674606434,2.254938110198494
8055960600,4.771149171115674,2.468011727583847
8055960900,4.606434339493498,2.392445402464066
8057955600,4.30567431211499,2.14144207118412
8059009806,6.778171969883641,2.433073021218344
8059009807,6.811120184804928,2.431532220396988
8059009808,5.539315570157426,2.192867501026694
8059009815,7.123082560574949,2.549152603011636
8059009823,7.244398709103354,2.606858440109514
8059009824,7.366079223819302,2.635306599589322
8059009827,7.642809442162902,2.690526264887064
8059009828,7.468848180013689,2.642645646817248
8059009829,7.212187884325804,2.583941526351814
8059009830,7.47402695687885,2.63162925393566
8059009831,7.680745527036276,2.677199693360712
8059009832,7.754258101984942,2.682935588637919
8059009833,7.642687607802875,2.655233407255305
8059009834,7.501789386721424,2.628640724845996
8059009835,7.385983568104038,2.603066399726215
8059009836,6.982329018480493,2.507310993839836
8059009837,6.475783924024641,2.406934922655715
8059009838,6.644069896646133,2.431591508555784
8059009839,6.893362568788501,2.482988547570157
8059009840,7.005180787132101,2.502963192334018
8059009841,7.104022592744695,2.526390427104723
8059009842,6.608932363449692,2.409352269678302
8059009843,6.350243273785079,2.358642734428474
8059009845,5.811093024640657,2.23188329705681
8059009846,5.294515044490075,2.128918761122519
8059009847,5.158835843258042,2.100494809034908
8059009848,5.050516963039014,2.08024678439425
8059009849,6.21166102532512,2.312161934291581
8059009850,5.554106565366188,2.186350366187543
8059009851,6.887965203969884,2.472197015058179
8059009852,6.856096094455852,2.458544329226557
8059009900,6.434052364818617,2.363818855578371
8059010000,6.264687990417522,2.325246930184805
8059010100,6.568647342231348,2.384769826146475
8059010205,7.230482506502396,2.558530909650924
8059010206,7.459100496919918,2.602953574264203
8059010208,7.64038725119781,2.632127019849418
8059010209,7.716036948665298,2.652707226557153
8059010210,7.431020943189596,2.585066873374401
8059010211,7.533401603011636,2.5960031321013
8059010212,7.625825008213552,2.602544390143737
8059010213,7.729614041752224,2.621121012320328
8059010303,7.213217464065708,2.545710617385352
8059010304,7.34588181724846,2.558791434633812
8059010305,7.477876721423682,2.576589224503764
8059010306,7.122942353182752,2.51973262696783
8059010307,7.244664093086927,2.541468180013689
8059010308,7.244138299110198,2.530933921971253
8059010402,7.317045008898015,2.533544028747433
8059010403,7.26327874880219,2.526997930184805
8059010405,7.562866531143053,2.57299425119781
8059010406,7.678090783025325,2.593733258042437
8059010502,7.376540559890486,2.524927136892539
8059010503,7.125344042436687,2.498534116358658
8059010504,7.08911673100616,2.485367790554415
8059010603,7.6305613045859,2.56281874606434
8059010604,7.638719752908966,2.571530556468172
8059010701,7.558805596851472,2.545180710472279
8059010702,7.661697251882272,2.556050101984942
8059010801,7.062975796030116,2.475409927446954
8059010901,6.843445947296372,2.432460397672827
8059010902,7.054361546885695,2.464712547570157
8059011000,7.309919485968515,2.50534590349076
8059011100,7.24572301026694,2.491613160164271
8059011202,7.182398289527721,2.475151935660506
8059011300,7.592644476386037,2.542383335386721
8059011401,7.588050583162218,2.5336333045859
8059011402,7.483827895277207,2.523694450376454
8059011550,7.492327044490075,2.517888785078713
8059011601,7.451133394934976,2.512269153319644
8059011602,7.422364780971937,2.508410262149213
8059011701,7.127365676249144,2.469810792607803
8059011702,7.104859607118412,2.465380036276523
8059011708,6.93912871321013,2.441433082819986
8059011709,6.876319248459959,2.428516584531143
8059011710,6.957992080766598,2.444092583162218
8059011711,6.793859925393566,2.416299161533196
8059011712,6.657379794661191,2.395859027378508
8059011720,6.46243061670089,2.355999104722793
8059011721,6.662059532511978,2.395357
8059011723,6.77840878439425,2.413476811772758
8059011724,6.31436810403833,2.327643909650924
8059011725,6.548131058863792,2.372576366872006
8059011726,6.730866943874059,2.407920195756331
8059011727,6.999478381245722,2.449961372347707
8059011728,7.009711168377823,2.452649160164271
8059011729,6.965463269678302,2.448530088295688
8059011730,6.882231593429158,2.434962893908282
8059011731,6.456447356605065,2.355439213552361
8059011732,6.830107162902122,2.425108850102669
8059011733,6.841119491444216,2.425826049965777
8059011803,7.307643610540726,2.496635550308008
8059011804,7.272428859000684,2.492009117043121
8059011805,7.306895485284052,2.493902812457221
8059011806,7.387779491444216,2.5058699137577
8059011904,6.990756182067077,2.450650409993155
8059011951,7.208388704996578,2.484583697467488
8059012022,6.195915010951403,2.305213140999316
8059012023,6.379252033538672,2.342497216290212
8059012024,6.102724351129363,2.289964947980835
8059012026,5.287830938398357,2.129254047227926
8059012027,5.688443927446954,2.206867921971253
8059012030,4.970078991101985,2.065189733744011
8059012031,4.93461387816564,2.06022605338809
8059012032,5.260718167693361,2.12620534017796
8059012033,5.328448451060917,2.139513117727584
8059012034,5.909843780971937,2.252178457221082
8059012035,5.786252742642026,2.229817402464066
8059012036,5.460645577002053,2.174141804243669
8059012037,4.797512764544832,2.043986180013689
8059012038,6.278391466119096,2.320351412731006
8059012039,6.428602796030116,2.351901508555784
8059012041,6.585039214236824,2.379181531827515
8059012042,6.46314717522245,2.355750195071869
8059012043,6.278668031485284,2.322387714579055
8059012044,6.216742864476386,2.309741238877481
8059012045,6.368405794661191,2.338426283367556
8059012046,6.50698400752909,2.365330925393566
8059012047,6.444103767282683,2.355344287474333
8059012048,6.587131410677618,2.383725501711157
8059012049,6.716166190965092,2.408877570157426
8059012050,6.795610442162902,2.417735786447639
8059012051,6.599509960301164,2.390592994524298
8059012052,6.495322210130048,2.36690514715948
8059012053,6.497229785763176,2.371339561943874
8059012054,6.57288682477755,2.377276712525667
8059012055,6.383646453798768,2.348500920602327
8059012057,6.199351648870637,2.311357272416153
8059012058,4.62484044421629,2.049712222450376
8059012059,6.342694036960986,2.338496647501711
8059012060,6.278491912388775,2.323793929500342
8059015800,7.037624160848734,2.46606424366872
8059015900,6.748812185489391,2.411521887748118
8059060300,7.727334153319644,2.752111812457221
8059060400,7.726014498288843,2.727526518138262
8059060500,6.713808659137577,2.484960619438741
8059980000,6.994387880219028,2.449852976728268
8059980400,6.715539287474333,2.404569764544832
8061960100,6.001326099247091,3.103719351813826
8063962100,6.326444929500342,3.248576277891855
8063962200,6.068311492813142,3.112659547570157
8063962300,5.85519573853525,2.985539201232033
8065961700,4.16599168514716,2.128193693360712
8065961900,4.159398486652977,2.135775179329227
8067940300,4.939684798083504,2.503240872689938
8067940400,5.020155657084189,2.521713972621492
8067970600,4.464942524982888,2.321983396303901
8067970701,4.492055757700205,2.323748774811773
8067970703,4.675025135523614,2.3941765633128
8067970704,4.32869559890486,2.269723267624914
8067970800,4.71624328678987,2.409348832991102
8067970900,4.662491814510609,2.390532402464066
8067971000,4.716075542094456,2.412200732375086
8067971100,4.784429485968515,2.43909541889117
8069000100,6.239656416837782,2.582595509240246
8069000201,6.208828995893224,2.571289030800821
8069000202,6.154990743326489,2.55701214715948
8069000300,5.955643942505134,2.498001345653662
8069000401,6.085949357289528,2.536947843942505
8069000402,6.066188320328542,2.527061584531143
8069000503,6.140022281998631,2.547003347022587
8069000504,6.175267864476386,2.561822127310062
8069000505,6.037992690622861,2.520805364134155
8069000506,6.066339872689938,2.529325947296372
8069000600,6.269682141683778,2.583772434633812
8069000700,6.322894206023272,2.606721361396304
8069000801,6.367604291581109,2.623963144421629
8069000802,6.432310558521561,2.644707175906913
8069000901,6.427443567419576,2.644561197809719
8069000902,6.494497874743326,2.671240041752224
8069001003,6.503585122518823,2.671848967830253
8069001004,6.577145501711157,2.696256067077344
8069001007,6.562360533196441,2.692761800136892
8069001008,6.626737418206708,2.718340183436003
8069001009,6.599238135523614,2.709196669404518
8069001010,6.670844986995209,2.734522587953456
8069001104,6.110081077344285,2.543201911019849
8069001106,6.386301416837782,2.636633290896646
8069001107,6.280649484599589,2.598726368925394
8069001109,6.446139292265572,2.655100787132101
8069001110,6.228858904859685,2.579500240246407
8069001111,6.322990867214237,2.606949958932238
8069001112,6.126827839151266,2.548840355920602
8069001113,6.332038385352498,2.616830803559206
8069001114,6.412184917180014,2.648132342915811
8069001301,5.743847901437372,2.452871015058179
8069001304,6.084585693360712,2.542333825462012
8069001305,6.181679001368925,2.568399563997262
8069001306,6.389805427104723,2.643964197125257
8069001307,6.294337704996578,2.615434550992471
8069001308,6.109877464750171,2.563906950718686
8069001601,6.487294762491444,2.674181292265572
8069001602,6.639514264887064,2.722412195071869
8069001603,6.690911097878166,2.745540914442163
8069001605,6.709858117043121,2.755238264887064
8069001606,6.723170036960986,2.755006342915811
8069001607,6.754668507871321,2.767295926078029
8069001608,6.900941358658453,2.817526585215606
8069001704,6.944281016427105,2.82654365229295
8069001706,6.909619377823409,2.821653488706366
8069001707,6.793169048596852,2.78695968788501
8069001708,6.681585125256674,2.742894523613963
8069001709,7.165076405886379,2.906056165639973
8069001804,6.716074750855578,2.756213098562628
8069001806,6.513041445585216,2.68426423340178
8069001807,6.656153861738535,2.736389060232717
8069001808,5.930884420260096,2.488502789869952
8069001809,6.199690483915127,2.57938329705681
8069001901,6.58474376386037,2.705369248459959
8069001902,6.527279585215606,2.689423308692676
8069001903,5.005677937713895,2.193182792607803
8069002005,6.585843919233402,2.698174829568788
8069002007,6.761208477754962,2.758854924024641
8069002008,6.770657452429843,2.755812174537988
8069002010,6.222905891854894,2.569635289527721
8069002011,6.566105405201916,2.686028887063655
8069002300,5.658581692676249,2.406874692676249
8069002401,4.392107182067077,2.06100815468857
8069002402,4.262401856947296,2.028359310061602
8069002501,6.669945167693361,2.755768290212183
8069002502,5.75007151266256,2.474435427789186
8069002503,4.949726192334018,2.217688952772074
8069002600,6.330359911019849,2.581054150581793
8069002700,6.900584937029432,2.773650564681725
8069002801,4.575099822039699,2.071694022587269
8069002802,4.615733529089665,2.070637164271047
8069002803,4.355601070499658,2.029902783709788
8071000100,4.611934396988364,2.437025775496236
8071000200,4.79882379945243,2.52892717522245
8071000300,4.449406205338809,2.37900679192334
8071000400,4.769462413415469,2.524215503764545
8071000500,4.832818921971253,2.549373776180698
8071000800,4.990131547570157,2.618922130732375
8073961700,5.595489170431212,2.772762850102669
8073961800,5.472334676249144,2.75338546201232
8075965900,5.84271307118412,2.914590286105407
8075966000,5.88960752019165,2.900784255304586
8075966100,6.05345871321013,2.989540036960986
8075966200,6.080155013004791,3.017419593429158
8075966300,6.082834241615332,3.004722927446954
8075966400,6.151981630390144,3.084201201916496
8077000200,6.093467234770705,2.583165606433949
8077000300,6.093954994524298,2.586712928131417
8077000400,6.066888960301164,2.593029431211499
8077000500,6.069550864476386,2.590644825462012
8077000601,6.027562777549624,2.584177113620808
8077000602,6.03744484257358,2.588533895277207
8077000700,6.050330807665982,2.586325743326489
8077000800,6.008192400410678,2.5838843908282
8077000900,6.016614259411362,2.605511190965092
8077001001,6.007488205338809,2.588274456536619
8077001002,6.030301826830938,2.593970140314853
8077001101,5.96832076386037,2.581168414784394
8077001102,5.931894566735113,2.576815895277207
8077001200,5.822741425051335,2.573050617385352
8077001301,6.051472451060917,2.592707350444901
8077001302,5.955248684462697,2.578751264202601
8077001402,5.920654399041752,2.621516953456537
8077001403,6.034071250513347,2.593951067761807
8077001404,5.943199934291581,2.593359611909651
8077001501,5.868458180013689,2.644941412046544
8077001502,5.566131278576318,2.591547080766598
8077001600,5.88149979192334,2.582277627652293
8077001702,5.722915435318275,2.547450162217659
8077001703,5.880713303216975,2.572763789869952
8077001705,5.817091861054073,2.563495034223135
8077001706,5.845864295003422,2.574526067761807
8077001707,5.902740227926078,2.578368792607803
8077001800,4.959103719370294,2.357070201916496
8077001900,5.121424511978097,2.448454297741273
8079973600,4.409319730321698,2.349185611909651
8081000300,4.992735066392882,2.491600054757016
8081000400,5.004429988364134,2.499137125941136
8081000500,4.99639312936345,2.492921726214921
8081000600,4.943969308008214,2.473170684462697
8083941100,5.048265290212183,2.572924731690623
8083969000,4.51064792881588,2.336858767282683
8083969100,4.614266524982888,2.366012642710472
8083969200,4.895882606433949,2.519443514031485
8083969300,4.88591322587269,2.455707917864476
8083969400,4.912285419575633,2.459958863791923
8083969600,4.912373323750856,2.46198693155373
8085966100,4.923614960301164,2.521114015742642
8085966201,4.897348908281999,2.467423393566051
8085966202,4.772132196440794,2.443180594113621
8085966300,4.953420117727584,2.522358055441478
8085966400,4.905050301848049,2.503494592060233
8085966501,4.606150175906913,2.391808401779603
8085966502,4.875691636550308,2.491995208761122
8085966503,4.89238172073922,2.49602965982204
8085966601,4.926693624914442,2.513464665982204
8085966602,4.83595411430527,2.478855392881588
8087000100,6.132369600273785,2.912548341546886
8087000200,6.501878581793292,2.979282110882957
8087000300,6.438603222450376,3.004220848733744
8087000400,6.425864887748118,3.028443509924709
8087000500,6.427932291581109,3.025730850102669
8087000600,6.374510761806982,2.993975535249829
8087000700,6.337384044490075,3.041398500342231
8087000800,6.251263772758385,3.004761893908282
8089968000,5.58286453045859,2.783568146475017
8089968100,5.68208185284052,2.882947490759754
8089968200,5.603210853524983,2.849526278576318
8089968300,5.583849407939767,2.858463633812457
8089968400,5.279347062970568,2.70864112936345
8089968500,5.730644488706366,2.921858527036276
8089968600,5.607065715947981,2.86977348733744
8091967600,4.442659979466119,2.336273229295003
8093000100,4.313958594798084,1.977807913073238
8093000200,4.319431341546886,2.0029111321013
8093000300,4.162419488021903,2.090735446954141
8093000400,4.215984555099247,2.080118642710472
8093000500,4.37464209650924,2.159873138261465
8095967600,6.429599780287474,3.269146954140999
8095967700,6.324183943874059,3.195591755646817
8097000100,4.412108507871321,2.260540127994524
8097000401,4.295486299110198,2.220160306639288
8097000402,4.258836314168378,2.212540392197125
8097000500,4.236213868583162,2.188734131416838
8099000100,6.160909263518138,3.194185145106092
8099000200,6.126366169062286,3.176414786447639
8099000300,6.110094829568788,3.165634819986311
8099000600,6.34369173853525,3.304879505817933
8099000700,6.013551661190965,3.13404839835729
8101000100,6.108922941136208,2.777944726214921
8101000200,6.10897865982204,2.775833703627652
8101000300,6.118538620123203,2.780769283367556
8101000400,6.122212862422998,2.776391142368241
8101000500,6.138648275154004,2.780499229979466
8101000600,6.120153763175907,2.771653327173169
8101000800,6.144390464065708,2.775649268309377
8101000902,6.175021657084189,2.802485659137577
8101000903,6.169691397672827,2.801380093086927
8101000904,6.156365138261465,2.789710056125941
8101000905,6.149206310061602,2.791555972621492
8101001000,6.164812367556468,2.795776185489391
8101001100,6.151991313483915,2.794872431211499
8101001200,6.132690801505818,2.787671499657769
8101001400,6.091426010951403,2.771836306639288
8101001500,6.078070704996578,2.772987794661191
8101001600,6.06053616495551,2.767450494182067
8101001700,6.004795672142368,2.753402099931554
8101001800,6.050571180013689,2.759850090349076
8101001900,6.068021150581793,2.766505212867899
8101002000,6.061954665982204,2.766632492128679
8101002100,6.03786421560575,2.759215370294319
8101002200,6.006108023956194,2.754199194387406
8101002300,5.978980088980151,2.750258174537988
8101002400,6.014373373716632,2.75263622587269
8101002500,6.037559518138262,2.762764913073238
8101002600,6.003494728268309,2.750552809034908
8101002700,5.953671169746749,2.742328193702943
8101002801,5.918489275154004,2.731258578370979
8101002802,6.009199761806982,2.756868275154004
8101002804,4.957764316221766,2.463481488706366
8101002806,5.18775188569473,2.510231308008214
8101002807,5.932217374401095,2.732793604380561
8101002808,5.85534986036961,2.71886200752909
8101002901,6.083004345653662,2.775677212867899
8101002903,6.08161853798768,2.778801624914442
8101002906,5.547401190965092,2.606291005475702
8101002911,5.711688185489391,2.665205727583847
8101002912,5.938088315537303,2.733787741957563
8101002913,5.828935912388775,2.701154134154689
8101002914,5.918194149897331,2.726739548939083
8101002915,5.826781203285421,2.69826023340178
8101002916,5.900109137577002,2.721618656399726
8101002917,5.93684094661191,2.74229955578371
8101002918,5.845199195756331,2.697607665297741
8101003001,6.137338305954826,2.811697561943874
8101003004,6.158472305954826,2.802141442847365
8101003103,6.079791360027378,2.779488718001369
8101003104,6.082731757700205,2.790310366872006
8101003105,6.08492277412731,2.803318194387406
8101003106,5.955164531827515,2.759216457221082
8101003200,5.301623676933607,2.619728039698836
8101003500,6.112185954140999,2.772764488706366
8101003600,5.771009417522245,2.745539844626968
8101980100,5.540445124572211,2.585754481861738
8103951100,4.842099915811088,2.405960343600274
8103951200,5.327843543463381,2.518684550992471
8105976700,4.661865517453799,2.475961002737851
8105976800,4.493223021902806,2.398297991786448
8105977000,4.42817633744011,2.365046572895277
8107000100,4.431157622176591,2.245823194387406
8107000200,4.797714336071184,2.409510603696099
8107000300,4.581970655030801,2.324575451060917
8107000400,4.628630479123888,2.327733314168378
8107000500,4.593094341546886,2.311398600273785
8107000600,4.501333950718686,2.262784397672827
8107000700,4.509150020533881,2.269525399041752
8107000800,4.367897508555784,2.215922017111567
8109977600,4.305093875427789,2.289427251882272
8109977700,4.46503,2.373710399041752
8111972600,4.266408897330596,2.260253201232033
8113968101,4.331326451060917,2.293075240246407
8113968102,4.345453500342231,2.298008180013689
8113968103,4.390871869267625,2.317013236824093
8113968200,4.721185794661191,2.461429736481862
8115968300,6.320183353182752,3.197174229295003
8117000100,4.281067123203285,2.11558759890486
8117000200,4.264629652977413,2.054363049281314
8117000300,4.23150893155373,2.104415349760438
8117000401,4.207646889801506,2.081921699520876
8117000402,4.226323698151951,2.061448606433949
8119010103,4.913660226557153,2.229975667351129
8119010104,4.939299290896646,2.249087555099247
8119010105,4.66673501779603,2.156823971937029
8119010106,4.745419713894593,2.214566739904175
8119010201,4.747783481861738,2.25692106091718
8119010202,5.035631342231348,2.351324357289528
8121924100,5.913840165639973,2.958929271731691
8121924200,6.069148995893224,3.005552155373032
8123000100,7.590086186858316,3.064849064339494
8123000200,7.630901263518138,3.079458998631075
8123000300,7.674443930869268,3.087098455167693
8123000401,7.659556466119096,3.077469552361396
8123000402,7.625505568788501,3.065267908281999
8123000501,7.55663665982204,3.054033526351814
8123000502,7.589605405201916,3.056200993155373
8123000600,7.498941546201232,3.044636490759754
8123000701,7.563311704996578,3.062437440109514
8123000703,7.599642676933607,3.088379945927447
8123000704,7.674140876796715,3.109892599589322
8123000705,7.528699661875428,3.085332844626968
8123000800,7.665041618754278,3.087729982888433
8123000900,7.700043919917864,3.098084437371663
8123001003,7.725274141683778,3.107455726899384
8123001004,7.723426729637235,3.117431078028747
8123001005,7.803921603011636,3.13555204312115
8123001006,7.768091692676249,3.125862661190965
8123001100,7.71762601779603,3.096875956194387
8123001201,7.656310123203285,3.078488138261465
8123001202,7.683688325804244,3.08385319301848
8123001300,7.561032061601643,3.05789361670089
8123001404,7.862092893908282,3.148097981519507
8123001405,7.807065489390828,3.130905370978782
8123001406,7.787207404517454,3.121970814510609
8123001407,7.747233357289528,3.114282771389459
8123001408,7.757698417522245,3.117450656399726
8123001409,7.744635478439425,3.108981391512663
8123001410,7.691885302532512,3.096987600273785
8123001411,7.712353174537988,3.104190970568104
8123001412,7.714545815195072,3.107118299110198
8123001413,7.641707585900068,3.08215565229295
8123001414,7.662984682409309,3.086187340862423
8123001415,7.621176258726899,3.079865797399042
8123001416,7.634836921971253,3.088874599589322
8123001417,7.612449048596852,3.077163642710472
8123001500,7.145126370978782,2.955172326488706
8123001600,7.282544317590691,3.047712997946612
8123001700,7.934255214236824,3.170564563997262
8123001800,8.031326041067762,3.163653270362765
8123001902,7.986860141683778,3.154541320328542
8123001905,8.186315043805613,3.154223763175907
8123001906,8.17126116495551,3.158058805612594
8123001907,8.21628431211499,3.148214475701574
8123001908,8.246446060232717,3.13339965229295
8123002004,8.089012969199179,3.058240031485284
8123002005,8.092334546201232,3.029100603011636
8123002006,8.215478275838467,3.083422106091718
8123002007,7.683341535934292,2.869675815879535
8123002008,7.89676885284052,2.924953930869268
8123002009,7.839548309377139,2.943255618069815
8123002010,7.658791639288159,2.924307917180014
8123002011,7.860275991786448,2.97400981724846
8123002012,7.937149492128679,3.016472671457906
8123002013,8.00495912183436,3.045969142368241
8123002014,8.081034431895962,3.069256616016427
8123002015,8.154416579739904,3.101763830937714
8123002016,8.101964598220397,3.096091338809035
8123002017,7.835840485284052,2.98373137577002
8123002018,7.918295394250513,3.02491983504449
8123002019,7.845693047912389,3.017184804928131
8123002020,7.941789506502396,3.051936952772074
8123002021,8.025819291581109,3.090284939767283
8123002101,7.808362956194387,3.115485542778918
8123002102,7.656373417522245,3.052641665982204
8123002103,7.511871839151266,2.956290965776865
8123002203,7.367109527720739,2.998218760438056
8123002204,7.395996170431212,3.00402264476386
8123002205,7.329009646817248,2.983830793292266
8123002206,7.265954945242984,2.960680475017112
8123002207,7.121453908281999,2.910364226557153
8123002208,7.068885478439425,2.908447255304586
8123002209,7.541825813141684,3.055283383983573
8123002210,7.426917505817933,3.012112811772758
8123002300,6.48704610403833,2.74749014715948
8123002501,5.566897425735797,2.573067622176591
8123002502,7.06922871321013,3.034775930184805
8125963100,6.333710334017796,3.23464512183436
8125963200,6.16391471321013,3.134556409308693
9001010101,9.2387453908282,3.212750440109514
9001010102,9.123872327857632,3.175964047912389
9001010201,9.198063637919233,3.177785589322382
9001010202,9.161837789185489,3.162377151950719
9001010300,9.266207086926762,3.185857990417522
9001010400,9.321871015742642,3.188459450376454
9001010500,9.307750869952088,3.178145535934292
9001010600,9.260464597535934,3.172907862422998
9001010700,9.246809106776181,3.16890650513347
9001010800,9.196484547570157,3.16177973100616
9001010900,9.168269726214921,3.153591848733744
9001011000,9.178598550308008,3.148780780971937
9001011100,9.189924049281314,3.152345819301848
9001011200,9.282236698836413,3.173576114989733
9001011300,9.347231140314853,3.174607759753593
9001020100,9.12875658384668,3.135637854893908
9001020200,9.050936934291581,3.158270982888433
9001020300,8.991711135523614,3.135784078028747
9001020400,9.038094871321013,3.133004124572211
9001020500,9.111886273100616,3.148176301163587
9001020600,9.086636689253936,3.141978326488706
9001020700,9.043720427104723,3.121045803559206
9001020800,9.083519258042437,3.131571594798084
9001020900,9.052564885010267,3.118665409993155
9001021000,9.063735596167009,3.122277403148528
9001021100,9.073064837097878,3.121376874743326
9001021200,9.101598921971253,3.136251272416153
9001021300,9.12699088843258,3.142394285420945
9001021400,9.158457880219028,3.150692010951403
9001021500,9.139249468172485,3.140623823408624
9001021600,9.114114345653662,3.13886681724846
9001021700,9.114796355920602,3.127683162902122
9001021801,9.093486496919918,3.123704905544148
9001021802,9.080711783025325,3.120187164271047
9001021900,9.084730381930185,3.114034449691992
9001022000,9.088417143737166,3.119460590006845
9001022100,9.112175657768652,3.125640328542094
9001022200,9.142110698836413,3.137077432580424
9001022300,9.156340646817248,3.145749045174538
9001022400,9.133403134839151,3.126825341546886
9001030100,9.023604728952772,3.093846965092402
9001030200,9.001071885010267,3.071048877481177
9001030300,9.015975918548939,3.084636793976728
9001030400,9.043933410677618,3.09977793908282
9001030500,9.049592993839836,3.109151956194387
9001035100,8.997331718685832,3.097378212183436
9001035200,8.957700162902122,3.115235791238878
9001035300,9.013263968514716,3.103938396988364
9001035400,8.950009501711157,3.082858543463381
9001042500,8.936285410677618,3.022073876112252
9001042600,8.927634883641342,3.007005227926078
9001042700,8.949364586584531,3.037828482546201
9001042800,8.937017135523614,3.018138211498973
9001042900,8.959643587953456,3.058760561943874
9001043000,8.962674167008898,3.051549777549624
9001043100,8.988629989048597,3.068707156741958
9001043200,8.978021761806982,3.056287673511294
9001043300,8.957302613963039,3.041429173169062
9001043400,8.947677273785079,3.032694535934292
9001043500,8.925325030116359,3.003971655030801
9001043600,8.932616305270363,3.011284589322382
9001043700,8.944467641341547,3.025043477754962
9001043800,8.958908542094456,3.042221524298426
9001043900,8.971463600958248,3.052355316906229
9001044000,8.96225638329911,3.035849518138262
9001044100,8.945357176591376,3.031241694045174
9001044200,8.931997691991786,3.01676521560575
9001044300,8.917181049281314,3.004939275154004
9001044400,8.935055062970568,3.033320119096509
9001044500,8.955784644079398,3.042794834360027
9001044600,8.961740538672142,3.053398339493498
9001045101,8.907408345653662,3.075606524298426
9001045102,8.902699164271047,3.062578657768652
9001045200,8.921614051334702,3.061172464065708
9001045300,8.947724701574264,3.059196904859685
9001045400,8.932223186173854,3.03156705338809
9001050100,8.931146704996578,3.006273455852156
9001050200,8.915744013689254,2.988356527036276
9001050300,8.912099292265572,2.979585045859001
9001050400,8.901316403148528,2.989676751540041
9001050500,8.895800698151951,2.977815986995209
9001050600,8.869014295003422,2.956950789869952
9001055100,8.916459099931554,3.037634412046544
9001055200,8.931373299794661,3.009428896646133
9001060100,8.977563800821355,2.957800543463381
9001060200,8.967295524982888,2.957340996577686
9001060300,8.955704818617385,2.970696678302532
9001060400,8.937395800136892,2.977644904859685
9001060500,8.910483160848734,2.956746899383984
9001060600,8.883331606433949,2.948840564681725
9001060700,8.915762846680356,2.945214006160164
9001060800,8.924862977412731,2.938923541409993
9001060900,8.942892269678302,2.940523403148528
9001061000,8.953041889801506,2.946206518138262
9001061100,8.978702231348392,2.935846080766598
9001061200,8.96281742642026,2.933508447638604
9001061300,8.946349049965777,2.930950241615332
9001061400,8.930274101300479,2.931646824093087
9001061500,8.896280924709103,2.936477278576318
9001061600,8.869298557837098,2.944647227926078
9001070100,8.906166369609856,2.927585014373717
9001070200,8.925251442847365,2.920564392197125
9001070300,8.932882288158795,2.913238752908966
9001070400,8.917056744695414,2.907168899383984
9001070500,8.939024750855578,2.904570380561259
9001070600,8.962286715263518,2.90865121560575
9001070900,8.950449379876797,2.908366381930185
9001071000,8.951032189596167,2.919958891854894
9001071100,8.957101583162218,2.916963500342231
9001071200,8.964281242299795,2.914300542094456
9001071300,8.968828960301164,2.918362883641342
9001071400,8.979558009582478,2.916141388090349
9001071600,8.973343740588638,2.915761229979466
9001071900,8.985737831622177,2.929205332648871
9001072000,8.986725874058864,2.927586648870637
9001072100,8.978239131416838,2.929357583162218
9001072200,8.989091305954826,2.936678859685147
9001072300,8.994925348391513,2.936460892539357
9001072400,9.003591529774127,2.942734844626968
9001072500,8.996148660506502,2.947903082819986
9001072600,8.991579022587269,2.958428864476386
9001072700,9.005574917864476,2.953655757700205
9001072800,9.010423916495551,2.94554562422998
9001072900,9.005062798767967,2.939250349760438
9001073000,9.001837780287474,2.932867145790554
9001073100,8.999909835728953,2.931724315537303
9001073200,8.982069579739904,2.924639743326489
9001073300,8.986785546885695,2.924077420944558
9001073400,8.996381800821355,2.928094183436003
9001073500,8.992113004106776,2.92175693908282
9001073600,8.994249646817248,2.92485259137577
9001073700,8.981655494182067,2.923028919917864
9001073800,8.98675480698152,2.922507849418207
9001073900,8.985734504449008,2.921264672826831
9001074000,8.966878809034908,2.912187424366872
9001074300,8.967882878850103,2.9159444366872
9001074400,8.94111473100616,2.912589409993155
9001080100,8.972675615331964,2.920640023956194
9001080200,8.952523837782341,2.920278141683778
9001080400,8.916788561943874,2.909690968514716
9001080500,8.860448919233402,2.905942549623546
9001080600,8.901770607802875,2.907344138945927
9001080700,8.930230348391513,2.910903266940452
9001080800,8.951906636550308,2.911258699520876
9001080900,8.964349177275838,2.918460794661191
9001081000,8.989890627652293,2.92698334017796
9001081100,8.99528146954141,2.927526863791923
9001081200,8.982214629705681,2.917559381930185
9001081300,9.003367981519507,2.9232967816564
9001090100,8.973398775496236,2.9979931321013
9001090200,8.99178756605065,2.975146724845996
9001090300,9.001494056810404,2.968703920602327
9001090400,9.014413417522245,2.958309449007529
9001090500,9.008230379192334,2.938701
9001090600,9.018581518138262,2.953294446954141
9001090700,9.012825793292266,2.976074869952088
9001100100,8.926508088980151,3.001443643394935
9001100200,8.969408390143737,2.989906265571526
9001100300,8.934357425051335,2.986083321697468
9001105100,8.955452001368925,3.005881792607803
9001105200,8.942269772073922,3.013577017111567
9001110100,9.027298091033539,2.918177286105407
9001110201,9.012352816563997,2.901861593429158
9001110202,9.01816658384668,2.917202036276523
9001110301,9.03496796440794,2.937140859000684
9001110302,9.023843173853525,2.944190246406571
9001110400,9.018138518138262,2.961075923340178
9001110500,9.012572956194387,2.963330303901437
9001110600,9.002646923340178,2.952570505817933
9001200100,8.77256879192334,3.044421387405886
9001200200,8.767765647501711,3.038556996577686
9001200301,8.725825477754962,3.030803324435318
9001200302,8.802020883641342,3.036879731690623
9001205100,8.522314872689938,3.04570896440794
9001205200,8.554257520876112,3.02972646201232
9001205300,8.633493561259411,3.03323887816564
9001210100,8.700078070499658,3.039790791238878
9001210200,8.701923106091718,3.031838464750171
9001210300,8.690666194387406,3.032156504449008
9001210400,8.722182618754278,3.031426372347707
9001210500,8.743491450376454,3.067678910335387
9001210600,8.728355627652293,3.053041114989733
9001210701,8.691868095140315,3.049804104722793
9001210702,8.702152914442163,3.055880817932923
9001210800,8.65160673853525,3.088104960985626
9001210900,8.623637252566735,3.070320536618754
9001211000,8.615366874743326,3.067857331964408
9001211100,8.616320941136208,3.062050638603696
9001211200,8.629256085557837,3.05257352019165
9001211300,8.608605929500342,3.044615533196441
9001211400,8.639247029431896,3.036330616016427
9001220100,8.535979306639288,3.094283166324435
9001220200,8.466390087611225,3.079882251882272
9001220300,8.464769727583847,3.055945655715264
9001230100,8.697334822039699,3.011292168377823
9001230200,8.757757099931554,3.012318924024641
9001230300,8.781670301163587,3.028556811088296
9001230400,8.851042090349076,3.023314948665298
9001230501,8.825670332648871,2.984533109514032
9001230502,8.858960984941821,3.002675577686516
9001240100,8.848354143737166,3.061470296372348
9001240200,8.873110626283368,3.041101247091034
9001245100,8.773482410677618,3.095281438056126
9001245200,8.771772271047228,3.084653149897331
9001245300,8.825050549623546,3.084151266255989
9001245400,8.853919988364134,3.089169593429158
9001245500,8.826755328542094,3.108595453114305
9001245600,8.754703480492813,3.109077280629706
9001257100,8.21030661670089,3.054480387405886
9001257200,8.990043033538672,2.927103876796715
9003330100,7.502051861054073,2.769723693360712
9003400100,8.639200830253251,2.824693611225188
9003400200,8.706317195756331,2.863372149212868
9003400300,8.650345876112252,2.842581836413416
9003405100,8.389242778234086,2.829467202600958
9003405200,8.421147422313484,2.833226932238193
9003405300,8.417943501026694,2.83066234770705
9003405401,8.510262108145106,2.84005588843258
9003405402,8.48784918275154,2.838628806297057
9003405500,8.458939264202601,2.841433350444901
9003405600,8.3813115229295,2.833475715947981
9003405700,8.332390413415469,2.834180125256674
9003405800,8.256721966461328,2.822763802190281
9003405900,8.300611081451061,2.821032836413416
9003406001,8.32980098973306,2.821831765913758
9003406002,8.342766290896646,2.816893597535934
9003406100,8.391504631759069,2.832550432580424
9003410101,8.10616457357974,2.800936906913073
9003410102,7.99976390622861,2.782809538672142
9003415300,8.605973335386721,2.803657123887748
9003415400,8.621830976728268,2.811920219712526
9003415500,8.622135909650924,2.817564655030801
9003415600,8.629171381930185,2.826767238193018
9003415700,8.618629583162218,2.823872596167009
9003415800,8.604816619438741,2.81770828678987
9003415900,8.597786928131417,2.816643152635181
9003416000,8.582509036960986,2.809980060232717
9003416100,8.587777689253936,2.808132257357974
9003416200,8.588561488021903,2.798278727583847
9003416300,8.591869209445585,2.795501196440794
9003416400,8.601654926078029,2.830974428473648
9003416500,8.567975051334702,2.819833100616016
9003416600,8.577535299110198,2.82011470294319
9003416700,8.538352863791923,2.801712505817933
9003416800,8.569860854209446,2.797371368925394
9003417100,8.606753254620123,2.810508770704997
9003417200,8.577842945927447,2.789327078028747
9003417300,8.55843631211499,2.781115331279945
9003417400,8.530104251882272,2.771879134154689
9003417500,8.534878815879535,2.784699950034223
9003420400,8.457447242299795,2.830332671457906
9003420500,8.527694245722108,2.84309912183436
9003420600,8.516372062286105,2.829132544832307
9003420700,8.560808498973306,2.833273970568104
9003430100,8.687067262149213,2.873834058179329
9003430201,8.603174117727584,2.850207207392197
9003430202,8.640697410677618,2.850909431895962
9003430203,8.693516726214921,2.869899002737851
9003430301,8.74921697467488,2.880817646132786
9003430302,8.729709325119781,2.877928131416838
9003430400,8.715879694045174,2.869452557152635
9003430500,8.664740047227926,2.865273712525667
9003430601,8.591688807665982,2.857098805612594
9003430602,8.653295891854894,2.864880994524298
9003460100,8.477284054757016,2.766808495550992
9003460202,8.444872507871321,2.787197159479808
9003460203,8.36203713963039,2.784537945242984
9003460204,8.392424711841205,2.80833331211499
9003460301,8.279615381245722,2.789997201232033
9003460302,8.217855362765229,2.793037945927447
9003462101,8.153745088295688,2.773224197125257
9003462102,8.068942534565366,2.776253851471595
9003462201,8.198554138261465,2.762995319644079
9003462202,8.271461481177276,2.748922692676249
9003464101,7.832017550992471,2.755039994524298
9003464102,7.968361900752909,2.76785652019165
9003466101,8.064078142368241,2.754125750855578
9003466102,8.105709312799452,2.753963005475702
9003466201,8.042343052019165,2.765944030116359
9003466202,7.944268735112936,2.759093637234771
9003466300,8.049716575633128,2.758278735797399
9003466400,8.144208299794661,2.743468515400411
9003468101,7.832774241615332,2.784497145790554
9003468102,8.004770227926078,2.78554777412731
9003470100,8.154507456536619,2.79786134017796
9003471100,8.36457157357974,2.660214924709103
9003471200,8.352497891854894,2.677837980150582
9003471300,8.320747658453114,2.696815587268994
9003471400,8.219475715947981,2.728180173853525
9003471500,8.305715449007529,2.712636144421629
9003473100,8.367553011635866,2.662480726899384
9003473400,8.379677189596167,2.687877149897331
9003473501,8.318873136208077,2.744032696098563
9003473502,8.297165891170431,2.770260374401095
9003473601,8.388739535934292,2.732217371663244
9003473602,8.377495567419576,2.711135612594114
9003473700,8.363633108829569,2.647356018480493
9003473800,8.383973861738535,2.617631556468172
9003476100,8.379186919233402,2.803197546201232
9003476200,8.353403895277207,2.798467995893224
9003476300,8.342913921971253,2.780684921971253
9003477101,8.363344205338809,2.867595067761807
9003477102,8.423909537303217,2.861235577002053
9003477200,8.179251113620808,2.853537610540726
9003480300,8.488101485284052,2.907714138945927
9003480400,8.472609427789186,2.89463257357974
9003480500,8.456116369609856,2.891417857631759
9003480600,8.460255631759069,2.886281518138262
9003480700,8.451723674195756,2.868673715263518
9003480800,8.448780069815195,2.877370521560575
9003480900,8.403538338809035,2.87530041615332
9003481000,8.392894284736482,2.849199840520192
9003481100,8.450158052019165,2.860286451060917
9003481200,8.437060922655715,2.845079094455852
9003481300,8.426239552361396,2.831772633812457
9003484100,8.389240186858316,2.778489742642026
9003484200,8.351876466803559,2.77216779945243
9003487100,8.352517557152635,2.714326762491444
9003487201,8.304323506502396,2.690180116358658
9003487202,8.2919075633128,2.717206524298426
9003487300,8.383061772073922,2.644323577002053
9003487400,8.375405273785079,2.669130622176591
9003487500,8.343141156741958,2.63749172347707
9003490100,8.497639709787817,2.73879990349076
9003490302,8.601070681040383,2.796260715263518
9003492100,8.491585011635866,2.681562352498289
9003492200,8.522512496235455,2.697987503080082
9003492300,8.527249472279261,2.695033500342231
9003492400,8.537688376454483,2.714329130732375
9003492500,8.54940094934976,2.727962234770705
9003492600,8.554627128678987,2.743888667351129
9003494100,8.590543475701574,2.77139874880219
9003494201,8.620881997946612,2.803255653661875
9003494202,8.614975351813826,2.795543225188227
9003494300,8.585244420944558,2.778083275838467
9003494400,8.565426344969199,2.753514902121834
9003494500,8.534218309377139,2.728319427104723
9003494600,8.533688965092402,2.758766624914442
9003496100,8.507978907597536,2.712760213552361
9003496200,8.501577483915127,2.74070970294319
9003496300,8.475270429842574,2.717659748117728
9003496400,8.475143377138946,2.730185112251882
9003496500,8.448762846680356,2.722071924709103
9003496600,8.455628950034223,2.741944160848734
9003496700,8.478779511978097,2.693425680355921
9003496800,8.490292231348392,2.702359663244353
9003496900,8.462241419575633,2.697282424366872
9003497000,8.432128872005476,2.692854839835729
9003497100,8.445438080082136,2.693919448323066
9003497200,8.421737592744695,2.686652440109514
9003497300,8.375773067761807,2.686960318959617
9003497400,8.404862618069815,2.713861378507871
9003497500,8.349485478439425,2.708142161533196
9003497600,8.432763264887064,2.716189533880904
9003497700,8.366555710472279,2.735125308008214
9003500100,8.496625436002738,2.649787073921971
9003500200,8.495222254620123,2.646019264887064
9003500300,8.490471893908282,2.64148368788501
9003500400,8.491538984941821,2.63335316495551
9003500500,8.484252340862423,2.632540088980151
9003500700,8.414445211498973,2.593440858316222
9003500900,8.43672974880219,2.615949195756331
9003501200,8.420483327173169,2.628185481177276
9003501300,8.424624918548939,2.62145931485284
9003501400,8.433514489390828,2.641207566735113
9003501500,8.422638774811773,2.640865239561944
9003501700,8.451483554414784,2.6314089137577
9003501800,8.440979731690623,2.628100837097878
9003502100,8.475620432580424,2.629115774811773
9003502300,8.508674330595482,2.673671670773443
9003502400,8.502992392881588,2.659961478439425
9003502500,8.498401772758385,2.641065047912389
9003502600,8.506944175906913,2.673356519507187
9003502700,8.498947041067762,2.660315559890486
9003502800,8.486532757700205,2.652852651608487
9003502900,8.482079380561259,2.657895132785763
9003503000,8.484632052019165,2.646319438056126
9003503100,8.470809523613963,2.658153976728268
9003503300,8.455444457221082,2.652435904175222
9003503500,8.440639252566735,2.642641341546886
9003503700,8.435414767967146,2.651260101300479
9003503800,8.399890474332649,2.669114982888433
9003503900,8.397544927446954,2.655749556468172
9003504000,8.413140811772758,2.649320839151266
9003504100,8.479298431895962,2.669737945927447
9003504200,8.466300267624914,2.669377867214237
9003504300,8.490354433264887,2.681465083504449
9003504500,8.503608431211499,2.678888809034908
9003504800,8.510140239561944,2.689528578370979
9003504900,8.488910973990418,2.678483209445585
9003510100,8.388895470910335,2.558259996577686
9003510200,8.449916570157426,2.598256104722793
9003510300,8.370876510609172,2.55655443394935
9003510400,8.411125606433949,2.566731570841889
9003510500,8.404923415468857,2.590738039014374
9003510600,8.44854979945243,2.597485620807666
9003510700,8.447653507186858,2.625653796030116
9003510800,8.478919660506502,2.630646030800821
9003510900,8.399464468172485,2.633072438056126
9003511000,8.389674192334018,2.621201449691992
9003511100,8.38377292128679,2.606494480492813
9003511200,8.372564701574264,2.597253310746064
9003511300,8.377171950718686,2.595159246406571
9003511400,8.374326212183436,2.594289520876112
9003514101,8.232389945242984,2.692789919233402
9003514102,8.316129859000684,2.650576446954141
9003514200,8.298294023271732,2.660341422997947
9003514300,8.256420136892539,2.67178623340178
9003514400,8.27579323613963,2.660028457905544
9003514500,8.309672405886379,2.645108925393566
9003514600,8.308635084188912,2.642221819986311
9003514700,8.266517483915127,2.660024030800821
9003514800,8.247421013689254,2.668097331279945
9003514900,8.218862143737166,2.688322535249829
9003515000,8.214024821355236,2.68548992881588
9003515101,8.290942568788501,2.65268374606434
9003515102,8.331350909650924,2.644420744010951
9003515200,8.210108041752224,2.682489950718686
9003520100,8.317364612594114,2.670170744695414
9003520201,8.191173932238193,2.691585808350445
9003520202,8.253292434633812,2.710676082135524
9003520301,8.382372663928816,2.658228641341547
9003520302,8.447469065023956,2.659849919233402
9003520400,8.395548813141684,2.692371091033539
9003520501,8.409604986310746,2.734090331279945
9003524100,8.082656057494866,2.729676539356605
9003524200,8.54453729705681,2.764367024640657
9003524300,8.461722115674196,2.899615839151266
9003524400,8.394788370294319,2.617630927446954
9003524501,8.472608969883641,2.681053668720055
9003524502,8.441110947296372,2.662591443531828
9003524600,8.46061538329911,2.64402335523614
9003524700,8.512715232032854,2.700439645448323
9003980000,8.298197594798084,2.800995160848734
9005250100,8.410622056810404,2.997303711841205
9005253100,8.11749806091718,2.989000839151266
9005253200,8.150872918548939,2.966482598220397
9005253300,8.258845826146475,3.015150527036276
9005253400,8.245438570841889,3.031390446954141
9005253500,7.955512845995893,2.965377777549624
9005253600,8.185691042436687,3.00676894661191
9005260200,7.244587514715948,2.838506704312115
9005261100,7.338153267624914,2.915328607118412
9005262100,7.417880726214921,2.885752932238193
9005263200,7.317336802874743,2.776188474332649
9005265100,7.590476862422998,2.836060330595482
9005266100,7.689882607118412,2.933695872689938
9005267100,7.910252560574949,2.889106618754278
9005268100,8.306153663928816,2.950027116358658
9005290100,7.545029820670773,2.752562099931554
9005293100,7.293108726214921,2.769305716632444
9005296100,7.337568069130732,2.74257564476386
9005298300,7.728080389459274,2.778271839151266
9005298400,7.903990160848734,2.791458331964408
9005300100,7.588247728952772,2.786860848049281
9005300400,7.606648775496236,2.7713388275154
9005300500,7.817650762491444,2.7980940862423
9005303100,7.850869531827515,2.828328370294319
9005306100,7.697703400410678,2.762164517453799
9005310100,7.587341606433949,2.766802062970568
9005310200,7.572442290896646,2.761171269678302
9005310300,7.623760825462012,2.768323531827515
9005310400,7.646481077344285,2.766719515400411
9005310500,7.622527008898015,2.769656801505818
9005310601,7.554369355920602,2.759914449007529
9005310602,7.641649284736482,2.769414012320328
9005310700,7.447450457905544,2.748345908966461
9005310801,7.64878780971937,2.773048646817248
9005310803,7.57345794934976,2.762720388090349
9005310804,7.501072991786448,2.752702020533881
9005320100,7.366976661875428,2.754462246406571
9005320200,7.364644961670089,2.751862301848049
9005342100,8.052976327173169,2.860172676933607
9005349100,8.140640954825462,2.827355093086927
9005349200,8.108131820670773,2.821100277891855
9005360100,8.311197653661875,2.845658474332649
9005360200,8.256600256673511,2.84712664476386
9005360300,8.426219837782341,2.841818475701574
9005360400,8.447052255304586,2.847507083504449
9005362101,8.488413396988364,2.918556640657084
9005362102,8.308493805612594,2.898468917864476
9005425300,8.13985554072553,2.817478531143053
9005425400,8.333097238193018,2.835836336071184
9005425500,8.285094186173854,2.831282514715948
9005425600,7.231068843258042,2.791237969883641
9007541100,8.5326205633128,2.829113073237509
9007541200,8.582525520876112,2.835233316221766
9007541300,8.624419735112936,2.840732752908966
9007541401,8.667718195071869,2.859914802874743
9007541402,8.597738212183436,2.846009856262834
9007541500,8.534359470225873,2.835471506502396
9007541600,8.511884496919918,2.828701976043806
9007541700,8.489040996577686,2.832661907597536
9007542000,8.488231073237509,2.838046155373032
9007542100,8.551956844626968,2.848059667351129
9007542200,8.559071394934976,2.854913616016427
9007550100,8.213626151950719,2.759273103353867
9007550201,8.100845423682409,2.769924676249144
9007550202,8.206065474332649,2.7922291724846
9007560100,8.361201934291581,2.780816047227926
9007560200,8.481265978097194,2.815960038329911
9007570100,8.606498464065708,2.820658117043121
9007570200,8.563985750855578,2.803946856262834
9007570300,8.511219948665298,2.805803518822724
9007580100,8.647157655715264,2.872078195756331
9007585100,8.532509787132101,2.85260546201232
9007590100,8.210510741273101,2.819911502395619
9007595101,7.891230798767967,2.769151726214921
9007595102,7.982427509924709,2.774705607118412
9007600100,8.043933078028747,2.818916280629706
9007610100,8.023302810403833,2.843567277891855
9007610200,7.972191383983573,2.852994908281999
9007610300,8.041765750171116,2.840877442162902
9007610400,8.089708668720055,2.842156210814511
9007620100,7.986546812457221,2.823684919917864
9007630100,7.916296505817933,2.826758873374401
9007640100,8.211011693360712,2.834888981519507
9007670100,7.8597434366872,2.83367652019165
9007670200,7.820381156741958,2.842447085557837
9007680100,7.948920292265572,2.842321350444901
9007680200,8.404410749486653,2.828756252566735
9009120100,9.016735496235455,2.890674403148528
9009120200,9.022518669404518,2.928983288158795
9009125100,9.012636133470226,2.883940054072553
9009125200,9.016468565366188,2.896296655030801
9009125300,9.012590970568104,2.916703148528405
9009125400,9.01008507871321,2.914305622861054
9009130101,8.963162783025325,2.904511815195072
9009130102,8.994143015058179,2.904125642710472
9009130200,8.973972608487337,2.934664558521561
9009140100,8.889692457221082,2.695221080766598
9009140200,8.869654488021903,2.692615425051335
9009140300,8.898736117043121,2.711063281314168
9009140400,8.878438762491444,2.719875212867899
9009140500,8.900091605065024,2.726882919917864
9009140600,8.909846019849418,2.719226995208761
9009140700,8.927675771389459,2.725056668720055
9009140800,8.931143054072553,2.741246635865845
9009140900,8.944379305270363,2.748628716632444
9009141000,8.961665602327173,2.772824891170431
9009141100,8.977434952087611,2.799056557837098
9009141200,8.974878229979466,2.794942624914442
9009141300,8.969653790554415,2.78160658384668
9009141400,8.946795943874059,2.750999363449692
9009141500,8.932641099247091,2.736960048596852
9009141600,8.92291356605065,2.720639046543463
9009141800,8.91620407871321,2.718687952772074
9009141900,8.898319224503764,2.707671063655031
9009142000,8.900140281998631,2.694497375085558
9009142100,8.877497943874059,2.679928771389459
9009142200,8.87124994934976,2.673973635865845
9009142300,8.846159083504449,2.666245780971937
9009142400,8.8676883045859,2.685551804243669
9009142500,8.859134171800137,2.694849873374401
9009142601,8.837938481177276,2.716364010951403
9009142603,8.817875891854894,2.701576310061602
9009142604,8.818861446954141,2.687493006844627
9009142700,8.820541857631759,2.679880802190281
9009142800,8.760217516769336,2.719437105407255
9009150100,8.903223134154689,2.877788830937714
9009150200,8.880142097878166,2.88708095687885
9009150300,8.904971753593429,2.896498937029432
9009150400,8.86976968514716,2.896117191649555
9009150500,8.886906639972622,2.905582057494866
9009150600,8.943187325804244,2.900181489390828
9009150700,8.969008006844627,2.890816072553046
9009150800,8.912950305954826,2.853474262149213
9009150900,8.873721633127994,2.867670854893908
9009151000,8.813193731690623,2.857431537303217
9009151100,8.84314667008898,2.841733323750856
9009151200,8.863530559206023,2.832665369609856
9009154100,8.954522920602327,2.776473239561944
9009154200,8.918378468172485,2.795405999315537
9009154500,8.881200101984942,2.745641822039699
9009154600,8.883274637919233,2.769639803559206
9009154700,8.86897211156742,2.808867086926762
9009154800,8.84831858384668,2.797626476386037
9009154900,8.860386678986995,2.769937613278576
9009155000,8.84204686036961,2.744718454483231
9009155100,8.832622028747433,2.759814196440794
9009157100,8.942960058863792,2.825928971937029
9009157200,8.969711350444901,2.860611446269678
9009157300,9.003330452429843,2.878820550308008
9009157400,8.978377121149897,2.831448676249144
9009160100,9.003468663928816,2.8451790862423
9009160200,9.000619617385352,2.857476490075291
9009161100,8.946084230663929,2.872878511978097
9009165100,8.889353954825462,2.751458748117728
9009165200,8.910512210130048,2.753174267624914
9009165300,8.926694631759069,2.787189574264203
9009165400,8.93408435523614,2.760528271731691
9009165500,8.945071076659822,2.761140151950719
9009165600,8.952865541409993,2.781003378507871
9009165700,8.96427646201232,2.786267054757016
9009165801,8.943466009582478,2.804779399041752
9009165802,8.980869196440794,2.824172782340862
9009165900,8.927066440793977,2.857534217659138
9009166001,8.9220219137577,2.814867412046544
9009166002,8.890607787132101,2.849122249144422
9009167100,8.884285902806297,2.821931603696099
9009167201,8.860661126625599,2.786535002053388
9009167202,8.839432371663244,2.829484885010267
9009167300,8.815726973990418,2.787219746748802
9009170100,8.754576533196441,2.877534023956194
9009170200,8.760869491444216,2.882783633812457
9009170300,8.763626067077344,2.880888867214237
9009170400,8.761858419575633,2.877739041067762
9009170500,8.787579264202601,2.883478093086927
9009170600,8.777295891170431,2.880883486652977
9009170700,8.76361271321013,2.877786876112252
9009170800,8.771125249144422,2.882634508555784
9009170900,8.757639195071869,2.878125890485968
9009171000,8.75933273100616,2.880254980150582
9009171100,8.756804792607803,2.882540179329227
9009171200,8.72086384531143,2.877442
9009171300,8.737640675564682,2.876150551676934
9009171400,8.753878374401095,2.882822672826831
9009171500,8.749587204654346,2.881451927446954
9009171600,8.738419262833676,2.877210197125257
9009171700,8.726080269678302,2.875754106091718
9009175100,8.805189284736482,2.868394072553046
9009175200,8.816735936344969,2.865077572895277
9009175300,8.815391495550992,2.855943199178645
9009175400,8.806112514031485,2.871433438740589
9009175500,8.847999239561944,2.868472082819986
9009175600,8.820897823408624,2.876304578370979
9009175700,8.798027156741958,2.879354014373717
9009175800,8.756085890485968,2.868667763175907
9009175900,8.784569935660506,2.864883372347707
9009176000,8.723210173853525,2.8595684366872
9009180100,8.682738733744011,2.742784613278576
9009180200,8.759187549623546,2.711800668720055
9009180300,8.728090103353867,2.718660387405886
9009180400,8.768721994524298,2.703144982888433
9009180500,8.793833794661191,2.719645943874059
9009180601,8.747706624914442,2.735895106091718
9009180602,8.782216119780972,2.766261266940452
9009184100,8.624015593429158,2.759632768651608
9009184200,8.678381099247091,2.73043470294319
9009184300,8.63211395687885,2.751307642710472
9009184400,8.559473649555099,2.768071648186174
9009184500,8.557670534565366,2.774912976043806
9009184600,8.467142153319644,2.794240072553046
9009184700,8.651245754277892,2.762505307323751
9009186100,8.626119381930185,2.798578854209446
9009186200,8.70825162422998,2.822309686516085
9009190100,8.282743058179329,2.826130720054757
9009190200,8.348939150581793,2.811130117727584
9009190301,8.376652121149897,2.827670995208761
9009190302,8.478966815879535,2.813239341546886
9009190303,8.53868740862423,2.834579336071184
9009194100,8.10723534017796,2.841463435318275
9009194201,8.352933330595482,2.835545506502396
9009194202,8.269191581793292,2.834206147843942
9009341100,8.907492639288159,2.904988897330596
9009343101,8.77961933744011,2.874889981519507
9009343102,8.812395397672827,2.881133876796715
9009343200,8.778531258726899,2.870730919917864
9009343300,8.85021688569473,2.872238134154689
9009343400,8.865837,2.87466451266256
9009344100,8.623880126625599,2.872689832306639
9009344200,8.608915709787817,2.896325643394935
9009345100,8.800251840520192,2.868822558521561
9009345201,8.851807399726215,2.885593004791239
9009345202,8.877527136208077,2.884394184120465
9009345300,8.813115416837782,2.896314841889117
9009345400,8.75311872347707,2.882859133470226
9009346101,8.897086804928131,2.934109162902122
9009346102,8.828705757015743,2.94720123613963
9009347100,8.837823063655031,2.869761130732375
9009347200,8.850920047912389,2.8757071321013
9009348111,8.591395054072553,2.985787121149897
9009348122,8.642107988364134,2.933368338809035
9009348123,8.735918963039014,2.965110950034223
9009348124,8.628047739219712,2.956509706365503
9009348125,8.571776524298426,2.959222458590007
9009350100,8.655609330595482,2.828015301848049
9009350200,8.631670567419576,2.83412863449692
9009350300,8.649037561259411,2.833380979466119
9009350400,8.664001101300479,2.828938603696099
9009350500,8.690745140999316,2.833219422997947
9009350800,8.618147209445585,2.831325978781656
9009350900,8.576970559206023,2.83644848733744
9009351000,8.598756580424367,2.831877191649555
9009351100,8.628875739219712,2.840652268309377
9009351200,8.677261039014374,2.836484972621492
9009351300,8.697281450376454,2.840609465434634
9009351400,8.716830379192334,2.840494437371663
9009351500,8.743467252566735,2.851443830937714
9009351601,8.692376640657084,2.84019564202601
9009351602,8.707959513347023,2.851896396303901
9009351700,8.684602485968515,2.83495111156742
9009351800,8.618384008213552,2.846893547570157
9009351900,8.706035366187543,2.852677679671458
9009352000,8.557315915126626,2.844609660506502
9009352100,8.507617793976728,2.841271892539357
9009352200,8.517173660506502,2.839672838466804
9009352300,8.51944870294319,2.834989112936345
9009352400,8.490391435318275,2.83993641615332
9009352500,8.55775229705681,2.843020841204654
9009352600,8.690704038329911,2.850073336755647
9009352701,8.74409696440794,2.857394151950719
9009352702,8.724565232032854,2.847925220396988
9009352800,8.761717990417522,2.854291235455168
9009361100,8.650283873374401,2.858585428473648
9009361200,8.557646659137577,2.845751500342231
9009361300,8.505326904175222,2.84872762422998
9009361401,8.913462532511978,2.70947853045859
9009361402,8.913077737166324,2.707252688569473
9009361500,8.903165158795346,2.752223813826146
9011650100,7.853115969199179,2.79095712936345
9011660101,7.795626739904175,2.815165959616701
9011660102,7.752512600273785,2.815545788501027
9011690300,7.663305258726899,2.726524912388775
9011690400,7.655588056810404,2.722155329226557
9011690500,7.646522546885695,2.717999830253251
9011690700,7.640914342915811,2.728563644079398
9011690800,7.640758347022587,2.734211764544832
9011690900,7.607294021218344,2.742672934976044
9011693300,7.687700956194387,2.755707863107461
9011693400,7.672091696783025,2.742670003422314
9011693500,7.629050690622861,2.758512193702943
9011693600,7.681425701574264,2.708253359342916
9011693700,7.715769818617385,2.733366055441478
9011695201,7.716937453798768,2.702610184804928
9011695202,7.754832951403148,2.718336648186174
9011696100,7.597318997262149,2.625044660506502
9011696200,7.669020990417522,2.65373318275154
9011696300,7.642083667351129,2.636127123887748
9011696400,7.613212328542094,2.623468241615332
9011696500,7.646701555099247,2.629849188227242
9011696600,7.676067908966461,2.649821115674196
9011696700,7.662514459958932,2.648044965776865
9011696800,7.640438711156742,2.626000089664613
9011697000,7.623974271047228,2.62668642642026
9011700100,7.526897925393566,2.612037943874059
9011701100,7.526947859000684,2.64862478439425
9011701200,7.62736728678987,2.677040681040383
9011702100,7.520585692676249,2.685835452429843
9011702300,7.638585802874743,2.705422349760438
9011702400,7.618513599589322,2.710327038329911
9011702500,7.594126316906229,2.720640481861738
9011702600,7.571566065708419,2.726435357289528
9011702700,7.567126721423682,2.7106723045859
9011702800,7.503541658453114,2.701549456536619
9011702900,7.469520858316222,2.712911843942505
9011703000,7.441476967145791,2.69025521560575
9011705101,7.188119240246407,2.644801134154689
9011705102,7.220991657084189,2.619576761122519
9011705200,7.292957420260096,2.657968914442163
9011705300,7.389445160848734,2.683337229295003
9011705400,7.360941271731691,2.642522435318275
9011707100,7.281744125941136,2.57314790349076
9011708100,7.218771499657769,2.488471066392882
9011709100,7.379092886379192,2.555557409308693
9011709200,7.465063234770705,2.583928930869268
9011710100,7.539058682409309,2.610567117043121
9011711100,7.606179527036276,2.643847680355921
9011712100,7.682744251882272,2.670591539356605
9011713100,7.735415306639288,2.688657331964408
9011714101,7.867241412731006,2.727949183436003
9011714103,7.931353710472279,2.744453274469541
9011714104,7.830884234086242,2.725460151950719
9011715100,7.798617587953456,2.735689550308008
9011716101,7.75916020054757,2.786146670773443
9011716102,7.770994518138262,2.762954846680356
9011870100,7.773550063655031,2.70240435523614
9011870200,7.610560463381246,2.699055619438741
9011870300,7.66070725393566,2.715516088980151
9011870501,7.664782295003422,2.666532649555099
9011870502,7.679638446269678,2.690214675564682
9011870701,7.727248336071184,2.770863655715264
9011870703,7.707883364818617,2.800395013689254
9011870704,7.690460813826146,2.790520724845996
9011980000,7.654880610540726,2.703534605749487
9013526101,7.922315774811773,2.719652650239562
9013526102,7.999736497604381,2.704605100616016
9013528100,7.952062496235455,2.703690909650924
9013529100,8.103287614647502,2.696999184804928
9013530100,8.141289220396988,2.750802960985626
9013530200,8.186042811088296,2.746900472963724
9013530301,8.234787765913758,2.742724015742642
9013530302,8.244973165639973,2.727683806297057
9013530400,8.174804550992471,2.736895943874059
9013530500,8.219417586584531,2.709726588637919
9013530600,8.133700045859001,2.721230933607118
9013533101,7.988585458590007,2.758220950034223
9013533102,7.952254558521561,2.730935428473648
9013535100,8.267115839835729,2.783244151950719
9013535200,8.101965683093771,2.786403490759754
9013538100,8.415375281314168,2.891667560574949
9013538201,8.322124699520876,2.861615266255989
9013538202,8.203535607802875,2.849086596851472
9013840100,7.747063417522245,2.724100088980151
9013850100,7.96988200752909,2.7163675229295
9013850200,7.830033904175222,2.706053428473648
9013860100,7.8361746954141,2.707328893908282
9013881100,7.691252621492129,2.697961855578371
9013881200,7.74706722587269,2.708413446954141
9013881300,7.792161353867214,2.71259204312115
9013881500,7.749349016427105,2.700966809034908
9013890100,7.880260986995209,2.773253403148528
9013890201,7.712488656399726,2.755750346338125
9013890202,7.997527595482546,2.813443523613963
9015800300,7.742442437371663,2.69219235523614
9015800400,7.724228683778234,2.690837815195072
9015800500,7.661491629705681,2.674787447638604
9015800600,7.716292581793292,2.689046000684463
9015800700,7.722215803559206,2.696786194387406
9015815000,7.606349449691992,2.676482689253936
9015820000,7.549538287474333,2.655910095140315
9015825000,7.59575710403833,2.653909526351814
9015830100,7.644564976043806,2.706747664613279
9015900100,7.723704249828884,2.681157785078713
9015900200,7.686074299794661,2.700598651608487
9015901100,7.636338844626968,2.712832814510609
9015902200,7.587463475017112,2.691324715947981
9015902500,7.545700182067077,2.653686971252567
9015903100,7.611372395619439,2.663949206023272
9015903200,7.598901711156742,2.636926624914442
9015904100,7.510166401779603,2.585641674880219
9015904400,7.532275453114305,2.622233004791239
9015904500,7.468752552361396,2.582668226557153
9015905100,7.499701198494182,2.615333532511978
9015906100,7.512304479123888,2.6152823045859
9015907100,7.445576917180014,2.578301115674196
9015907200,7.384756264887064,2.536133214921287
9015907300,7.390826908966461,2.547431832306639
9015908100,7.305486286105407,2.490399952772074
